0 0.007472826086956522 0.43070652173913043 0.014945652173913044 0.04891304347826087
0 0.03804347826086957 0.514266304347826 0.07540760869565218 0.057065217391304345
0 0.010190217391304348 0.5502717391304348 0.020380434782608696 0.059782608695652176
0 0.10190217391304347 0.4701086956521739 0.05570652173913043 0.046875
0 0.1358695652173913 0.39266304347826086 0.05434782608695652 0.04823369565217391
0 0.08627717391304347 0.3641304347826087 0.043478260869565216 0.04823369565217391
0 0.23709239130434784 0.4789402173913043 0.057065217391304345 0.050951086956521736
0 0.264945652173913 0.39266304347826086 0.05570652173913043 0.052309782608695655
0 0.31929347826086957 0.3539402173913043 0.050951086956521736 0.043478260869565216
0 0.31589673913043476 0.31657608695652173 0.046875 0.04008152173913043
0 0.328804347826087 0.2418478260869565 0.03736413043478261 0.036684782608695655
0 0.36277173913043476 0.2826086956521739 0.041440217391304345 0.03804347826086957
0 0.48029891304347827 0.21331521739130435 0.04619565217391304 0.03940217391304348
0 0.6494565217391305 0.28328804347826086 0.03736413043478261 0.034646739130434784
0 0.6854619565217391 0.23573369565217392 0.035326086956521736 0.03125
0 0.7472826086956522 0.28532608695652173 0.04619565217391304 0.042119565217391304
0 0.6766304347826086 0.360054347826087 0.046875 0.04076086956521739
0 0.6209239130434783 0.4001358695652174 0.06046195652173913 0.052309782608695655
0 0.5557065217391305 0.44972826086956524 0.057065217391304345 0.049592391304347824
0 0.4789402173913043 0.37092391304347827 0.04483695652173913 0.042119565217391304
0 0.4422554347826087 0.390625 0.05502717391304348 0.04823369565217391
0 0.41508152173913043 0.4266304347826087 0.05366847826086957 0.04551630434782609
0 0.421195652173913 0.4938858695652174 0.057744565217391304 0.05298913043478261
0 0.5570652173913043 0.49592391304347827 0.05502717391304348 0.05570652173913043
0 0.7194293478260869 0.44904891304347827 0.050271739130434784 0.046875
0 0.8077445652173914 0.4014945652173913 0.04823369565217391 0.042119565217391304
0 0.8817934782608695 0.4517663043478261 0.06114130434782609 0.05434782608695652
0 0.7683423913043478 0.5101902173913043 0.08695652173913043 0.0625
0 0.2751358695652174 0.5774456521739131 0.07948369565217392 0.06521739130434782
0 0.4544836956521739 0.21467391304347827 0.042119565217391304 0.029891304347826088
0 0.5883152173913043 0.2717391304347826 0.046875 0.03328804347826087
0 0.7683423913043478 0.25815217391304346 0.04619565217391304 0.03328804347826087
0 0.3226902173913043 0.4123641304347826 0.059103260869565216 0.042798913043478264
0 0.40217391304347827 0.5822010869565217 0.10461956521739131 0.07269021739130435
0 0.8315217391304348 0.5067934782608695 0.06725543478260869 0.04891304347826087
0 0.6657608695652174 0.529891304347826 0.08355978260869565 0.08084239130434782
0 0.08152173913043478 0.7717391304347826 0.09782608695652174 0.08695652173913043