0 0.42527173913043476 0.829483695652174 0.11752717391304347 0.11005434782608696
0 0.5957880434782609 0.7581521739130435 0.06046195652173913 0.07744565217391304
0 0.6691576086956522 0.7289402173913043 0.07269021739130435 0.07133152173913043
0 0.7764945652173914 0.7269021739130435 0.057065217391304345 0.06114130434782609
0 0.8179347826086957 0.7085597826086957 0.057065217391304345 0.05434782608695652
0 0.8586956521739131 0.6970108695652174 0.042119565217391304 0.04619565217391304
0 0.8722826086956522 0.6426630434782609 0.029891304347826088 0.03328804347826087
0 0.9470108695652174 0.6365489130434783 0.022418478260869564 0.03260869565217391
0 0.9707880434782609 0.6358695652173914 0.024456521739130436 0.029891304347826088
0 0.9993206521739131 0.6256793478260869 0.001358695652173913 0.027853260869565216
0 0.9816576086956522 0.5434782608695652 0.028532608695652172 0.025815217391304348
0 0.9490489130434783 0.5414402173913043 0.02717391304347826 0.025815217391304348
0 0.9157608695652174 0.5387228260869565 0.024456521739130436 0.027853260869565216
0 0.8851902173913043 0.5421195652173914 0.028532608695652172 0.029891304347826088
0 0.8614130434782609 0.5115489130434783 0.028532608695652172 0.027853260869565216
0 0.9368206521739131 0.4938858695652174 0.02377717391304348 0.028532608695652172
0 0.9538043478260869 0.5101902173913043 0.024456521739130436 0.025135869565217392
0 0.9891304347826086 0.5088315217391305 0.021739130434782608 0.02309782608695652
0 0.9959239130434783 0.48233695652173914 0.008152173913043478 0.021739130434782608
0 0.984375 0.4789402173913043 0.022418478260869564 0.020380434782608696
0 0.9524456521739131 0.4639945652173913 0.022418478260869564 0.021059782608695652
0 0.9341032608695652 0.46535326086956524 0.02377717391304348 0.022418478260869564
0 0.8987771739130435 0.47078804347826086 0.02717391304347826 0.02377717391304348
0 0.876358695652174 0.47758152173913043 0.024456521739130436 0.025135869565217392
0 0.7914402173913043 0.545516304347826 0.02377717391304348 0.035326086956521736
0 0.7601902173913043 0.5427989130434783 0.03192934782608696 0.04008152173913043
0 0.7133152173913043 0.5441576086956522 0.034646739130434784 0.041440217391304345
0 0.6494565217391305 0.5441576086956522 0.03328804347826087 0.042798913043478264
0 0.5808423913043478 0.5523097826086957 0.03328804347826087 0.04619565217391304
0 0.5305706521739131 0.548233695652174 0.044157608695652176 0.04755434782608696
0 0.4891304347826087 0.548233695652174 0.042119565217391304 0.05298913043478261
0 0.43546195652173914 0.548233695652174 0.051630434782608696 0.05366847826086957
0 0.3423913043478261 0.5692934782608695 0.06521739130434782 0.06453804347826086
0 0.20991847826086957 0.5645380434782609 0.08899456521739131 0.07201086956521739
0 0.11277173913043478 0.5570652173913043 0.08288043478260869 0.06725543478260869
0 0.03804347826086957 0.5726902173913043 0.07608695652173914 0.08559782608695653
0 0.018342391304347828 0.4626358695652174 0.036684782608695655 0.08288043478260869
0 0.11345108695652174 0.45040760869565216 0.08627717391304347 0.07472826086956522
0 0.2608695652173913 0.46467391304347827 0.07676630434782608 0.06657608695652174
0 0.311820652173913 0.48641304347826086 0.06317934782608696 0.05298913043478261
0 0.36684782608695654 0.4857336956521739 0.06182065217391304 0.04891304347826087
0 0.43070652173913043 0.47146739130434784 0.051630434782608696 0.04551630434782609
0 0.47758152173913043 0.469429347826087 0.05298913043478261 0.050271739130434784
0 0.5251358695652174 0.484375 0.04823369565217391 0.041440217391304345
0 0.5720108695652174 0.485054347826087 0.03940217391304348 0.042798913043478264
0 0.6229619565217391 0.4857336956521739 0.034646739130434784 0.042798913043478264
0 0.6630434782608695 0.49116847826086957 0.029891304347826088 0.035326086956521736
0 0.7010869565217391 0.49184782608695654 0.029891304347826088 0.036005434782608696
0 0.7309782608695652 0.49184782608695654 0.02717391304347826 0.029891304347826088
0 0.7710597826086957 0.4945652173913043 0.02717391304347826 0.025815217391304348
0 0.8199728260869565 0.5020380434782609 0.034646739130434784 0.029891304347826088
0 0.84375 0.4673913043478261 0.028532608695652172 0.027853260869565216
0 0.8206521739130435 0.45516304347826086 0.03192934782608696 0.02377717391304348
0 0.7873641304347826 0.453125 0.028532608695652172 0.025135869565217392
0 0.7398097826086957 0.45991847826086957 0.03328804347826087 0.028532608695652172
0 0.6820652173913043 0.44904891304347827 0.028532608695652172 0.035326086956521736
0 0.6508152173913043 0.44565217391304346 0.028532608695652172 0.036005434782608696
0 0.5808423913043478 0.436820652173913 0.042119565217391304 0.036005434782608696
0 0.5264945652173914 0.436820652173913 0.03940217391304348 0.03872282608695652
0 0.484375 0.4232336956521739 0.03804347826086957 0.042798913043478264
0 0.42459239130434784 0.41032608695652173 0.04823369565217391 0.041440217391304345
0 0.343070652173913 0.39877717391304346 0.051630434782608696 0.043478260869565216
0 0.2866847826086957 0.41032608695652173 0.06793478260869565 0.05434782608695652
0 0.21331521739130435 0.39334239130434784 0.06657608695652174 0.06046195652173913
0 0.12907608695652173 0.37703804347826086 0.07744565217391304 0.07065217391304347
0 0.016983695652173912 0.36141304347826086 0.033967391304347824 0.07336956521739131
0 0.9993206521739131 0.4585597826086957 0.001358695652173913 0.017663043478260868
0 0.9864130434782609 0.453125 0.01970108695652174 0.018342391304347828
0 0.9612771739130435 0.45040760869565216 0.022418478260869564 0.020380434782608696
0 0.9225543478260869 0.44429347826086957 0.02377717391304348 0.02377717391304348
0 0.8974184782608695 0.4422554347826087 0.024456521739130436 0.02377717391304348
0 0.8688858695652174 0.43478260869565216 0.028532608695652172 0.025815217391304348
0 0.8342391304347826 0.43070652173913043 0.029891304347826088 0.025815217391304348
0 0.7914402173913043 0.42391304347826086 0.03192934782608696 0.027853260869565216
0 0.765625 0.4164402173913043 0.03192934782608696 0.029891304347826088
0 0.717391304347826 0.41779891304347827 0.02377717391304348 0.027853260869565216
0 0.6582880434782609 0.4110054347826087 0.03328804347826087 0.028532608695652172
0 0.6148097826086957 0.4048913043478261 0.03192934782608696 0.03328804347826087
0 0.5584239130434783 0.389945652173913 0.042119565217391304 0.03872282608695652
0 0.5122282608695652 0.38790760869565216 0.044157608695652176 0.04008152173913043
0 0.4476902173913043 0.37703804347826086 0.042119565217391304 0.042798913043478264
0 0.3953804347826087 0.3641304347826087 0.050951086956521736 0.04619565217391304
0 0.34578804347826086 0.34782608695652173 0.06182065217391304 0.050951086956521736
0 0.27241847826086957 0.34171195652173914 0.06521739130434782 0.05298913043478261
0 0.18817934782608695 0.33016304347826086 0.07269021739130435 0.05434782608695652
0 0.10326086956521739 0.30910326086956524 0.07065217391304347 0.06317934782608696
0 0.03192934782608696 0.29415760869565216 0.06385869565217392 0.06385869565217392
0 0.014266304347826086 0.21263586956521738 0.028532608695652172 0.05434782608695652
0 0.12907608695652173 0.24864130434782608 0.07133152173913043 0.05366847826086957
0 0.20991847826086957 0.27309782608695654 0.06521739130434782 0.050951086956521736
0 0.30434782608695654 0.29008152173913043 0.05570652173913043 0.04755434782608696
0 0.3539402173913043 0.3111413043478261 0.05298913043478261 0.041440217391304345
0 0.42595108695652173 0.3328804347826087 0.03804347826086957 0.03736413043478261
0 0.4701086956521739 0.3376358695652174 0.03940217391304348 0.036005434782608696
0 0.5360054347826086 0.3485054347826087 0.04823369565217391 0.03736413043478261
0 0.6684782608695652 0.374320652173913 0.03192934782608696 0.029891304347826088
0 0.7126358695652174 0.37703804347826086 0.03328804347826087 0.029891304347826088
0 0.7588315217391305 0.3858695652173913 0.028532608695652172 0.02377717391304348
0 0.7866847826086957 0.390625 0.03192934782608696 0.025815217391304348
0 0.8349184782608695 0.4076086956521739 0.028532608695652172 0.025135869565217392
0 0.8627717391304348 0.406929347826087 0.028532608695652172 0.025135869565217392
0 0.8926630434782609 0.40625 0.024456521739130436 0.02377717391304348
0 0.9130434782608695 0.4157608695652174 0.01970108695652174 0.020380434782608696
0 0.9341032608695652 0.422554347826087 0.01970108695652174 0.020380434782608696
0 0.9490489130434783 0.4205163043478261 0.016983695652173912 0.018342391304347828
0 0.9728260869565217 0.42934782608695654 0.018342391304347828 0.017663043478260868
0 0.9911684782608695 0.4320652173913043 0.016983695652173912 0.017663043478260868
0 0.9966032608695652 0.43953804347826086 0.006114130434782609 0.016983695652173912
0 0.9993206521739131 0.41372282608695654 0.001358695652173913 0.017663043478260868
0 0.9911684782608695 0.4110054347826087 0.016983695652173912 0.016983695652173912
0 0.9755434782608695 0.40625 0.018342391304347828 0.016983695652173912
0 0.9558423913043478 0.40285326086956524 0.018342391304347828 0.017663043478260868
0 0.9381793478260869 0.39877717391304346 0.02377717391304348 0.021059782608695652
0 0.9164402173913043 0.39470108695652173 0.018342391304347828 0.018342391304347828
0 0.9028532608695652 0.391304347826087 0.01970108695652174 0.020380434782608696
0 0.8838315217391305 0.38722826086956524 0.01970108695652174 0.021059782608695652
0 0.8702445652173914 0.3797554347826087 0.02717391304347826 0.025135869565217392
0 0.8043478260869565 0.37296195652173914 0.024456521739130436 0.022418478260869564
0 0.764266304347826 0.3702445652173913 0.02717391304347826 0.022418478260869564
0 0.734375 0.36277173913043476 0.024456521739130436 0.025135869565217392
0 0.7139945652173914 0.35258152173913043 0.028532608695652172 0.025135869565217392
0 0.6039402173913043 0.33016304347826086 0.03192934782608696 0.027853260869565216
0 0.5652173913043478 0.31453804347826086 0.03192934782608696 0.029891304347826088
0 0.5176630434782609 0.31046195652173914 0.03736413043478261 0.03260869565217391
0 0.4626358695652174 0.29959239130434784 0.03736413043478261 0.036005434782608696
0 0.4076086956521739 0.28532608695652173 0.03736413043478261 0.03328804347826087
0 0.36752717391304346 0.2717391304347826 0.04823369565217391 0.03736413043478261
0 0.35258152173913043 0.2296195652173913 0.044157608695652176 0.03872282608695652
0 0.40285326086956524 0.25 0.03328804347826087 0.03260869565217391
0 0.45108695652173914 0.25815217391304346 0.042119565217391304 0.03125
0 0.5441576086956522 0.28328804347826086 0.03192934782608696 0.03328804347826087
0 0.5672554347826086 0.28532608695652173 0.02717391304347826 0.02377717391304348
0 0.6100543478260869 0.30027173913043476 0.03192934782608696 0.028532608695652172
0 0.6650815217391305 0.311820652173913 0.029891304347826088 0.025135869565217392
0 0.7133152173913043 0.32540760869565216 0.029891304347826088 0.025815217391304348
0 0.7493206521739131 0.33152173913043476 0.02717391304347826 0.025135869565217392
0 0.779891304347826 0.3423913043478261 0.024456521739130436 0.022418478260869564
0 0.8172554347826086 0.35529891304347827 0.024456521739130436 0.021059782608695652
0 0.8512228260869565 0.3580163043478261 0.02377717391304348 0.02377717391304348
0 0.8682065217391305 0.36141304347826086 0.022418478260869564 0.018342391304347828
0 0.9082880434782609 0.375679347826087 0.01970108695652174 0.018342391304347828
0 0.9184782608695652 0.37907608695652173 0.016983695652173912 0.017663043478260868
0 0.936141304347826 0.38315217391304346 0.022418478260869564 0.017663043478260868
0 0.9816576086956522 0.390625 0.018342391304347828 0.017663043478260868
0 0.9952445652173914 0.3967391304347826 0.009510869565217392 0.016304347826086956
0 0.9898097826086957 0.37092391304347827 0.01970108695652174 0.016983695652173912
0 0.9694293478260869 0.37092391304347827 0.018342391304347828 0.016983695652173912
0 0.951766304347826 0.3648097826086957 0.018342391304347828 0.017663043478260868
0 0.8947010869565217 0.35529891304347827 0.01970108695652174 0.017663043478260868
0 0.8817934782608695 0.35054347826086957 0.022418478260869564 0.020380434782608696
0 0.8491847826086957 0.3389945652173913 0.02377717391304348 0.020380434782608696
0 0.8213315217391305 0.33084239130434784 0.02377717391304348 0.020380434782608696
0 0.8002717391304348 0.3294836956521739 0.02717391304347826 0.02377717391304348
0 0.7533967391304348 0.311820652173913 0.02377717391304348 0.021059782608695652
0 0.733016304347826 0.3077445652173913 0.02717391304347826 0.022418478260869564
0 0.7072010869565217 0.296875 0.028532608695652172 0.021059782608695652
0 0.6677989130434783 0.28872282608695654 0.03192934782608696 0.025815217391304348
0 0.6195652173913043 0.27241847826086957 0.034646739130434784 0.025815217391304348
0 0.5835597826086957 0.264945652173913 0.029891304347826088 0.028532608695652172
0 0.5230978260869565 0.2554347826086957 0.03192934782608696 0.029891304347826088
0 0.3016304347826087 0.25203804347826086 0.04823369565217391 0.04008152173913043
0 0.2391304347826087 0.234375 0.046875 0.043478260869565216
0 0.17527173913043478 0.21875 0.05570652173913043 0.043478260869565216
0 0.08016304347826086 0.18546195652173914 0.06793478260869565 0.05298913043478261
0 0.02309782608695652 0.16644021739130435 0.04551630434782609 0.050271739130434784
0 0.029211956521739132 0.08491847826086957 0.057744565217391304 0.04755434782608696
0 0.05298913043478261 0.06046195652173913 0.057744565217391304 0.04891304347826087
0 0.042119565217391304 0.12432065217391304 0.06317934782608696 0.05366847826086957
0 0.12771739130434784 0.07676630434782608 0.05298913043478261 0.04008152173913043
0 0.12160326086956522 0.12296195652173914 0.057065217391304345 0.04551630434782609
0 0.13654891304347827 0.16508152173913043 0.06182065217391304 0.041440217391304345
0 0.20584239130434784 0.18546195652173914 0.050951086956521736 0.043478260869565216
0 0.19157608695652173 0.11888586956521739 0.050951086956521736 0.043478260869565216
0 0.2235054347826087 0.15896739130434784 0.04823369565217391 0.042798913043478264
0 0.26766304347826086 0.14470108695652173 0.050951086956521736 0.042798913043478264
0 0.2826086956521739 0.2139945652173913 0.03804347826086957 0.042798913043478264
0 0.30842391304347827 0.18546195652173914 0.044157608695652176 0.041440217391304345
0 0.31453804347826086 0.15760869565217392 0.043478260869565216 0.035326086956521736
0 0.3491847826086957 0.17595108695652173 0.043478260869565216 0.036005434782608696
0 0.3892663043478261 0.21875 0.042119565217391304 0.036005434782608696
0 0.41847826086956524 0.19429347826086957 0.03736413043478261 0.03125
0 0.44157608695652173 0.23029891304347827 0.03736413043478261 0.029891304347826088
0 0.4741847826086957 0.2112771739130435 0.03940217391304348 0.03328804347826087
0 0.5353260869565217 0.22010869565217392 0.034646739130434784 0.028532608695652172
0 0.5910326086956522 0.23641304347826086 0.03192934782608696 0.025135869565217392
0 0.625 0.24388586956521738 0.03192934782608696 0.025135869565217392
0 0.6589673913043478 0.2595108695652174 0.029891304347826088 0.025815217391304348
0 0.6976902173913043 0.26902173913043476 0.024456521739130436 0.02377717391304348
0 0.7214673913043478 0.27853260869565216 0.024456521739130436 0.022418478260869564
0 0.7629076086956522 0.28940217391304346 0.024456521739130436 0.021059782608695652
0 0.7771739130434783 0.2982336956521739 0.01970108695652174 0.018342391304347828
0 0.7921195652173914 0.29959239130434784 0.02377717391304348 0.02377717391304348
0 0.8220108695652174 0.31046195652173914 0.01970108695652174 0.017663043478260868
0 0.8546195652173914 0.32065217391304346 0.022418478260869564 0.020380434782608696
0 0.8682065217391305 0.3294836956521739 0.01970108695652174 0.018342391304347828
0 0.9055706521739131 0.3335597826086957 0.01970108695652174 0.020380434782608696
0 0.9341032608695652 0.34035326086956524 0.018342391304347828 0.017663043478260868
0 0.953125 0.3498641304347826 0.01970108695652174 0.016983695652173912
0 0.9728260869565217 0.3491847826086957 0.01970108695652174 0.018342391304347828
0 0.9898097826086957 0.3498641304347826 0.014945652173913044 0.016983695652173912
0 0.9993206521739131 0.35733695652173914 0.001358695652173913 0.016983695652173912
0 0.48777173913043476 0.2391304347826087 0.03192934782608696 0.029891304347826088
0 0.5400815217391305 0.7948369565217391 0.09850543478260869 0.07404891304347826
0 0.8974184782608695 0.6800271739130435 0.051630434782608696 0.03804347826086957
0 0.8974184782608695 0.6447010869565217 0.043478260869565216 0.03260869565217391
0 0.9979619565217391 0.5896739130434783 0.0033967391304347825 0.02309782608695652
0 0.9904891304347826 0.548233695652174 0.018342391304347828 0.022418478260869564
0 0.9123641304347826 0.4986413043478261 0.029891304347826088 0.021059782608695652
0 0.6059782608695652 0.3580163043478261 0.03940217391304348 0.028532608695652172
0 0.6501358695652174 0.328125 0.03328804347826087 0.025135869565217392
0 0.9483695652173914 0.3851902173913043 0.021059782608695652 0.015625
0 0.9993206521739131 0.37160326086956524 0.001358695652173913 0.01358695652173913
0 0.9395380434782609 0.36820652173913043 0.022418478260869564 0.015625
0 0.009510869565217392 0.033967391304347824 0.018342391304347828 0.041440217391304345
0 0.9103260869565217 0.34375 0.022418478260869564 0.016983695652173912