0 0.016304347826086956 0.39809782608695654 0.03260869565217391 0.03328804347826087
0 0.024456521739130436 0.358695652173913 0.036005434782608696 0.026494565217391304
0 0.07133152173913043 0.34171195652173914 0.03125 0.02377717391304348
0 0.09442934782608696 0.3423913043478261 0.03804347826086957 0.028532608695652172
0 0.16983695652173914 0.421195652173913 0.041440217391304345 0.04008152173913043
0 0.19157608695652173 0.3804347826086957 0.029211956521739132 0.022418478260869564
0 0.23301630434782608 0.375679347826087 0.025135869565217392 0.017663043478260868
0 0.28328804347826086 0.40828804347826086 0.050951086956521736 0.03804347826086957
0 0.27853260869565216 0.37771739130434784 0.025815217391304348 0.01970108695652174
0 0.29008152173913043 0.328804347826087 0.025135869565217392 0.029211956521739132
0 0.37296195652173914 0.39741847826086957 0.050271739130434784 0.04008152173913043
0 0.31929347826086957 0.3389945652173913 0.03804347826086957 0.027853260869565216
0 0.5591032608695652 0.39402173913043476 0.04008152173913043 0.029211956521739132
0 0.6317934782608695 0.39402173913043476 0.03940217391304348 0.029211956521739132
0 0.6480978260869565 0.34035326086956524 0.03804347826086957 0.029211956521739132
0 0.8070652173913043 0.38790760869565216 0.04483695652173913 0.03328804347826087
0 0.8464673913043478 0.39402173913043476 0.04755434782608696 0.036005434782608696
0 0.9660326086956522 0.30842391304347827 0.028532608695652172 0.025135869565217392
0 0.9870923913043478 0.37228260869565216 0.025815217391304348 0.029211956521739132
0 0.08559782608695653 0.4361413043478261 0.06182065217391304 0.04619565217391304
0 0.9259510869565217 0.7370923913043478 0.07472826086956522 0.059782608695652176
0 0.014945652173913044 0.3342391304347826 0.029211956521739132 0.021739130434782608
0 0.06385869565217392 0.3858695652173913 0.030570652173913044 0.022418478260869564
0 0.08559782608695653 0.3648097826086957 0.004076086956521739 0.002717391304347826
0 0.07133152173913043 0.3233695652173913 0.02717391304347826 0.020380434782608696
0 0.203125 0.35190217391304346 0.03260869565217391 0.028532608695652172
0 0.19701086956521738 0.406929347826087 0.050271739130434784 0.03736413043478261
0 0.2866847826086957 0.7839673913043478 0.1610054347826087 0.11616847826086957
0 0.36277173913043476 0.3845108695652174 0.029211956521739132 0.021739130434782608
0 0.36277173913043476 0.33559782608695654 0.03804347826086957 0.028532608695652172
0 0.4171195652173913 0.3389945652173913 0.036684782608695655 0.03192934782608696
0 0.5033967391304348 0.5095108695652174 0.06385869565217392 0.04008152173913043
0 0.608016304347826 0.4375 0.05638586956521739 0.042119565217391304
0 0.6019021739130435 0.3845108695652174 0.029211956521739132 0.021739130434782608
0 0.6283967391304348 0.41304347826086957 0.05434782608695652 0.04076086956521739
0 0.5339673913043478 0.35190217391304346 0.04008152173913043 0.029891304347826088
0 0.5557065217391305 0.3423913043478261 0.03940217391304348 0.029211956521739132
0 0.9028532608695652 0.39809782608695654 0.046875 0.03872282608695652
0 0.9130434782608695 0.31657608695652173 0.028532608695652172 0.021059782608695652
0 0.9741847826086957 0.39266304347826086 0.046875 0.034646739130434784
0 0.5747282608695652 0.6983695652173914 0.14266304347826086 0.14334239130434784
0 0.4904891304347826 0.8152173913043478 0.1922554347826087 0.16983695652173914
0 0.13994565217391305 0.33016304347826086 0.029211956521739132 0.021739130434782608