0 0.03940217391304348 0.751358695652174 0.02309782608695652 0.019021739130434784
0 0.8845108695652174 0.735733695652174 0.017663043478260868 0.015625
0 0.9449728260869565 0.766983695652174 0.02309782608695652 0.01358695652173913
0 0.8811141304347826 0.9259510869565217 0.017663043478260868 0.014266304347826086
0 0.9782608695652174 0.9259510869565217 0.020380434782608696 0.01358695652173913
0 0.5876358695652174 0.8485054347826086 0.021059782608695652 0.01358695652173913
0 0.5862771739130435 0.9089673913043478 0.025135869565217392 0.019021739130434784
0 0.3804347826086957 0.8980978260869565 0.021059782608695652 0.017663043478260868
0 0.46603260869565216 0.9660326086956522 0.015625 0.014266304347826086
0 0.4008152173913043 0.9918478260869565 0.026494565217391304 0.012907608695652174
0 0.5747282608695652 0.7493206521739131 0.021059782608695652 0.01358695652173913
0 0.6725543478260869 0.6881793478260869 0.022418478260869564 0.014945652173913044
0 0.6487771739130435 0.7846467391304348 0.021739130434782608 0.014266304347826086
0 0.5604619565217391 0.779891304347826 0.021059782608695652 0.014266304347826086
0 0.5346467391304348 0.7989130434782609 0.021059782608695652 0.014266304347826086
0 0.2391304347826087 0.8036684782608695 0.02309782608695652 0.014945652173913044
0 0.8070652173913043 0.7934782608695652 0.021059782608695652 0.014266304347826086
0 0.9836956521739131 0.6650815217391305 0.02309782608695652 0.014945652173913044
0 0.9925271739130435 0.6847826086956522 0.014945652173913044 0.014945652173913044
0 0.9300271739130435 0.8396739130434783 0.021059782608695652 0.01358695652173913
0 0.7778532608695652 0.9667119565217391 0.021059782608695652 0.01358695652173913
0 0.33152173913043476 0.9551630434782609 0.02309782608695652 0.014945652173913044
0 0.05366847826086957 0.8131793478260869 0.02309782608695652 0.014945652173913044
0 0.050271739130434784 0.8002717391304348 0.02309782608695652 0.014945652173913044
0 0.2391304347826087 0.828125 0.02309782608695652 0.014945652173913044
0 0.09714673913043478 0.9836956521739131 0.02309782608695652 0.014945652173913044