0 0.33084239130434784 0.6841032608695652 0.036684782608695655 0.030570652173913044
0 0.5754076086956522 0.6514945652173914 0.04755434782608696 0.030570652173913044
0 0.8369565217391305 0.626358695652174 0.016304347826086956 0.015625
0 0.11888586956521739 0.6970108695652174 0.04619565217391304 0.030570652173913044
0 0.20244565217391305 0.6902173913043478 0.04483695652173913 0.029891304347826088
0 0.23369565217391305 0.6841032608695652 0.043478260869565216 0.029211956521739132
0 0.32608695652173914 0.6025815217391305 0.025135869565217392 0.016983695652173912
0 0.30978260869565216 0.6942934782608695 0.04551630434782609 0.030570652173913044
0 0.3539402173913043 0.6990489130434783 0.04619565217391304 0.03125
0 0.46467391304347827 0.6800271739130435 0.042798913043478264 0.028532608695652172
0 0.7269021739130435 0.610733695652174 0.027853260869565216 0.018342391304347828
0 0.8953804347826086 0.6358695652173914 0.036684782608695655 0.024456521739130436