0 0.5509510869565217 0.3648097826086957 0.11277173913043478 0.109375
0 0.009510869565217392 0.38654891304347827 0.018342391304347828 0.03804347826086957
0 0.12432065217391304 0.36141304347826086 0.035326086956521736 0.030570652173913044
0 0.0020380434782608695 0.33627717391304346 0.004076086956521739 0.01358695652173913
0 0.005434782608695652 0.32065217391304346 0.010869565217391304 0.010869565217391304
0 0.016983695652173912 0.32065217391304346 0.009510869565217392 0.010190217391304348
0 0.029211956521739132 0.32065217391304346 0.012228260869565218 0.010869565217391304
0 0.03804347826086957 0.3342391304347826 0.015625 0.017663043478260868
0 0.018342391304347828 0.3532608695652174 0.028532608695652172 0.029211956521739132
0 0.06317934782608696 0.34578804347826086 0.018342391304347828 0.021059782608695652
0 0.05434782608695652 0.3342391304347826 0.01970108695652174 0.019021739130434784
0 0.09171195652173914 0.37839673913043476 0.028532608695652172 0.025135869565217392
0 0.08084239130434782 0.33084239130434784 0.018342391304347828 0.019021739130434784
0 0.08763586956521739 0.3226902173913043 0.012228260869565218 0.012228260869565218
0 0.10258152173913043 0.328804347826087 0.012228260869565218 0.01358695652173913
0 0.12160326086956522 0.3389945652173913 0.016983695652173912 0.016983695652173912
0 0.15625 0.33967391304347827 0.01970108695652174 0.017663043478260868
0 0.22010869565217392 0.3532608695652174 0.03125 0.028532608695652172
0 0.1766304347826087 0.3328804347826087 0.016983695652173912 0.017663043478260868
0 0.19157608695652173 0.3328804347826087 0.012907608695652174 0.012228260869565218
0 0.23709239130434784 0.33559782608695654 0.015625 0.01358695652173913
0 0.2717391304347826 0.3383152173913043 0.01970108695652174 0.017663043478260868
0 0.019021739130434784 0.3376358695652174 0.021739130434782608 0.016304347826086956
0 0.04755434782608696 0.3233695652173913 0.01358695652173913 0.010190217391304348
0 0.06182065217391304 0.32540760869565216 0.014945652173913044 0.01154891304347826
0 0.10869565217391304 0.35529891304347827 0.02717391304347826 0.020380434782608696
0 0.07133152173913043 0.3294836956521739 0.016304347826086956 0.012907608695652174
0 0.13519021739130435 0.3383152173913043 0.021739130434782608 0.016304347826086956
0 0.16508152173913043 0.3607336956521739 0.035326086956521736 0.026494565217391304
0 0.20448369565217392 0.34646739130434784 0.02717391304347826 0.01970108695652174
0 0.15625 0.328804347826087 0.012907608695652174 0.010190217391304348
0 0.18410326086956522 0.3226902173913043 0.01358695652173913 0.010190217391304348
0 0.19361413043478262 0.32540760869565216 0.014266304347826086 0.01154891304347826
0 0.20380434782608695 0.33152173913043476 0.01154891304347826 0.008831521739130434
0 0.24592391304347827 0.35190217391304346 0.030570652173913044 0.02309782608695652