0 0.6338315217391305 0.47554347826086957 0.06182065217391304 0.05570652173913043
0 0.9653532608695652 0.49184782608695654 0.06453804347826086 0.059782608695652176
0 0.954483695652174 0.7914402173913043 0.09103260869565218 0.11616847826086957
0 0.3485054347826087 0.47690217391304346 0.059782608695652176 0.05434782608695652
0 0.017663043478260868 0.578125 0.035326086956521736 0.06793478260869565
0 0.6052989130434783 0.23641304347826086 0.04891304347826087 0.04483695652173913
0 0.5495923913043478 0.7377717391304348 0.12024456521739131 0.09918478260869565
0 0.6528532608695652 0.8070652173913043 0.10529891304347826 0.10190217391304347
0 0.5604619565217391 0.12092391304347826 0.04008152173913043 0.036005434782608696
0 0.4857336956521739 0.48233695652173914 0.052309782608695655 0.05570652173913043
0 0.5876358695652174 0.059103260869565216 0.03736413043478261 0.03328804347826087
0 0.8797554347826086 0.6929347826086957 0.10326086956521739 0.08899456521739131
0 0.8804347826086957 0.21875 0.05366847826086957 0.04755434782608696
0 0.8729619565217391 0.7866847826086957 0.12160326086956522 0.09782608695652174
0 0.7751358695652174 0.16304347826086957 0.042119565217391304 0.03940217391304348
0 0.5319293478260869 0.15896739130434784 0.042119565217391304 0.04076086956521739
0 0.96875 0.35733695652173914 0.059782608695652176 0.05570652173913043
0 0.1610054347826087 0.4639945652173913 0.05366847826086957 0.06317934782608696
0 0.6820652173913043 0.686141304347826 0.10733695652173914 0.09239130434782608
0 0.6052989130434783 0.15692934782608695 0.04076086956521739 0.041440217391304345
0 0.24728260869565216 0.46671195652173914 0.06317934782608696 0.05434782608695652
0 0.041440217391304345 0.7601902173913043 0.08288043478260869 0.11073369565217392
0 0.20991847826086957 0.7438858695652174 0.10733695652173914 0.10122282608695653
0 0.8288043478260869 0.35529891304347827 0.05502717391304348 0.050271739130434784
0 0.985733695652174 0.1358695652173913 0.027853260869565216 0.03804347826086957
0 0.7445652173913043 0.2703804347826087 0.04891304347826087 0.04483695652173913
0 0.735733695652174 0.4578804347826087 0.057065217391304345 0.051630434782608696
0 0.43070652173913043 0.7989130434782609 0.09918478260869565 0.08763586956521739
0 0.6691576086956522 0.15760869565217392 0.03736413043478261 0.036684782608695655
0 0.859375 0.3797554347826087 0.059782608695652176 0.04823369565217391
0 0.9130434782608695 0.32540760869565216 0.05366847826086957 0.051630434782608696
0 0.8634510869565217 0.13519021739130435 0.04076086956521739 0.036684782608695655
0 0.6881793478260869 0.109375 0.04076086956521739 0.036684782608695655
0 0.9273097826086957 0.27853260869565216 0.050271739130434784 0.046875
0 0.9932065217391305 0.32404891304347827 0.01358695652173913 0.050271739130434784
0 0.6365489130434783 0.09375 0.04076086956521739 0.033967391304347824
0 0.25407608695652173 0.38383152173913043 0.050271739130434784 0.04755434782608696
0 0.9558423913043478 0.15013586956521738 0.04008152173913043 0.036684782608695655
0 0.33016304347826086 0.6813858695652174 0.11820652173913043 0.10529891304347826
0 0.5978260869565217 0.45108695652173914 0.05502717391304348 0.050951086956521736
0 0.29959239130434784 0.8084239130434783 0.11209239130434782 0.11413043478260869
0 0.5529891304347826 0.48777173913043476 0.046875 0.046875
0 0.41440217391304346 0.7404891304347826 0.11820652173913043 0.08899456521739131
0 0.7744565217391305 0.7941576086956522 0.10394021739130435 0.08559782608695653
0 0.9279891304347826 0.4585597826086957 0.04891304347826087 0.04823369565217391
0 0.4483695652173913 0.6786684782608695 0.10529891304347826 0.08763586956521739
0 0.5346467391304348 0.25679347826086957 0.04891304347826087 0.04483695652173913
0 0.7724184782608695 0.7024456521739131 0.08627717391304347 0.07948369565217392
0 0.9762228260869565 0.4517663043478261 0.04755434782608696 0.04755434782608696
0 0.19361413043478262 0.4164402173913043 0.044157608695652176 0.041440217391304345
0 0.6453804347826086 0.20244565217391305 0.044157608695652176 0.042798913043478264
0 0.06657608695652174 0.6739130434782609 0.08559782608695653 0.08559782608695653
0 0.050271739130434784 0.03125 0.022418478260869564 0.021059782608695652
0 0.06114130434782609 0.008831521739130434 0.021059782608695652 0.017663043478260868
0 0.08220108695652174 0.009510869565217392 0.019021739130434784 0.017663043478260868
0 0.09986413043478261 0.010869565217391304 0.022418478260869564 0.021739130434782608
0 0.1297554347826087 0.005434782608695652 0.02309782608695652 0.010869565217391304
0 0.20720108695652173 0.008152173913043478 0.03125 0.015625
0 0.26834239130434784 0.010869565217391304 0.03125 0.021059782608695652
0 0.2826086956521739 0.016983695652173912 0.03125 0.029891304347826088
0 0.3233695652173913 0.008831521739130434 0.027853260869565216 0.017663043478260868
0 0.29959239130434784 0.049592391304347824 0.03125 0.027853260869565216
0 0.3070652173913043 0.07269021739130435 0.027853260869565216 0.02717391304347826
0 0.31046195652173914 0.10258152173913043 0.030570652173913044 0.030570652173913044
0 0.33491847826086957 0.10529891304347826 0.02717391304347826 0.027853260869565216
0 0.3389945652173913 0.08423913043478261 0.035326086956521736 0.03192934782608696
0 0.3335597826086957 0.04551630434782609 0.02717391304347826 0.026494565217391304
0 0.33559782608695654 0.03328804347826087 0.025815217391304348 0.026494565217391304
0 0.36684782608695654 0.014266304347826086 0.022418478260869564 0.02309782608695652
0 0.38790760869565216 0.017663043478260868 0.025815217391304348 0.024456521739130436
0 0.40964673913043476 0.021739130434782608 0.02309782608695652 0.02309782608695652
0 0.406929347826087 0.052309782608695655 0.035326086956521736 0.03328804347826087
0 0.38247282608695654 0.050271739130434784 0.03125 0.029891304347826088
0 0.4279891304347826 0.07608695652173914 0.036005434782608696 0.033967391304347824
0 0.40625 0.08967391304347826 0.03125 0.03192934782608696
0 0.45991847826086957 0.09307065217391304 0.035326086956521736 0.029891304347826088
0 0.45652173913043476 0.03940217391304348 0.027853260869565216 0.027853260869565216
0 0.44904891304347827 0.021739130434782608 0.025815217391304348 0.02309782608695652
0 0.48097826086956524 0.01154891304347826 0.030570652173913044 0.02309782608695652
0 0.4830163043478261 0.04891304347826087 0.030570652173913044 0.027853260869565216
0 0.49796195652173914 0.07948369565217392 0.03125 0.027853260869565216
0 0.46603260869565216 0.125 0.03260869565217391 0.03192934782608696
0 0.4592391304347826 0.109375 0.03125 0.024456521739130436
0 0.4789402173913043 0.1514945652173913 0.03125 0.03328804347826087
0 0.5332880434782609 0.10326086956521739 0.035326086956521736 0.033967391304347824
0 0.5264945652173914 0.06317934782608696 0.036005434782608696 0.03192934782608696
0 0.53125 0.03328804347826087 0.030570652173913044 0.029891304347826088
0 0.6358695652173914 0.016983695652173912 0.02717391304347826 0.024456521739130436
0 0.5726902173913043 0.19429347826086957 0.04551630434782609 0.03804347826086957
0 0.5543478260869565 0.1827445652173913 0.03125 0.03328804347826087
0 0.670516304347826 0.014266304347826086 0.02309782608695652 0.021059782608695652
0 0.6610054347826086 0.03736413043478261 0.02717391304347826 0.02309782608695652
0 0.6847826086956522 0.03736413043478261 0.035326086956521736 0.03192934782608696
0 0.7072010869565217 0.03192934782608696 0.027853260869565216 0.02717391304347826
0 0.8097826086956522 0.01970108695652174 0.02309782608695652 0.020380434782608696
0 0.7717391304347826 0.051630434782608696 0.036005434782608696 0.03328804347826087
0 0.7730978260869565 0.035326086956521736 0.027853260869565216 0.024456521739130436
0 0.71875 0.049592391304347824 0.027853260869565216 0.026494565217391304
0 0.7472826086956522 0.049592391304347824 0.030570652173913044 0.027853260869565216
0 0.7350543478260869 0.06725543478260869 0.03125 0.029891304347826088
0 0.7072010869565217 0.07065217391304347 0.03260869565217391 0.024456521739130436
0 0.6358695652173914 0.06453804347826086 0.036005434782608696 0.027853260869565216
0 0.7459239130434783 0.08559782608695653 0.035326086956521736 0.030570652173913044
0 0.7058423913043478 0.08627717391304347 0.03260869565217391 0.029891304347826088
0 0.6188858695652174 0.12228260869565218 0.04008152173913043 0.03192934782608696
0 0.7302989130434783 0.12160326086956522 0.04076086956521739 0.036684782608695655
0 0.6841032608695652 0.13790760869565216 0.03736413043478261 0.03328804347826087
0 0.7466032608695652 0.16236413043478262 0.03260869565217391 0.033967391304347824
0 0.7241847826086957 0.15489130434782608 0.04008152173913043 0.029891304347826088
0 0.6908967391304348 0.18682065217391305 0.03125 0.03328804347826087
0 0.6440217391304348 0.1827445652173913 0.03736413043478261 0.033967391304347824
0 0.657608695652174 0.25747282608695654 0.042119565217391304 0.041440217391304345
0 0.7024456521739131 0.22826086956521738 0.04076086956521739 0.04483695652173913
0 0.7323369565217391 0.22486413043478262 0.046875 0.03940217391304348
0 0.7459239130434783 0.19633152173913043 0.04008152173913043 0.03804347826086957
0 0.7778532608695652 0.21195652173913043 0.03736413043478261 0.036684782608695655
0 0.9028532608695652 0.18817934782608695 0.042119565217391304 0.044157608695652176
0 0.8029891304347826 0.2601902173913043 0.05366847826086957 0.04483695652173913
0 0.7941576086956522 0.30095108695652173 0.05502717391304348 0.04755434782608696
0 0.8403532608695652 0.297554347826087 0.04891304347826087 0.03940217391304348
0 0.9660326086956522 0.20991847826086957 0.046875 0.04755434782608696
0 0.9422554347826086 0.18953804347826086 0.03125 0.036005434782608696
0 0.796875 0.13179347826086957 0.03736413043478261 0.036005434782608696
0 0.7792119565217391 0.11752717391304347 0.03125 0.033967391304347824
0 0.7995923913043478 0.07540760869565218 0.035326086956521736 0.033967391304347824
0 0.8342391304347826 0.09035326086956522 0.036005434782608696 0.03328804347826087
0 0.8661684782608695 0.07608695652173914 0.03736413043478261 0.036684782608695655
0 0.8464673913043478 0.06182065217391304 0.025815217391304348 0.027853260869565216
0 0.8811141304347826 0.051630434782608696 0.03260869565217391 0.03192934782608696
0 0.9014945652173914 0.09239130434782608 0.042119565217391304 0.033967391304347824
0 0.9225543478260869 0.07336956521739131 0.02717391304347826 0.02717391304347826
0 0.951766304347826 0.07472826086956522 0.03125 0.027853260869565216
0 0.9809782608695652 0.07608695652173914 0.03736413043478261 0.036005434782608696
0 0.998641304347826 0.281929347826087 0.0020380434782608695 0.042798913043478264
0 0.984375 0.3960597826086957 0.03125 0.04483695652173913
0 0.8790760869565217 0.32065217391304346 0.04551630434782609 0.04076086956521739
0 0.21535326086956522 0.3811141304347826 0.04008152173913043 0.041440217391304345
0 0.11277173913043478 0.45516304347826086 0.044157608695652176 0.050951086956521736
0 0.1827445652173913 0.4375 0.036005434782608696 0.041440217391304345
0 0.07608695652173914 0.48641304347826086 0.04076086956521739 0.03940217391304348
0 0.13451086956521738 0.6773097826086957 0.08627717391304347 0.08559782608695653
0 0.20855978260869565 0.6725543478260869 0.11005434782608696 0.08899456521739131
0 0.9714673913043478 0.6942934782608695 0.057065217391304345 0.06521739130434782
0 0.23641304347826086 0.010869565217391304 0.030570652173913044 0.021059782608695652
0 0.3063858695652174 0.007472826086956522 0.030570652173913044 0.014945652173913044
0 0.2758152173913043 0.07676630434782608 0.03260869565217391 0.025815217391304348
0 0.3641304347826087 0.06182065217391304 0.033967391304347824 0.025815217391304348
0 0.34375 0.007472826086956522 0.030570652173913044 0.014945652173913044
0 0.3960597826086957 0.035326086956521736 0.03125 0.02309782608695652
0 0.46127717391304346 0.07065217391304347 0.036005434782608696 0.02717391304347826
0 0.4578804347826087 0.009510869565217392 0.02717391304347826 0.019021739130434784
0 0.5115489130434783 0.14334239130434784 0.03872282608695652 0.029891304347826088
0 0.5461956521739131 0.021739130434782608 0.03260869565217391 0.024456521739130436
0 0.5523097826086957 0.008152173913043478 0.027853260869565216 0.015625
0 0.6032608695652174 0.02309782608695652 0.029211956521739132 0.021739130434782608
0 0.6222826086956522 0.03804347826086957 0.03260869565217391 0.025815217391304348
0 0.5903532608695652 0.008152173913043478 0.025815217391304348 0.016304347826086956
0 0.578125 0.006114130434782609 0.02717391304347826 0.012228260869565218
0 0.5563858695652174 0.24660326086956522 0.051630434782608696 0.03804347826086957
0 0.516983695652174 0.012228260869565218 0.03125 0.02309782608695652
0 0.7221467391304348 0.019021739130434784 0.02717391304347826 0.020380434782608696
0 0.7418478260869565 0.03260869565217391 0.033967391304347824 0.024456521739130436
0 0.6589673913043478 0.06046195652173913 0.035326086956521736 0.026494565217391304
0 0.6202445652173914 0.057744565217391304 0.036005434782608696 0.02717391304347826
0 0.6603260869565217 0.08288043478260869 0.03872282608695652 0.029211956521739132
0 0.5991847826086957 0.10394021739130435 0.042119565217391304 0.03260869565217391
0 0.5414402173913043 0.07201086956521739 0.03736413043478261 0.027853260869565216
0 0.75 0.10394021739130435 0.04008152173913043 0.029891304347826088
0 0.5822010869565217 0.12771739130434784 0.042119565217391304 0.03260869565217391
0 0.7269021739130435 0.17527173913043478 0.042119565217391304 0.03192934782608696
0 0.5903532608695652 0.2139945652173913 0.04891304347826087 0.036684782608695655
0 0.7948369565217391 0.2262228260869565 0.050271739130434784 0.03872282608695652
0 0.9347826086956522 0.23573369565217392 0.051630434782608696 0.03872282608695652
0 0.7941576086956522 0.044157608695652176 0.03260869565217391 0.024456521739130436
0 0.9877717391304348 0.11005434782608696 0.024456521739130436 0.030570652173913044
0 0.6664402173913043 0.22486413043478262 0.04823369565217391 0.036005434782608696
0 0.8913043478260869 0.39877717391304346 0.058423913043478264 0.044157608695652176
0 0.96875 0.27717391304347827 0.05502717391304348 0.041440217391304345
0 0.7703804347826086 0.47758152173913043 0.06453804347826086 0.04823369565217391
0 0.22418478260869565 0.38654891304347827 0.04823369565217391 0.036005434782608696
0 0.20516304347826086 0.4639945652173913 0.05638586956521739 0.042798913043478264
0 0.12567934782608695 0.6216032608695652 0.09239130434782608 0.06929347826086957
0 0.29008152173913043 0.6358695652173914 0.10326086956521739 0.07744565217391304
0 0.27717391304347827 0.7323369565217391 0.11684782608695653 0.08763586956521739
0 0.890625 0.6290760869565217 0.09239130434782608 0.06929347826086957
0 0.6521739130434783 0.7323369565217391 0.11480978260869565 0.08627717391304347
0 0.03872282608695652 0.9028532608695652 0.07744565217391304 0.09782608695652174
0 0.13790760869565216 0.7248641304347826 0.11684782608695653 0.08763586956521739