0 0.4517663043478261 0.2561141304347826 0.13790760869565216 0.11616847826086957
0 0.6508152173913043 0.109375 0.08899456521739131 0.07472826086956522
0 0.515625 0.09782608695652174 0.034646739130434784 0.028532608695652172
0 0.438179347826087 0.1671195652173913 0.09986413043478261 0.08355978260869565
0 0.7690217391304348 0.30842391304347827 0.10733695652173914 0.12907608695652173
0 0.6915760869565217 0.5760869565217391 0.23097826086956522 0.15828804347826086
0 0.8145380434782609 0.10733695652173914 0.06385869565217392 0.057744565217391304
0 0.5509510869565217 0.19089673913043478 0.12024456521739131 0.09918478260869565
0 0.27377717391304346 0.30027173913043476 0.13790760869565216 0.13383152173913043
0 0.9836956521739131 0.07133152173913043 0.03260869565217391 0.04483695652173913
0 0.13790760869565216 0.23641304347826086 0.12364130434782608 0.10801630434782608
0 0.9504076086956522 0.22146739130434784 0.09918478260869565 0.10597826086956522
0 0.5509510869565217 0.31521739130434784 0.11277173913043478 0.11956521739130435
0 0.7248641304347826 0.09442934782608696 0.058423913043478264 0.05434782608695652
0 0.27785326086956524 0.39809782608695654 0.18546195652173914 0.13111413043478262
0 0.11073369565217392 0.24456521739130435 0.13451086956521738 0.09510869565217392
0 0.9341032608695652 0.32472826086956524 0.13179347826086957 0.10597826086956522
0 0.7629076086956522 0.48165760869565216 0.1766304347826087 0.125
0 0.25883152173913043 0.5631793478260869 0.3688858695652174 0.26290760869565216
0 0.07540760869565218 0.5998641304347826 0.15081521739130435 0.2758152173913043
0 0.405570652173913 0.3532608695652174 0.1637228260869565 0.11616847826086957
0 0.7105978260869565 0.17527173913043478 0.10529891304347826 0.07608695652173914
0 0.7364130434782609 0.11141304347826086 0.08016304347826086 0.05570652173913043
0 0.8634510869565217 0.13654891304347827 0.09442934782608696 0.06725543478260869
0 0.9599184782608695 0.10190217391304347 0.07608695652173914 0.05434782608695652
0 0.9904891304347826 0.13858695652173914 0.019021739130434784 0.07065217391304347
0 0.8145380434782609 0.06521739130434782 0.010869565217391304 0.006114130434782609
0 0.4001358695652174 0.09850543478260869 0.06521739130434782 0.04483695652173913
0 0.31997282608695654 0.18682065217391305 0.11480978260869565 0.08152173913043478
0 0.05570652173913043 0.313179347826087 0.11073369565217392 0.11073369565217392
0 0.25 0.14334239130434784 0.09646739130434782 0.06861413043478261
0 0.23369565217391305 0.10529891304347826 0.07608695652173914 0.05298913043478261
0 0.29483695652173914 0.08695652173913043 0.06521739130434782 0.04483695652173913
0 0.34171195652173914 0.050271739130434784 0.036684782608695655 0.025815217391304348
0 0.11073369565217392 0.13043478260869565 0.09103260869565218 0.06453804347826086