0 0.33491847826086957 0.8328804347826086 0.012907608695652174 0.02377717391304348
0 0.3485054347826087 0.7493206521739131 0.01358695652173913 0.012228260869565218
0 0.029891304347826088 0.6413043478260869 0.009510869565217392 0.012907608695652174
0 0.07472826086956522 0.5889945652173914 0.007472826086956522 0.009510869565217392
0 0.09714673913043478 0.5665760869565217 0.006114130434782609 0.010190217391304348
0 0.09986413043478261 0.5251358695652174 0.006114130434782609 0.007472826086956522
0 0.11073369565217392 0.5203804347826086 0.006114130434782609 0.008831521739130434
0 0.12907608695652173 0.5224184782608695 0.006793478260869565 0.009510869565217392
0 0.19021739130434784 0.5292119565217391 0.005434782608695652 0.007472826086956522
0 0.20040760869565216 0.5203804347826086 0.006793478260869565 0.008152173913043478
0 0.21467391304347827 0.5047554347826086 0.006114130434782609 0.008152173913043478
0 0.15828804347826086 0.4938858695652174 0.004076086956521739 0.005434782608695652
0 0.20380434782608695 0.38179347826086957 0.0033967391304347825 0.005434782608695652
0 0.13790760869565216 0.3641304347826087 0.0033967391304347825 0.004755434782608696
0 0.11888586956521739 0.40625 0.004755434782608696 0.006114130434782609
0 0.10054347826086957 0.4001358695652174 0.004076086956521739 0.006114130434782609
0 0.02377717391304348 0.38179347826086957 0.0033967391304347825 0.004755434782608696
0 0.034646739130434784 0.5033967391304348 0.004755434782608696 0.005434782608695652
0 0.058423913043478264 0.6942934782608695 0.014266304347826086 0.014945652173913044
0 0.10597826086956522 0.6766304347826086 0.010869565217391304 0.010869565217391304
0 0.14945652173913043 0.5645380434782609 0.008152173913043478 0.008152173913043478
0 0.16983695652173914 0.18614130434782608 0.004076086956521739 0.004755434782608696
0 0.07065217391304347 0.18138586956521738 0.004755434782608696 0.004076086956521739
0 0.21807065217391305 0.1875 0.004076086956521739 0.004755434782608696
0 0.23233695652173914 0.18682065217391305 0.0033967391304347825 0.002717391304347826
0 0.21671195652173914 0.40896739130434784 0.004755434782608696 0.004755434782608696
0 0.21603260869565216 0.38247282608695654 0.004755434782608696 0.004755434782608696
0 0.15421195652173914 0.358695652173913 0.0033967391304347825 0.0033967391304347825
0 0.15489130434782608 0.36684782608695654 0.0033967391304347825 0.004076086956521739
0 0.14470108695652173 0.36684782608695654 0.004076086956521739 0.004076086956521739
0 0.12228260869565218 0.36684782608695654 0.004076086956521739 0.004755434782608696
0 0.11141304347826086 0.36345108695652173 0.004755434782608696 0.004755434782608696
0 0.12296195652173914 0.40421195652173914 0.004755434782608696 0.004755434782608696
0 0.10869565217391304 0.41032608695652173 0.004755434782608696 0.004755434782608696
0 0.08491847826086957 0.39741847826086957 0.004755434782608696 0.004755434782608696
0 0.08899456521739131 0.39741847826086957 0.004755434782608696 0.004755434782608696
0 0.06453804347826086 0.39945652173913043 0.004755434782608696 0.004755434782608696
0 0.06114130434782609 0.3960597826086957 0.004755434782608696 0.004755434782608696
0 0.051630434782608696 0.3953804347826087 0.004755434782608696 0.004755434782608696
0 0.0020380434782608695 0.3953804347826087 0.004076086956521739 0.005434782608695652
0 0.016983695652173912 0.436820652173913 0.005434782608695652 0.006114130434782609
0 0.0033967391304347825 0.5461956521739131 0.006793478260869565 0.008152173913043478
0 0.2798913043478261 0.390625 0.004755434782608696 0.004755434782608696
0 0.27717391304347827 0.3845108695652174 0.004755434782608696 0.004755434782608696