0 0.7472826086956522 0.8546195652173914 0.010190217391304348 0.021739130434782608
0 0.14198369565217392 0.8709239130434783 0.01970108695652174 0.025815217391304348
0 0.9456521739130435 0.7493206521739131 0.015625 0.01970108695652174
0 0.9483695652173914 0.6487771739130435 0.008152173913043478 0.012228260869565218
0 0.9714673913043478 0.38654891304347827 0.004755434782608696 0.007472826086956522
0 0.9918478260869565 0.499320652173913 0.006114130434782609 0.008152173913043478
0 0.9966032608695652 0.5108695652173914 0.006793478260869565 0.008152173913043478
0 0.9816576086956522 0.5115489130434783 0.007472826086956522 0.009510869565217392
0 0.9599184782608695 0.49728260869565216 0.004755434782608696 0.006793478260869565
0 0.9368206521739131 0.5006793478260869 0.006114130434782609 0.008152173913043478
0 0.9381793478260869 0.5203804347826086 0.007472826086956522 0.009510869565217392
0 0.8851902173913043 0.4938858695652174 0.007472826086956522 0.009510869565217392
0 0.8478260869565217 0.48845108695652173 0.006114130434782609 0.008831521739130434
0 0.8050271739130435 0.483695652173913 0.006114130434782609 0.008152173913043478
0 0.7629076086956522 0.499320652173913 0.007472826086956522 0.009510869565217392
0 0.765625 0.38722826086956524 0.0033967391304347825 0.004755434782608696
0 0.7275815217391305 0.375 0.004076086956521739 0.005434782608695652
0 0.6134510869565217 0.48709239130434784 0.005434782608695652 0.008152173913043478
0 0.592391304347826 0.485054347826087 0.006114130434782609 0.009510869565217392
0 0.5516304347826086 0.46671195652173914 0.006114130434782609 0.008152173913043478
0 0.5264945652173914 0.5108695652173914 0.008152173913043478 0.009510869565217392
0 0.4639945652173913 0.48845108695652173 0.006793478260869565 0.008152173913043478
0 0.45516304347826086 0.4904891304347826 0.005434782608695652 0.006793478260869565
0 0.35529891304347827 0.46059782608695654 0.006114130434782609 0.006793478260869565
0 0.37092391304347827 0.43002717391304346 0.006114130434782609 0.006793478260869565
0 0.33491847826086957 0.4273097826086957 0.005434782608695652 0.007472826086956522
0 0.27853260869565216 0.453804347826087 0.006114130434782609 0.008152173913043478
0 0.024456521739130436 0.516983695652174 0.008152173913043478 0.009510869565217392
0 0.9816576086956522 0.7663043478260869 0.014945652173913044 0.014266304347826086
0 0.75 0.6610054347826086 0.012228260869565218 0.012907608695652174
0 0.9993206521739131 0.3953804347826087 0.001358695652173913 0.005434782608695652
0 0.9877717391304348 0.39266304347826086 0.004755434782608696 0.004755434782608696
0 0.9599184782608695 0.38858695652173914 0.004755434782608696 0.004755434782608696
0 0.9572010869565217 0.39945652173913043 0.005434782608695652 0.005434782608695652
0 0.9993206521739131 0.5461956521739131 0.001358695652173913 0.008152173913043478
0 0.9279891304347826 0.5027173913043478 0.007472826086956522 0.007472826086956522
0 0.9225543478260869 0.5271739130434783 0.008831521739130434 0.008831521739130434
0 0.8403532608695652 0.49252717391304346 0.007472826086956522 0.007472826086956522
0 0.829483695652174 0.5040760869565217 0.008152173913043478 0.007472826086956522
0 0.7527173913043478 0.514266304347826 0.008152173913043478 0.008152173913043478
0 0.8940217391304348 0.375679347826087 0.004755434782608696 0.004755434782608696
0 0.8410326086956522 0.391304347826087 0.004755434782608696 0.004755434782608696
0 0.8125 0.390625 0.005434782608695652 0.004755434782608696
0 0.8002717391304348 0.39741847826086957 0.005434782608695652 0.005434782608695652
0 0.7927989130434783 0.37703804347826086 0.004755434782608696 0.004755434782608696
0 0.7520380434782609 0.38858695652173914 0.004755434782608696 0.004755434782608696
0 0.7445652173913043 0.389945652173913 0.004755434782608696 0.004755434782608696
0 0.7092391304347826 0.37771739130434784 0.004755434782608696 0.004076086956521739
0 0.6895380434782609 0.375679347826087 0.004076086956521739 0.004076086956521739
0 0.6793478260869565 0.38858695652173914 0.004755434782608696 0.004076086956521739
0 0.6413043478260869 0.3811141304347826 0.004755434782608696 0.004076086956521739
0 0.6256793478260869 0.3892663043478261 0.004755434782608696 0.004755434782608696
0 0.5964673913043478 0.391304347826087 0.004755434782608696 0.004755434782608696
0 0.5801630434782609 0.3851902173913043 0.004755434782608696 0.004755434782608696
0 0.4938858695652174 0.47282608695652173 0.006793478260869565 0.006793478260869565
0 0.5672554347826086 0.5108695652173914 0.007472826086956522 0.008152173913043478
0 0.5516304347826086 0.5210597826086957 0.008152173913043478 0.008152173913043478
0 0.5332880434782609 0.5183423913043478 0.008152173913043478 0.008152173913043478
0 0.42459239130434784 0.46127717391304346 0.006793478260869565 0.006793478260869565
0 0.43070652173913043 0.45652173913043476 0.006793478260869565 0.006793478260869565
0 0.38247282608695654 0.4857336956521739 0.007472826086956522 0.006793478260869565
0 0.39877717391304346 0.40421195652173914 0.006114130434782609 0.005434782608695652
0 0.453125 0.38722826086956524 0.004755434782608696 0.004755434782608696
0 0.46535326086956524 0.389945652173913 0.004755434782608696 0.004755434782608696
0 0.28940217391304346 0.38790760869565216 0.005434782608695652 0.004755434782608696
0 0.27921195652173914 0.38790760869565216 0.004755434782608696 0.004755434782608696
0 0.280570652173913 0.40217391304347827 0.005434782608695652 0.005434782608695652
0 0.3023097826086957 0.422554347826087 0.006114130434782609 0.006114130434782609
0 0.3016304347826087 0.452445652173913 0.006793478260869565 0.006793478260869565
0 0.27377717391304346 0.453125 0.006793478260869565 0.006793478260869565
0 0.26834239130434784 0.4830163043478261 0.006793478260869565 0.006793478260869565
0 0.30978260869565216 0.49116847826086957 0.007472826086956522 0.006793478260869565
0 0.23233695652173914 0.47078804347826086 0.007472826086956522 0.006793478260869565
0 0.16915760869565216 0.4857336956521739 0.007472826086956522 0.007472826086956522
0 0.18138586956521738 0.49660326086956524 0.007472826086956522 0.007472826086956522
0 0.01154891304347826 0.5135869565217391 0.010190217391304348 0.010190217391304348