0 0.034646739130434784 0.19769021739130435 0.022418478260869564 0.020380434782608696
0 0.004755434782608696 0.19701086956521738 0.009510869565217392 0.016304347826086956
0 0.06929347826086957 0.19769021739130435 0.02377717391304348 0.021059782608695652
0 0.09646739130434782 0.20176630434782608 0.021059782608695652 0.019021739130434784
0 0.12771739130434784 0.20108695652173914 0.02309782608695652 0.021059782608695652
0 0.14334239130434784 0.20176630434782608 0.021059782608695652 0.01970108695652174
0 0.14130434782608695 0.18342391304347827 0.017663043478260868 0.014945652173913044
0 0.18410326086956522 0.20923913043478262 0.02309782608695652 0.017663043478260868
0 0.20584239130434784 0.2105978260869565 0.020380434782608696 0.020380434782608696
0 0.22146739130434784 0.21195652173913043 0.01970108695652174 0.019021739130434784
0 0.2554347826086957 0.2112771739130435 0.017663043478260868 0.019021739130434784
0 0.26970108695652173 0.21671195652173914 0.018342391304347828 0.019021739130434784
0 0.2982336956521739 0.21263586956521738 0.01970108695652174 0.017663043478260868
0 0.30570652173913043 0.20380434782608695 0.017663043478260868 0.015625
0 0.31929347826086957 0.21807065217391305 0.018342391304347828 0.017663043478260868
0 0.3389945652173913 0.21942934782608695 0.017663043478260868 0.016983695652173912
0 0.358695652173913 0.21807065217391305 0.017663043478260868 0.017663043478260868
0 0.3804347826086957 0.21467391304347827 0.01970108695652174 0.016983695652173912
0 0.40828804347826086 0.21467391304347827 0.017663043478260868 0.016983695652173912
0 0.42866847826086957 0.22078804347826086 0.01970108695652174 0.015625
0 0.44633152173913043 0.22214673913043478 0.017663043478260868 0.016304347826086956
0 0.4701086956521739 0.2262228260869565 0.016304347826086956 0.015625
0 0.49592391304347827 0.22146739130434784 0.017663043478260868 0.016983695652173912
0 0.5258152173913043 0.19972826086956522 0.016304347826086956 0.012907608695652174
0 0.5237771739130435 0.22146739130434784 0.017663043478260868 0.014945652173913044
0 0.532608695652174 0.2269021739130435 0.012907608695652174 0.012907608695652174
0 0.5380434782608695 0.20923913043478262 0.015625 0.012228260869565218
0 0.5720108695652174 0.22282608695652173 0.017663043478260868 0.016304347826086956
0 0.5536684782608695 0.23233695652173914 0.017663043478260868 0.015625
0 0.6100543478260869 0.20652173913043478 0.015625 0.012228260869565218
0 0.610733695652174 0.21671195652173914 0.017663043478260868 0.016304347826086956
0 0.6202445652173914 0.22894021739130435 0.01358695652173913 0.01358695652173913
0 0.5509510869565217 0.2703804347826087 0.020380434782608696 0.019021739130434784
0 0.5917119565217391 0.27445652173913043 0.018342391304347828 0.017663043478260868
0 0.49592391304347827 0.2764945652173913 0.020380434782608696 0.017663043478260868
0 0.30910326086956524 0.27241847826086957 0.020380434782608696 0.017663043478260868
0 0.2561141304347826 0.26766304347826086 0.022418478260869564 0.020380434782608696
0 0.20855978260869565 0.26358695652173914 0.021059782608695652 0.017663043478260868
0 0.16915760869565216 0.24048913043478262 0.025135869565217392 0.020380434782608696
0 0.06385869565217392 0.2703804347826087 0.02377717391304348 0.020380434782608696
0 0.002717391304347826 0.27445652173913043 0.005434782608695652 0.019021739130434784
0 0.39334239130434784 0.2873641304347826 0.10190217391304347 0.08288043478260869
0 0.6623641304347826 0.23233695652173914 0.016304347826086956 0.014266304347826086
0 0.686141304347826 0.2139945652173913 0.012907608695652174 0.012228260869565218
0 0.7194293478260869 0.22894021739130435 0.015625 0.012907608695652174
0 0.7445652173913043 0.2262228260869565 0.017663043478260868 0.016983695652173912
0 0.7629076086956522 0.22758152173913043 0.017663043478260868 0.016304347826086956
0 0.7527173913043478 0.21467391304347827 0.014945652173913044 0.014266304347826086
0 0.8057065217391305 0.22282608695652173 0.017663043478260868 0.016983695652173912
0 0.7948369565217391 0.2269021739130435 0.01358695652173913 0.014266304347826086
0 0.8240489130434783 0.22758152173913043 0.016304347826086956 0.014266304347826086
0 0.8464673913043478 0.22418478260869565 0.016304347826086956 0.014945652173913044
0 0.8695652173913043 0.2296195652173913 0.016304347826086956 0.016983695652173912
0 0.8967391304347826 0.22758152173913043 0.017663043478260868 0.015625
0 0.9137228260869565 0.22554347826086957 0.016304347826086956 0.016304347826086956
0 0.9334239130434783 0.234375 0.017663043478260868 0.015625
0 0.9347826086956522 0.22214673913043478 0.015625 0.01358695652173913
0 0.9592391304347826 0.21942934782608695 0.014945652173913044 0.01358695652173913
0 0.9626358695652174 0.23097826086956522 0.016304347826086956 0.014945652173913044
0 0.9789402173913043 0.23369565217391305 0.015625 0.012228260869565218
0 0.9945652173913043 0.22486413043478262 0.010869565217391304 0.014945652173913044
0 0.9748641304347826 0.26902173913043476 0.017663043478260868 0.016983695652173912
0 0.9442934782608695 0.25407608695652173 0.01970108695652174 0.019021739130434784
0 0.9028532608695652 0.24796195652173914 0.018342391304347828 0.019021739130434784
0 0.7887228260869565 0.28532608695652173 0.017663043478260868 0.016983695652173912
0 0.7771739130434783 0.2955163043478261 0.016304347826086956 0.014945652173913044
0 0.7778532608695652 0.30502717391304346 0.01970108695652174 0.019021739130434784
0 0.8573369565217391 0.28804347826086957 0.017663043478260868 0.014266304347826086
0 0.9707880434782609 0.297554347826087 0.020380434782608696 0.020380434782608696
0 0.036005434782608696 0.311820652173913 0.027853260869565216 0.021739130434782608
0 0.010869565217391304 0.30978260869565216 0.016304347826086956 0.02309782608695652
0 0.01970108695652174 0.34714673913043476 0.030570652173913044 0.024456521739130436
0 0.09850543478260869 0.33627717391304346 0.036005434782608696 0.026494565217391304
0 0.11277173913043478 0.3070652173913043 0.029891304347826088 0.020380434782608696
0 0.13383152173913043 0.35733695652173914 0.025135869565217392 0.021739130434782608
0 0.19089673913043478 0.3532608695652174 0.025815217391304348 0.021059782608695652
0 0.21807065217391305 0.343070652173913 0.035326086956521736 0.030570652173913044
0 0.2798913043478261 0.3328804347826087 0.02377717391304348 0.026494565217391304
0 0.32608695652173914 0.32472826086956524 0.052309782608695655 0.04619565217391304
0 0.484375 0.328804347826087 0.07133152173913043 0.06317934782608696
0 0.265625 0.5 0.04619565217391304 0.044157608695652176
0 0.11073369565217392 0.5122282608695652 0.06114130434782609 0.04823369565217391
0 0.516983695652174 0.34714673913043476 0.025135869565217392 0.025135869565217392
0 0.5557065217391305 0.3546195652173913 0.025135869565217392 0.022418478260869564
0 0.5991847826086957 0.3546195652173913 0.042119565217391304 0.03872282608695652
0 0.6372282608695652 0.35529891304347827 0.08423913043478261 0.07404891304347826
0 0.8519021739130435 0.33016304347826086 0.04891304347826087 0.03872282608695652
0 0.8192934782608695 0.33627717391304346 0.017663043478260868 0.019021739130434784
0 0.9150815217391305 0.3267663043478261 0.021059782608695652 0.02377717391304348
0 0.9177989130434783 0.35733695652173914 0.04891304347826087 0.03872282608695652
0 0.9959239130434783 0.3328804347826087 0.008152173913043478 0.059782608695652176
0 0.9898097826086957 0.34171195652173914 0.01970108695652174 0.022418478260869564
0 0.04755434782608696 0.16032608695652173 0.020380434782608696 0.015625
0 0.15964673913043478 0.19972826086956522 0.022418478260869564 0.016983695652173912
0 0.21331521739130435 0.19972826086956522 0.021059782608695652 0.016304347826086956
0 0.5720108695652174 0.21263586956521738 0.016983695652173912 0.012907608695652174
0 0.6460597826086957 0.21331521739130435 0.016304347826086956 0.012228260869565218
0 0.5855978260869565 0.22894021739130435 0.017663043478260868 0.01358695652173913
0 0.13179347826086957 0.2595108695652174 0.025815217391304348 0.019021739130434784
0 0.30570652173913043 0.296195652173913 0.034646739130434784 0.026494565217391304
0 0.6603260869565217 0.20923913043478262 0.016304347826086956 0.012228260869565218
0 0.6745923913043478 0.21535326086956522 0.016983695652173912 0.012228260869565218
0 0.688858695652174 0.2269021739130435 0.017663043478260868 0.012907608695652174
0 0.8797554347826086 0.23029891304347827 0.018342391304347828 0.014266304347826086
0 0.9925271739130435 0.21739130434782608 0.014945652173913044 0.012228260869565218
0 0.025815217391304348 0.18478260869565216 0.022418478260869564 0.016983695652173912