0 0.31589673913043476 0.42527173913043476 0.05298913043478261 0.050271739130434784
0 0.01358695652173913 0.008831521739130434 0.02717391304347826 0.017663043478260868
0 0.10461956521739131 0.01358695652173913 0.04008152173913043 0.02717391304347826
0 0.1514945652173913 0.016304347826086956 0.033967391304347824 0.03260869565217391
0 0.23845108695652173 0.03736413043478261 0.036005434782608696 0.034646739130434784
0 0.27717391304347827 0.05638586956521739 0.028532608695652172 0.024456521739130436
0 0.26902173913043476 0.008152173913043478 0.034646739130434784 0.016304347826086956
0 0.13179347826086957 0.24728260869565216 0.03940217391304348 0.03872282608695652
0 0.012228260869565218 0.27309782608695654 0.024456521739130436 0.03260869565217391
0 0.20244565217391305 0.3029891304347826 0.035326086956521736 0.028532608695652172
0 0.14605978260869565 0.36616847826086957 0.03940217391304348 0.036684782608695655
0 0.050271739130434784 0.35054347826086957 0.04008152173913043 0.03125
0 0.007472826086956522 0.3648097826086957 0.014945652173913044 0.033967391304347824
0 0.22282608695652173 0.3804347826086957 0.03736413043478261 0.03328804347826087
0 0.264945652173913 0.3423913043478261 0.03940217391304348 0.036684782608695655
0 0.19633152173913043 0.46059782608695654 0.03328804347826087 0.026494565217391304
0 0.09646739130434782 0.4639945652173913 0.03736413043478261 0.034646739130434784
0 0.10190217391304347 0.49796195652173914 0.03940217391304348 0.04008152173913043
0 0.018342391304347828 0.5129076086956522 0.036684782608695655 0.041440217391304345
0 0.01358695652173913 0.4592391304347826 0.02717391304347826 0.03328804347826087
0 0.12703804347826086 0.5434782608695652 0.04823369565217391 0.04483695652173913
0 0.5509510869565217 0.609375 0.042119565217391304 0.033967391304347824
0 0.46467391304347827 0.4891304347826087 0.036005434782608696 0.03736413043478261
0 0.4422554347826087 0.48777173913043476 0.03940217391304348 0.036684782608695655
0 0.3485054347826087 0.49796195652173914 0.042119565217391304 0.036005434782608696
0 0.3736413043478261 0.4327445652173913 0.035326086956521736 0.034646739130434784
0 0.5427989130434783 0.4436141304347826 0.03260869565217391 0.029891304347826088
0 0.49116847826086957 0.37228260869565216 0.033967391304347824 0.029891304347826088
0 0.438179347826087 0.375679347826087 0.03328804347826087 0.03260869565217391
0 0.3539402173913043 0.35597826086956524 0.03804347826086957 0.027853260869565216
0 0.36752717391304346 0.10258152173913043 0.03328804347826087 0.029891304347826088
0 0.4266304347826087 0.11141304347826086 0.03328804347826087 0.030570652173913044
0 0.436820652173913 0.078125 0.030570652173913044 0.025815217391304348
0 0.360054347826087 0.036005434782608696 0.029891304347826088 0.029891304347826088
0 0.48709239130434784 0.09714673913043478 0.03125 0.027853260869565216
0 0.485054347826087 0.12432065217391304 0.03328804347826087 0.030570652173913044
0 0.5584239130434783 0.125 0.029211956521739132 0.027853260869565216
0 0.5570652173913043 0.07472826086956522 0.030570652173913044 0.026494565217391304
0 0.6059782608695652 0.08831521739130435 0.029891304347826088 0.027853260869565216
0 0.6216032608695652 0.13858695652173914 0.03260869565217391 0.029891304347826088
0 0.6949728260869565 0.10122282608695653 0.029891304347826088 0.026494565217391304
0 0.6820652173913043 0.14945652173913043 0.029891304347826088 0.02717391304347826
0 0.7289402173913043 0.11820652173913043 0.029891304347826088 0.025135869565217392
0 0.7764945652173914 0.10597826086956522 0.02717391304347826 0.026494565217391304
0 0.7880434782608695 0.16508152173913043 0.025815217391304348 0.022418478260869564
0 0.8240489130434783 0.17866847826086957 0.024456521739130436 0.021739130434782608
0 0.5788043478260869 0.37092391304347827 0.03260869565217391 0.03125
0 0.6657608695652174 0.3858695652173913 0.03192934782608696 0.028532608695652172
0 0.7839673913043478 0.3967391304347826 0.029891304347826088 0.029891304347826088
0 0.6120923913043478 0.4422554347826087 0.030570652173913044 0.029211956521739132
0 0.7221467391304348 0.45040760869565216 0.033967391304347824 0.030570652173913044
0 0.7880434782608695 0.4544836956521739 0.03260869565217391 0.029891304347826088
0 0.7710597826086957 0.5108695652173914 0.03328804347826087 0.03192934782608696
0 0.7547554347826086 0.5258152173913043 0.03125 0.030570652173913044
0 0.6399456521739131 0.5047554347826086 0.04551630434782609 0.03872282608695652
0 0.5876358695652174 0.48709239130434784 0.03192934782608696 0.029891304347826088
0 0.7105978260869565 0.5373641304347826 0.03260869565217391 0.03260869565217391
0 0.7730978260869565 0.5930706521739131 0.03804347826086957 0.034646739130434784
0 0.6908967391304348 0.608016304347826 0.03736413043478261 0.028532608695652172
0 0.8288043478260869 0.5896739130434783 0.03260869565217391 0.03260869565217391
0 0.8573369565217391 0.5203804347826086 0.03260869565217391 0.03125
0 0.9225543478260869 0.5230978260869565 0.020380434782608696 0.017663043478260868
0 0.921875 0.468070652173913 0.034646739130434784 0.03192934782608696
0 0.9021739130434783 0.46875 0.026494565217391304 0.025135869565217392
0 0.8525815217391305 0.46671195652173914 0.030570652173913044 0.03125
0 0.8369565217391305 0.40828804347826086 0.029891304347826088 0.027853260869565216
0 0.9014945652173914 0.4171195652173913 0.029891304347826088 0.027853260869565216
0 0.9463315217391305 0.40964673913043476 0.030570652173913044 0.026494565217391304
0 0.9748641304347826 0.4592391304347826 0.03125 0.02717391304347826
0 0.9993206521739131 0.4273097826086957 0.001358695652173913 0.025815217391304348
0 0.8641304347826086 0.17527173913043478 0.025815217391304348 0.021739130434782608
0 0.8485054347826086 0.12024456521739131 0.029891304347826088 0.027853260869565216
0 0.8783967391304348 0.1331521739130435 0.025815217391304348 0.022418478260869564
0 0.9103260869565217 0.16644021739130435 0.02717391304347826 0.024456521739130436
0 0.9585597826086957 0.15285326086956522 0.026494565217391304 0.02377717391304348
0 0.9938858695652174 0.1453804347826087 0.012228260869565218 0.02309782608695652
0 0.9898097826086957 0.49184782608695654 0.020380434782608696 0.02377717391304348
0 0.08763586956521739 0.008152173913043478 0.035326086956521736 0.016304347826086956
0 0.19021739130434784 0.006114130434782609 0.036005434782608696 0.01154891304347826
0 0.45584239130434784 0.4388586956521739 0.043478260869565216 0.03260869565217391
0 0.7323369565217391 0.15760869565217392 0.030570652173913044 0.02309782608695652
0 0.7445652173913043 0.39877717391304346 0.033967391304347824 0.025135869565217392
0 0.7112771739130435 0.5190217391304348 0.03804347826086957 0.029211956521739132
0 0.6610054347826086 0.5033967391304348 0.03872282608695652 0.029211956521739132
0 0.90625 0.1480978260869565 0.029891304347826088 0.021739130434782608
0 0.9802989130434783 0.20108695652173914 0.029211956521739132 0.021739130434782608