0 0.266304347826087 0.6929347826086957 0.03192934782608696 0.030570652173913044
0 0.3423913043478261 0.6786684782608695 0.03192934782608696 0.029211956521739132
0 0.4048913043478261 0.6759510869565217 0.025135869565217392 0.025815217391304348
0 0.22010869565217392 0.6644021739130435 0.017663043478260868 0.017663043478260868
0 0.028532608695652172 0.6779891304347826 0.03125 0.02377717391304348
0 0.15964673913043478 0.6752717391304348 0.030570652173913044 0.02309782608695652
0 0.3858695652173913 0.7167119565217391 0.04076086956521739 0.03125
0 0.046875 0.6786684782608695 0.03192934782608696 0.02377717391304348
0 0.034646739130434784 0.6637228260869565 0.02717391304347826 0.020380434782608696
0 0.11005434782608696 0.670516304347826 0.028532608695652172 0.021739130434782608
0 0.90625 0.6372282608695652 0.016304347826086956 0.012228260869565218
0 0.8885869565217391 0.6372282608695652 0.016304347826086956 0.01154891304347826
0 0.8322010869565217 0.6338315217391305 0.01358695652173913 0.010190217391304348
0 0.9762228260869565 0.6331521739130435 0.01358695652173913 0.009510869565217392
0 0.9850543478260869 0.6324728260869565 0.012228260869565218 0.009510869565217392
0 0.9891304347826086 0.6413043478260869 0.018342391304347828 0.01358695652173913
0 0.9069293478260869 0.6311141304347826 0.01154891304347826 0.009510869565217392
0 0.9130434782608695 0.6521739130434783 0.02309782608695652 0.017663043478260868
0 0.9551630434782609 0.6277173913043478 0.008831521739130434 0.006793478260869565
0 0.9653532608695652 0.6222826086956522 0.010190217391304348 0.007472826086956522
0 0.9775815217391305 0.6290760869565217 0.010869565217391304 0.008152173913043478
0 0.09646739130434782 0.6773097826086957 0.030570652173913044 0.02377717391304348
0 0.26358695652173914 0.6467391304347826 0.020380434782608696 0.014945652173913044