0 0.46875 0.5815217391304348 0.04076086956521739 0.029891304347826088
0 0.265625 0.5699728260869565 0.04076086956521739 0.036005434782608696
0 0.19972826086956522 0.5754076086956522 0.03804347826086957 0.036005434782608696
0 0.050951086956521736 0.5577445652173914 0.03804347826086957 0.04076086956521739
0 0.03328804347826087 0.5652173913043478 0.04008152173913043 0.042119565217391304
0 0.8084239130434783 0.5407608695652174 0.017663043478260868 0.014945652173913044
0 0.7622282608695652 0.5339673913043478 0.016304347826086956 0.012907608695652174
0 0.9592391304347826 0.5244565217391305 0.01970108695652174 0.017663043478260868
0 0.8471467391304348 0.5258152173913043 0.016983695652173912 0.014945652173913044
0 0.6908967391304348 0.5203804347826086 0.01970108695652174 0.015625
0 0.7771739130434783 0.5271739130434783 0.014945652173913044 0.014266304347826086
0 0.7235054347826086 0.5285326086956522 0.017663043478260868 0.012907608695652174
0 0.654891304347826 0.5271739130434783 0.019021739130434784 0.015625
0 0.9103260869565217 0.5652173913043478 0.017663043478260868 0.014945652173913044
0 0.7527173913043478 0.8485054347826086 0.11413043478260869 0.08016304347826086
0 0.7527173913043478 0.8485054347826086 0.21671195652173914 0.14470108695652173
0 0.4388586956521739 0.7092391304347826 0.1766304347826087 0.11752717391304347
0 0.27853260869565216 0.6630434782608695 0.21331521739130435 0.11820652173913043
0 0.13179347826086957 0.8682065217391305 0.26290760869565216 0.2078804347826087
0 0.10733695652173914 0.5747282608695652 0.04483695652173913 0.029891304347826088
0 0.01358695652173913 0.5998641304347826 0.02717391304347826 0.036684782608695655
0 0.16576086956521738 0.5808423913043478 0.04823369565217391 0.03260869565217391
0 0.019021739130434784 0.5536684782608695 0.03260869565217391 0.021739130434782608
0 0.8362771739130435 0.5305706521739131 0.01970108695652174 0.01358695652173913
0 0.9612771739130435 0.5407608695652174 0.01970108695652174 0.01358695652173913
0 0.8974184782608695 0.532608695652174 0.01970108695652174 0.012907608695652174
0 0.7350543478260869 0.5400815217391305 0.01970108695652174 0.012907608695652174
0 0.640625 0.5380434782608695 0.02309782608695652 0.015625
0 0.9707880434782609 0.5740489130434783 0.01970108695652174 0.012907608695652174
0 0.6779891304347826 0.5264945652173914 0.016304347826086956 0.010869565217391304