0 0.20720108695652173 0.6501358695652174 0.06114130434782609 0.04619565217391304
0 0.0020380434782608695 0.6494565217391305 0.004076086956521739 0.008831521739130434
0 0.06589673913043478 0.6542119565217391 0.010869565217391304 0.010869565217391304
0 0.15625 0.6528532608695652 0.026494565217391304 0.021739130434782608
0 0.24728260869565216 0.6487771739130435 0.01154891304347826 0.01154891304347826
0 0.2642663043478261 0.6494565217391305 0.01154891304347826 0.012907608695652174
0 0.9755434782608695 0.701766304347826 0.04891304347826087 0.06861413043478261
0 0.3389945652173913 0.6942934782608695 0.01358695652173913 0.01154891304347826
0 0.5774456521739131 0.5998641304347826 0.10054347826086957 0.07744565217391304
0 0.9436141304347826 0.7262228260869565 0.07336956521739131 0.04891304347826087
0 0.9680706521739131 0.6610054347826086 0.006793478260869565 0.004755434782608696
0 0.9096467391304348 0.6610054347826086 0.006793478260869565 0.004755434782608696
0 0.7418478260869565 0.6677989130434783 0.008831521739130434 0.005434782608695652
0 0.7839673913043478 0.6671195652173914 0.008152173913043478 0.005434782608695652
0 0.7914402173913043 0.670516304347826 0.009510869565217392 0.006114130434782609
0 0.7948369565217391 0.6745923913043478 0.04755434782608696 0.03192934782608696
0 0.7785326086956522 0.6698369565217391 0.008831521739130434 0.006114130434782609
0 0.8199728260869565 0.6691576086956522 0.008831521739130434 0.005434782608695652
0 0.8288043478260869 0.6677989130434783 0.008831521739130434 0.005434782608695652
0 0.8410326086956522 0.6664402173913043 0.008152173913043478 0.005434782608695652
0 0.8464673913043478 0.6684782608695652 0.008831521739130434 0.005434782608695652
0 0.7683423913043478 0.6711956521739131 0.008831521739130434 0.006114130434782609
0 0.7595108695652174 0.6657608695652174 0.008831521739130434 0.005434782608695652
0 0.09442934782608696 0.6440217391304348 0.021739130434782608 0.014266304347826086
0 0.39334239130434784 0.6494565217391305 0.029211956521739132 0.019021739130434784
0 0.358695652173913 0.6895380434782609 0.020380434782608696 0.01358695652173913
0 0.9769021739130435 0.6596467391304348 0.006793478260869565 0.004076086956521739
0 0.9449728260869565 0.6603260869565217 0.006793478260869565 0.004076086956521739
0 0.9381793478260869 0.6582880434782609 0.006114130434782609 0.004076086956521739