0 0.9626358695652174 0.9252717391304348 0.01970108695652174 0.016983695652173912
0 0.6216032608695652 0.7866847826086957 0.018342391304347828 0.014945652173913044
0 0.2907608695652174 0.5855978260869565 0.014266304347826086 0.012907608695652174
0 0.36752717391304346 0.5686141304347826 0.014945652173913044 0.012907608695652174
0 0.38654891304347827 0.5387228260869565 0.01358695652173913 0.01154891304347826
0 0.5237771739130435 0.5597826086956522 0.01358695652173913 0.012907608695652174
0 0.3845108695652174 0.5074728260869565 0.014266304347826086 0.012228260869565218
0 0.4048913043478261 0.46059782608695654 0.014266304347826086 0.01154891304347826
0 0.42527173913043476 0.44565217391304346 0.014266304347826086 0.010869565217391304
0 0.15285326086956522 0.46535326086956524 0.01358695652173913 0.010869565217391304
0 0.8722826086956522 0.468070652173913 0.016983695652173912 0.01154891304347826
0 0.4436141304347826 0.42527173913043476 0.01358695652173913 0.01154891304347826
0 0.26290760869565216 0.37703804347826086 0.014266304347826086 0.012907608695652174
0 0.21875 0.39266304347826086 0.016304347826086956 0.012907608695652174
0 0.9850543478260869 0.7894021739130435 0.019021739130434784 0.012907608695652174
0 0.31997282608695654 0.5720108695652174 0.016304347826086956 0.010869565217391304
0 0.5400815217391305 0.5652173913043478 0.016304347826086956 0.010869565217391304
0 0.35665760869565216 0.4673913043478261 0.016304347826086956 0.010869565217391304
0 0.1922554347826087 0.44904891304347827 0.015625 0.010869565217391304
0 0.7214673913043478 0.5930706521739131 0.016983695652173912 0.01154891304347826
0 0.8444293478260869 0.6467391304347826 0.016983695652173912 0.01154891304347826
0 0.18138586956521738 0.42527173913043476 0.015625 0.010869565217391304
0 0.12364130434782608 0.3546195652173913 0.016983695652173912 0.01154891304347826
0 0.08288043478260869 0.3607336956521739 0.016304347826086956 0.010869565217391304
0 0.04619565217391304 0.38654891304347827 0.016304347826086956 0.010869565217391304
0 0.04823369565217391 0.2982336956521739 0.017663043478260868 0.01154891304347826
0 0.014266304347826086 0.2907608695652174 0.016304347826086956 0.010869565217391304