0 0.10733695652173914 0.8974184782608695 0.06114130434782609 0.059103260869565216
0 0.007472826086956522 0.8756793478260869 0.014945652173913044 0.06929347826086957
0 0.04008152173913043 0.7058423913043478 0.07065217391304347 0.059782608695652176
0 0.09918478260869565 0.779891304347826 0.07472826086956522 0.06929347826086957
0 0.10326086956521739 0.7248641304347826 0.04823369565217391 0.04619565217391304
0 0.18885869565217392 0.9721467391304348 0.08152173913043478 0.05570652173913043
0 0.24660326086956522 0.983016304347826 0.050271739130434784 0.033967391304347824
0 0.15421195652173914 0.9211956521739131 0.06657608695652174 0.049592391304347824
0 0.37839673913043476 0.8940217391304348 0.07948369565217392 0.06929347826086957
0 0.39741847826086957 0.9755434782608695 0.057065217391304345 0.04891304347826087
0 0.44904891304347827 0.9836956521739131 0.07269021739130435 0.03260869565217391
0 0.28804347826086957 0.8009510869565217 0.06793478260869565 0.04823369565217391
0 0.24864130434782608 0.779891304347826 0.06385869565217392 0.057744565217391304
0 0.26766304347826086 0.7398097826086957 0.06657608695652174 0.04823369565217391
0 0.23233695652173914 0.703125 0.06453804347826086 0.059782608695652176
0 0.9565217391304348 0.49796195652173914 0.06589673913043478 0.059782608695652176
0 0.9137228260869565 0.4585597826086957 0.06182065217391304 0.04483695652173913
0 0.17255434782608695 0.6644021739130435 0.06182065217391304 0.046875
0 0.07472826086956522 0.6474184782608695 0.046875 0.046875
0 0.005434782608695652 0.5570652173913043 0.010869565217391304 0.051630434782608696
0 0.042119565217391304 0.5604619565217391 0.06182065217391304 0.05502717391304348
0 0.11752717391304347 0.561141304347826 0.052309782608695655 0.049592391304347824
0 0.13451086956521738 0.5822010869565217 0.06589673913043478 0.058423913043478264
0 0.017663043478260868 0.4857336956521739 0.034646739130434784 0.05638586956521739
0 0.02377717391304348 0.43342391304347827 0.04755434782608696 0.057065217391304345
0 0.7404891304347826 0.31657608695652173 0.0625 0.05298913043478261
0 0.7751358695652174 0.26970108695652173 0.059782608695652176 0.05298913043478261
0 0.6759510869565217 0.2921195652173913 0.059103260869565216 0.06182065217391304
0 0.6657608695652174 0.20923913043478262 0.052309782608695655 0.049592391304347824
0 0.8845108695652174 0.23641304347826086 0.05570652173913043 0.044157608695652176
0 0.9137228260869565 0.266304347826087 0.057744565217391304 0.04483695652173913
0 0.8457880434782609 0.34578804347826086 0.06114130434782609 0.04619565217391304
0 0.9347826086956522 0.3858695652173913 0.06182065217391304 0.03940217391304348
0 0.9918478260869565 0.40964673913043476 0.016304347826086956 0.04823369565217391
0 0.9891304347826086 0.33016304347826086 0.021739130434782608 0.042798913043478264
0 0.9877717391304348 0.21195652173913043 0.024456521739130436 0.04823369565217391
0 0.9327445652173914 0.19769021739130435 0.04823369565217391 0.029891304347826088
0 0.8091032608695652 0.17391304347826086 0.050271739130434784 0.04619565217391304
0 0.8824728260869565 0.13383152173913043 0.04823369565217391 0.04619565217391304
0 0.829483695652174 0.08491847826086957 0.05434782608695652 0.052309782608695655
0 0.7805706521739131 0.09103260869565218 0.043478260869565216 0.04008152173913043
0 0.7398097826086957 0.05434782608695652 0.03940217391304348 0.041440217391304345
0 0.7207880434782609 0.11684782608695653 0.05366847826086957 0.04755434782608696
0 0.6555706521739131 0.09171195652173914 0.05366847826086957 0.04619565217391304
0 0.6175271739130435 0.12160326086956522 0.050271739130434784 0.04619565217391304
0 0.5 0.13179347826086957 0.05298913043478261 0.041440217391304345
0 0.516983695652174 0.10801630434782608 0.050951086956521736 0.04483695652173913
0 0.5591032608695652 0.09442934782608696 0.04619565217391304 0.03192934782608696
0 0.4891304347826087 0.05570652173913043 0.04483695652173913 0.044157608695652176
0 0.4436141304347826 0.043478260869565216 0.041440217391304345 0.03125
0 0.5801630434782609 0.014266304347826086 0.041440217391304345 0.028532608695652172
0 0.6277173913043478 0.036005434782608696 0.04823369565217391 0.03125
0 0.38247282608695654 0.052309782608695655 0.043478260869565216 0.04755434782608696
0 0.030570652173913044 0.9850543478260869 0.06114130434782609 0.029891304347826088
0 0.10326086956521739 0.9809782608695652 0.07133152173913043 0.03804347826086957
0 0.046875 0.8777173913043478 0.07608695652173914 0.057065217391304345
0 0.6453804347826086 0.9266304347826086 0.07336956521739131 0.05502717391304348
0 0.6915760869565217 0.9565217391304348 0.07404891304347826 0.05502717391304348
0 0.8457880434782609 0.9680706521739131 0.06861413043478261 0.051630434782608696
0 0.8974184782608695 0.9585597826086957 0.06997282608695653 0.052309782608695655
0 0.9809782608695652 0.9252717391304348 0.03804347826086957 0.05502717391304348
0 0.890625 0.8396739130434783 0.07065217391304347 0.05298913043478261
0 0.9171195652173914 0.8023097826086957 0.07065217391304347 0.05298913043478261
0 0.8804347826086957 0.7710597826086957 0.06997282608695653 0.05298913043478261
0 0.9802989130434783 0.7649456521739131 0.03940217391304348 0.051630434782608696
0 0.891983695652174 0.7309782608695652 0.07744565217391304 0.058423913043478264
0 0.7466032608695652 0.7615489130434783 0.06997282608695653 0.05298913043478261
0 0.7663043478260869 0.8050271739130435 0.06997282608695653 0.05298913043478261
0 0.6317934782608695 0.7364130434782609 0.06929347826086957 0.051630434782608696
0 0.5665760869565217 0.8016304347826086 0.06997282608695653 0.05298913043478261
0 0.5903532608695652 0.829483695652174 0.06997282608695653 0.05298913043478261
0 0.5529891304347826 0.748641304347826 0.06929347826086957 0.051630434782608696
0 0.5360054347826086 0.6942934782608695 0.06725543478260869 0.050271739130434784
0 0.44429347826086957 0.7038043478260869 0.06725543478260869 0.050271739130434784
0 0.6514945652173914 0.6963315217391305 0.06997282608695653 0.05298913043478261
0 0.7663043478260869 0.701766304347826 0.07336956521739131 0.05502717391304348
0 0.7764945652173914 0.8702445652173914 0.06997282608695653 0.052309782608695655
0 0.8600543478260869 0.6195652173913043 0.06521739130434782 0.04891304347826087
0 0.8199728260869565 0.6059782608695652 0.06521739130434782 0.04891304347826087
0 0.75 0.5869565217391305 0.06453804347826086 0.04891304347826087
0 0.6854619565217391 0.623641304347826 0.06453804347826086 0.04823369565217391
0 0.7126358695652174 0.6528532608695652 0.06453804347826086 0.04823369565217391
0 0.5788043478260869 0.6379076086956522 0.06793478260869565 0.050951086956521736
0 0.5421195652173914 0.5978260869565217 0.06793478260869565 0.050951086956521736
0 0.48709239130434784 0.5889945652173914 0.06725543478260869 0.050271739130434784
0 0.4327445652173913 0.529891304347826 0.06725543478260869 0.050271739130434784
0 0.38858695652173914 0.6372282608695652 0.06521739130434782 0.04891304347826087
0 0.4048913043478261 0.6644021739130435 0.06657608695652174 0.049592391304347824
0 0.5441576086956522 0.5149456521739131 0.06657608695652174 0.049592391304347824
0 0.623641304347826 0.5047554347826086 0.0625 0.046875
0 0.7004076086956522 0.5101902173913043 0.06182065217391304 0.046875
0 0.6725543478260869 0.46603260869565216 0.0625 0.046875
0 0.5373641304347826 0.4639945652173913 0.06317934782608696 0.04755434782608696
0 0.3919836956521739 0.46875 0.06725543478260869 0.050271739130434784
0 0.5910326086956522 0.5971467391304348 0.06793478260869565 0.050951086956521736
0 0.9245923913043478 0.4986413043478261 0.06385869565217392 0.04823369565217391
0 0.030570652173913044 0.6555706521739131 0.06114130434782609 0.050271739130434784
0 0.07269021739130435 0.5047554347826086 0.06657608695652174 0.050271739130434784
0 0.017663043478260868 0.406929347826087 0.035326086956521736 0.04551630434782609
0 0.2914402173913043 0.501358695652174 0.06657608695652174 0.049592391304347824
0 0.23641304347826086 0.452445652173913 0.06317934782608696 0.04755434782608696
0 0.21467391304347827 0.4171195652173913 0.06114130434782609 0.04619565217391304
0 0.16983695652173914 0.3485054347826087 0.0625 0.046875
0 0.17798913043478262 0.31657608695652173 0.059782608695652176 0.04483695652173913
0 0.09986413043478261 0.296875 0.059103260869565216 0.04483695652173913
0 0.07472826086956522 0.26834239130434784 0.059103260869565216 0.04483695652173913
0 0.04483695652173913 0.21263586956521738 0.06046195652173913 0.04483695652173913
0 0.14741847826086957 0.25271739130434784 0.057744565217391304 0.043478260869565216
0 0.18817934782608695 0.2703804347826087 0.059103260869565216 0.044157608695652176
0 0.2547554347826087 0.29008152173913043 0.058423913043478264 0.043478260869565216
0 0.31046195652173914 0.33084239130434784 0.06114130434782609 0.04619565217391304
0 0.3335597826086957 0.3851902173913043 0.06317934782608696 0.04755434782608696
0 0.33152173913043476 0.44497282608695654 0.06317934782608696 0.04755434782608696
0 0.3702445652173913 0.43070652173913043 0.06793478260869565 0.050951086956521736
0 0.4701086956521739 0.43070652173913043 0.06453804347826086 0.04823369565217391
0 0.59375 0.39334239130434784 0.06317934782608696 0.046875
0 0.5550271739130435 0.3851902173913043 0.06861413043478261 0.050951086956521736
0 0.516983695652174 0.34782608695652173 0.06657608695652174 0.050271739130434784
0 0.46195652173913043 0.30027173913043476 0.06657608695652174 0.050271739130434784
0 0.406929347826087 0.2860054347826087 0.06589673913043478 0.049592391304347824
0 0.405570652173913 0.24456521739130435 0.06114130434782609 0.04619565217391304
0 0.38858695652173914 0.20448369565217392 0.059103260869565216 0.043478260869565216
0 0.32404891304347827 0.2601902173913043 0.0625 0.046875
0 0.25815217391304346 0.23709239130434784 0.05366847826086957 0.04008152173913043
0 0.33967391304347827 0.3023097826086957 0.06725543478260869 0.050951086956521736
0 0.265625 0.21331521739130435 0.05434782608695652 0.04076086956521739
0 0.7832880434782609 0.38654891304347827 0.06182065217391304 0.04619565217391304
0 0.8036684782608695 0.40828804347826086 0.05638586956521739 0.042119565217391304
0 0.798233695652174 0.3226902173913043 0.06182065217391304 0.04619565217391304
0 0.7105978260869565 0.25679347826086957 0.06114130434782609 0.04619565217391304
0 0.8063858695652174 0.21875 0.057065217391304345 0.042798913043478264
0 0.7860054347826086 0.19293478260869565 0.05570652173913043 0.042119565217391304
0 0.7336956521739131 0.08899456521739131 0.052309782608695655 0.03940217391304348
0 0.6616847826086957 0.17255434782608695 0.05638586956521739 0.042119565217391304
0 0.5720108695652174 0.20380434782608695 0.06114130434782609 0.04551630434782609
0 0.5876358695652174 0.22826086956521738 0.06317934782608696 0.046875
0 0.4585597826086957 0.10258152173913043 0.051630434782608696 0.03872282608695652
0 0.6508152173913043 0.052309782608695655 0.04619565217391304 0.034646739130434784
0 0.6895380434782609 0.03125 0.04483695652173913 0.033967391304347824
0 0.36820652173913043 0.029891304347826088 0.04483695652173913 0.03328804347826087
0 0.11752717391304347 0.006114130434782609 0.041440217391304345 0.01154891304347826
0 0.036005434782608696 0.014266304347826086 0.044157608695652176 0.028532608695652172
0 0.01358695652173913 0.008152173913043478 0.02717391304347826 0.016304347826086956
0 0.01154891304347826 0.07133152173913043 0.02309782608695652 0.03940217391304348
0 0.024456521739130436 0.09782608695652174 0.04823369565217391 0.04008152173913043
0 0.07269021739130435 0.07540760869565218 0.052309782608695655 0.03872282608695652
0 0.08763586956521739 0.044157608695652176 0.04823369565217391 0.036005434782608696
0 0.12364130434782608 0.09239130434782608 0.052309782608695655 0.03872282608695652
0 0.13383152173913043 0.11888586956521739 0.05298913043478261 0.04008152173913043
0 0.07540760869565218 0.11073369565217392 0.05434782608695652 0.04076086956521739
0 0.16236413043478262 0.1453804347826087 0.05366847826086957 0.04008152173913043
0 0.21195652173913043 0.09782608695652174 0.050951086956521736 0.03804347826086957
0 0.20652173913043478 0.02717391304347826 0.04483695652173913 0.03328804347826087
0 0.28125 0.1480978260869565 0.05502717391304348 0.041440217391304345
0 0.12092391304347826 0.171875 0.05502717391304348 0.041440217391304345
0 0.008831521739130434 0.18885869565217392 0.017663043478260868 0.043478260869565216