0 0.08084239130434782 0.20855978260869565 0.009510869565217392 0.008152173913043478
0 0.11616847826086957 0.19429347826086957 0.01154891304347826 0.010869565217391304
0 0.20652173913043478 0.21263586956521738 0.01154891304347826 0.009510869565217392
0 0.2710597826086957 0.20923913043478262 0.010869565217391304 0.008152173913043478
0 0.29959239130434784 0.20652173913043478 0.01358695652173913 0.01154891304347826
0 0.33695652173913043 0.20448369565217392 0.010869565217391304 0.009510869565217392
0 0.35190217391304346 0.20720108695652173 0.009510869565217392 0.008152173913043478
0 0.375 0.20176630434782608 0.010869565217391304 0.008831521739130434
0 0.436820652173913 0.19769021739130435 0.010869565217391304 0.010869565217391304
0 0.6005434782608695 0.18682065217391305 0.010869565217391304 0.008831521739130434
0 0.6209239130434783 0.18817934782608695 0.009510869565217392 0.007472826086956522
0 0.6385869565217391 0.18682065217391305 0.010869565217391304 0.008831521739130434
0 0.6630434782608695 0.18410326086956522 0.010869565217391304 0.008831521739130434
0 0.7595108695652174 0.17798913043478262 0.01358695652173913 0.010869565217391304
0 0.7269021739130435 0.15489130434782608 0.009510869565217392 0.008831521739130434
0 0.765625 0.15557065217391305 0.009510869565217392 0.009510869565217392
0 0.796875 0.16983695652173914 0.010869565217391304 0.010869565217391304
0 0.8661684782608695 0.14605978260869565 0.012228260869565218 0.009510869565217392
0 0.8811141304347826 0.17391304347826086 0.012228260869565218 0.009510869565217392
0 0.9585597826086957 0.17119565217391305 0.01358695652173913 0.01154891304347826
0 0.9639945652173914 0.13994565217391305 0.014266304347826086 0.010869565217391304
0 0.9171195652173914 0.4673913043478261 0.03804347826086957 0.029211956521739132
0 0.7649456521739131 0.3953804347826087 0.02309782608695652 0.022418478260869564
0 0.38247282608695654 0.46127717391304346 0.027853260869565216 0.02309782608695652
0 0.9639945652173914 0.5210597826086957 0.07201086956521739 0.06182065217391304
0 0.8247282608695652 0.515625 0.09850543478260869 0.07065217391304347
0 0.7466032608695652 0.5101902173913043 0.058423913043478264 0.051630434782608696
0 0.7153532608695652 0.49796195652173914 0.046875 0.049592391304347824
0 0.5591032608695652 0.501358695652174 0.025815217391304348 0.021739130434782608
0 0.6086956521739131 0.5081521739130435 0.05434782608695652 0.042798913043478264
0 0.640625 0.5197010869565217 0.07201086956521739 0.059103260869565216
0 0.43002717391304346 0.344429347826087 0.014266304347826086 0.012228260869565218
0 0.40625 0.35122282608695654 0.01154891304347826 0.009510869565217392
0 0.37907608695652173 0.34578804347826086 0.01154891304347826 0.009510869565217392
0 0.36684782608695654 0.3539402173913043 0.01358695652173913 0.010869565217391304
0 0.360054347826087 0.34375 0.010869565217391304 0.009510869565217392
0 0.3688858695652174 0.33695652173913043 0.010869565217391304 0.008831521739130434
0 0.3539402173913043 0.34171195652173914 0.009510869565217392 0.008831521739130434
0 0.343070652173913 0.35054347826086957 0.010869565217391304 0.009510869565217392
0 0.3423913043478261 0.360054347826087 0.01358695652173913 0.010869565217391304
0 0.32608695652173914 0.36345108695652173 0.014945652173913044 0.010869565217391304
0 0.31929347826086957 0.3423913043478261 0.010869565217391304 0.008831521739130434
0 0.3328804347826087 0.3389945652173913 0.009510869565217392 0.008831521739130434
0 0.30570652173913043 0.33695652173913043 0.009510869565217392 0.008152173913043478
0 0.30570652173913043 0.344429347826087 0.01358695652173913 0.010869565217391304
0 0.31046195652173914 0.36345108695652173 0.012228260869565218 0.010869565217391304
0 0.28532608695652173 0.36684782608695654 0.014945652173913044 0.012228260869565218
0 0.27445652173913043 0.36820652173913043 0.014266304347826086 0.01154891304347826
0 0.26902173913043476 0.36141304347826086 0.012228260869565218 0.012228260869565218
0 0.27717391304347827 0.35190217391304346 0.01358695652173913 0.010869565217391304
0 0.28532608695652173 0.34035326086956524 0.01154891304347826 0.010869565217391304
0 0.29279891304347827 0.358695652173913 0.012228260869565218 0.010869565217391304
0 0.2642663043478261 0.344429347826087 0.01154891304347826 0.009510869565217392
0 0.25407608695652173 0.3376358695652174 0.012228260869565218 0.010869565217391304
0 0.24660326086956522 0.35597826086956524 0.014945652173913044 0.012228260869565218
0 0.21671195652173914 0.3607336956521739 0.014266304347826086 0.012228260869565218
0 0.22418478260869565 0.34035326086956524 0.012228260869565218 0.010869565217391304
0 0.23097826086956522 0.36684782608695654 0.012228260869565218 0.01154891304347826
0 0.4388586956521739 0.5095108695652174 0.026494565217391304 0.02377717391304348
0 0.12839673913043478 0.4830163043478261 0.016983695652173912 0.01358695652173913
0 0.0006793478260869565 0.48641304347826086 0.001358695652173913 0.008831521739130434
0 0.025815217391304348 0.5115489130434783 0.019021739130434784 0.015625
0 0.07269021739130435 0.5203804347826086 0.010869565217391304 0.012228260869565218
0 0.09442934782608696 0.5197010869565217 0.01358695652173913 0.012228260869565218
0 0.19157608695652173 0.3736413043478261 0.014266304347826086 0.01154891304347826
0 0.19701086956521738 0.3648097826086957 0.01358695652173913 0.01154891304347826
0 0.18342391304347827 0.36209239130434784 0.01154891304347826 0.010869565217391304
0 0.20108695652173914 0.3539402173913043 0.010869565217391304 0.008831521739130434
0 0.18478260869565216 0.3172554347826087 0.009510869565217392 0.008831521739130434
0 0.16304347826086957 0.3423913043478261 0.012228260869565218 0.010869565217391304
0 0.16576086956521738 0.3546195652173913 0.009510869565217392 0.009510869565217392
0 0.17798913043478262 0.35597826086956524 0.010869565217391304 0.009510869565217392
0 0.16576086956521738 0.3654891304347826 0.01154891304347826 0.010869565217391304
0 0.1514945652173913 0.3654891304347826 0.01358695652173913 0.012228260869565218
0 0.13722826086956522 0.35258152173913043 0.01154891304347826 0.009510869565217392
0 0.12092391304347826 0.36277173913043476 0.014266304347826086 0.010869565217391304
0 0.11752717391304347 0.37296195652173914 0.01358695652173913 0.010869565217391304
0 0.09035326086956522 0.37160326086956524 0.014945652173913044 0.012228260869565218
0 0.08016304347826086 0.3695652173913043 0.01154891304347826 0.010869565217391304
0 0.10258152173913043 0.35258152173913043 0.012228260869565218 0.010869565217391304
0 0.07540760869565218 0.35258152173913043 0.010869565217391304 0.009510869565217392
0 0.06861413043478261 0.3607336956521739 0.01358695652173913 0.010869565217391304
0 0.06521739130434782 0.34646739130434784 0.010869565217391304 0.009510869565217392
0 0.051630434782608696 0.35054347826086957 0.01154891304347826 0.009510869565217392
0 0.04619565217391304 0.35597826086956524 0.014266304347826086 0.010869565217391304
0 0.05298913043478261 0.37228260869565216 0.014945652173913044 0.01154891304347826
0 0.03192934782608696 0.36684782608695654 0.012228260869565218 0.012228260869565218
0 0.012907608695652174 0.36752717391304346 0.01358695652173913 0.01154891304347826
0 0.005434782608695652 0.35733695652173914 0.010190217391304348 0.010869565217391304
0 0.13790760869565216 0.717391304347826 0.1324728260869565 0.1480978260869565
0 0.009510869565217392 0.5584239130434783 0.019021739130434784 0.02377717391304348
0 0.021739130434782608 0.5604619565217391 0.028532608695652172 0.02717391304347826
0 0.04755434782608696 0.5658967391304348 0.03736413043478261 0.03260869565217391
0 0.08423913043478261 0.5747282608695652 0.051630434782608696 0.05366847826086957
0 0.14673913043478262 0.5489130434782609 0.026494565217391304 0.028532608695652172
0 0.34035326086956524 0.5815217391304348 0.08084239130434782 0.06793478260869565
0 0.4388586956521739 0.529891304347826 0.042119565217391304 0.036684782608695655
0 0.3654891304347826 0.5346467391304348 0.04483695652173913 0.03804347826086957
0 0.5441576086956522 0.5149456521739131 0.03736413043478261 0.035326086956521736
0 0.609375 0.563858695652174 0.11141304347826086 0.08559782608695653
0 0.8274456521739131 0.5597826086956522 0.12839673913043478 0.11820652173913043
0 0.1514945652173913 0.2078804347826087 0.012228260869565218 0.008152173913043478
0 0.3607336956521739 0.20720108695652173 0.012907608695652174 0.008152173913043478
0 0.40964673913043476 0.19633152173913043 0.012228260869565218 0.008831521739130434
0 0.4164402173913043 0.19904891304347827 0.012228260869565218 0.008152173913043478
0 0.45991847826086957 0.1983695652173913 0.012228260869565218 0.008831521739130434
0 0.390625 0.20448369565217392 0.012907608695652174 0.008831521739130434
0 0.484375 0.19904891304347827 0.01154891304347826 0.007472826086956522
0 0.5190217391304348 0.1949728260869565 0.01154891304347826 0.007472826086956522
0 0.5414402173913043 0.19157608695652173 0.01154891304347826 0.007472826086956522
0 0.5584239130434783 0.1922554347826087 0.012228260869565218 0.008152173913043478
0 0.579483695652174 0.19021739130434784 0.012907608695652174 0.008152173913043478
0 0.5903532608695652 0.19089673913043478 0.012228260869565218 0.008152173913043478
0 0.7078804347826086 0.18206521739130435 0.012228260869565218 0.008152173913043478
0 0.7894021739130435 0.17798913043478262 0.012907608695652174 0.008831521739130434
0 0.9259510869565217 0.17323369565217392 0.014266304347826086 0.008831521739130434
0 0.9877717391304348 0.391304347826087 0.024456521739130436 0.03804347826086957
0 0.8716032608695652 0.47690217391304346 0.06385869565217392 0.042798913043478264
0 0.6202445652173914 0.4320652173913043 0.034646739130434784 0.02309782608695652
0 0.5101902173913043 0.45516304347826086 0.03872282608695652 0.025815217391304348
0 0.8002717391304348 0.483695652173913 0.06861413043478261 0.04551630434782609
0 0.563858695652174 0.4938858695652174 0.027853260869565216 0.018342391304347828
0 0.6012228260869565 0.49728260869565216 0.020380434782608696 0.01358695652173913
0 0.6711956521739131 0.4945652173913043 0.03260869565217391 0.021739130434782608
0 0.6841032608695652 0.4952445652173913 0.03328804347826087 0.021739130434782608
0 0.5502717391304348 0.3111413043478261 0.012907608695652174 0.008831521739130434
0 0.43953804347826086 0.3383152173913043 0.012228260869565218 0.008152173913043478
0 0.41915760869565216 0.34375 0.012907608695652174 0.008831521739130434
0 0.4110054347826087 0.33967391304347827 0.012228260869565218 0.008152173913043478
0 0.4273097826086957 0.3383152173913043 0.01154891304347826 0.008152173913043478
0 0.38383152173913043 0.34035326086956524 0.012228260869565218 0.008152173913043478
0 0.36277173913043476 0.33967391304347827 0.01154891304347826 0.007472826086956522
0 0.3423913043478261 0.3648097826086957 0.014945652173913044 0.010190217391304348
0 0.328125 0.3539402173913043 0.014266304347826086 0.009510869565217392
0 0.26902173913043476 0.35190217391304346 0.014266304347826086 0.009510869565217392
0 0.2513586956521739 0.34375 0.014266304347826086 0.009510869565217392
0 0.24116847826086957 0.35122282608695654 0.014945652173913044 0.009510869565217392
0 0.22146739130434784 0.3539402173913043 0.014266304347826086 0.009510869565217392
0 0.24048913043478262 0.34714673913043476 0.014945652173913044 0.009510869565217392
0 0.421195652173913 0.515625 0.04619565217391304 0.03125
0 0.26970108695652173 0.48233695652173914 0.03192934782608696 0.021059782608695652
0 0.24660326086956522 0.47690217391304346 0.028532608695652172 0.01970108695652174
0 0.21739130434782608 0.48709239130434784 0.027853260869565216 0.018342391304347828
0 0.20720108695652173 0.49592391304347827 0.027853260869565216 0.018342391304347828
0 0.14130434782608695 0.4938858695652174 0.01358695652173913 0.009510869565217392
0 0.008831521739130434 0.48709239130434784 0.012907608695652174 0.008831521739130434
0 0.014266304347826086 0.515625 0.016983695652173912 0.01154891304347826
0 0.057744565217391304 0.5197010869565217 0.01970108695652174 0.012907608695652174
0 0.15692934782608695 0.501358695652174 0.01154891304347826 0.007472826086956522
0 0.23641304347826086 0.484375 0.027853260869565216 0.018342391304347828
0 0.2112771739130435 0.3451086956521739 0.014266304347826086 0.009510869565217392
0 0.16644021739130435 0.3485054347826087 0.012907608695652174 0.008831521739130434
0 0.15081521739130435 0.3580163043478261 0.014266304347826086 0.008831521739130434
0 0.09171195652173914 0.3607336956521739 0.014266304347826086 0.009510869565217392
0 0.09918478260869565 0.34782608695652173 0.012907608695652174 0.008152173913043478
0 0.0625 0.360054347826087 0.014266304347826086 0.009510869565217392
0 0.05570652173913043 0.36345108695652173 0.014266304347826086 0.009510869565217392
0 0.036005434782608696 0.3607336956521739 0.014266304347826086 0.009510869565217392
0 0.010190217391304348 0.35258152173913043 0.01358695652173913 0.008831521739130434
0 0.0020380434782608695 0.3688858695652174 0.004076086956521739 0.009510869565217392
0 0.05638586956521739 0.3546195652173913 0.01358695652173913 0.008831521739130434
0 0.016983695652173912 0.36345108695652173 0.014266304347826086 0.009510869565217392
0 0.026494565217391304 0.626358695652174 0.05298913043478261 0.03940217391304348
0 0.23301630434782608 0.6610054347826086 0.13994565217391305 0.09307065217391304
0 0.021059782608695652 0.5529891304347826 0.03125 0.020380434782608696
0 0.022418478260869564 0.5713315217391305 0.044157608695652176 0.029211956521739132
0 0.06793478260869565 0.5557065217391305 0.03940217391304348 0.025815217391304348
0 0.11684782608695653 0.5529891304347826 0.03804347826086957 0.025135869565217392
0 0.08627717391304347 0.5523097826086957 0.036684782608695655 0.025135869565217392
0 0.13179347826086957 0.5421195652173914 0.035326086956521736 0.02377717391304348
0 0.23845108695652173 0.578125 0.06521739130434782 0.043478260869565216
0 0.23369565217391305 0.5570652173913043 0.05366847826086957 0.036005434782608696
0 0.2269021739130435 0.5373641304347826 0.04823369565217391 0.03260869565217391
0 0.24660326086956522 0.5285326086956522 0.044157608695652176 0.029211956521739132
0 0.26766304347826086 0.5400815217391305 0.052309782608695655 0.034646739130434784
0 0.2921195652173913 0.5305706521739131 0.04755434782608696 0.03125
0 0.32065217391304346 0.5305706521739131 0.049592391304347824 0.03328804347826087
0 0.3267663043478261 0.5190217391304348 0.044157608695652176 0.029211956521739132
0 0.3179347826086957 0.5523097826086957 0.059103260869565216 0.03940217391304348
0 0.5033967391304348 0.5631793478260869 0.09239130434782608 0.06182065217391304
0 0.484375 0.529891304347826 0.0625 0.042119565217391304
0 0.3892663043478261 0.5244565217391305 0.051630434782608696 0.033967391304347824
0 0.4938858695652174 0.5095108695652174 0.04619565217391304 0.030570652173913044
0 0.5815217391304348 0.5271739130434783 0.06317934782608696 0.041440217391304345
0 0.20652173913043478 0.5319293478260869 0.036005434782608696 0.02377717391304348
0 0.03125 0.5597826086956522 0.03940217391304348 0.025815217391304348
0 0.07744565217391304 0.5550271739130435 0.03804347826086957 0.025135869565217392