0 0.06725543478260869 0.8729619565217391 0.057744565217391304 0.05638586956521739
0 0.12635869565217392 0.7126358695652174 0.04483695652173913 0.04483695652173913
0 0.03260869565217391 0.639266304347826 0.04619565217391304 0.04619565217391304
0 0.11820652173913043 0.6256793478260869 0.042119565217391304 0.042119565217391304
0 0.09375 0.5665760869565217 0.046875 0.036005434782608696
0 0.22554347826086957 0.8790760869565217 0.06521739130434782 0.058423913043478264
0 0.29959239130434784 0.7989130434782609 0.04891304347826087 0.04483695652173913
0 0.24796195652173914 0.704483695652174 0.043478260869565216 0.04551630434782609
0 0.25271739130434784 0.6351902173913043 0.043478260869565216 0.04619565217391304
0 0.33967391304347827 0.7167119565217391 0.04823369565217391 0.043478260869565216
0 0.5 0.6365489130434783 0.04551630434782609 0.043478260869565216
0 0.4592391304347826 0.5822010869565217 0.041440217391304345 0.03736413043478261
0 0.545516304347826 0.5808423913043478 0.04483695652173913 0.03940217391304348
0 0.578125 0.5849184782608695 0.03328804347826087 0.034646739130434784
0 0.5869565217391305 0.5217391304347826 0.044157608695652176 0.03940217391304348
0 0.6283967391304348 0.6453804347826086 0.033967391304347824 0.036684782608695655
0 0.5203804347826086 0.8308423913043478 0.06182065217391304 0.051630434782608696
0 0.6134510869565217 0.8396739130434783 0.05570652173913043 0.049592391304347824
0 0.7398097826086957 0.8817934782608695 0.057065217391304345 0.04076086956521739
0 0.8790760869565217 0.9225543478260869 0.07540760869565218 0.04823369565217391
0 0.9103260869565217 0.8389945652173914 0.06589673913043478 0.041440217391304345
0 0.9449728260869565 0.9239130434782609 0.050951086956521736 0.044157608695652176
0 0.8036684782608695 0.7024456521739131 0.05434782608695652 0.04483695652173913
0 0.7418478260869565 0.6216032608695652 0.051630434782608696 0.041440217391304345
0 0.7432065217391305 0.5652173913043478 0.041440217391304345 0.036684782608695655
0 0.7880434782608695 0.5434782608695652 0.04619565217391304 0.03328804347826087
0 0.8566576086956522 0.5686141304347826 0.04891304347826087 0.03804347826086957
0 0.9245923913043478 0.5665760869565217 0.04891304347826087 0.03940217391304348
0 0.9538043478260869 0.5380434782608695 0.050271739130434784 0.03804347826086957
0 0.9904891304347826 0.5108695652173914 0.019021739130434784 0.03804347826086957
0 0.9184782608695652 0.48097826086956524 0.044157608695652176 0.03125
0 0.9796195652173914 0.45584239130434784 0.034646739130434784 0.02377717391304348
0 0.9110054347826086 0.4436141304347826 0.03804347826086957 0.028532608695652172
0 0.8464673913043478 0.4830163043478261 0.046875 0.03328804347826087
0 0.7819293478260869 0.47078804347826086 0.028532608695652172 0.024456521739130436
0 0.7452445652173914 0.48029891304347827 0.04483695652173913 0.03192934782608696
0 0.6711956521739131 0.484375 0.04551630434782609 0.03736413043478261
0 0.5176630434782609 0.44565217391304346 0.03328804347826087 0.029891304347826088
0 0.4273097826086957 0.46127717391304346 0.036005434782608696 0.03260869565217391
0 0.33627717391304346 0.44904891304347827 0.030570652173913044 0.03125
0 0.313179347826087 0.44904891304347827 0.029211956521739132 0.029891304347826088
0 0.13043478260869565 0.5543478260869565 0.03192934782608696 0.034646739130434784
0 0.12567934782608695 0.4592391304347826 0.034646739130434784 0.03260869565217391
0 0.052309782608695655 0.43953804347826086 0.025135869565217392 0.028532608695652172
0 0.042798913043478264 0.2608695652173913 0.018342391304347828 0.021739130434782608
0 0.06521739130434782 0.28940217391304346 0.024456521739130436 0.02717391304347826
0 0.11005434782608696 0.2425271739130435 0.019021739130434784 0.020380434782608696
0 0.03736413043478261 0.34646739130434784 0.025135869565217392 0.02717391304347826
0 0.034646739130434784 0.37703804347826086 0.027853260869565216 0.025815217391304348
0 0.08084239130434782 0.42595108695652173 0.022418478260869564 0.02309782608695652
0 0.09918478260869565 0.41779891304347827 0.02717391304347826 0.025135869565217392
0 0.09782608695652174 0.390625 0.02309782608695652 0.026494565217391304
0 0.10733695652173914 0.3491847826086957 0.027853260869565216 0.022418478260869564
0 0.10801630434782608 0.32133152173913043 0.025135869565217392 0.02717391304347826
0 0.22146739130434784 0.21671195652173914 0.016983695652173912 0.016983695652173912
0 0.1358695652173913 0.24728260869565216 0.016983695652173912 0.01970108695652174
0 0.12364130434782608 0.3063858695652174 0.021059782608695652 0.024456521739130436
0 0.1671195652173913 0.3342391304347826 0.025135869565217392 0.024456521739130436
0 0.20040760869565216 0.34171195652173914 0.02377717391304348 0.025135869565217392
0 0.23097826086956522 0.34714673913043476 0.026494565217391304 0.025815217391304348
0 0.23573369565217392 0.37160326086956524 0.030570652173913044 0.026494565217391304
0 0.24864130434782608 0.3389945652173913 0.02377717391304348 0.024456521739130436
0 0.26766304347826086 0.3328804347826087 0.02309782608695652 0.02309782608695652
0 0.3111413043478261 0.33016304347826086 0.02717391304347826 0.026494565217391304
0 0.30502717391304346 0.3485054347826087 0.030570652173913044 0.025135869565217392
0 0.3376358695652174 0.3220108695652174 0.020380434782608696 0.020380434782608696
0 0.36684782608695654 0.3423913043478261 0.028532608695652172 0.029891304347826088
0 0.30434782608695654 0.38654891304347827 0.027853260869565216 0.02717391304347826
0 0.35258152173913043 0.4076086956521739 0.036005434782608696 0.03192934782608696
0 0.37160326086956524 0.3858695652173913 0.029211956521739132 0.029891304347826088
0 0.38383152173913043 0.36616847826086957 0.02377717391304348 0.025135869565217392
0 0.4110054347826087 0.31521739130434784 0.026494565217391304 0.025815217391304348
0 0.44904891304347827 0.36209239130434784 0.029891304347826088 0.028532608695652172
0 0.4633152173913043 0.3376358695652174 0.02377717391304348 0.024456521739130436
0 0.49728260869565216 0.31589673913043476 0.025135869565217392 0.025135869565217392
0 0.5230978260869565 0.31929347826086957 0.025815217391304348 0.026494565217391304
0 0.5108695652173914 0.35122282608695654 0.026494565217391304 0.025815217391304348
0 0.5115489130434783 0.37907608695652173 0.03192934782608696 0.02717391304347826
0 0.42934782608695654 0.41508152173913043 0.03328804347826087 0.027853260869565216
0 0.5597826086956522 0.41440217391304346 0.030570652173913044 0.02309782608695652
0 0.5686141304347826 0.3654891304347826 0.030570652173913044 0.021059782608695652
0 0.5726902173913043 0.311820652173913 0.025815217391304348 0.026494565217391304
0 0.5815217391304348 0.29279891304347827 0.01970108695652174 0.01970108695652174
0 0.5366847826086957 0.2873641304347826 0.025135869565217392 0.022418478260869564
0 0.6025815217391305 0.43410326086956524 0.027853260869565216 0.028532608695652172
0 0.6603260869565217 0.4205163043478261 0.03328804347826087 0.029891304347826088
0 0.6698369565217391 0.38247282608695654 0.030570652173913044 0.029211956521739132
0 0.7051630434782609 0.3763586956521739 0.02717391304347826 0.02377717391304348
0 0.7438858695652174 0.39266304347826086 0.03192934782608696 0.029891304347826088
0 0.7493206521739131 0.42459239130434784 0.033967391304347824 0.029211956521739132
0 0.7907608695652174 0.40964673913043476 0.036005434782608696 0.026494565217391304
0 0.8145380434782609 0.3804347826086957 0.030570652173913044 0.026494565217391304
0 0.7914402173913043 0.3539402173913043 0.02309782608695652 0.021059782608695652
0 0.8070652173913043 0.31929347826086957 0.030570652173913044 0.024456521739130436
0 0.8220108695652174 0.2921195652173913 0.02377717391304348 0.021739130434782608
0 0.8620923913043478 0.3125 0.02377717391304348 0.018342391304347828
0 0.8824728260869565 0.32608695652173914 0.033967391304347824 0.025135869565217392
0 0.8491847826086957 0.37228260869565216 0.035326086956521736 0.026494565217391304
0 0.8729619565217391 0.40421195652173914 0.03872282608695652 0.029891304347826088
0 0.8362771739130435 0.421875 0.04076086956521739 0.029891304347826088
0 0.9341032608695652 0.375679347826087 0.036005434782608696 0.029891304347826088
0 0.9884510869565217 0.33152173913043476 0.02309782608695652 0.02717391304347826
0 0.9911684782608695 0.37092391304347827 0.017663043478260868 0.026494565217391304
0 0.9945652173913043 0.40421195652173914 0.010869565217391304 0.029891304347826088
0 0.828125 0.2717391304347826 0.025135869565217392 0.022418478260869564
0 0.8498641304347826 0.24320652173913043 0.018342391304347828 0.018342391304347828
0 0.8369565217391305 0.2452445652173913 0.021739130434782608 0.020380434782608696
0 0.8029891304347826 0.23641304347826086 0.02377717391304348 0.022418478260869564
0 0.78125 0.23097826086956522 0.01970108695652174 0.020380434782608696
0 0.7289402173913043 0.23369565217391305 0.01970108695652174 0.021739130434782608
0 0.7139945652173914 0.23845108695652173 0.026494565217391304 0.024456521739130436
0 0.6970108695652174 0.25679347826086957 0.02377717391304348 0.02309782608695652
0 0.6759510869565217 0.27445652173913043 0.025135869565217392 0.021739130434782608
0 0.6664402173913043 0.25883152173913043 0.025815217391304348 0.024456521739130436
0 0.6854619565217391 0.22418478260869565 0.01970108695652174 0.01970108695652174
0 0.6413043478260869 0.20720108695652173 0.01970108695652174 0.019021739130434784
0 0.673233695652174 0.19293478260869565 0.01970108695652174 0.01970108695652174
0 0.6148097826086957 0.20516304347826086 0.017663043478260868 0.014945652173913044
0 0.5971467391304348 0.2078804347826087 0.019021739130434784 0.017663043478260868
0 0.5930706521739131 0.22146739130434784 0.018342391304347828 0.01970108695652174
0 0.5461956521739131 0.23301630434782608 0.02309782608695652 0.022418478260869564
0 0.5563858695652174 0.2112771739130435 0.018342391304347828 0.01970108695652174
0 0.5427989130434783 0.2112771739130435 0.021059782608695652 0.021059782608695652
0 0.499320652173913 0.22010869565217392 0.021739130434782608 0.021739130434782608
0 0.4232336956521739 0.22214673913043478 0.02377717391304348 0.02309782608695652
0 0.422554347826087 0.20448369565217392 0.021059782608695652 0.019021739130434784
0 0.3641304347826087 0.2391304347826087 0.02377717391304348 0.022418478260869564
0 0.3328804347826087 0.23845108695652173 0.01970108695652174 0.018342391304347828
0 0.3797554347826087 0.22282608695652173 0.020380434782608696 0.022418478260869564
0 0.4014945652173913 0.22282608695652173 0.019021739130434784 0.018342391304347828
0 0.9021739130434783 0.4001358695652174 0.022418478260869564 0.02309782608695652
0 0.9347826086956522 0.22078804347826086 0.019021739130434784 0.01970108695652174
0 0.891983695652174 0.21535326086956522 0.01970108695652174 0.018342391304347828
0 0.9667119565217391 0.171875 0.020380434782608696 0.018342391304347828
0 0.951766304347826 0.16779891304347827 0.01970108695652174 0.016983695652173912
0 0.9932065217391305 0.16983695652173914 0.012907608695652174 0.018342391304347828
0 0.9945652173913043 0.19429347826086957 0.010869565217391304 0.019021739130434784
0 0.9952445652173914 0.14945652173913043 0.008831521739130434 0.016983695652173912
0 0.9755434782608695 0.13926630434782608 0.01970108695652174 0.016304347826086956
0 0.9354619565217391 0.15421195652173914 0.01970108695652174 0.017663043478260868
0 0.954483695652174 0.11548913043478261 0.015625 0.01358695652173913
0 0.9836956521739131 0.20991847826086957 0.019021739130434784 0.017663043478260868
0 0.7927989130434783 0.20652173913043478 0.018342391304347828 0.020380434782608696
0 0.7452445652173914 0.13179347826086957 0.012907608695652174 0.014266304347826086
0 0.7737771739130435 0.12839673913043478 0.016983695652173912 0.016304347826086956
0 0.7758152173913043 0.11616847826086957 0.014945652173913044 0.014945652173913044
0 0.7995923913043478 0.10461956521739131 0.01358695652173913 0.012907608695652174
0 0.8369565217391305 0.09714673913043478 0.012907608695652174 0.01154891304347826
0 0.7778532608695652 0.09578804347826086 0.01358695652173913 0.012228260869565218
0 0.7466032608695652 0.10326086956521739 0.014266304347826086 0.012907608695652174
0 0.7445652173913043 0.11548913043478261 0.014945652173913044 0.014266304347826086
0 0.7302989130434783 0.11073369565217392 0.016304347826086956 0.014945652173913044
0 0.7180706521739131 0.10665760869565218 0.01358695652173913 0.01358695652173913
0 0.688858695652174 0.11209239130434782 0.015625 0.014945652173913044
0 0.6766304347826086 0.1800271739130435 0.016983695652173912 0.017663043478260868
0 0.6501358695652174 0.1514945652173913 0.017663043478260868 0.015625
0 0.6589673913043478 0.1324728260869565 0.016983695652173912 0.015625
0 0.6582880434782609 0.11141304347826086 0.015625 0.015625
0 0.6582880434782609 0.09918478260869565 0.01154891304347826 0.012228260869565218
0 0.6508152173913043 0.10054347826086957 0.012907608695652174 0.012907608695652174
0 0.6195652173913043 0.10597826086956522 0.014266304347826086 0.01358695652173913
0 0.6195652173913043 0.09714673913043478 0.012907608695652174 0.01358695652173913
0 0.6222826086956522 0.11548913043478261 0.014945652173913044 0.012907608695652174
0 0.6175271739130435 0.13043478260869565 0.016304347826086956 0.014945652173913044
0 0.6148097826086957 0.14130434782608695 0.015625 0.015625
0 0.5944293478260869 0.1487771739130435 0.014945652173913044 0.014945652173913044
0 0.5713315217391305 0.13451086956521738 0.016983695652173912 0.016304347826086956
0 0.6005434782608695 0.12567934782608695 0.015625 0.014945652173913044
0 0.5618206521739131 0.12160326086956522 0.014945652173913044 0.014266304347826086
0 0.5380434782608695 0.13179347826086957 0.016304347826086956 0.014945652173913044
0 0.5217391304347826 0.12160326086956522 0.014945652173913044 0.015625
0 0.5197010869565217 0.11073369565217392 0.01154891304347826 0.01154891304347826
0 0.4483695652173913 0.13179347826086957 0.014945652173913044 0.016304347826086956
0 0.4592391304347826 0.19021739130434784 0.020380434782608696 0.020380434782608696
0 0.5244565217391305 0.18478260869565216 0.017663043478260868 0.019021739130434784
0 0.5434782608695652 0.17866847826086957 0.016304347826086956 0.018342391304347828
0 0.391304347826087 0.19633152173913043 0.014945652173913044 0.014945652173913044
0 0.37160326086956524 0.17730978260869565 0.018342391304347828 0.018342391304347828
0 0.40964673913043476 0.16168478260869565 0.018342391304347828 0.019021739130434784
0 0.41983695652173914 0.1671195652173913 0.014266304347826086 0.015625
0 0.4273097826086957 0.15489130434782608 0.014945652173913044 0.015625
0 0.3328804347826087 0.10258152173913043 0.014266304347826086 0.015625
0 0.24048913043478262 0.1331521739130435 0.014266304347826086 0.014945652173913044
0 0.24116847826086957 0.12432065217391304 0.012907608695652174 0.01358695652173913
0 0.22282608695652173 0.11820652173913043 0.01154891304347826 0.012228260869565218
0 0.20448369565217392 0.10394021739130435 0.010869565217391304 0.01358695652173913
0 0.20923913043478262 0.09714673913043478 0.009510869565217392 0.012228260869565218
0 0.20720108695652173 0.1331521739130435 0.01154891304347826 0.01358695652173913
0 0.22826086956521738 0.13926630434782608 0.012907608695652174 0.014945652173913044
0 0.2296195652173913 0.16779891304347827 0.016304347826086956 0.015625
0 0.23573369565217392 0.1875 0.014266304347826086 0.016983695652173912
0 0.2642663043478261 0.09714673913043478 0.012907608695652174 0.012907608695652174
0 0.14130434782608695 0.12635869565217392 0.01358695652173913 0.014945652173913044
0 0.15081521739130435 0.14130434782608695 0.014945652173913044 0.014945652173913044
0 0.18817934782608695 0.15828804347826086 0.016304347826086956 0.016304347826086956
0 0.13043478260869565 0.1793478260869565 0.016983695652173912 0.016983695652173912
0 0.12907608695652173 0.1637228260869565 0.016304347826086956 0.016304347826086956
0 0.08016304347826086 0.17391304347826086 0.016983695652173912 0.018342391304347828
0 0.09510869565217392 0.18546195652173914 0.016983695652173912 0.016983695652173912
0 0.08288043478260869 0.26358695652173914 0.017663043478260868 0.022418478260869564
0 0.026494565217391304 0.234375 0.018342391304347828 0.017663043478260868
0 0.042119565217391304 0.16847826086956522 0.016304347826086956 0.016983695652173912
0 0.02717391304347826 0.1514945652173913 0.014266304347826086 0.014945652173913044
0 0.016304347826086956 0.140625 0.012907608695652174 0.016304347826086956
0 0.002717391304347826 0.17391304347826086 0.004755434782608696 0.015625
0 0.07065217391304347 0.11888586956521739 0.01358695652173913 0.01358695652173913
0 0.006114130434782609 0.07404891304347826 0.010869565217391304 0.012228260869565218
0 0.030570652173913044 0.08491847826086957 0.009510869565217392 0.01154891304347826
0 0.03125 0.07065217391304347 0.009510869565217392 0.01154891304347826
0 0.005434782608695652 0.059103260869565216 0.010190217391304348 0.012907608695652174
0 0.14470108695652173 0.08423913043478261 0.01154891304347826 0.01154891304347826
0 0.13858695652173914 0.07133152173913043 0.010869565217391304 0.012228260869565218
0 0.125 0.06997282608695653 0.010869565217391304 0.01154891304347826
0 0.13179347826086957 0.06182065217391304 0.01154891304347826 0.012228260869565218
0 0.15625 0.05434782608695652 0.010869565217391304 0.012228260869565218
0 0.15964673913043478 0.04008152173913043 0.010190217391304348 0.010869565217391304
0 0.12160326086956522 0.027853260869565216 0.010190217391304348 0.01154891304347826
0 0.18138586956521738 0.04619565217391304 0.010869565217391304 0.010190217391304348
0 0.19361413043478262 0.03940217391304348 0.010190217391304348 0.010869565217391304
0 0.20108695652173914 0.01970108695652174 0.009510869565217392 0.01154891304347826
0 0.20923913043478262 0.03940217391304348 0.009510869565217392 0.010190217391304348
0 0.2235054347826087 0.04755434782608696 0.009510869565217392 0.009510869565217392
0 0.24728260869565216 0.07540760869565218 0.010190217391304348 0.012228260869565218
0 0.2907608695652174 0.078125 0.009510869565217392 0.01154891304347826
0 0.2873641304347826 0.08899456521739131 0.012907608695652174 0.01358695652173913
0 0.3016304347826087 0.08627717391304347 0.01358695652173913 0.014945652173913044
0 0.3029891304347826 0.06725543478260869 0.009510869565217392 0.012228260869565218
0 0.27785326086956524 0.036005434782608696 0.009510869565217392 0.010190217391304348
0 0.24660326086956522 0.025815217391304348 0.008152173913043478 0.008152173913043478
0 0.24932065217391305 0.017663043478260868 0.008152173913043478 0.008152173913043478
0 0.281929347826087 0.03192934782608696 0.009510869565217392 0.009510869565217392
0 0.33152173913043476 0.06182065217391304 0.01154891304347826 0.012907608695652174
0 0.343070652173913 0.059103260869565216 0.010869565217391304 0.01154891304347826
0 0.35597826086956524 0.04891304347826087 0.010869565217391304 0.01154891304347826
0 0.344429347826087 0.04008152173913043 0.009510869565217392 0.010190217391304348
0 0.3328804347826087 0.036005434782608696 0.009510869565217392 0.010190217391304348
0 0.3267663043478261 0.042798913043478264 0.009510869565217392 0.010869565217391304
0 0.37092391304347827 0.035326086956521736 0.009510869565217392 0.010869565217391304
0 0.40625 0.04551630434782609 0.010869565217391304 0.010190217391304348
0 0.42595108695652173 0.03192934782608696 0.010190217391304348 0.010190217391304348
0 0.44157608695652173 0.04823369565217391 0.010190217391304348 0.010190217391304348
0 0.42595108695652173 0.06182065217391304 0.010869565217391304 0.01154891304347826
0 0.45516304347826086 0.049592391304347824 0.012228260869565218 0.012228260869565218
0 0.4578804347826087 0.036005434782608696 0.010869565217391304 0.010190217391304348
0 0.45040760869565216 0.029211956521739132 0.008831521739130434 0.009510869565217392
0 0.47758152173913043 0.03736413043478261 0.010190217391304348 0.010190217391304348
0 0.4748641304347826 0.059103260869565216 0.010869565217391304 0.01154891304347826
0 0.485054347826087 0.049592391304347824 0.010190217391304348 0.010190217391304348
0 0.45720108695652173 0.07201086956521739 0.01154891304347826 0.012228260869565218
0 0.5380434782608695 0.06793478260869565 0.012907608695652174 0.01358695652173913
0 0.532608695652174 0.04823369565217391 0.009510869565217392 0.009510869565217392
0 0.5434782608695652 0.04551630434782609 0.010869565217391304 0.01154891304347826
0 0.5543478260869565 0.033967391304347824 0.009510869565217392 0.010190217391304348
0 0.5563858695652174 0.05298913043478261 0.008831521739130434 0.009510869565217392
0 0.53125 0.027853260869565216 0.010190217391304348 0.010190217391304348
0 0.5081521739130435 0.027853260869565216 0.009510869565217392 0.009510869565217392
0 0.49116847826086957 0.02377717391304348 0.009510869565217392 0.010190217391304348
0 0.5788043478260869 0.035326086956521736 0.010190217391304348 0.01154891304347826
0 0.5726902173913043 0.06182065217391304 0.010190217391304348 0.01154891304347826
0 0.5815217391304348 0.0625 0.009510869565217392 0.01154891304347826
0 0.5889945652173914 0.022418478260869564 0.009510869565217392 0.009510869565217392
0 0.6161684782608695 0.016983695652173912 0.009510869565217392 0.010190217391304348
0 0.6283967391304348 0.021739130434782608 0.008152173913043478 0.008831521739130434
0 0.640625 0.024456521739130436 0.010190217391304348 0.010869565217391304
0 0.657608695652174 0.01970108695652174 0.010190217391304348 0.010190217391304348
0 0.6827445652173914 0.025135869565217392 0.010190217391304348 0.010190217391304348
0 0.673233695652174 0.034646739130434784 0.010869565217391304 0.010869565217391304
0 0.6677989130434783 0.05570652173913043 0.01154891304347826 0.012228260869565218
0 0.7038043478260869 0.04008152173913043 0.010190217391304348 0.010190217391304348
0 0.6915760869565217 0.03192934782608696 0.010190217391304348 0.01154891304347826
0 0.7112771739130435 0.02377717391304348 0.009510869565217392 0.010190217391304348
0 0.7255434782608695 0.05298913043478261 0.010869565217391304 0.010869565217391304
0 0.7425271739130435 0.05502717391304348 0.012228260869565218 0.012228260869565218
0 0.71875 0.07201086956521739 0.012228260869565218 0.012228260869565218
0 0.7078804347826086 0.07269021739130435 0.012907608695652174 0.012228260869565218
0 0.6942934782608695 0.07744565217391304 0.010190217391304348 0.01154891304347826
0 0.6440217391304348 0.08763586956521739 0.012907608695652174 0.01358695652173913
0 0.7262228260869565 0.09035326086956522 0.012907608695652174 0.012907608695652174
0 0.7805706521739131 0.04483695652173913 0.012228260869565218 0.01154891304347826
0 0.7635869565217391 0.03804347826086957 0.01154891304347826 0.01154891304347826
0 0.7744565217391305 0.02377717391304348 0.01154891304347826 0.010869565217391304
0 0.7554347826086957 0.02717391304347826 0.009510869565217392 0.010190217391304348
0 0.7961956521739131 0.04619565217391304 0.012228260869565218 0.012228260869565218
0 0.842391304347826 0.06589673913043478 0.012228260869565218 0.01154891304347826
0 0.8444293478260869 0.04008152173913043 0.012907608695652174 0.012228260869565218
0 0.8213315217391305 0.05298913043478261 0.012907608695652174 0.012228260869565218
0 0.8091032608695652 0.03736413043478261 0.01154891304347826 0.012228260869565218
0 0.8192934782608695 0.029891304347826088 0.010869565217391304 0.010190217391304348
0 0.8240489130434783 0.01970108695652174 0.010190217391304348 0.010869565217391304
0 0.8349184782608695 0.014945652173913044 0.009510869565217392 0.010190217391304348
0 0.8355978260869565 0.024456521739130436 0.010190217391304348 0.009510869565217392
0 0.8512228260869565 0.024456521739130436 0.01358695652173913 0.012228260869565218
0 0.859375 0.03328804347826087 0.012907608695652174 0.010190217391304348
0 0.8709239130434783 0.0625 0.014266304347826086 0.012228260869565218
0 0.8709239130434783 0.051630434782608696 0.012907608695652174 0.01154891304347826
0 0.9035326086956522 0.046875 0.014945652173913044 0.01358695652173913
0 0.9116847826086957 0.057065217391304345 0.015625 0.014945652173913044
0 0.9082880434782609 0.035326086956521736 0.014266304347826086 0.012228260869565218
0 0.8974184782608695 0.025815217391304348 0.014266304347826086 0.012228260869565218
0 0.9164402173913043 0.028532608695652172 0.01154891304347826 0.01154891304347826
0 0.9150815217391305 0.021739130434782608 0.010190217391304348 0.010869565217391304
0 0.90625 0.019021739130434784 0.009510869565217392 0.010190217391304348
0 0.8974184782608695 0.015625 0.012228260869565218 0.01154891304347826
0 0.9245923913043478 0.012228260869565218 0.010869565217391304 0.010869565217391304
0 0.9375 0.004755434782608696 0.010190217391304348 0.009510869565217392
0 0.9320652173913043 0.03328804347826087 0.014266304347826086 0.012907608695652174
0 0.9429347826086957 0.04551630434782609 0.014945652173913044 0.01358695652173913
0 0.9572010869565217 0.042798913043478264 0.012907608695652174 0.012228260869565218
0 0.938858695652174 0.07404891304347826 0.012907608695652174 0.012907608695652174
0 0.9273097826086957 0.08559782608695653 0.016983695652173912 0.014945652173913044
0 0.7819293478260869 0.006114130434782609 0.008152173913043478 0.007472826086956522
0 0.7038043478260869 0.01154891304347826 0.008152173913043478 0.008152173913043478
0 0.6426630434782609 0.010869565217391304 0.008152173913043478 0.009510869565217392
0 0.5849184782608695 0.0033967391304347825 0.009510869565217392 0.006793478260869565
0 0.5115489130434783 0.010869565217391304 0.008831521739130434 0.008831521739130434
0 0.41847826086956524 0.020380434782608696 0.008831521739130434 0.010190217391304348
0 0.406929347826087 0.02309782608695652 0.009510869565217392 0.009510869565217392
0 0.4076086956521739 0.009510869565217392 0.008831521739130434 0.009510869565217392
0 0.35054347826086957 0.006793478260869565 0.007472826086956522 0.008152173913043478
0 0.34171195652173914 0.021059782608695652 0.008831521739130434 0.008831521739130434
0 0.32404891304347827 0.004755434782608696 0.008152173913043478 0.008152173913043478
0 0.31453804347826086 0.016983695652173912 0.008831521739130434 0.009510869565217392
0 0.2758152173913043 0.008831521739130434 0.008152173913043478 0.007472826086956522
0 0.22486413043478262 0.020380434782608696 0.008831521739130434 0.009510869565217392
0 0.06589673913043478 0.008831521739130434 0.008831521739130434 0.010190217391304348
0 0.1637228260869565 0.10054347826086957 0.01154891304347826 0.012228260869565218
0 0.09986413043478261 0.9605978260869565 0.06997282608695653 0.057065217391304345
0 0.13179347826086957 0.7839673913043478 0.05570652173913043 0.04619565217391304
0 0.42527173913043476 0.7425271739130435 0.05366847826086957 0.044157608695652176
0 0.39402173913043476 0.5822010869565217 0.04483695652173913 0.036684782608695655
0 0.6229619565217391 0.6182065217391305 0.04483695652173913 0.036684782608695655
0 0.5394021739130435 0.6270380434782609 0.04483695652173913 0.036684782608695655
0 0.5427989130434783 0.7459239130434783 0.05366847826086957 0.044157608695652176
0 0.6148097826086957 0.921875 0.06046195652173913 0.049592391304347824
0 0.7601902173913043 0.779891304347826 0.05366847826086957 0.044157608695652176
0 0.9918478260869565 0.5808423913043478 0.016304347826086956 0.04076086956521739
0 0.9313858695652174 0.6168478260869565 0.050271739130434784 0.041440217391304345
0 0.9911684782608695 0.4748641304347826 0.016983695652173912 0.03192934782608696
0 0.7221467391304348 0.46535326086956524 0.03804347826086957 0.03125
0 0.6283967391304348 0.4633152173913043 0.03940217391304348 0.03260869565217391
0 0.5027173913043478 0.4789402173913043 0.03872282608695652 0.03192934782608696
0 0.43478260869565216 0.5210597826086957 0.04076086956521739 0.033967391304347824
0 0.20516304347826086 0.514266304347826 0.03872282608695652 0.03192934782608696
0 0.11005434782608696 0.5149456521739131 0.03804347826086957 0.03125
0 0.01970108695652174 0.4748641304347826 0.03192934782608696 0.026494565217391304
0 0.007472826086956522 0.5733695652173914 0.014945652173913044 0.035326086956521736
0 0.010869565217391304 0.28804347826086957 0.021739130434782608 0.020380434782608696
0 0.0033967391304347825 0.31929347826086957 0.006793478260869565 0.021739130434782608
0 0.035326086956521736 0.280570652173913 0.024456521739130436 0.01970108695652174
0 0.04891304347826087 0.3220108695652174 0.02717391304347826 0.022418478260869564
0 0.12024456521739131 0.2112771739130435 0.01970108695652174 0.016304347826086956
0 0.21942934782608695 0.23505434782608695 0.01970108695652174 0.016983695652173912
0 0.19089673913043478 0.21942934782608695 0.01970108695652174 0.016304347826086956
0 0.25339673913043476 0.21467391304347827 0.019021739130434784 0.016304347826086956
0 0.203125 0.3736413043478261 0.030570652173913044 0.025135869565217392
0 0.15285326086956522 0.41372282608695654 0.029891304347826088 0.024456521739130436
0 0.26222826086956524 0.29347826086956524 0.024456521739130436 0.01970108695652174
0 0.27853260869565216 0.41372282608695654 0.03260869565217391 0.02717391304347826
0 0.4517663043478261 0.41915760869565216 0.033967391304347824 0.027853260869565216
0 0.609375 0.39809782608695654 0.03125 0.025815217391304348
0 0.8260869565217391 0.30978260869565216 0.02717391304347826 0.022418478260869564
0 0.9408967391304348 0.3845108695652174 0.03192934782608696 0.025815217391304348
0 0.9932065217391305 0.42866847826086957 0.01358695652173913 0.02717391304347826
0 0.8383152173913043 0.2595108695652174 0.02309782608695652 0.019021739130434784
0 0.891983695652174 0.26290760869565216 0.02377717391304348 0.01970108695652174
0 0.876358695652174 0.25747282608695654 0.02309782608695652 0.019021739130434784
0 0.7710597826086957 0.24048913043478262 0.02377717391304348 0.01970108695652174
0 0.7771739130434783 0.2860054347826087 0.025135869565217392 0.021059782608695652
0 0.7547554347826086 0.280570652173913 0.02717391304347826 0.022418478260869564
0 0.6019021739130435 0.2717391304347826 0.025135869565217392 0.020380434782608696
0 0.46467391304347827 0.23980978260869565 0.024456521739130436 0.01970108695652174
0 0.9775815217391305 0.30910326086956524 0.02717391304347826 0.022418478260869564
0 0.8783967391304348 0.23097826086956522 0.022418478260869564 0.018342391304347828
0 0.9096467391304348 0.20923913043478262 0.020380434782608696 0.016983695652173912
0 0.920516304347826 0.19021739130434784 0.020380434782608696 0.016983695652173912
0 0.9347826086956522 0.20652173913043478 0.021059782608695652 0.016983695652173912
0 0.9619565217391305 0.1922554347826087 0.020380434782608696 0.016983695652173912
0 0.9911684782608695 0.16032608695652173 0.016983695652173912 0.016304347826086956
0 0.9945652173913043 0.140625 0.010869565217391304 0.014945652173913044
0 0.9225543478260869 0.1487771739130435 0.019021739130434784 0.015625
0 0.953125 0.12296195652173914 0.017663043478260868 0.014945652173913044
0 0.8152173913043478 0.22826086956521738 0.022418478260869564 0.018342391304347828
0 0.7880434782608695 0.1983695652173913 0.020380434782608696 0.016983695652173912
0 0.7839673913043478 0.18410326086956522 0.020380434782608696 0.016983695652173912
0 0.8546195652173914 0.19633152173913043 0.021739130434782608 0.017663043478260868
0 0.7615489130434783 0.16576086956521738 0.019021739130434784 0.015625
0 0.7540760869565217 0.15285326086956522 0.018342391304347828 0.014945652173913044
0 0.7595108695652174 0.14198369565217392 0.017663043478260868 0.014266304347826086
0 0.8410326086956522 0.11005434782608696 0.015625 0.012907608695652174
0 0.7126358695652174 0.12160326086956522 0.016304347826086956 0.01358695652173913
0 0.6365489130434783 0.1514945652173913 0.017663043478260868 0.014266304347826086
0 0.6766304347826086 0.12771739130434784 0.016983695652173912 0.014266304347826086
0 0.6644021739130435 0.09578804347826086 0.014266304347826086 0.012228260869565218
0 0.5733695652173914 0.14266304347826086 0.017663043478260868 0.014266304347826086
0 0.5998641304347826 0.11073369565217392 0.015625 0.012907608695652174
0 0.5672554347826086 0.10461956521739131 0.015625 0.012228260869565218
0 0.5353260869565217 0.10869565217391304 0.015625 0.012228260869565218
0 0.5101902173913043 0.13790760869565216 0.017663043478260868 0.014266304347826086
0 0.483695652173913 0.13111413043478262 0.016983695652173912 0.01358695652173913
0 0.49320652173913043 0.12432065217391304 0.016304347826086956 0.01358695652173913
0 0.47554347826086957 0.18070652173913043 0.020380434782608696 0.016983695652173912
0 0.49796195652173914 0.18817934782608695 0.021059782608695652 0.016983695652173912
0 0.5258152173913043 0.16779891304347827 0.019021739130434784 0.015625
0 0.5808423913043478 0.2554347826086957 0.02309782608695652 0.019021739130434784
0 0.6494565217391305 0.250679347826087 0.025135869565217392 0.020380434782608696
0 0.36820652173913043 0.20244565217391305 0.021059782608695652 0.016983695652173912
0 0.43478260869565216 0.13926630434782608 0.017663043478260868 0.014945652173913044
0 0.3389945652173913 0.13111413043478262 0.018342391304347828 0.014945652173913044
0 0.19633152173913043 0.11752717391304347 0.01358695652173913 0.01154891304347826
0 0.19633152173913043 0.1480978260869565 0.016304347826086956 0.012907608695652174
0 0.20923913043478262 0.18206521739130435 0.017663043478260868 0.014266304347826086
0 0.21535326086956522 0.17798913043478262 0.017663043478260868 0.014266304347826086
0 0.19904891304347827 0.21535326086956522 0.019021739130434784 0.016304347826086956
0 0.2078804347826087 0.203125 0.018342391304347828 0.014945652173913044
0 0.2513586956521739 0.2296195652173913 0.021739130434782608 0.017663043478260868
0 0.15081521739130435 0.109375 0.014266304347826086 0.01154891304347826
0 0.15421195652173914 0.12024456521739131 0.014266304347826086 0.012228260869565218
0 0.15353260869565216 0.15625 0.016983695652173912 0.014266304347826086
0 0.13858695652173914 0.19361413043478262 0.019021739130434784 0.015625
0 0.10190217391304347 0.1956521739130435 0.019021739130434784 0.015625
0 0.09442934782608696 0.20584239130434784 0.01970108695652174 0.016304347826086956
0 0.07676630434782608 0.19701086956521738 0.01970108695652174 0.015625
0 0.009510869565217392 0.2554347826086957 0.018342391304347828 0.017663043478260868
0 0.18546195652173914 0.09714673913043478 0.012907608695652174 0.010190217391304348
0 0.01358695652173913 0.08491847826086957 0.012907608695652174 0.010190217391304348
0 0.03260869565217391 0.07880434782608696 0.012907608695652174 0.010190217391304348
0 0.019021739130434784 0.06114130434782609 0.012228260869565218 0.010190217391304348
0 0.07065217391304347 0.08831521739130435 0.012907608695652174 0.010869565217391304
0 0.13111413043478262 0.08016304347826086 0.012907608695652174 0.010869565217391304
0 0.12364130434782608 0.05638586956521739 0.012228260869565218 0.010190217391304348
0 0.15217391304347827 0.0625 0.012228260869565218 0.010190217391304348
0 0.1487771739130435 0.04823369565217391 0.012228260869565218 0.010190217391304348
0 0.15557065217391305 0.04483695652173913 0.012228260869565218 0.010190217391304348
0 0.16168478260869565 0.03260869565217391 0.01154891304347826 0.009510869565217392
0 0.13451086956521738 0.034646739130434784 0.01154891304347826 0.010190217391304348
0 0.18410326086956522 0.03125 0.01154891304347826 0.009510869565217392
0 0.21942934782608695 0.029211956521739132 0.010190217391304348 0.008831521739130434
0 0.24116847826086957 0.07404891304347826 0.012228260869565218 0.010190217391304348
0 0.2425271739130435 0.08559782608695653 0.012907608695652174 0.010190217391304348
0 0.2601902173913043 0.07472826086956522 0.012907608695652174 0.010869565217391304
0 0.30027173913043476 0.09578804347826086 0.014945652173913044 0.012228260869565218
0 0.25883152173913043 0.03328804347826087 0.010190217391304348 0.008152173913043478
0 0.25203804347826086 0.030570652173913044 0.010190217391304348 0.008152173913043478
0 0.266304347826087 0.024456521739130436 0.009510869565217392 0.008152173913043478
0 0.2710597826086957 0.03192934782608696 0.010190217391304348 0.008152173913043478
0 0.29415760869565216 0.02717391304347826 0.010190217391304348 0.008152173913043478
0 0.3029891304347826 0.03192934782608696 0.010190217391304348 0.008831521739130434
0 0.31046195652173914 0.03804347826086957 0.01154891304347826 0.009510869565217392
0 0.3267663043478261 0.09714673913043478 0.014945652173913044 0.012228260869565218
0 0.3389945652173913 0.06453804347826086 0.012907608695652174 0.010869565217391304
0 0.359375 0.06114130434782609 0.012907608695652174 0.010869565217391304
0 0.31929347826086957 0.042119565217391304 0.01154891304347826 0.009510869565217392
0 0.34375 0.029211956521739132 0.010190217391304348 0.008831521739130434
0 0.3953804347826087 0.03736413043478261 0.01154891304347826 0.009510869565217392
0 0.406929347826087 0.04076086956521739 0.01154891304347826 0.009510869565217392
0 0.41779891304347827 0.049592391304347824 0.012228260869565218 0.010190217391304348
0 0.45584239130434784 0.07948369565217392 0.012907608695652174 0.010869565217391304
0 0.4952445652173913 0.06861413043478261 0.01358695652173913 0.010869565217391304
0 0.514266304347826 0.0625 0.012907608695652174 0.010190217391304348
0 0.501358695652174 0.050271739130434784 0.012228260869565218 0.009510869565217392
0 0.5197010869565217 0.06997282608695653 0.012228260869565218 0.010190217391304348
0 0.529891304347826 0.058423913043478264 0.012228260869565218 0.010190217391304348
0 0.5434782608695652 0.06182065217391304 0.012228260869565218 0.010190217391304348
0 0.529891304347826 0.06589673913043478 0.012907608695652174 0.010190217391304348
0 0.5631793478260869 0.078125 0.01358695652173913 0.010869565217391304
0 0.6046195652173914 0.03260869565217391 0.010869565217391304 0.009510869565217392
0 0.5998641304347826 0.02309782608695652 0.010190217391304348 0.008831521739130434
0 0.6216032608695652 0.025815217391304348 0.01154891304347826 0.008831521739130434
0 0.6698369565217391 0.017663043478260868 0.010190217391304348 0.008831521739130434
0 0.6555706521739131 0.06521739130434782 0.01358695652173913 0.010869565217391304
0 0.7364130434782609 0.03192934782608696 0.01154891304347826 0.009510869565217392
0 0.7207880434782609 0.078125 0.01358695652173913 0.01154891304347826
0 0.6297554347826086 0.08899456521739131 0.014266304347826086 0.01154891304347826
0 0.7751358695652174 0.059103260869565216 0.01358695652173913 0.010869565217391304
0 0.7887228260869565 0.041440217391304345 0.012907608695652174 0.010869565217391304
0 0.7860054347826086 0.034646739130434784 0.012228260869565218 0.010190217391304348
0 0.7635869565217391 0.02377717391304348 0.010869565217391304 0.009510869565217392
0 0.7466032608695652 0.022418478260869564 0.010869565217391304 0.008831521739130434
0 0.8485054347826086 0.014945652173913044 0.01154891304347826 0.009510869565217392
0 0.889266304347826 0.04823369565217391 0.014266304347826086 0.012228260869565218
0 0.889266304347826 0.01358695652173913 0.01154891304347826 0.009510869565217392
0 0.9035326086956522 0.008831521739130434 0.01154891304347826 0.009510869565217392
0 0.9110054347826086 0.008831521739130434 0.01154891304347826 0.009510869565217392
0 0.920516304347826 0.005434782608695652 0.010869565217391304 0.008831521739130434
0 0.9293478260869565 0.006793478260869565 0.010190217391304348 0.008831521739130434
0 0.9300271739130435 0.015625 0.012228260869565218 0.009510869565217392
0 0.9524456521739131 0.0033967391304347825 0.010190217391304348 0.006793478260869565
0 0.9633152173913043 0.002717391304347826 0.010190217391304348 0.005434782608695652
0 0.9375 0.02377717391304348 0.012228260869565218 0.010190217391304348
0 0.9565217391304348 0.034646739130434784 0.01358695652173913 0.01154891304347826
0 0.970108695652174 0.09103260869565218 0.016304347826086956 0.01358695652173913
0 0.9415760869565217 0.11345108695652174 0.017663043478260868 0.014266304347826086
0 0.9864130434782609 0.05366847826086957 0.014945652173913044 0.012228260869565218
0 0.9945652173913043 0.04891304347826087 0.010190217391304348 0.012228260869565218
0 0.9769021739130435 0.034646739130434784 0.01358695652173913 0.010869565217391304
0 0.9932065217391305 0.035326086956521736 0.01358695652173913 0.010869565217391304
0 0.8376358695652174 0.008152173913043478 0.010190217391304348 0.008831521739130434
0 0.8220108695652174 0.008831521739130434 0.009510869565217392 0.008152173913043478
0 0.813858695652174 0.016304347826086956 0.010869565217391304 0.008831521739130434
0 0.8023097826086957 0.007472826086956522 0.009510869565217392 0.007472826086956522
0 0.7887228260869565 0.005434782608695652 0.009510869565217392 0.007472826086956522
0 0.7724184782608695 0.010190217391304348 0.009510869565217392 0.007472826086956522
0 0.7690217391304348 0.015625 0.010190217391304348 0.008152173913043478
0 0.7608695652173914 0.001358695652173913 0.008152173913043478 0.002717391304347826
0 0.71875 0.016304347826086956 0.010190217391304348 0.008152173913043478
0 0.7289402173913043 0.017663043478260868 0.010190217391304348 0.008831521739130434
0 0.6902173913043478 0.008831521739130434 0.009510869565217392 0.008152173913043478
0 0.6725543478260869 0.006793478260869565 0.008831521739130434 0.007472826086956522
0 0.6644021739130435 0.006114130434782609 0.008831521739130434 0.007472826086956522
0 0.657608695652174 0.008831521739130434 0.009510869565217392 0.008152173913043478
0 0.6161684782608695 0.0020380434782608695 0.008831521739130434 0.004076086956521739
0 0.5400815217391305 0.021739130434782608 0.010190217391304348 0.008831521739130434
0 0.5495923913043478 0.002717391304347826 0.008831521739130434 0.005434782608695652
0 0.5258152173913043 0.005434782608695652 0.009510869565217392 0.008152173913043478
0 0.516983695652174 0.0033967391304347825 0.009510869565217392 0.006114130434782609
0 0.49728260869565216 0.0033967391304347825 0.009510869565217392 0.006793478260869565
0 0.5047554347826086 0.007472826086956522 0.010190217391304348 0.008152173913043478
0 0.49116847826086957 0.0033967391304347825 0.009510869565217392 0.006793478260869565
0 0.4830163043478261 0.0020380434782608695 0.009510869565217392 0.004076086956521739
0 0.4986413043478261 0.014266304347826086 0.010190217391304348 0.008152173913043478
0 0.4904891304347826 0.019021739130434784 0.010190217391304348 0.008831521739130434
0 0.42866847826086957 0.020380434782608696 0.010190217391304348 0.008831521739130434
0 0.39877717391304346 0.024456521739130436 0.010190217391304348 0.008831521739130434
0 0.44157608695652173 0.0020380434782608695 0.009510869565217392 0.004076086956521739
0 0.46467391304347827 0.001358695652173913 0.008152173913043478 0.002717391304347826
0 0.35122282608695654 0.016983695652173912 0.009510869565217392 0.007472826086956522
0 0.35733695652173914 0.036005434782608696 0.010869565217391304 0.008831521739130434
0 0.36820652173913043 0.012907608695652174 0.009510869565217392 0.008152173913043478
0 0.31657608695652173 0.001358695652173913 0.008152173913043478 0.002717391304347826
0 0.3016304347826087 0.002717391304347826 0.008152173913043478 0.005434782608695652
0 0.3233695652173913 0.018342391304347828 0.009510869565217392 0.008152173913043478
0 0.3335597826086957 0.014945652173913044 0.009510869565217392 0.007472826086956522
0 0.2710597826086957 0.014266304347826086 0.008831521739130434 0.007472826086956522
0 0.25 0.002717391304347826 0.008152173913043478 0.004755434782608696
0 0.24048913043478262 0.004076086956521739 0.008831521739130434 0.007472826086956522
0 0.16032608695652173 0.020380434782608696 0.01154891304347826 0.009510869565217392
0 0.16915760869565216 0.02717391304347826 0.01154891304347826 0.009510869565217392
0 0.15557065217391305 0.028532608695652172 0.01154891304347826 0.009510869565217392
0 0.14673913043478262 0.025135869565217392 0.01154891304347826 0.009510869565217392
0 0.07608695652173914 0.016304347826086956 0.01154891304347826 0.008831521739130434
0 0.05638586956521739 0.021739130434782608 0.010869565217391304 0.008831521739130434
0 0.058423913043478264 0.008831521739130434 0.010869565217391304 0.008831521739130434
0 0.06046195652173913 0.0020380434782608695 0.010190217391304348 0.004076086956521739
0 0.08627717391304347 0.008831521739130434 0.010869565217391304 0.008831521739130434
0 0.09103260869565218 0.018342391304347828 0.01154891304347826 0.009510869565217392
0 0.08831521739130435 0.057744565217391304 0.012228260869565218 0.010190217391304348
0 0.07880434782608696 0.04619565217391304 0.012228260869565218 0.010190217391304348
0 0.09918478260869565 0.04619565217391304 0.012228260869565218 0.010190217391304348
0 0.042798913043478264 0.057744565217391304 0.012228260869565218 0.010190217391304348
0 0.06046195652173913 0.08763586956521739 0.012907608695652174 0.010869565217391304
0 0.16576086956521738 0.09510869565217392 0.01358695652173913 0.010869565217391304
0 0.002717391304347826 0.019021739130434784 0.005434782608695652 0.008152173913043478
0 0.007472826086956522 0.0033967391304347825 0.009510869565217392 0.006793478260869565
0 0.02309782608695652 0.0020380434782608695 0.010869565217391304 0.004076086956521739
0 0.970108695652174 0.042119565217391304 0.014266304347826086 0.012228260869565218
0 0.5828804347826086 0.028532608695652172 0.010869565217391304 0.008831521739130434
0 0.09171195652173914 0.11616847826086957 0.014945652173913044 0.012228260869565218
0 0.02717391304347826 0.059103260869565216 0.012228260869565218 0.010190217391304348
0 0.16032608695652173 0.21195652173913043 0.019021739130434784 0.015625
0 0.1644021739130435 0.20516304347826086 0.019021739130434784 0.015625
0 0.16304347826086957 0.18206521739130435 0.019021739130434784 0.014945652173913044
0 0.4470108695652174 0.08084239130434782 0.012907608695652174 0.010869565217391304
0 0.6807065217391305 0.06453804347826086 0.012907608695652174 0.010190217391304348
0 0.7574728260869565 0.09714673913043478 0.014266304347826086 0.012228260869565218
0 0.7649456521739131 0.09239130434782608 0.01358695652173913 0.01154891304347826
0 0.703125 0.22078804347826086 0.02309782608695652 0.019021739130434784