0 0.009510869565217392 0.6847826086956522 0.019021739130434784 0.030570652173913044
0 0.006793478260869565 0.609375 0.01358695652173913 0.026494565217391304
0 0.004076086956521739 0.5020380434782609 0.008152173913043478 0.012907608695652174
0 0.07336956521739131 0.41915760869565216 0.014266304347826086 0.017663043478260868
0 0.09103260869565218 0.42595108695652173 0.009510869565217392 0.010869565217391304
0 0.08423913043478261 0.46059782608695654 0.01154891304347826 0.012228260869565218
0 0.15896739130434784 0.46127717391304346 0.01154891304347826 0.012228260869565218
0 0.06317934782608696 0.5183423913043478 0.015625 0.014945652173913044
0 0.20991847826086957 0.6297554347826086 0.022418478260869564 0.025135869565217392
0 0.20040760869565216 0.673233695652174 0.022418478260869564 0.02717391304347826
0 0.2561141304347826 0.7404891304347826 0.026494565217391304 0.03125
0 0.04551630434782609 0.8485054347826086 0.027853260869565216 0.035326086956521736
0 0.36684782608695654 0.8464673913043478 0.03192934782608696 0.036005434782608696
0 0.452445652173913 0.7703804347826086 0.025815217391304348 0.03260869565217391
0 0.28940217391304346 0.7663043478260869 0.027853260869565216 0.030570652173913044
0 0.31657608695652173 0.6949728260869565 0.027853260869565216 0.03192934782608696
0 0.3220108695652174 0.6487771739130435 0.016983695652173912 0.024456521739130436
0 0.24864130434782608 0.654891304347826 0.02377717391304348 0.02717391304347826
0 0.3220108695652174 0.5971467391304348 0.021739130434782608 0.026494565217391304
0 0.37296195652173914 0.6331521739130435 0.016304347826086956 0.025135869565217392
0 0.44497282608695654 0.6440217391304348 0.021739130434782608 0.025135869565217392
0 0.4476902173913043 0.6895380434782609 0.025815217391304348 0.03125
0 0.5101902173913043 0.7146739130434783 0.029891304347826088 0.029211956521739132
0 0.33627717391304346 0.49728260869565216 0.010190217391304348 0.01358695652173913
0 0.2866847826086957 0.48165760869565216 0.010190217391304348 0.010869565217391304
0 0.3851902173913043 0.5033967391304348 0.012228260869565218 0.012228260869565218
0 0.4585597826086957 0.5210597826086957 0.014266304347826086 0.014945652173913044
0 0.4904891304347826 0.4701086956521739 0.010190217391304348 0.010869565217391304
0 0.47554347826086957 0.4157608695652174 0.008152173913043478 0.008831521739130434
0 0.49184782608695654 0.41304347826086957 0.008152173913043478 0.008831521739130434
0 0.41372282608695654 0.41440217391304346 0.008152173913043478 0.008831521739130434
0 0.406929347826087 0.4429347826086957 0.008152173913043478 0.010190217391304348
0 0.3967391304347826 0.4266304347826087 0.008152173913043478 0.009510869565217392
0 0.37228260869565216 0.422554347826087 0.006793478260869565 0.008831521739130434
0 0.35054347826086957 0.421875 0.006793478260869565 0.008831521739130434
0 0.34103260869565216 0.41304347826086957 0.008152173913043478 0.010190217391304348
0 0.2921195652173913 0.421875 0.008152173913043478 0.008831521739130434
0 0.2764945652173913 0.41983695652173914 0.006793478260869565 0.008831521739130434
0 0.2642663043478261 0.4123641304347826 0.006114130434782609 0.007472826086956522
0 0.546875 0.41508152173913043 0.006793478260869565 0.009510869565217392
0 0.5808423913043478 0.41032608695652173 0.007472826086956522 0.008831521739130434
0 0.626358695652174 0.4232336956521739 0.008152173913043478 0.008152173913043478
0 0.686141304347826 0.41915760869565216 0.006114130434782609 0.007472826086956522
0 0.720108695652174 0.47146739130434784 0.014266304347826086 0.014266304347826086
0 0.5441576086956522 0.46467391304347827 0.01970108695652174 0.021739130434782608
0 0.6019021739130435 0.46467391304347827 0.01154891304347826 0.012228260869565218
0 0.7574728260869565 0.6127717391304348 0.02377717391304348 0.024456521739130436
0 0.7452445652173914 0.6365489130434783 0.02377717391304348 0.026494565217391304
0 0.7139945652173914 0.6487771739130435 0.025815217391304348 0.026494565217391304
0 0.6216032608695652 0.6372282608695652 0.024456521739130436 0.026494565217391304
0 0.5917119565217391 0.6480978260869565 0.025815217391304348 0.02377717391304348
0 0.5264945652173914 0.610733695652174 0.021059782608695652 0.02377717391304348
0 0.8254076086956522 0.7235054347826086 0.024456521739130436 0.025135869565217392
0 0.8335597826086957 0.6644021739130435 0.025815217391304348 0.024456521739130436
0 0.9014945652173914 0.6161684782608695 0.026494565217391304 0.026494565217391304
0 0.8315217391304348 0.49252717391304346 0.010190217391304348 0.012228260869565218
0 0.8430706521739131 0.47282608695652173 0.01154891304347826 0.012228260869565218
0 0.9633152173913043 0.436820652173913 0.010190217391304348 0.010869565217391304
0 0.9578804347826086 0.41983695652173914 0.008152173913043478 0.008831521739130434
0 0.8953804347826086 0.4116847826086957 0.008152173913043478 0.008831521739130434
0 0.8824728260869565 0.422554347826087 0.008152173913043478 0.008831521739130434
0 0.8600543478260869 0.4123641304347826 0.007472826086956522 0.008152173913043478
0 0.8118206521739131 0.421195652173913 0.008152173913043478 0.007472826086956522
0 0.7778532608695652 0.4205163043478261 0.014266304347826086 0.016983695652173912
0 0.7792119565217391 0.46603260869565216 0.015625 0.019021739130434784
0 0.001358695652173913 0.9735054347826086 0.0020380434782608695 0.03192934782608696
0 0.008152173913043478 0.7697010869565217 0.015625 0.027853260869565216
0 0.057065217391304345 0.4123641304347826 0.012907608695652174 0.012228260869565218
0 0.014945652173913044 0.41508152173913043 0.01358695652173913 0.01154891304347826
0 0.10054347826086957 0.4361413043478261 0.012228260869565218 0.010869565217391304
0 0.11209239130434782 0.4701086956521739 0.01358695652173913 0.012228260869565218
0 0.23097826086956522 0.42595108695652173 0.009510869565217392 0.008152173913043478
0 0.24660326086956522 0.42595108695652173 0.009510869565217392 0.008152173913043478
0 0.2112771739130435 0.47078804347826086 0.012228260869565218 0.010869565217391304
0 0.13722826086956522 0.515625 0.016983695652173912 0.014945652173913044
0 0.2296195652173913 0.515625 0.016983695652173912 0.014945652173913044
0 0.06182065217391304 0.4157608695652174 0.01358695652173913 0.01154891304347826
0 0.028532608695652172 0.6338315217391305 0.025815217391304348 0.022418478260869564
0 0.06929347826086957 0.6290760869565217 0.024456521739130436 0.021739130434782608
0 0.11141304347826086 0.5930706521739131 0.02309782608695652 0.01970108695652174
0 0.1610054347826087 0.6059782608695652 0.02309782608695652 0.021059782608695652
0 0.16915760869565216 0.6351902173913043 0.025815217391304348 0.022418478260869564
0 0.19701086956521738 0.5998641304347826 0.022418478260869564 0.01970108695652174
0 0.04823369565217391 0.6691576086956522 0.02717391304347826 0.02377717391304348
0 0.057065217391304345 0.6990489130434783 0.028532608695652172 0.025135869565217392
0 0.11073369565217392 0.654891304347826 0.025815217391304348 0.02309782608695652
0 0.06997282608695653 0.7391304347826086 0.029891304347826088 0.026494565217391304
0 0.14605978260869565 0.6766304347826086 0.027853260869565216 0.025135869565217392
0 0.3016304347826087 0.6059782608695652 0.022418478260869564 0.01970108695652174
0 0.22146739130434784 0.7065217391304348 0.027853260869565216 0.025135869565217392
0 0.15760869565217392 0.7663043478260869 0.03125 0.02717391304347826
0 0.044157608695652176 0.8383152173913043 0.03260869565217391 0.029891304347826088
0 0.13519021739130435 0.8050271739130435 0.03260869565217391 0.028532608695652172
0 0.22214673913043478 0.8355978260869565 0.033967391304347824 0.029891304347826088
0 0.25747282608695654 0.8029891304347826 0.03328804347826087 0.029891304347826088
0 0.37771739130434784 0.7452445652173914 0.029891304347826088 0.02717391304347826
0 0.30502717391304346 0.670516304347826 0.026494565217391304 0.02377717391304348
0 0.40625 0.608016304347826 0.022418478260869564 0.020380434782608696
0 0.4266304347826087 0.6052989130434783 0.021739130434782608 0.01970108695652174
0 0.40896739130434784 0.6542119565217391 0.025815217391304348 0.02377717391304348
0 0.48097826086956524 0.6324728260869565 0.025135869565217392 0.021739130434782608
0 0.4578804347826087 0.6779891304347826 0.026494565217391304 0.02377717391304348
0 0.3811141304347826 0.7038043478260869 0.027853260869565216 0.025135869565217392
0 0.31997282608695654 0.5217391304347826 0.017663043478260868 0.015625
0 0.2758152173913043 0.48845108695652173 0.012228260869565218 0.010869565217391304
0 0.26834239130434784 0.48233695652173914 0.012228260869565218 0.010869565217391304
0 0.47554347826086957 0.5217391304347826 0.018342391304347828 0.016304347826086956
0 0.4639945652173913 0.46195652173913043 0.01358695652173913 0.012228260869565218
0 0.47214673913043476 0.42866847826086957 0.010190217391304348 0.009510869565217392
0 0.41847826086956524 0.43410326086956524 0.009510869565217392 0.008152173913043478
0 0.3797554347826087 0.4375 0.010190217391304348 0.008831521739130434
0 0.6351902173913043 0.41440217391304346 0.009510869565217392 0.008831521739130434
0 0.6650815217391305 0.4116847826086957 0.010190217391304348 0.008152173913043478
0 0.717391304347826 0.41779891304347827 0.010190217391304348 0.008831521739130434
0 0.7608695652173914 0.453804347826087 0.012907608695652174 0.01154891304347826
0 0.5652173913043478 0.4585597826086957 0.014266304347826086 0.012907608695652174
0 0.6657608695652174 0.6019021739130435 0.02377717391304348 0.021059782608695652
0 0.6453804347826086 0.6120923913043478 0.024456521739130436 0.021739130434782608
0 0.529891304347826 0.5957880434782609 0.024456521739130436 0.021059782608695652
0 0.5427989130434783 0.5210597826086957 0.018342391304347828 0.016304347826086956
0 0.5733695652173914 0.5271739130434783 0.019021739130434784 0.016983695652173912
0 0.6297554347826086 0.5292119565217391 0.01970108695652174 0.017663043478260868
0 0.6922554347826086 0.53125 0.01970108695652174 0.018342391304347828
0 0.7452445652173914 0.5033967391304348 0.017663043478260868 0.015625
0 0.717391304347826 0.6834239130434783 0.026494565217391304 0.02377717391304348
0 0.6745923913043478 0.7139945652173914 0.028532608695652172 0.025135869565217392
0 0.579483695652174 0.671875 0.027853260869565216 0.025135869565217392
0 0.5394021739130435 0.657608695652174 0.025815217391304348 0.02309782608695652
0 0.546875 0.6895380434782609 0.027853260869565216 0.025135869565217392
0 0.5631793478260869 0.7452445652173914 0.030570652173913044 0.02717391304347826
0 0.6209239130434783 0.7581521739130435 0.03125 0.027853260869565216
0 0.6834239130434783 0.7432065217391305 0.029891304347826088 0.026494565217391304
0 0.5631793478260869 0.8417119565217391 0.034646739130434784 0.030570652173913044
0 0.7024456521739131 0.9836956521739131 0.03940217391304348 0.03192934782608696
0 0.5679347826086957 0.845108695652174 0.034646739130434784 0.03125
0 0.9191576086956522 0.845108695652174 0.026494565217391304 0.02377717391304348
0 0.9898097826086957 0.78125 0.01970108695652174 0.029211956521739132
0 0.8933423913043478 0.8097826086956522 0.026494565217391304 0.02377717391304348
0 0.8457880434782609 0.7404891304347826 0.026494565217391304 0.02377717391304348
0 0.9245923913043478 0.6766304347826086 0.027853260869565216 0.02377717391304348
0 0.8648097826086957 0.6976902173913043 0.028532608695652172 0.025135869565217392
0 0.8308423913043478 0.6480978260869565 0.025815217391304348 0.02309782608695652
0 0.782608695652174 0.6779891304347826 0.026494565217391304 0.02377717391304348
0 0.8023097826086957 0.6005434782608695 0.02309782608695652 0.020380434782608696
0 0.8783967391304348 0.6324728260869565 0.025135869565217392 0.022418478260869564
0 0.9198369565217391 0.6025815217391305 0.02309782608695652 0.021059782608695652
0 0.9755434782608695 0.5801630434782609 0.02309782608695652 0.020380434782608696
0 0.8885869565217391 0.5278532608695652 0.020380434782608696 0.018342391304347828
0 0.9042119565217391 0.5251358695652174 0.01970108695652174 0.017663043478260868
0 0.8084239130434783 0.5251358695652174 0.019021739130434784 0.016983695652173912
0 0.7724184782608695 0.5258152173913043 0.019021739130434784 0.017663043478260868
0 0.9782608695652174 0.42934782608695654 0.009510869565217392 0.008152173913043478
0 0.9334239130434783 0.41508152173913043 0.008152173913043478 0.007472826086956522
0 0.8573369565217391 0.43070652173913043 0.012228260869565218 0.010869565217391304
0 0.9381793478260869 0.4313858695652174 0.009510869565217392 0.008152173913043478
0 0.7119565217391305 0.2921195652173913 0.014945652173913044 0.01358695652173913
0 0.7452445652173914 0.2418478260869565 0.008831521739130434 0.008152173913043478
0 0.7418478260869565 0.34103260869565216 0.057065217391304345 0.051630434782608696
0 0.7085597826086957 0.3654891304347826 0.0033967391304347825 0.0033967391304347825
0 0.6148097826086957 0.3688858695652174 0.008831521739130434 0.008152173913043478
0 0.6555706521739131 0.6596467391304348 0.02717391304347826 0.024456521739130436