0 0.7479619565217391 0.5278532608695652 0.025815217391304348 0.03872282608695652
0 0.9904891304347826 0.43342391304347827 0.015625 0.016304347826086956
0 0.9572010869565217 0.41779891304347827 0.015625 0.016983695652173912
0 0.9422554347826086 0.41372282608695654 0.015625 0.016304347826086956
0 0.9225543478260869 0.4123641304347826 0.019021739130434784 0.016983695652173912
0 0.9021739130434783 0.4001358695652174 0.016983695652173912 0.015625
0 0.8519021739130435 0.38315217391304346 0.014945652173913044 0.01358695652173913
0 0.8125 0.3845108695652174 0.012907608695652174 0.012907608695652174
0 0.779891304347826 0.3845108695652174 0.012907608695652174 0.012228260869565218
0 0.7092391304347826 0.375 0.012907608695652174 0.012907608695652174
0 0.6793478260869565 0.374320652173913 0.01154891304347826 0.010190217391304348
0 0.6501358695652174 0.37160326086956524 0.01154891304347826 0.010190217391304348
0 0.626358695652174 0.35190217391304346 0.01154891304347826 0.012228260869565218
0 0.657608695652174 0.35258152173913043 0.009510869565217392 0.012228260869565218
0 0.6820652173913043 0.359375 0.01154891304347826 0.010190217391304348
0 0.704483695652174 0.35733695652173914 0.01154891304347826 0.012907608695652174
0 0.7364130434782609 0.3641304347826087 0.009510869565217392 0.010190217391304348
0 0.7683423913043478 0.3654891304347826 0.012907608695652174 0.012228260869565218
0 0.8002717391304348 0.36752717391304346 0.01154891304347826 0.010190217391304348
0 0.8342391304347826 0.37092391304347827 0.012907608695652174 0.012228260869565218
0 0.8668478260869565 0.374320652173913 0.012907608695652174 0.012228260869565218
0 0.90625 0.37092391304347827 0.016983695652173912 0.01358695652173913
0 0.9938858695652174 0.3953804347826087 0.01154891304347826 0.016983695652173912
0 0.9884510869565217 0.3858695652173913 0.016983695652173912 0.016304347826086956
0 0.9775815217391305 0.36141304347826086 0.015625 0.01358695652173913
0 0.9327445652173914 0.35665760869565216 0.014945652173913044 0.012907608695652174
0 0.8940217391304348 0.35529891304347827 0.014945652173913044 0.012907608695652174
0 0.8641304347826086 0.35190217391304346 0.012907608695652174 0.012228260869565218
0 0.8274456521739131 0.35258152173913043 0.012907608695652174 0.012228260869565218
0 0.7832880434782609 0.35190217391304346 0.012907608695652174 0.012228260869565218
0 0.748641304347826 0.3498641304347826 0.009510869565217392 0.010190217391304348
0 0.7072010869565217 0.34646739130434784 0.009510869565217392 0.010190217391304348
0 0.6936141304347826 0.34714673913043476 0.01154891304347826 0.010190217391304348
0 0.657608695652174 0.3423913043478261 0.009510869565217392 0.009510869565217392
0 0.6066576086956522 0.3389945652173913 0.009510869565217392 0.010190217391304348
0 0.6175271739130435 0.32540760869565216 0.008831521739130434 0.009510869565217392
0 0.6453804347826086 0.31453804347826086 0.008831521739130434 0.007472826086956522
0 0.6698369565217391 0.31657608695652173 0.009510869565217392 0.009510869565217392
0 0.6752717391304348 0.328125 0.008831521739130434 0.010190217391304348
0 0.6970108695652174 0.33152173913043476 0.009510869565217392 0.010190217391304348
0 0.6990489130434783 0.32133152173913043 0.007472826086956522 0.007472826086956522
0 0.7207880434782609 0.31997282608695654 0.007472826086956522 0.006793478260869565
0 0.7207880434782609 0.33220108695652173 0.008831521739130434 0.010190217391304348
0 0.748641304347826 0.31929347826086957 0.008831521739130434 0.009510869565217392
0 0.7466032608695652 0.33559782608695654 0.009510869565217392 0.009510869565217392
0 0.7697010869565217 0.3335597826086957 0.009510869565217392 0.009510869565217392
0 0.7819293478260869 0.3220108695652174 0.008831521739130434 0.007472826086956522
0 0.8043478260869565 0.32133152173913043 0.008831521739130434 0.009510869565217392
0 0.8050271739130435 0.33220108695652173 0.01154891304347826 0.010869565217391304
0 0.8335597826086957 0.32404891304347827 0.009510869565217392 0.010190217391304348
0 0.8396739130434783 0.3389945652173913 0.009510869565217392 0.012228260869565218
0 0.8661684782608695 0.327445652173913 0.009510869565217392 0.010190217391304348
0 0.876358695652174 0.3389945652173913 0.012907608695652174 0.012228260869565218
0 0.8960597826086957 0.328125 0.009510869565217392 0.010869565217391304
0 0.9130434782608695 0.33559782608695654 0.012907608695652174 0.012907608695652174
0 0.9300271739130435 0.328125 0.01154891304347826 0.010190217391304348
0 0.951766304347826 0.34375 0.014945652173913044 0.012907608695652174
0 0.9619565217391305 0.33220108695652173 0.01154891304347826 0.010190217391304348
0 0.9918478260869565 0.33084239130434784 0.010869565217391304 0.010190217391304348
0 0.9938858695652174 0.34578804347826086 0.01154891304347826 0.01358695652173913
0 0.5285326086956522 0.37160326086956524 0.009510869565217392 0.010190217391304348
0 0.5122282608695652 0.313179347826087 0.008831521739130434 0.009510869565217392
0 0.5061141304347826 0.32540760869565216 0.008831521739130434 0.007472826086956522
0 0.5074728260869565 0.35054347826086957 0.009510869565217392 0.009510869565217392
0 0.4938858695652174 0.36820652173913043 0.009510869565217392 0.010190217391304348
0 0.46535326086956524 0.36616847826086957 0.009510869565217392 0.010190217391304348
0 0.43478260869565216 0.36141304347826086 0.009510869565217392 0.010190217391304348
0 0.40828804347826086 0.3607336956521739 0.009510869565217392 0.009510869565217392
0 0.421195652173913 0.34714673913043476 0.008831521739130434 0.010190217391304348
0 0.4205163043478261 0.33220108695652173 0.007472826086956522 0.007472826086956522
0 0.43410326086956524 0.344429347826087 0.009510869565217392 0.010190217391304348
0 0.44972826086956524 0.3485054347826087 0.009510869565217392 0.009510869565217392
0 0.47690217391304346 0.3491847826086957 0.008831521739130434 0.010190217391304348
0 0.4857336956521739 0.31046195652173914 0.008831521739130434 0.007472826086956522
0 0.45040760869565216 0.30502717391304346 0.008831521739130434 0.007472826086956522
0 0.4578804347826087 0.3125 0.007472826086956522 0.009510869565217392
0 0.4544836956521739 0.3220108695652174 0.007472826086956522 0.007472826086956522
0 0.44565217391304346 0.33152173913043476 0.008831521739130434 0.009510869565217392
0 0.43342391304347827 0.32133152173913043 0.008831521739130434 0.009510869565217392
0 0.43002717391304346 0.313179347826087 0.007472826086956522 0.006793478260869565
0 0.40353260869565216 0.3023097826086957 0.007472826086956522 0.006114130434782609
0 0.38858695652173914 0.31929347826086957 0.007472826086956522 0.006793478260869565
0 0.39809782608695654 0.33152173913043476 0.007472826086956522 0.009510869565217392
0 0.39334239130434784 0.3485054347826087 0.008831521739130434 0.009510869565217392
0 0.375679347826087 0.375679347826087 0.01154891304347826 0.012228260869565218
0 0.37907608695652173 0.3607336956521739 0.009510869565217392 0.009510869565217392
0 0.35190217391304346 0.360054347826087 0.009510869565217392 0.010190217391304348
0 0.3294836956521739 0.358695652173913 0.008831521739130434 0.009510869565217392
0 0.3070652173913043 0.36141304347826086 0.009510869565217392 0.010190217391304348
0 0.2798913043478261 0.35733695652173914 0.009510869565217392 0.009510869565217392
0 0.28804347826086957 0.343070652173913 0.009510869565217392 0.009510869565217392
0 0.32065217391304346 0.3451086956521739 0.008831521739130434 0.010190217391304348
0 0.3125 0.34035326086956524 0.008831521739130434 0.009510869565217392
0 0.30910326086956524 0.328125 0.008831521739130434 0.009510869565217392
0 0.32404891304347827 0.31929347826086957 0.007472826086956522 0.009510869565217392
0 0.328804347826087 0.328125 0.008831521739130434 0.007472826086956522
0 0.34375 0.32133152173913043 0.008831521739130434 0.007472826086956522
0 0.35258152173913043 0.313179347826087 0.007472826086956522 0.006793478260869565
0 0.3641304347826087 0.3186141304347826 0.007472826086956522 0.006793478260869565
0 0.37092391304347827 0.30910326086956524 0.007472826086956522 0.006793478260869565
0 0.375 0.33220108695652173 0.009510869565217392 0.009510869565217392
0 0.36616847826086957 0.3491847826086957 0.009510869565217392 0.010190217391304348
0 0.343070652173913 0.34714673913043476 0.008831521739130434 0.010190217391304348
0 0.3389945652173913 0.34171195652173914 0.008831521739130434 0.009510869565217392
0 0.33084239130434784 0.38383152173913043 0.012907608695652174 0.01358695652173913
0 0.1983695652173913 0.3736413043478261 0.01154891304347826 0.01358695652173913
0 0.40217391304347827 0.8315217391304348 0.18478260869565216 0.1644021739130435
0 0.010869565217391304 0.6052989130434783 0.021059782608695652 0.14130434782608695
0 0.08559782608695653 0.5285326086956522 0.04076086956521739 0.03736413043478261
0 0.044157608695652176 0.49660326086956524 0.028532608695652172 0.029891304347826088
0 0.03804347826086957 0.45720108695652173 0.03192934782608696 0.026494565217391304
0 0.04483695652173913 0.44633152173913043 0.015625 0.012907608695652174
0 0.19021739130434784 0.5869565217391305 0.06046195652173913 0.06997282608695653
0 0.23641304347826086 0.5563858695652174 0.046875 0.04483695652173913
0 0.25747282608695654 0.47554347826086957 0.027853260869565216 0.025815217391304348
0 0.3294836956521739 0.4748641304347826 0.028532608695652172 0.024456521739130436
0 0.4470108695652174 0.6725543478260869 0.10529891304347826 0.08627717391304347
0 0.07540760869565218 0.45991847826086957 0.022418478260869564 0.018342391304347828
0 0.842391304347826 0.5760869565217391 0.07540760869565218 0.05502717391304348
0 0.7866847826086957 0.53125 0.035326086956521736 0.027853260869565216
0 0.8709239130434783 0.53125 0.03328804347826087 0.027853260869565216
0 0.9259510869565217 0.5597826086956522 0.036005434782608696 0.029211956521739132
0 0.9408967391304348 0.5346467391304348 0.033967391304347824 0.027853260869565216
0 0.9789402173913043 0.5828804347826086 0.041440217391304345 0.042119565217391304
0 0.9850543478260869 0.5251358695652174 0.020380434782608696 0.016983695652173912
0 0.9789402173913043 0.4266304347826087 0.019021739130434784 0.014945652173913044
0 0.9198369565217391 0.4014945652173913 0.018342391304347828 0.014945652173913044
0 0.748641304347826 0.38179347826086957 0.012907608695652174 0.010869565217391304
0 0.6046195652173914 0.3804347826086957 0.012907608695652174 0.010190217391304348
0 0.6345108695652174 0.34035326086956524 0.010869565217391304 0.009510869565217392
0 0.6474184782608695 0.3294836956521739 0.010869565217391304 0.008831521739130434
0 0.41372282608695654 0.33967391304347827 0.010869565217391304 0.008831521739130434
0 0.40828804347826086 0.3111413043478261 0.007472826086956522 0.006793478260869565
0 0.391304347826087 0.30842391304347827 0.007472826086956522 0.006114130434782609
0 0.38722826086956524 0.33627717391304346 0.009510869565217392 0.007472826086956522
0 0.36141304347826086 0.33967391304347827 0.010869565217391304 0.008831521739130434
0 0.12432065217391304 0.3389945652173913 0.010869565217391304 0.008831521739130434
0 0.22214673913043478 0.4626358695652174 0.007472826086956522 0.006114130434782609
0 0.018342391304347828 0.30502717391304346 0.009510869565217392 0.007472826086956522