0 0.5733695652173914 0.45108695652173914 0.043478260869565216 0.042798913043478264
0 0.6752717391304348 0.4076086956521739 0.03260869565217391 0.026494565217391304
0 0.9436141304347826 0.4578804347826087 0.012907608695652174 0.010869565217391304
0 0.9483695652173914 0.4436141304347826 0.010190217391304348 0.008831521739130434
0 0.9911684782608695 0.43070652173913043 0.010190217391304348 0.008831521739130434
0 0.9877717391304348 0.5149456521739131 0.024456521739130436 0.029891304347826088
0 0.27377717391304346 0.6317934782608695 0.10529891304347826 0.059103260869565216
0 0.6012228260869565 0.5964673913043478 0.09918478260869565 0.09103260869565218
0 0.7078804347826086 0.5332880434782609 0.033967391304347824 0.02309782608695652
0 0.6148097826086957 0.5067934782608695 0.03260869565217391 0.021739130434782608
0 0.8797554347826086 0.5122282608695652 0.034646739130434784 0.02309782608695652
0 0.936141304347826 0.48845108695652173 0.028532608695652172 0.019021739130434784
0 0.9021739130434783 0.6351902173913043 0.078125 0.052309782608695655
0 0.9347826086956522 0.4375 0.0020380434782608695 0.0020380434782608695