0 0.38858695652173914 0.720108695652174 0.042119565217391304 0.050951086956521736
0 0.26222826086956524 0.6154891304347826 0.029891304347826088 0.028532608695652172
0 0.3451086956521739 0.6800271739130435 0.034646739130434784 0.03804347826086957
0 0.08152173913043478 0.5529891304347826 0.02717391304347826 0.021059782608695652
0 0.010190217391304348 0.561141304347826 0.01970108695652174 0.028532608695652172
0 0.020380434782608696 0.48845108695652173 0.01358695652173913 0.010869565217391304
0 0.12907608695652173 0.4986413043478261 0.016983695652173912 0.014945652173913044
0 0.09103260869565218 0.5210597826086957 0.02377717391304348 0.020380434782608696
0 0.13451086956521738 0.5543478260869565 0.022418478260869564 0.018342391304347828
0 0.14741847826086957 0.5495923913043478 0.024456521739130436 0.022418478260869564
0 0.17866847826086957 0.6039402173913043 0.028532608695652172 0.027853260869565216
0 0.22418478260869565 0.529891304347826 0.018342391304347828 0.018342391304347828
0 0.25271739130434784 0.4945652173913043 0.018342391304347828 0.016983695652173912
0 0.280570652173913 0.49184782608695654 0.016983695652173912 0.014945652173913044
0 0.2921195652173913 0.5271739130434783 0.018342391304347828 0.017663043478260868
0 0.28125 0.5434782608695652 0.022418478260869564 0.018342391304347828
0 0.2595108695652174 0.5618206521739131 0.018342391304347828 0.018342391304347828
0 0.29415760869565216 0.5842391304347826 0.02377717391304348 0.025135869565217392
0 0.421195652173913 0.5957880434782609 0.022418478260869564 0.02377717391304348
0 0.4585597826086957 0.592391304347826 0.028532608695652172 0.025815217391304348
0 0.3328804347826087 0.5502717391304348 0.01970108695652174 0.020380434782608696
0 0.3233695652173913 0.5387228260869565 0.018342391304347828 0.017663043478260868
0 0.30978260869565216 0.5645380434782609 0.024456521739130436 0.02377717391304348
0 0.3070652173913043 0.5040760869565217 0.018342391304347828 0.014945652173913044
0 0.3389945652173913 0.5061141304347826 0.02377717391304348 0.020380434782608696
0 0.35733695652173914 0.53125 0.02717391304347826 0.025135869565217392
0 0.4110054347826087 0.5332880434782609 0.024456521739130436 0.020380434782608696
0 0.4476902173913043 0.515625 0.01970108695652174 0.017663043478260868
0 0.44904891304347827 0.501358695652174 0.016983695652173912 0.014945652173913044
0 0.422554347826087 0.5074728260869565 0.01970108695652174 0.018342391304347828
0 0.37092391304347827 0.4904891304347826 0.01970108695652174 0.018342391304347828
0 0.3328804347826087 0.4857336956521739 0.018342391304347828 0.016983695652173912
0 0.3695652173913043 0.4789402173913043 0.014945652173913044 0.012228260869565218
0 0.4273097826086957 0.49184782608695654 0.018342391304347828 0.016983695652173912
0 0.4422554347826087 0.48029891304347827 0.01358695652173913 0.010869565217391304
0 0.4585597826086957 0.47758152173913043 0.018342391304347828 0.017663043478260868
0 0.48777173913043476 0.4945652173913043 0.016983695652173912 0.014945652173913044
0 0.4830163043478261 0.5061141304347826 0.01358695652173913 0.016983695652173912
0 0.5305706521739131 0.5183423913043478 0.01358695652173913 0.012228260869565218
0 0.5183423913043478 0.4830163043478261 0.018342391304347828 0.017663043478260868
0 0.5631793478260869 0.5047554347826086 0.01970108695652174 0.017663043478260868
0 0.08491847826086957 0.4327445652173913 0.016983695652173912 0.014945652173913044
0 0.2669836956521739 0.4048913043478261 0.010190217391304348 0.008152173913043478
0 0.25271739130434784 0.4279891304347826 0.010869565217391304 0.010190217391304348
0 0.24456521739130435 0.43546195652173914 0.01358695652173913 0.01358695652173913
0 0.23505434782608695 0.44565217391304346 0.01358695652173913 0.012228260869565218
0 0.1922554347826087 0.452445652173913 0.014945652173913044 0.012228260869565218
0 0.16508152173913043 0.44157608695652173 0.010869565217391304 0.010869565217391304
0 0.14266304347826086 0.45516304347826086 0.010869565217391304 0.010869565217391304
0 0.22486413043478262 0.4789402173913043 0.01358695652173913 0.012228260869565218
0 0.2907608695652174 0.47622282608695654 0.016983695652173912 0.016983695652173912
0 0.25815217391304346 0.44157608695652173 0.014945652173913044 0.012228260869565218
0 0.3179347826086957 0.4001358695652174 0.008831521739130434 0.010190217391304348
0 0.31046195652173914 0.44089673913043476 0.01358695652173913 0.012907608695652174
0 0.343070652173913 0.43953804347826086 0.010869565217391304 0.010869565217391304
0 0.35054347826086957 0.4048913043478261 0.010190217391304348 0.010190217391304348
0 0.3491847826086957 0.422554347826087 0.010869565217391304 0.010869565217391304
0 0.3654891304347826 0.436820652173913 0.01358695652173913 0.010869565217391304
0 0.37092391304347827 0.42934782608695654 0.010869565217391304 0.012228260869565218
0 0.38654891304347827 0.41372282608695654 0.010190217391304348 0.007472826086956522
0 0.3892663043478261 0.42391304347826086 0.014945652173913044 0.012907608695652174
0 0.42527173913043476 0.42391304347826086 0.010869565217391304 0.010869565217391304
0 0.4014945652173913 0.4157608695652174 0.010190217391304348 0.010190217391304348
0 0.4585597826086957 0.4110054347826087 0.010869565217391304 0.010190217391304348
0 0.47146739130434784 0.4123641304347826 0.008831521739130434 0.007472826086956522
0 0.4673913043478261 0.43342391304347827 0.01358695652173913 0.010869565217391304
0 0.44157608695652173 0.43342391304347827 0.01358695652173913 0.010869565217391304
0 0.33152173913043476 0.47146739130434784 0.016983695652173912 0.01358695652173913
0 0.39266304347826086 0.4429347826086957 0.01358695652173913 0.012907608695652174
0 0.40285326086956524 0.43953804347826086 0.01358695652173913 0.012228260869565218
0 0.45720108695652173 0.4476902173913043 0.014945652173913044 0.014945652173913044
0 0.4898097826086957 0.44565217391304346 0.01358695652173913 0.012228260869565218
0 0.5033967391304348 0.438179347826087 0.01358695652173913 0.010869565217391304
0 0.5210597826086957 0.44904891304347827 0.014945652173913044 0.014945652173913044
0 0.5285326086956522 0.44565217391304346 0.01358695652173913 0.01358695652173913
0 0.5244565217391305 0.4266304347826087 0.010190217391304348 0.010190217391304348
0 0.514266304347826 0.4205163043478261 0.010190217391304348 0.010190217391304348
0 0.49660326086956524 0.4232336956521739 0.010190217391304348 0.010190217391304348
0 0.6650815217391305 0.7119565217391305 0.03804347826086957 0.036005434782608696
0 0.5903532608695652 0.5577445652173914 0.01358695652173913 0.010869565217391304
0 0.5910326086956522 0.5095108695652174 0.014945652173913044 0.012907608695652174
0 0.578125 0.5230978260869565 0.01358695652173913 0.01358695652173913
0 0.5461956521739131 0.484375 0.014945652173913044 0.014945652173913044
0 0.5774456521739131 0.49320652173913043 0.014945652173913044 0.014945652173913044
0 0.5679347826086957 0.47146739130434784 0.016304347826086956 0.01358695652173913
0 0.6188858695652174 0.529891304347826 0.016983695652173912 0.01358695652173913
0 0.6589673913043478 0.53125 0.010869565217391304 0.010869565217391304
0 0.6630434782608695 0.5197010869565217 0.014945652173913044 0.012907608695652174
0 0.6976902173913043 0.516983695652174 0.014945652173913044 0.014945652173913044
0 0.7275815217391305 0.5067934782608695 0.01358695652173913 0.010869565217391304
0 0.779891304347826 0.5373641304347826 0.016304347826086956 0.016983695652173912
0 0.6222826086956522 0.4952445652173913 0.01358695652173913 0.01358695652173913
0 0.6005434782608695 0.48097826086956524 0.014945652173913044 0.012907608695652174
0 0.6304347826086957 0.47554347826086957 0.01358695652173913 0.012228260869565218
0 0.6528532608695652 0.4857336956521739 0.016304347826086956 0.014945652173913044
0 0.5686141304347826 0.4544836956521739 0.014945652173913044 0.01358695652173913
0 0.5394021739130435 0.43410326086956524 0.010869565217391304 0.010190217391304348
0 0.5985054347826086 0.4483695652173913 0.014945652173913044 0.01358695652173913
0 0.6127717391304348 0.4375 0.010869565217391304 0.012228260869565218
0 0.6317934782608695 0.45584239130434784 0.010869565217391304 0.010869565217391304
0 0.6528532608695652 0.44157608695652173 0.010869565217391304 0.012907608695652174
0 0.6793478260869565 0.42527173913043476 0.008831521739130434 0.008152173913043478
0 0.6983695652173914 0.4470108695652174 0.01358695652173913 0.01358695652173913
0 0.7207880434782609 0.45108695652173914 0.010869565217391304 0.012907608695652174
0 0.733016304347826 0.438179347826087 0.010869565217391304 0.010190217391304348
0 0.7398097826086957 0.4476902173913043 0.01358695652173913 0.010869565217391304
0 0.751358695652174 0.45516304347826086 0.010869565217391304 0.010869565217391304
0 0.7615489130434783 0.48029891304347827 0.01358695652173913 0.012907608695652174
0 0.671875 0.4857336956521739 0.014945652173913044 0.012907608695652174
0 0.6868206521739131 0.485054347826087 0.014945652173913044 0.012907608695652174
0 0.71875 0.4782608695652174 0.014945652173913044 0.01358695652173913
0 0.7411684782608695 0.49116847826086957 0.010869565217391304 0.01358695652173913
0 0.7948369565217391 0.48777173913043476 0.016983695652173912 0.016983695652173912
0 0.8023097826086957 0.47214673913043476 0.01358695652173913 0.012228260869565218
0 0.7601902173913043 0.44089673913043476 0.01358695652173913 0.010869565217391304
0 0.7561141304347826 0.4313858695652174 0.010869565217391304 0.010869565217391304
0 0.7703804347826086 0.4327445652173913 0.010869565217391304 0.010190217391304348
0 0.7907608695652174 0.4273097826086957 0.010190217391304348 0.010190217391304348
0 0.7860054347826086 0.43546195652173914 0.01358695652173913 0.010869565217391304
0 0.7995923913043478 0.44089673913043476 0.010869565217391304 0.010190217391304348
0 0.8158967391304348 0.44157608695652173 0.01358695652173913 0.010869565217391304
0 0.626358695652174 0.44021739130434784 0.010190217391304348 0.010190217391304348
0 0.6630434782608695 0.4517663043478261 0.01358695652173913 0.012228260869565218
0 0.7051630434782609 0.4741847826086957 0.010869565217391304 0.010869565217391304
0 0.2703804347826087 0.46603260869565216 0.014945652173913044 0.014945652173913044
0 0.28804347826086957 0.438179347826087 0.010869565217391304 0.010869565217391304
0 0.8240489130434783 0.4748641304347826 0.010869565217391304 0.010869565217391304
0 0.8362771739130435 0.47282608695652173 0.01358695652173913 0.010869565217391304
0 0.8485054347826086 0.4748641304347826 0.014945652173913044 0.01358695652173913
0 0.8709239130434783 0.47758152173913043 0.01358695652173913 0.012907608695652174
0 0.8865489130434783 0.48845108695652173 0.014945652173913044 0.01358695652173913
0 0.8960597826086957 0.47214673913043476 0.016304347826086956 0.01358695652173913
0 0.8125 0.4232336956521739 0.010869565217391304 0.010869565217391304
0 0.8301630434782609 0.4327445652173913 0.010869565217391304 0.010869565217391304
0 0.8403532608695652 0.43070652173913043 0.010869565217391304 0.010869565217391304
0 0.8600543478260869 0.4110054347826087 0.008831521739130434 0.008152173913043478
0 0.8695652173913043 0.4388586956521739 0.010869565217391304 0.010869565217391304
0 0.8872282608695652 0.43953804347826086 0.010869565217391304 0.010869565217391304
0 0.9211956521739131 0.47554347826086957 0.01358695652173913 0.014945652173913044
0 0.9293478260869565 0.46127717391304346 0.014945652173913044 0.014945652173913044
0 0.9375 0.468070652173913 0.01358695652173913 0.01358695652173913
0 0.9490489130434783 0.47146739130434784 0.014945652173913044 0.014945652173913044
0 0.9422554347826086 0.43546195652173914 0.010869565217391304 0.010869565217391304
0 0.9144021739130435 0.4375 0.010869565217391304 0.010869565217391304
0 0.9089673913043478 0.41847826086956524 0.010190217391304348 0.008152173913043478
0 0.8070652173913043 0.45720108695652173 0.010869565217391304 0.010869565217391304
0 0.8403532608695652 0.44497282608695654 0.010869565217391304 0.010869565217391304
0 0.8566576086956522 0.43953804347826086 0.01358695652173913 0.012907608695652174
0 0.9279891304347826 0.42866847826086957 0.014945652173913044 0.012907608695652174
0 0.9422554347826086 0.42391304347826086 0.010190217391304348 0.010190217391304348
0 0.9877717391304348 0.42391304347826086 0.010190217391304348 0.008152173913043478
0 0.9898097826086957 0.43953804347826086 0.010869565217391304 0.010190217391304348
0 0.954483695652174 0.43546195652173914 0.010190217391304348 0.010190217391304348
0 0.9945652173913043 0.43070652173913043 0.010869565217391304 0.008152173913043478
0 0.9979619565217391 0.46059782608695654 0.0033967391304347825 0.012228260869565218
0 0.8559782608695652 0.5387228260869565 0.022418478260869564 0.02377717391304348
0 0.9945652173913043 0.46059782608695654 0.010869565217391304 0.01358695652173913
0 0.49728260869565216 0.485054347826087 0.01358695652173913 0.01358695652173913
0 0.49728260869565216 0.49796195652173914 0.014945652173913044 0.017663043478260868
0 0.07269021739130435 0.49796195652173914 0.016983695652173912 0.014945652173913044
0 0.4110054347826087 0.49184782608695654 0.014945652173913044 0.01358695652173913
0 0.7296195652173914 0.4633152173913043 0.010869565217391304 0.012228260869565218
0 0.8722826086956522 0.42934782608695654 0.010190217391304348 0.010190217391304348
0 0.33491847826086957 0.9082880434782609 0.06793478260869565 0.051630434782608696
0 0.421875 0.84375 0.06046195652173913 0.04619565217391304
0 0.14334239130434784 0.7866847826086957 0.057065217391304345 0.042798913043478264
0 0.1331521739130435 0.904891304347826 0.06657608695652174 0.050951086956521736
0 0.2513586956521739 0.7051630434782609 0.04823369565217391 0.036005434782608696
0 0.16576086956521738 0.7275815217391305 0.050951086956521736 0.03804347826086957
0 0.08220108695652174 0.704483695652174 0.03940217391304348 0.029891304347826088
0 0.5509510869565217 0.7948369565217391 0.05570652173913043 0.041440217391304345
0 0.45516304347826086 0.7601902173913043 0.05298913043478261 0.04008152173913043
0 0.5040760869565217 0.7377717391304348 0.050951086956521736 0.03736413043478261
0 0.5957880434782609 0.7527173913043478 0.051630434782608696 0.03872282608695652
0 0.5502717391304348 0.7398097826086957 0.050951086956521736 0.03804347826086957
0 0.033967391304347824 0.657608695652174 0.03736413043478261 0.027853260869565216
0 0.036005434782608696 0.6385869565217391 0.036005434782608696 0.025815217391304348
0 0.08695652173913043 0.6324728260869565 0.034646739130434784 0.025815217391304348
0 0.059782608695652176 0.6161684782608695 0.03328804347826087 0.025135869565217392
0 0.15557065217391305 0.6684782608695652 0.03940217391304348 0.029891304347826088
0 0.22146739130434784 0.6691576086956522 0.03940217391304348 0.029891304347826088
0 0.2425271739130435 0.6358695652173914 0.036005434782608696 0.02717391304347826
0 0.2866847826086957 0.6487771739130435 0.03736413043478261 0.027853260869565216
0 0.16032608695652173 0.6358695652173914 0.034646739130434784 0.025815217391304348
0 0.13722826086956522 0.6168478260869565 0.03192934782608696 0.02377717391304348
0 0.08831521739130435 0.6100543478260869 0.03328804347826087 0.025135869565217392
0 0.3077445652173913 0.6983695652173914 0.046875 0.035326086956521736
0 0.31046195652173914 0.6229619565217391 0.03328804347826087 0.025135869565217392
0 0.3498641304347826 0.6100543478260869 0.030570652173913044 0.02309782608695652
0 0.40217391304347827 0.6358695652173914 0.03736413043478261 0.028532608695652172
0 0.38383152173913043 0.6725543478260869 0.043478260869565216 0.03260869565217391
0 0.39877717391304346 0.6555706521739131 0.04076086956521739 0.030570652173913044
0 0.44972826086956524 0.6908967391304348 0.04551630434782609 0.033967391304347824
0 0.4422554347826087 0.670516304347826 0.042119565217391304 0.03260869565217391
0 0.4789402173913043 0.65625 0.042119565217391304 0.030570652173913044
0 0.514266304347826 0.6494565217391305 0.03940217391304348 0.029891304347826088
0 0.49320652173913043 0.6283967391304348 0.03804347826086957 0.028532608695652172
0 0.4483695652173913 0.626358695652174 0.03736413043478261 0.027853260869565216
0 0.42934782608695654 0.6358695652173914 0.03804347826086957 0.028532608695652172
0 0.545516304347826 0.6997282608695652 0.04551630434782609 0.03328804347826087
0 0.016983695652173912 0.5502717391304348 0.025815217391304348 0.01970108695652174
0 0.010190217391304348 0.501358695652174 0.020380434782608696 0.016304347826086956
0 0.03872282608695652 0.48845108695652173 0.01970108695652174 0.014945652173913044
0 0.04619565217391304 0.5020380434782609 0.021059782608695652 0.015625
0 0.08627717391304347 0.49660326086956524 0.01970108695652174 0.014945652173913044
0 0.13179347826086957 0.5332880434782609 0.02377717391304348 0.017663043478260868
0 0.12432065217391304 0.5203804347826086 0.021059782608695652 0.016983695652173912
0 0.14673913043478262 0.5665760869565217 0.02717391304347826 0.020380434782608696
0 0.19701086956521738 0.5862771739130435 0.028532608695652172 0.021059782608695652
0 0.1922554347826087 0.5706521739130435 0.02717391304347826 0.020380434782608696
0 0.20855978260869565 0.5332880434782609 0.022418478260869564 0.016983695652173912
0 0.18410326086956522 0.4891304347826087 0.016983695652173912 0.01358695652173913
0 0.15489130434782608 0.5020380434782609 0.021059782608695652 0.014945652173913044
0 0.17459239130434784 0.5074728260869565 0.01970108695652174 0.014945652173913044
0 0.2703804347826087 0.5210597826086957 0.01970108695652174 0.015625
0 0.23301630434782608 0.5774456521739131 0.02717391304347826 0.021059782608695652
0 0.24388586956521738 0.5978260869565217 0.030570652173913044 0.02309782608695652
0 0.28532608695652173 0.5645380434782609 0.024456521739130436 0.01970108695652174
0 0.3220108695652174 0.5855978260869565 0.028532608695652172 0.021059782608695652
0 0.5067934782608695 0.6086956521739131 0.028532608695652172 0.021059782608695652
0 0.38858695652173914 0.5557065217391305 0.024456521739130436 0.01970108695652174
0 0.313179347826087 0.5489130434782609 0.024456521739130436 0.018342391304347828
0 0.34578804347826086 0.5108695652173914 0.022418478260869564 0.016983695652173912
0 0.35665760869565216 0.516983695652174 0.022418478260869564 0.016983695652173912
0 0.33152173913043476 0.5203804347826086 0.02377717391304348 0.016983695652173912
0 0.34035326086956524 0.5285326086956522 0.02377717391304348 0.017663043478260868
0 0.375 0.5495923913043478 0.025815217391304348 0.01970108695652174
0 0.36684782608695654 0.5604619565217391 0.025815217391304348 0.01970108695652174
0 0.36752717391304346 0.5692934782608695 0.025815217391304348 0.01970108695652174
0 0.42391304347826086 0.5020380434782609 0.021059782608695652 0.015625
0 0.41032608695652173 0.5 0.01970108695652174 0.014945652173913044
0 0.3960597826086957 0.49592391304347827 0.018342391304347828 0.01358695652173913
0 0.35665760869565216 0.4904891304347826 0.01970108695652174 0.014945652173913044
0 0.46127717391304346 0.49184782608695654 0.018342391304347828 0.01358695652173913
0 0.3763586956521739 0.5271739130434783 0.024456521739130436 0.018342391304347828
0 0.3845108695652174 0.5122282608695652 0.02377717391304348 0.017663043478260868
0 0.3919836956521739 0.5387228260869565 0.025815217391304348 0.018342391304347828
0 0.05638586956521739 0.4266304347826087 0.012228260869565218 0.009510869565217392
0 0.050951086956521736 0.46603260869565216 0.016304347826086956 0.012907608695652174
0 0.08491847826086957 0.40828804347826086 0.010190217391304348 0.007472826086956522
0 0.06453804347826086 0.4123641304347826 0.010869565217391304 0.008152173913043478
0 0.10869565217391304 0.41032608695652173 0.014945652173913044 0.010869565217391304
0 0.15896739130434784 0.41508152173913043 0.014945652173913044 0.012228260869565218
0 0.16779891304347827 0.4205163043478261 0.014945652173913044 0.012228260869565218
0 0.19701086956521738 0.41032608695652173 0.010869565217391304 0.008152173913043478
0 0.2269021739130435 0.42595108695652173 0.012228260869565218 0.009510869565217392
0 0.22146739130434784 0.4436141304347826 0.01358695652173913 0.010869565217391304
0 0.17595108695652173 0.44904891304347827 0.014945652173913044 0.010869565217391304
0 0.17459239130434784 0.4388586956521739 0.014945652173913044 0.010869565217391304
0 0.14266304347826086 0.44565217391304346 0.016304347826086956 0.010869565217391304
0 0.29279891304347827 0.4279891304347826 0.012228260869565218 0.009510869565217392
0 0.27445652173913043 0.438179347826087 0.01358695652173913 0.010190217391304348
0 0.31589673913043476 0.43410326086956524 0.01358695652173913 0.010190217391304348
0 0.36820652173913043 0.4110054347826087 0.010869565217391304 0.009510869565217392
0 0.44429347826086957 0.4279891304347826 0.01358695652173913 0.010190217391304348
0 0.4157608695652174 0.44972826086956524 0.014945652173913044 0.010869565217391304
0 0.5101902173913043 0.41440217391304346 0.008831521739130434 0.006793478260869565
0 0.48641304347826086 0.40353260869565216 0.010190217391304348 0.006793478260869565
0 0.4701086956521739 0.40217391304347827 0.010190217391304348 0.006793478260869565
0 0.3423913043478261 0.39741847826086957 0.010869565217391304 0.008152173913043478
0 0.344429347826087 0.39334239130434784 0.010190217391304348 0.007472826086956522
0 0.35665760869565216 0.42934782608695654 0.01358695652173913 0.010190217391304348
0 0.65625 0.7690217391304348 0.05434782608695652 0.04076086956521739
0 0.7452445652173914 0.7907608695652174 0.05570652173913043 0.042798913043478264
0 0.6956521739130435 0.8396739130434783 0.06046195652173913 0.04551630434782609
0 0.7445652173913043 0.7228260869565217 0.043478260869565216 0.03260869565217391
0 0.6997282608695652 0.734375 0.044157608695652176 0.03328804347826087
0 0.6657608695652174 0.657608695652174 0.03736413043478261 0.027853260869565216
0 0.5774456521739131 0.657608695652174 0.03736413043478261 0.027853260869565216
0 0.5686141304347826 0.6365489130434783 0.03328804347826087 0.025135869565217392
0 0.5557065217391305 0.4891304347826087 0.016983695652173912 0.012907608695652174
0 0.6311141304347826 0.4898097826086957 0.014945652173913044 0.012228260869565218
0 0.5604619565217391 0.44429347826086957 0.014945652173913044 0.010869565217391304
0 0.6052989130434783 0.4320652173913043 0.01358695652173913 0.010190217391304348
0 0.6542119565217391 0.42459239130434784 0.010869565217391304 0.008152173913043478
0 0.5740489130434783 0.42391304347826086 0.012228260869565218 0.009510869565217392
0 0.5577445652173914 0.40896739130434784 0.008831521739130434 0.005434782608695652
0 0.6908967391304348 0.43410326086956524 0.01358695652173913 0.009510869565217392
0 0.7105978260869565 0.4436141304347826 0.01358695652173913 0.009510869565217392
0 0.7649456521739131 0.47282608695652173 0.014945652173913044 0.010869565217391304
0 0.7629076086956522 0.42527173913043476 0.012228260869565218 0.009510869565217392
0 0.548233695652174 0.4279891304347826 0.012228260869565218 0.009510869565217392
0 0.5407608695652174 0.42595108695652173 0.012228260869565218 0.009510869565217392
0 0.640625 0.4748641304347826 0.014945652173913044 0.010869565217391304
0 0.296195652173913 0.5149456521739131 0.01970108695652174 0.015625
0 0.38179347826086957 0.3967391304347826 0.008831521739130434 0.007472826086956522
0 0.6963315217391305 0.47690217391304346 0.014945652173913044 0.010869565217391304
0 0.717391304347826 0.41847826086956524 0.010190217391304348 0.007472826086956522
0 0.8206521739130435 0.4232336956521739 0.012228260869565218 0.009510869565217392
0 0.8444293478260869 0.42459239130434784 0.012228260869565218 0.009510869565217392
0 0.842391304347826 0.41779891304347827 0.010869565217391304 0.008152173913043478
0 0.860733695652174 0.43070652173913043 0.012228260869565218 0.010190217391304348
0 0.9605978260869565 0.46875 0.016304347826086956 0.012907608695652174
0 0.9110054347826086 0.42934782608695654 0.012228260869565218 0.009510869565217392
0 0.8940217391304348 0.41440217391304346 0.010869565217391304 0.008152173913043478
0 0.8220108695652174 0.452445652173913 0.01358695652173913 0.010190217391304348
0 0.9639945652173914 0.4076086956521739 0.010190217391304348 0.006793478260869565
0 0.9633152173913043 0.47758152173913043 0.016983695652173912 0.012228260869565218
0 0.8097826086956522 0.5271739130434783 0.022418478260869564 0.016983695652173912
0 0.891983695652174 0.5509510869565217 0.02377717391304348 0.018342391304347828
0 0.9381793478260869 0.5720108695652174 0.028532608695652172 0.022418478260869564
0 0.9945652173913043 0.6073369565217391 0.010869565217391304 0.024456521739130436
0 0.9599184782608695 0.5489130434782609 0.025815217391304348 0.020380434782608696
0 0.8206521739130435 0.7466032608695652 0.04551630434782609 0.033967391304347824
0 0.8464673913043478 0.7377717391304348 0.04551630434782609 0.03328804347826087
0 0.8709239130434783 0.7703804347826086 0.04823369565217391 0.035326086956521736
0 0.9884510869565217 0.7676630434782609 0.02309782608695652 0.035326086956521736
0 0.983016304347826 0.7112771739130435 0.03328804347826087 0.03260869565217391
0 0.8709239130434783 0.8668478260869565 0.05434782608695652 0.04076086956521739
0 0.9714673913043478 0.8131793478260869 0.050951086956521736 0.03804347826086957
0 0.5061141304347826 0.48641304347826086 0.01970108695652174 0.01358695652173913
0 0.21942934782608695 0.5509510869565217 0.02377717391304348 0.016983695652173912
0 0.328125 0.795516304347826 0.059103260869565216 0.043478260869565216
0 0.7445652173913043 0.7649456521739131 0.046875 0.035326086956521736
0 0.6059782608695652 0.47622282608695654 0.016304347826086956 0.012228260869565218
0 0.30570652173913043 0.5353260869565217 0.02377717391304348 0.017663043478260868
0 0.2873641304347826 0.4076086956521739 0.010869565217391304 0.008152173913043478
0 0.15013586956521738 0.44157608695652173 0.014945652173913044 0.010869565217391304
0 0.17051630434782608 0.4789402173913043 0.016983695652173912 0.012228260869565218
0 0.24660326086956522 0.4585597826086957 0.014945652173913044 0.012228260869565218
0 0.41779891304347827 0.4116847826086957 0.010869565217391304 0.008152173913043478
0 0.46127717391304346 0.436820652173913 0.014945652173913044 0.010869565217391304
0 0.6385869565217391 0.46875 0.014945652173913044 0.010869565217391304
0 0.6976902173913043 0.4375 0.012228260869565218 0.010190217391304348
0 0.9055706521739131 0.469429347826087 0.016304347826086956 0.012228260869565218
0 0.9660326086956522 0.43546195652173914 0.012228260869565218 0.009510869565217392
0 0.9952445652173914 0.44157608695652173 0.009510869565217392 0.010869565217391304
0 0.7792119565217391 0.4857336956521739 0.016304347826086956 0.012228260869565218
0 0.9558423913043478 0.45991847826086957 0.014945652173913044 0.012228260869565218
0 0.7805706521739131 0.41915760869565216 0.010869565217391304 0.008152173913043478
0 0.24592391304347827 0.5720108695652174 0.02717391304347826 0.01970108695652174