0 0.004755434782608696 0.45991847826086957 0.009510869565217392 0.012228260869565218
0 0.024456521739130436 0.46875 0.01358695652173913 0.01358695652173913
0 0.28396739130434784 0.6066576086956522 0.03328804347826087 0.027853260869565216
0 0.5754076086956522 0.5088315217391305 0.02377717391304348 0.021059782608695652
0 0.5502717391304348 0.5020380434782609 0.01970108695652174 0.016983695652173912
0 0.626358695652174 0.48845108695652173 0.016983695652173912 0.014945652173913044
0 0.8777173913043478 0.5230978260869565 0.028532608695652172 0.022418478260869564
0 0.8865489130434783 0.5067934782608695 0.022418478260869564 0.018342391304347828
0 0.49320652173913043 0.5088315217391305 0.02377717391304348 0.022418478260869564
0 0.42866847826086957 0.4891304347826087 0.018342391304347828 0.017663043478260868
0 0.15285326086956522 0.5020380434782609 0.01358695652173913 0.010190217391304348
0 0.15896739130434784 0.4748641304347826 0.010869565217391304 0.012228260869565218
0 0.19361413043478262 0.4748641304347826 0.01358695652173913 0.012907608695652174
0 0.23980978260869565 0.4782608695652174 0.01358695652173913 0.014945652173913044
0 0.2561141304347826 0.48641304347826086 0.014945652173913044 0.01358695652173913
0 0.37907608695652173 0.48709239130434784 0.016983695652173912 0.017663043478260868
0 0.3267663043478261 0.514266304347826 0.014945652173913044 0.01358695652173913
0 0.32608695652173914 0.485054347826087 0.014945652173913044 0.012907608695652174
0 0.41440217391304346 0.49116847826086957 0.018342391304347828 0.016983695652173912
0 0.4673913043478261 0.484375 0.018342391304347828 0.017663043478260868
0 0.6283967391304348 0.41508152173913043 0.014945652173913044 0.01358695652173913
0 0.670516304347826 0.42866847826086957 0.01358695652173913 0.010869565217391304
0 0.59375 0.47282608695652173 0.016983695652173912 0.016983695652173912
0 0.6168478260869565 0.42527173913043476 0.01358695652173913 0.01358695652173913
0 0.5910326086956522 0.41983695652173914 0.010869565217391304 0.010869565217391304
0 0.5618206521739131 0.4273097826086957 0.010869565217391304 0.010190217391304348
0 0.5509510869565217 0.421195652173913 0.010869565217391304 0.010190217391304348
0 0.5360054347826086 0.41440217391304346 0.010869565217391304 0.010869565217391304
0 0.49728260869565216 0.41508152173913043 0.010869565217391304 0.010869565217391304
0 0.579483695652174 0.4673913043478261 0.014945652173913044 0.012907608695652174
0 0.5427989130434783 0.47078804347826086 0.016983695652173912 0.014945652173913044
0 0.5244565217391305 0.4701086956521739 0.014945652173913044 0.016983695652173912
0 0.5027173913043478 0.46603260869565216 0.01358695652173913 0.014945652173913044
0 0.49116847826086957 0.47078804347826086 0.016983695652173912 0.014945652173913044
0 0.4748641304347826 0.45652173913043476 0.014945652173913044 0.014945652173913044
0 0.579483695652174 0.48165760869565216 0.01358695652173913 0.012907608695652174
0 0.4375 0.4701086956521739 0.014945652173913044 0.014945652173913044
0 0.39334239130434784 0.47282608695652173 0.016983695652173912 0.014945652173913044
0 0.375679347826087 0.47146739130434784 0.01358695652173913 0.012228260869565218
0 0.35190217391304346 0.4789402173913043 0.018342391304347828 0.017663043478260868
0 0.35258152173913043 0.4266304347826087 0.010869565217391304 0.010190217391304348
0 0.38383152173913043 0.4116847826086957 0.010869565217391304 0.010869565217391304
0 0.41847826086956524 0.40625 0.01358695652173913 0.010869565217391304
0 0.27377717391304346 0.46603260869565216 0.01358695652173913 0.012228260869565218
0 0.2860054347826087 0.47690217391304346 0.014945652173913044 0.01358695652173913
0 0.29415760869565216 0.3960597826086957 0.01358695652173913 0.012228260869565218
0 0.26358695652173914 0.436820652173913 0.010869565217391304 0.010869565217391304
0 0.23301630434782608 0.4266304347826087 0.010869565217391304 0.010190217391304348
0 0.21739130434782608 0.4361413043478261 0.010869565217391304 0.010190217391304348
0 0.24456521739130435 0.45652173913043476 0.010869565217391304 0.010869565217391304
0 0.23641304347826086 0.46195652173913043 0.01358695652173913 0.012228260869565218
0 0.17527173913043478 0.46875 0.014945652173913044 0.01358695652173913
0 0.2112771739130435 0.47282608695652173 0.010869565217391304 0.012228260869565218
0 0.20448369565217392 0.4633152173913043 0.01358695652173913 0.010869565217391304
0 0.21535326086956522 0.45040760869565216 0.010869565217391304 0.012907608695652174
0 0.18478260869565216 0.438179347826087 0.01358695652173913 0.010869565217391304
0 0.16779891304347827 0.438179347826087 0.010869565217391304 0.010869565217391304
0 0.1793478260869565 0.42866847826086957 0.010869565217391304 0.010190217391304348
0 0.14945652173913043 0.438179347826087 0.010190217391304348 0.010869565217391304
0 0.14130434782608695 0.45584239130434784 0.01358695652173913 0.010869565217391304
0 0.12228260869565218 0.4626358695652174 0.010869565217391304 0.010869565217391304
0 0.11616847826086957 0.453804347826087 0.01358695652173913 0.012228260869565218
0 0.09918478260869565 0.4633152173913043 0.014945652173913044 0.01358695652173913
0 0.16576086956521738 0.4585597826086957 0.014945652173913044 0.012228260869565218
0 0.036005434782608696 0.4578804347826087 0.01358695652173913 0.012228260869565218
0 0.026494565217391304 0.4470108695652174 0.010869565217391304 0.010869565217391304
0 0.002717391304347826 0.46127717391304346 0.004755434782608696 0.01358695652173913
0 0.027853260869565216 0.43342391304347827 0.010869565217391304 0.012228260869565218
0 0.059103260869565216 0.4388586956521739 0.008831521739130434 0.010190217391304348
0 0.07676630434782608 0.438179347826087 0.010190217391304348 0.010190217391304348
0 0.078125 0.4320652173913043 0.010190217391304348 0.010190217391304348
0 0.09442934782608696 0.4388586956521739 0.010190217391304348 0.010190217391304348
0 0.09307065217391304 0.43070652173913043 0.008831521739130434 0.008152173913043478
0 0.10394021739130435 0.4266304347826087 0.010190217391304348 0.010190217391304348
0 0.08559782608695653 0.4470108695652174 0.010869565217391304 0.010869565217391304
0 0.07744565217391304 0.4735054347826087 0.010869565217391304 0.010190217391304348
0 0.05638586956521739 0.47146739130434784 0.01358695652173913 0.010869565217391304
0 0.049592391304347824 0.44157608695652173 0.01358695652173913 0.012907608695652174
0 0.03736413043478261 0.4171195652173913 0.008831521739130434 0.008152173913043478
0 0.07336956521739131 0.4171195652173913 0.010190217391304348 0.008152173913043478
0 0.12839673913043478 0.42391304347826086 0.008831521739130434 0.008152173913043478
0 0.018342391304347828 0.41372282608695654 0.008831521739130434 0.007472826086956522
0 0.1956521739130435 0.4076086956521739 0.008831521739130434 0.007472826086956522
0 0.18614130434782608 0.39877717391304346 0.008831521739130434 0.007472826086956522
0 0.21942934782608695 0.41032608695652173 0.008831521739130434 0.007472826086956522
0 0.2452445652173913 0.40353260869565216 0.008831521739130434 0.008152173913043478
0 0.12364130434782608 0.4422554347826087 0.010190217391304348 0.010190217391304348
0 0.13790760869565216 0.44429347826086957 0.010190217391304348 0.010190217391304348
0 0.01154891304347826 0.6073369565217391 0.02309782608695652 0.024456521739130436
0 0.012907608695652174 0.7683423913043478 0.025815217391304348 0.035326086956521736
0 0.004076086956521739 0.7105978260869565 0.008152173913043478 0.03260869565217391
0 0.10461956521739131 0.9395380434782609 0.06046195652173913 0.04551630434782609
0 0.08899456521739131 0.8614130434782609 0.05434782608695652 0.04076086956521739
0 0.11888586956521739 0.7907608695652174 0.051630434782608696 0.03872282608695652
0 0.1793478260869565 0.7792119565217391 0.050951086956521736 0.03804347826086957
0 0.2669836956521739 0.8206521739130435 0.05298913043478261 0.04008152173913043
0 0.2955163043478261 0.8879076086956522 0.057744565217391304 0.044157608695652176
0 0.3029891304347826 0.9585597826086957 0.06317934782608696 0.04619565217391304
0 0.5523097826086957 0.9578804347826086 0.06317934782608696 0.04755434782608696
0 0.6290760869565217 0.938858695652174 0.06317934782608696 0.04619565217391304
0 0.5237771739130435 0.811141304347826 0.05298913043478261 0.03872282608695652
0 0.3858695652173913 0.7785326086956522 0.049592391304347824 0.03736413043478261
0 0.4796195652173913 0.8899456521739131 0.057065217391304345 0.042798913043478264
0 0.40964673913043476 0.8980978260869565 0.057065217391304345 0.043478260869565216
0 0.33627717391304346 0.7248641304347826 0.04551630434782609 0.033967391304347824
0 0.19021739130434784 0.6684782608695652 0.03940217391304348 0.030570652173913044
0 0.10461956521739131 0.6283967391304348 0.036005434782608696 0.02717391304347826
0 0.49116847826086957 0.5964673913043478 0.03804347826086957 0.028532608695652172
0 0.7153532608695652 0.984375 0.06657608695652174 0.03125
0 0.936141304347826 0.5529891304347826 0.02717391304347826 0.01970108695652174
0 0.19361413043478262 0.5353260869565217 0.014945652173913044 0.010869565217391304
0 0.125 0.4891304347826087 0.01358695652173913 0.010190217391304348
0 0.2955163043478261 0.4891304347826087 0.016304347826086956 0.012907608695652174
0 0.4952445652173913 0.4857336956521739 0.021059782608695652 0.015625
0 0.5292119565217391 0.5210597826086957 0.02717391304347826 0.020380434782608696
0 0.7214673913043478 0.4673913043478261 0.016304347826086956 0.012228260869565218
0 0.6019021739130435 0.42934782608695654 0.014945652173913044 0.010869565217391304
0 0.5591032608695652 0.4633152173913043 0.016983695652173912 0.012228260869565218
0 0.483695652173913 0.45652173913043476 0.016983695652173912 0.012907608695652174
0 0.4796195652173913 0.4483695652173913 0.016304347826086956 0.012228260869565218
0 0.5699728260869565 0.4898097826086957 0.021059782608695652 0.014945652173913044
0 0.358695652173913 0.4701086956521739 0.016983695652173912 0.012907608695652174
0 0.42459239130434784 0.4735054347826087 0.016983695652173912 0.01358695652173913
0 0.2751358695652174 0.45652173913043476 0.014945652173913044 0.010869565217391304
0 0.20923913043478262 0.45720108695652173 0.01358695652173913 0.010190217391304348
0 0.1358695652173913 0.4673913043478261 0.014945652173913044 0.010869565217391304
0 0.15896739130434784 0.45040760869565216 0.01358695652173913 0.010190217391304348
0 0.12296195652173914 0.43070652173913043 0.010869565217391304 0.008152173913043478
0 0.13790760869565216 0.43342391304347827 0.010869565217391304 0.009510869565217392
0 0.007472826086956522 0.438179347826087 0.012228260869565218 0.009510869565217392
0 0.04076086956521739 0.43070652173913043 0.012228260869565218 0.009510869565217392
0 0.05570652173913043 0.42934782608695654 0.012228260869565218 0.009510869565217392
0 0.06861413043478261 0.4375 0.012228260869565218 0.009510869565217392
0 0.059103260869565216 0.46059782608695654 0.014945652173913044 0.010190217391304348
0 0.04891304347826087 0.4585597826086957 0.01358695652173913 0.010190217391304348
0 0.09782608695652174 0.41372282608695654 0.010190217391304348 0.007472826086956522
0 0.140625 0.42527173913043476 0.012228260869565218 0.008152173913043478
0 0.27241847826086957 0.40896739130434784 0.010869565217391304 0.009510869565217392
0 0.13858695652173914 0.41779891304347827 0.010869565217391304 0.008152173913043478
0 0.3654891304347826 0.46671195652173914 0.016983695652173912 0.012907608695652174
0 0.2955163043478261 0.4626358695652174 0.016304347826086956 0.010869565217391304
0 0.281929347826087 0.40828804347826086 0.012228260869565218 0.009510869565217392
0 0.4048913043478261 0.4232336956521739 0.01358695652173913 0.010869565217391304
0 0.3383152173913043 0.48097826086956524 0.016983695652173912 0.012907608695652174
0 0.10190217391304347 0.8349184782608695 0.05298913043478261 0.04008152173913043
0 0.796875 0.6182065217391305 0.036005434782608696 0.02717391304347826
0 0.29415760869565216 0.46875 0.016304347826086956 0.012228260869565218
0 0.5346467391304348 0.46603260869565216 0.016983695652173912 0.012228260869565218
0 0.516983695652174 0.47146739130434784 0.018342391304347828 0.01358695652173913
0 0.28125 0.469429347826087 0.014945652173913044 0.010869565217391304
0 0.2798913043478261 0.4361413043478261 0.01358695652173913 0.010190217391304348
0 0.453125 0.4673913043478261 0.016983695652173912 0.012907608695652174
0 0.002717391304347826 0.4422554347826087 0.004755434782608696 0.010190217391304348
0 0.11209239130434782 0.41779891304347827 0.010190217391304348 0.007472826086956522
0 0.2866847826086957 0.45652173913043476 0.014945652173913044 0.010869565217391304