0 0.359375 0.49796195652173914 0.09239130434782608 0.07201086956521739
0 0.579483695652174 0.4904891304347826 0.08763586956521739 0.06929347826086957
0 0.6902173913043478 0.37703804347826086 0.08831521739130435 0.06385869565217392
0 0.31453804347826086 0.36752717391304346 0.07404891304347826 0.059103260869565216
0 0.14402173913043478 0.501358695652174 0.08763586956521739 0.07201086956521739
0 0.4952445652173913 0.38790760869565216 0.08016304347826086 0.06521739130434782
0 0.15964673913043478 0.4123641304347826 0.06453804347826086 0.05502717391304348
0 0.23165760869565216 0.3804347826086957 0.06997282608695653 0.05638586956521739
0 0.5903532608695652 0.37092391304347827 0.07201086956521739 0.06046195652173913
0 0.07676630434782608 0.37839673913043476 0.06657608695652174 0.05298913043478261
0 0.8804347826086957 0.3648097826086957 0.09986413043478261 0.07201086956521739
0 0.4116847826086957 0.37092391304347827 0.07540760869565218 0.058423913043478264
0 0.5665760869565217 0.30842391304347827 0.043478260869565216 0.03328804347826087
0 0.04551630434782609 0.4273097826086957 0.06385869565217392 0.05366847826086957
0 0.798233695652174 0.34375 0.08627717391304347 0.06657608695652174
0 0.9762228260869565 0.27241847826086957 0.03940217391304348 0.033967391304347824
0 0.018342391304347828 0.36820652173913043 0.036684782608695655 0.03260869565217391