0 0.049592391304347824 0.3892663043478261 0.03125 0.026494565217391304
0 0.01970108695652174 0.2105978260869565 0.029211956521739132 0.02717391304347826
0 0.0033967391304347825 0.035326086956521736 0.006793478260869565 0.021059782608695652
0 0.058423913043478264 0.03872282608695652 0.02309782608695652 0.020380434782608696
0 0.05298913043478261 0.19089673913043478 0.022418478260869564 0.02309782608695652
0 0.10529891304347826 0.18817934782608695 0.02717391304347826 0.022418478260869564
0 0.14130434782608695 0.19157608695652173 0.025135869565217392 0.022418478260869564
0 0.2425271739130435 0.15421195652173914 0.022418478260869564 0.020380434782608696
0 0.21467391304347827 0.21467391304347827 0.022418478260869564 0.021059782608695652
0 0.18138586956521738 0.24864130434782608 0.021739130434782608 0.018342391304347828
0 0.17798913043478262 0.30842391304347827 0.02717391304347826 0.016983695652173912
0 0.15896739130434784 0.33220108695652173 0.029211956521739132 0.024456521739130436
0 0.20040760869565216 0.375 0.03125 0.025135869565217392
0 0.23029891304347827 0.32472826086956524 0.030570652173913044 0.025135869565217392
0 0.23641304347826086 0.28396739130434784 0.02309782608695652 0.022418478260869564
0 0.28532608695652173 0.2547554347826087 0.022418478260869564 0.01970108695652174
0 0.30095108695652173 0.27853260869565216 0.02717391304347826 0.02309782608695652
0 0.27717391304347827 0.32133152173913043 0.02309782608695652 0.02309782608695652
0 0.27853260869565216 0.38315217391304346 0.029211956521739132 0.024456521739130436
0 0.31521739130434784 0.36277173913043476 0.030570652173913044 0.025135869565217392
0 0.33016304347826086 0.33967391304347827 0.029211956521739132 0.02309782608695652
0 0.3498641304347826 0.3125 0.026494565217391304 0.021059782608695652
0 0.40625 0.3423913043478261 0.02717391304347826 0.02309782608695652
0 0.4014945652173913 0.35665760869565216 0.030570652173913044 0.025135869565217392
0 0.39470108695652173 0.389945652173913 0.03125 0.026494565217391304
0 0.48165760869565216 0.40896739130434784 0.03125 0.02309782608695652
0 0.47758152173913043 0.36820652173913043 0.029211956521739132 0.02309782608695652
0 0.49252717391304346 0.34646739130434784 0.02717391304347826 0.02309782608695652
0 0.5754076086956522 0.35122282608695654 0.026494565217391304 0.022418478260869564
0 0.5699728260869565 0.3736413043478261 0.03125 0.026494565217391304
0 0.6399456521739131 0.36752717391304346 0.03328804347826087 0.029211956521739132
0 0.6447010869565217 0.40353260869565216 0.033967391304347824 0.027853260869565216
0 0.7370923913043478 0.4048913043478261 0.03125 0.029211956521739132
0 0.7459239130434783 0.37907608695652173 0.025135869565217392 0.02309782608695652
0 0.8620923913043478 0.4048913043478261 0.033967391304347824 0.02717391304347826
0 0.9415760869565217 0.4361413043478261 0.026494565217391304 0.02309782608695652
0 0.9592391304347826 0.4008152173913043 0.033967391304347824 0.026494565217391304
0 0.8654891304347826 0.36141304347826086 0.02717391304347826 0.02309782608695652
0 0.9551630434782609 0.37839673913043476 0.026494565217391304 0.022418478260869564
0 0.9021739130434783 0.3423913043478261 0.03125 0.024456521739130436
0 0.9599184782608695 0.35122282608695654 0.026494565217391304 0.025135869565217392
0 0.9245923913043478 0.3342391304347826 0.026494565217391304 0.02309782608695652
0 0.9300271739130435 0.30978260869565216 0.02717391304347826 0.024456521739130436
0 0.9504076086956522 0.2914402173913043 0.025135869565217392 0.026494565217391304
0 0.9836956521739131 0.27377717391304346 0.026494565217391304 0.026494565217391304
0 0.9911684782608695 0.24864130434782608 0.017663043478260868 0.02717391304347826
0 0.7595108695652174 0.1922554347826087 0.030570652173913044 0.02309782608695652
0 0.6875 0.19157608695652173 0.029211956521739132 0.024456521739130436
0 0.6949728260869565 0.22894021739130435 0.026494565217391304 0.022418478260869564
0 0.6345108695652174 0.23369565217391305 0.02717391304347826 0.02309782608695652
0 0.6623641304347826 0.26970108695652173 0.029211956521739132 0.025135869565217392
0 0.6324728260869565 0.32133152173913043 0.026494565217391304 0.02309782608695652
0 0.5597826086956522 0.30366847826086957 0.026494565217391304 0.02309782608695652
0 0.5842391304347826 0.265625 0.025135869565217392 0.022418478260869564
0 0.47282608695652173 0.28396739130434784 0.02717391304347826 0.026494565217391304
0 0.4157608695652174 0.29347826086956524 0.026494565217391304 0.02309782608695652
0 0.33220108695652173 0.25407608695652173 0.026494565217391304 0.02309782608695652
0 0.29008152173913043 0.20176630434782608 0.029211956521739132 0.024456521739130436
0 0.34646739130434784 0.18817934782608695 0.026494565217391304 0.01970108695652174
0 0.3845108695652174 0.21875 0.025135869565217392 0.021059782608695652
0 0.41983695652173914 0.16915760869565216 0.02717391304347826 0.024456521739130436
0 0.5224184782608695 0.18817934782608695 0.02309782608695652 0.01970108695652174
0 0.5822010869565217 0.18817934782608695 0.026494565217391304 0.02309782608695652
0 0.5985054347826086 0.14130434782608695 0.026494565217391304 0.02309782608695652
0 0.6949728260869565 0.1480978260869565 0.026494565217391304 0.02309782608695652
0 0.5353260869565217 0.13722826086956522 0.02717391304347826 0.02309782608695652
0 0.41779891304347827 0.10258152173913043 0.022418478260869564 0.020380434782608696
0 0.4701086956521739 0.11141304347826086 0.026494565217391304 0.022418478260869564
0 0.5550271739130435 0.10529891304347826 0.02309782608695652 0.020380434782608696
0 0.6447010869565217 0.11413043478260869 0.026494565217391304 0.020380434782608696
0 0.5889945652173914 0.06657608695652174 0.029211956521739132 0.025135869565217392
0 0.6637228260869565 0.06657608695652174 0.025135869565217392 0.021059782608695652
0 0.021739130434782608 0.703125 0.042798913043478264 0.03940217391304348
0 0.04483695652173913 0.012228260869565218 0.02717391304347826 0.018342391304347828
0 0.5774456521739131 0.39470108695652173 0.035326086956521736 0.02309782608695652
0 0.9918478260869565 0.38247282608695654 0.015625 0.021739130434782608
0 0.7099184782608695 0.04008152173913043 0.029211956521739132 0.019021739130434784
0 0.7751358695652174 0.044157608695652176 0.028532608695652172 0.01970108695652174