0 0.1324728260869565 0.390625 0.016304347826086956 0.014266304347826086
0 0.2561141304347826 0.375679347826087 0.01358695652173913 0.012228260869565218
0 0.24456521739130435 0.40285326086956524 0.01358695652173913 0.012228260869565218
0 0.09850543478260869 0.4986413043478261 0.016304347826086956 0.014266304347826086
0 0.10258152173913043 0.4741847826086957 0.014945652173913044 0.012228260869565218
0 0.08695652173913043 0.4633152173913043 0.016304347826086956 0.015625
0 0.12771739130434784 0.40625 0.017663043478260868 0.01358695652173913
0 0.12567934782608695 0.46671195652173914 0.017663043478260868 0.014266304347826086
0 0.21807065217391305 0.4476902173913043 0.018342391304347828 0.014266304347826086
0 0.24592391304347827 0.43546195652173914 0.017663043478260868 0.014266304347826086
0 0.26154891304347827 0.5230978260869565 0.020380434782608696 0.014266304347826086
0 0.008831521739130434 0.640625 0.012907608695652174 0.016304347826086956
0 0.10801630434782608 0.6433423913043478 0.01970108695652174 0.017663043478260868
0 0.11548913043478261 0.608016304347826 0.022418478260869564 0.017663043478260868
0 0.09850543478260869 0.579483695652174 0.022418478260869564 0.017663043478260868
0 0.2554347826086957 0.5855978260869565 0.016304347826086956 0.016304347826086956
0 0.2921195652173913 0.5842391304347826 0.020380434782608696 0.018342391304347828
0 0.3138586956521739 0.5672554347826086 0.018342391304347828 0.018342391304347828
0 0.2078804347826087 0.5366847826086957 0.018342391304347828 0.014266304347826086
0 0.14673913043478262 0.47078804347826086 0.020380434782608696 0.015625
0 0.26290760869565216 0.670516304347826 0.01970108695652174 0.018342391304347828
0 0.20516304347826086 0.8505434782608695 0.017663043478260868 0.017663043478260868
0 0.3641304347826087 0.375679347826087 0.01358695652173913 0.01154891304347826
0 0.406929347826087 0.3919836956521739 0.014945652173913044 0.012228260869565218
0 0.38383152173913043 0.41779891304347827 0.014945652173913044 0.01154891304347826
0 0.41915760869565216 0.44021739130434784 0.014945652173913044 0.012228260869565218
0 0.436820652173913 0.4544836956521739 0.016304347826086956 0.012228260869565218
0 0.3451086956521739 0.5088315217391305 0.016304347826086956 0.014266304347826086
0 0.38654891304347827 0.5040760869565217 0.015625 0.012228260869565218
0 0.5400815217391305 0.45991847826086957 0.015625 0.014266304347826086
0 0.40625 0.5645380434782609 0.020380434782608696 0.018342391304347828
0 0.561141304347826 0.6256793478260869 0.020380434782608696 0.017663043478260868
0 0.5115489130434783 0.563858695652174 0.01970108695652174 0.017663043478260868
0 0.529891304347826 0.595108695652174 0.021059782608695652 0.01970108695652174
0 0.7207880434782609 0.20108695652173914 0.012228260869565218 0.012228260869565218
0 0.6942934782608695 0.23777173913043478 0.010869565217391304 0.01154891304347826
0 0.733016304347826 0.2269021739130435 0.010190217391304348 0.010190217391304348
0 0.7567934782608695 0.31521739130434784 0.008831521739130434 0.01154891304347826
0 0.7771739130434783 0.344429347826087 0.012907608695652174 0.014266304347826086
0 0.7866847826086957 0.359375 0.012907608695652174 0.010190217391304348
0 0.7907608695652174 0.390625 0.014945652173913044 0.014266304347826086
0 0.592391304347826 0.46195652173913043 0.018342391304347828 0.016304347826086956
0 0.5754076086956522 0.5088315217391305 0.017663043478260868 0.014266304347826086
0 0.6514945652173914 0.5 0.016304347826086956 0.01358695652173913
0 0.6779891304347826 0.5033967391304348 0.01358695652173913 0.014266304347826086
0 0.6847826086956522 0.4735054347826087 0.015625 0.015625
0 0.625 0.4388586956521739 0.014945652173913044 0.014266304347826086
0 0.6976902173913043 0.41983695652173914 0.014945652173913044 0.01154891304347826
0 0.7690217391304348 0.406929347826087 0.014945652173913044 0.014266304347826086
0 0.6148097826086957 0.6148097826086957 0.020380434782608696 0.018342391304347828
0 0.623641304347826 0.5944293478260869 0.022418478260869564 0.020380434782608696
0 0.6025815217391305 0.548233695652174 0.01970108695652174 0.014266304347826086
0 0.6440217391304348 0.5679347826086957 0.020380434782608696 0.01970108695652174
0 0.8152173913043478 0.6399456521739131 0.020380434782608696 0.01970108695652174
0 0.8152173913043478 0.5699728260869565 0.015625 0.014266304347826086
0 0.8050271739130435 0.59375 0.020380434782608696 0.021059782608695652
0 0.8036684782608695 0.8084239130434783 0.021059782608695652 0.022418478260869564
0 0.8457880434782609 0.37907608695652173 0.014945652173913044 0.016304347826086956
0 0.8430706521739131 0.41372282608695654 0.015625 0.015625
0 0.8539402173913043 0.4279891304347826 0.017663043478260868 0.015625
0 0.951766304347826 0.49116847826086957 0.018342391304347828 0.018342391304347828
0 0.8525815217391305 0.5591032608695652 0.016304347826086956 0.016304347826086956
0 0.9239130434782609 0.5706521739130435 0.018342391304347828 0.015625
0 0.8743206521739131 0.6684782608695652 0.020380434782608696 0.01970108695652174
0 0.3451086956521739 0.5441576086956522 0.017663043478260868 0.015625
0 0.38247282608695654 0.5360054347826086 0.01970108695652174 0.016304347826086956
0 0.46535326086956524 0.4626358695652174 0.012907608695652174 0.012228260869565218
0 0.47758152173913043 0.4898097826086957 0.012228260869565218 0.01154891304347826
0 0.6345108695652174 0.6311141304347826 0.017663043478260868 0.01970108695652174
0 0.13451086956521738 0.34103260869565216 0.012907608695652174 0.010190217391304348
0 0.13111413043478262 0.36141304347826086 0.014945652173913044 0.01154891304347826
0 0.050951086956521736 0.37771739130434784 0.017663043478260868 0.014266304347826086
0 0.09442934782608696 0.3851902173913043 0.017663043478260868 0.014266304347826086
0 0.14334239130434784 0.374320652173913 0.014945652173913044 0.01154891304347826
0 0.19769021739130435 0.38247282608695654 0.015625 0.012228260869565218
0 0.21263586956521738 0.3804347826086957 0.015625 0.012228260869565218
0 0.25 0.3953804347826087 0.015625 0.012228260869565218
0 0.29483695652173914 0.37839673913043476 0.014266304347826086 0.010869565217391304
0 0.030570652173913044 0.4171195652173913 0.017663043478260868 0.014266304347826086
0 0.021739130434782608 0.45040760869565216 0.017663043478260868 0.014266304347826086
0 0.016304347826086956 0.47690217391304346 0.017663043478260868 0.014266304347826086
0 0.010190217391304348 0.5149456521739131 0.018342391304347828 0.014266304347826086
0 0.005434782608695652 0.4986413043478261 0.010869565217391304 0.014266304347826086
0 0.051630434782608696 0.48845108695652173 0.018342391304347828 0.014266304347826086
0 0.06046195652173913 0.5074728260869565 0.019021739130434784 0.014945652173913044
0 0.07540760869565218 0.5163043478260869 0.019021739130434784 0.014945652173913044
0 0.11209239130434782 0.48165760869565216 0.017663043478260868 0.01358695652173913
0 0.059103260869565216 0.45991847826086957 0.017663043478260868 0.014266304347826086
0 0.08899456521739131 0.4361413043478261 0.017663043478260868 0.01358695652173913
0 0.13043478260869565 0.44157608695652173 0.017663043478260868 0.01358695652173913
0 0.14741847826086957 0.4639945652173913 0.017663043478260868 0.01358695652173913
0 0.140625 0.48709239130434784 0.017663043478260868 0.014266304347826086
0 0.13926630434782608 0.5176630434782609 0.019021739130434784 0.014945652173913044
0 0.17459239130434784 0.4748641304347826 0.017663043478260868 0.014266304347826086
0 0.2078804347826087 0.4375 0.017663043478260868 0.014266304347826086
0 0.26222826086956524 0.43342391304347827 0.017663043478260868 0.012907608695652174
0 0.30842391304347827 0.4361413043478261 0.016304347826086956 0.012228260869565218
0 0.2873641304347826 0.48097826086956524 0.017663043478260868 0.01358695652173913
0 0.25 0.48777173913043476 0.017663043478260868 0.014266304347826086
0 0.21942934782608695 0.48709239130434784 0.018342391304347828 0.014266304347826086
0 0.30570652173913043 0.49796195652173914 0.017663043478260868 0.014266304347826086
0 0.313179347826087 0.47078804347826086 0.016983695652173912 0.01358695652173913
0 0.021739130434782608 0.532608695652174 0.019021739130434784 0.014945652173913044
0 0.024456521739130436 0.5427989130434783 0.019021739130434784 0.014945652173913044
0 0.025135869565217392 0.5686141304347826 0.019021739130434784 0.014945652173913044
0 0.018342391304347828 0.5842391304347826 0.01970108695652174 0.015625
0 0.04483695652173913 0.6046195652173914 0.020380434782608696 0.015625
0 0.008152173913043478 0.6059782608695652 0.016304347826086956 0.015625
0 0.03940217391304348 0.6256793478260869 0.021059782608695652 0.016304347826086956
0 0.04755434782608696 0.641983695652174 0.020380434782608696 0.016304347826086956
0 0.06453804347826086 0.6182065217391305 0.020380434782608696 0.016304347826086956
0 0.09375 0.626358695652174 0.020380434782608696 0.016304347826086956
0 0.07472826086956522 0.5434782608695652 0.01970108695652174 0.016304347826086956
0 0.11345108695652174 0.5360054347826086 0.01970108695652174 0.015625
0 0.15828804347826086 0.5373641304347826 0.01970108695652174 0.015625
0 0.171875 0.5652173913043478 0.020380434782608696 0.015625
0 0.15489130434782608 0.5957880434782609 0.021059782608695652 0.016304347826086956
0 0.15217391304347827 0.6290760869565217 0.021059782608695652 0.016304347826086956
0 0.1644021739130435 0.6474184782608695 0.021059782608695652 0.016304347826086956
0 0.20652173913043478 0.6331521739130435 0.021739130434782608 0.016304347826086956
0 0.19769021739130435 0.6154891304347826 0.021059782608695652 0.016304347826086956
0 0.18614130434782608 0.5957880434782609 0.020380434782608696 0.016304347826086956
0 0.20244565217391305 0.5815217391304348 0.020380434782608696 0.016304347826086956
0 0.22146739130434784 0.6168478260869565 0.021059782608695652 0.016304347826086956
0 0.23573369565217392 0.6297554347826086 0.021059782608695652 0.016304347826086956
0 0.2717391304347826 0.626358695652174 0.021059782608695652 0.016304347826086956
0 0.28396739130434784 0.626358695652174 0.021059782608695652 0.016304347826086956
0 0.2982336956521739 0.6372282608695652 0.021059782608695652 0.016304347826086956
0 0.2561141304347826 0.6012228260869565 0.020380434782608696 0.016304347826086956
0 0.30434782608695654 0.6039402173913043 0.021059782608695652 0.016304347826086956
0 0.2921195652173913 0.5387228260869565 0.019021739130434784 0.014945652173913044
0 0.24660326086956522 0.5394021739130435 0.019021739130434784 0.014945652173913044
0 0.23505434782608695 0.5550271739130435 0.01970108695652174 0.014945652173913044
0 0.21535326086956522 0.5285326086956522 0.019021739130434784 0.014945652173913044
0 0.010869565217391304 0.6569293478260869 0.021059782608695652 0.016983695652173912
0 0.036005434782608696 0.6684782608695652 0.021739130434782608 0.016304347826086956
0 0.06657608695652174 0.6813858695652174 0.021059782608695652 0.016983695652173912
0 0.11345108695652174 0.6793478260869565 0.021059782608695652 0.016304347826086956
0 0.10122282608695653 0.6793478260869565 0.021059782608695652 0.016304347826086956
0 0.11480978260869565 0.6596467391304348 0.021059782608695652 0.016304347826086956
0 0.15489130434782608 0.6868206521739131 0.021059782608695652 0.016304347826086956
0 0.13179347826086957 0.6854619565217391 0.021059782608695652 0.016304347826086956
0 0.10190217391304347 0.7350543478260869 0.020380434782608696 0.016304347826086956
0 0.23029891304347827 0.7167119565217391 0.021059782608695652 0.016304347826086956
0 0.19701086956521738 0.6854619565217391 0.022418478260869564 0.016983695652173912
0 0.22282608695652173 0.6793478260869565 0.021739130434782608 0.016983695652173912
0 0.2139945652173913 0.6535326086956522 0.021739130434782608 0.016304347826086956
0 0.17459239130434784 0.6616847826086957 0.021059782608695652 0.016304347826086956
0 0.2907608695652174 0.6528532608695652 0.021739130434782608 0.016304347826086956
0 0.281929347826087 0.6807065217391305 0.021739130434782608 0.016983695652173912
0 0.25271739130434784 0.7459239130434783 0.021059782608695652 0.016304347826086956
0 0.3423913043478261 0.38383152173913043 0.014945652173913044 0.01154891304347826
0 0.3919836956521739 0.36820652173913043 0.014945652173913044 0.01154891304347826
0 0.4273097826086957 0.37839673913043476 0.014945652173913044 0.012228260869565218
0 0.37160326086956524 0.39877717391304346 0.014945652173913044 0.01154891304347826
0 0.38654891304347827 0.43002717391304346 0.015625 0.01154891304347826
0 0.4205163043478261 0.41440217391304346 0.014945652173913044 0.01154891304347826
0 0.38654891304347827 0.4544836956521739 0.015625 0.012228260869565218
0 0.43410326086956524 0.4735054347826087 0.015625 0.012228260869565218
0 0.39334239130434784 0.483695652173913 0.016304347826086956 0.012228260869565218
0 0.38247282608695654 0.47282608695652173 0.015625 0.012228260869565218
0 0.34035326086956524 0.47622282608695654 0.016983695652173912 0.012228260869565218
0 0.3539402173913043 0.483695652173913 0.016304347826086956 0.012228260869565218
0 0.32608695652173914 0.5217391304347826 0.017663043478260868 0.014266304347826086
0 0.35529891304347827 0.5197010869565217 0.017663043478260868 0.014266304347826086
0 0.39741847826086957 0.5129076086956522 0.017663043478260868 0.014266304347826086
0 0.4361413043478261 0.4952445652173913 0.016983695652173912 0.012907608695652174
0 0.41915760869565216 0.5224184782608695 0.017663043478260868 0.014266304347826086
0 0.4673913043478261 0.5074728260869565 0.017663043478260868 0.01358695652173913
0 0.46195652173913043 0.49728260869565216 0.016983695652173912 0.012907608695652174
0 0.47078804347826086 0.5258152173913043 0.018342391304347828 0.014266304347826086
0 0.49796195652173914 0.5027173913043478 0.017663043478260868 0.014266304347826086
0 0.5149456521739131 0.5115489130434783 0.017663043478260868 0.014266304347826086
0 0.5434782608695652 0.4945652173913043 0.017663043478260868 0.01358695652173913
0 0.563858695652174 0.47078804347826086 0.016983695652173912 0.012228260869565218
0 0.5271739130434783 0.44972826086956524 0.016304347826086956 0.012228260869565218
0 0.501358695652174 0.4626358695652174 0.016983695652173912 0.012228260869565218
0 0.5224184782608695 0.4232336956521739 0.016304347826086956 0.012228260869565218
0 0.5557065217391305 0.3654891304347826 0.01358695652173913 0.010190217391304348
0 0.548233695652174 0.36141304347826086 0.01358695652173913 0.010190217391304348
0 0.49184782608695654 0.3695652173913043 0.014266304347826086 0.010190217391304348
0 0.44904891304347827 0.41304347826086957 0.015625 0.01154891304347826
0 0.344429347826087 0.5774456521739131 0.021059782608695652 0.016304347826086956
0 0.35258152173913043 0.6059782608695652 0.020380434782608696 0.016304347826086956
0 0.3851902173913043 0.592391304347826 0.022418478260869564 0.017663043478260868
0 0.3546195652173913 0.625 0.021059782608695652 0.016304347826086956
0 0.40964673913043476 0.5998641304347826 0.02309782608695652 0.018342391304347828
0 0.43953804347826086 0.5788043478260869 0.022418478260869564 0.017663043478260868
0 0.45720108695652173 0.5917119565217391 0.021739130434782608 0.016983695652173912
0 0.4429347826086957 0.6127717391304348 0.022418478260869564 0.017663043478260868
0 0.4327445652173913 0.6379076086956522 0.022418478260869564 0.017663043478260868
0 0.47758152173913043 0.6114130434782609 0.022418478260869564 0.016983695652173912
0 0.48029891304347827 0.6385869565217391 0.022418478260869564 0.017663043478260868
0 0.529891304347826 0.610733695652174 0.021739130434782608 0.016983695652173912
0 0.5380434782608695 0.6338315217391305 0.021739130434782608 0.017663043478260868
0 0.5584239130434783 0.6379076086956522 0.022418478260869564 0.017663043478260868
0 0.5652173913043478 0.5957880434782609 0.021739130434782608 0.016983695652173912
0 0.5380434782608695 0.5862771739130435 0.021739130434782608 0.016983695652173912
0 0.4782608695652174 0.5760869565217391 0.021059782608695652 0.016304347826086956
0 0.5618206521739131 0.5570652173913043 0.020380434782608696 0.016304347826086956
0 0.36277173913043476 0.6616847826086957 0.021739130434782608 0.016983695652173912
0 0.3960597826086957 0.65625 0.021739130434782608 0.017663043478260868
0 0.33695652173913043 0.6453804347826086 0.021739130434782608 0.016983695652173912
0 0.3335597826086957 0.6739130434782609 0.021059782608695652 0.016983695652173912
0 0.3138586956521739 0.7072010869565217 0.020380434782608696 0.016304347826086956
0 0.40217391304347827 0.6908967391304348 0.022418478260869564 0.017663043478260868
0 0.38654891304347827 0.7235054347826086 0.022418478260869564 0.017663043478260868
0 0.4986413043478261 0.717391304347826 0.021059782608695652 0.016304347826086956
0 0.501358695652174 0.6922554347826086 0.02309782608695652 0.018342391304347828
0 0.4422554347826087 0.6949728260869565 0.021739130434782608 0.016983695652173912
0 0.4639945652173913 0.6677989130434783 0.022418478260869564 0.017663043478260868
0 0.438179347826087 0.6596467391304348 0.02309782608695652 0.018342391304347828
0 0.49728260869565216 0.6623641304347826 0.022418478260869564 0.017663043478260868
0 0.5183423913043478 0.6623641304347826 0.02309782608695652 0.017663043478260868
0 0.5434782608695652 0.6589673913043478 0.02309782608695652 0.018342391304347828
0 0.5597826086956522 0.6793478260869565 0.022418478260869564 0.018342391304347828
0 0.5278532608695652 0.6949728260869565 0.02309782608695652 0.018342391304347828
0 0.4701086956521739 0.5957880434782609 0.021739130434782608 0.016983695652173912
0 0.37771739130434784 0.8464673913043478 0.01970108695652174 0.015625
0 0.7078804347826086 0.16779891304347827 0.010869565217391304 0.008152173913043478
0 0.782608695652174 0.22078804347826086 0.012228260869565218 0.009510869565217392
0 0.5876358695652174 0.36616847826086957 0.01358695652173913 0.010190217391304348
0 0.5978260869565217 0.38247282608695654 0.014266304347826086 0.010869565217391304
0 0.6161684782608695 0.375 0.014945652173913044 0.01154891304347826
0 0.6365489130434783 0.36345108695652173 0.014266304347826086 0.010869565217391304
0 0.670516304347826 0.3654891304347826 0.014266304347826086 0.01154891304347826
0 0.6834239130434783 0.3702445652173913 0.014266304347826086 0.01154891304347826
0 0.7038043478260869 0.34646739130434784 0.014266304347826086 0.010869565217391304
0 0.6983695652173914 0.39945652173913043 0.015625 0.012228260869565218
0 0.71875 0.38858695652173914 0.014945652173913044 0.01154891304347826
0 0.6949728260869565 0.2914402173913043 0.01358695652173913 0.010190217391304348
0 0.7296195652173914 0.3016304347826087 0.01358695652173913 0.010190217391304348
0 0.811141304347826 0.391304347826087 0.016304347826086956 0.012907608695652174
0 0.7995923913043478 0.265625 0.01358695652173913 0.010190217391304348
0 0.6610054347826086 0.2391304347826087 0.012907608695652174 0.009510869565217392
0 0.579483695652174 0.41915760869565216 0.015625 0.01154891304347826
0 0.5855978260869565 0.406929347826087 0.014945652173913044 0.01154891304347826
0 0.608016304347826 0.4076086956521739 0.016304347826086956 0.012228260869565218
0 0.5869565217391305 0.4313858695652174 0.016304347826086956 0.012228260869565218
0 0.578125 0.4429347826086957 0.016304347826086956 0.012228260869565218
0 0.5760869565217391 0.5237771739130435 0.01970108695652174 0.015625
0 0.5971467391304348 0.5251358695652174 0.019021739130434784 0.015625
0 0.6399456521739131 0.5020380434782609 0.017663043478260868 0.014266304347826086
0 0.625 0.4945652173913043 0.017663043478260868 0.014266304347826086
0 0.641983695652174 0.4782608695652174 0.016983695652173912 0.012907608695652174
0 0.673233695652174 0.4952445652173913 0.017663043478260868 0.014266304347826086
0 0.6739130434782609 0.4626358695652174 0.016983695652173912 0.012907608695652174
0 0.6521739130434783 0.45652173913043476 0.016983695652173912 0.012907608695652174
0 0.6487771739130435 0.44633152173913043 0.016304347826086956 0.012907608695652174
0 0.6256793478260869 0.4585597826086957 0.016983695652173912 0.012907608695652174
0 0.6542119565217391 0.40964673913043476 0.016304347826086956 0.012228260869565218
0 0.6963315217391305 0.4388586956521739 0.016304347826086956 0.012907608695652174
0 0.798233695652174 0.4436141304347826 0.017663043478260868 0.01358695652173913
0 0.7887228260869565 0.47758152173913043 0.016983695652173912 0.012907608695652174
0 0.7737771739130435 0.4585597826086957 0.016983695652173912 0.012907608695652174
0 0.8063858695652174 0.4639945652173913 0.017663043478260868 0.01358695652173913
0 0.8009510869565217 0.5040760869565217 0.017663043478260868 0.014266304347826086
0 0.782608695652174 0.4279891304347826 0.017663043478260868 0.01358695652173913
0 0.8104619565217391 0.41847826086956524 0.016983695652173912 0.012907608695652174
0 0.7540760869565217 0.3580163043478261 0.014945652173913044 0.010869565217391304
0 0.5957880434782609 0.5726902173913043 0.021059782608695652 0.016304347826086956
0 0.6229619565217391 0.5434782608695652 0.01970108695652174 0.014945652173913044
0 0.6413043478260869 0.5523097826086957 0.01970108695652174 0.016304347826086956
0 0.5998641304347826 0.6447010869565217 0.022418478260869564 0.017663043478260868
0 0.8002717391304348 0.5917119565217391 0.020380434782608696 0.016304347826086956
0 0.8131793478260869 0.6127717391304348 0.021059782608695652 0.016304347826086956
0 0.795516304347826 0.5421195652173914 0.018342391304347828 0.014945652173913044
0 0.8152173913043478 0.5319293478260869 0.018342391304347828 0.014266304347826086
0 0.8158967391304348 0.5427989130434783 0.01970108695652174 0.014945652173913044
0 0.5903532608695652 0.6820652173913043 0.022418478260869564 0.017663043478260868
0 0.8104619565217391 0.6711956521739131 0.021739130434782608 0.017663043478260868
0 0.8213315217391305 0.04483695652173913 0.017663043478260868 0.014266304347826086
0 0.795516304347826 0.05570652173913043 0.017663043478260868 0.01358695652173913
0 0.7880434782608695 0.01970108695652174 0.017663043478260868 0.014266304347826086
0 0.8247282608695652 0.344429347826087 0.01358695652173913 0.010190217391304348
0 0.8362771739130435 0.3179347826086957 0.012228260869565218 0.009510869565217392
0 0.8233695652173914 0.44429347826086957 0.017663043478260868 0.01358695652173913
0 0.828125 0.43410326086956524 0.017663043478260868 0.01358695652173913
0 0.9259510869565217 0.4429347826086957 0.017663043478260868 0.014266304347826086
0 0.8485054347826086 0.4789402173913043 0.017663043478260868 0.014266304347826086
0 0.8199728260869565 0.4673913043478261 0.017663043478260868 0.01358695652173913
0 0.8913043478260869 0.5 0.018342391304347828 0.014945652173913044
0 0.9972826086956522 0.48029891304347827 0.005434782608695652 0.014945652173913044
0 0.998641304347826 0.5027173913043478 0.002717391304347826 0.014266304347826086
0 0.8953804347826086 0.5652173913043478 0.020380434782608696 0.015625
0 0.8600543478260869 0.5441576086956522 0.01970108695652174 0.015625
0 0.8485054347826086 0.529891304347826 0.01970108695652174 0.014945652173913044
0 0.9157608695652174 0.5903532608695652 0.020380434782608696 0.016304347826086956
0 0.8600543478260869 0.5971467391304348 0.020380434782608696 0.016304347826086956
0 0.8512228260869565 0.6195652173913043 0.021059782608695652 0.016304347826086956
0 0.8634510869565217 0.6385869565217391 0.021739130434782608 0.016304347826086956
0 0.9055706521739131 0.6222826086956522 0.021059782608695652 0.016304347826086956
0 0.9483695652173914 0.6440217391304348 0.021739130434782608 0.016304347826086956
0 0.9802989130434783 0.626358695652174 0.021739130434782608 0.016304347826086956
0 0.9925271739130435 0.6073369565217391 0.014945652173913044 0.016304347826086956
0 0.9510869565217391 0.5876358695652174 0.020380434782608696 0.016304347826086956
0 0.9898097826086957 0.5760869565217391 0.020380434782608696 0.016304347826086956
0 0.9891304347826086 0.5652173913043478 0.020380434782608696 0.015625
0 0.876358695652174 0.686141304347826 0.02309782608695652 0.018342391304347828
0 0.8525815217391305 0.6623641304347826 0.021739130434782608 0.016983695652173912
0 0.8349184782608695 0.6908967391304348 0.022418478260869564 0.017663043478260868
0 0.8987771739130435 0.6514945652173914 0.021739130434782608 0.017663043478260868
0 0.9245923913043478 0.6508152173913043 0.021739130434782608 0.016983695652173912
0 0.9694293478260869 0.6542119565217391 0.021739130434782608 0.016983695652173912
0 0.920516304347826 0.6881793478260869 0.022418478260869564 0.017663043478260868
0 0.9633152173913043 0.6868206521739131 0.021059782608695652 0.016304347826086956
0 0.9898097826086957 0.671875 0.020380434782608696 0.018342391304347828
0 0.9972826086956522 0.688858695652174 0.005434782608695652 0.016304347826086956
0 0.8824728260869565 0.7214673913043478 0.02309782608695652 0.018342391304347828
0 0.9884510869565217 0.7853260869565217 0.022418478260869564 0.017663043478260868
0 0.9932065217391305 0.7894021739130435 0.01358695652173913 0.017663043478260868
0 0.8328804347826086 0.2717391304347826 0.01358695652173913 0.010190217391304348
0 0.11277173913043478 0.453125 0.017663043478260868 0.014266304347826086
0 0.37703804347826086 0.6508152173913043 0.021739130434782608 0.016983695652173912
0 0.7948369565217391 0.41779891304347827 0.016983695652173912 0.012907608695652174
0 0.6691576086956522 0.5509510869565217 0.01970108695652174 0.015625
0 0.9313858695652174 0.5536684782608695 0.01970108695652174 0.015625