0 0.16576086956521738 0.39741847826086957 0.04619565217391304 0.04551630434782609
0 0.08423913043478261 0.39402173913043476 0.04483695652173913 0.042119565217391304
0 0.07336956521739131 0.35597826086956524 0.04008152173913043 0.03260869565217391
0 0.20584239130434784 0.360054347826087 0.034646739130434784 0.034646739130434784
0 0.2425271739130435 0.3919836956521739 0.042119565217391304 0.043478260869565216
0 0.2601902173913043 0.3532608695652174 0.04008152173913043 0.04076086956521739
0 0.203125 0.22418478260869565 0.03872282608695652 0.029891304347826088
0 0.38315217391304346 0.2269021739130435 0.036005434782608696 0.030570652173913044
0 0.46535326086956524 0.22894021739130435 0.03736413043478261 0.029211956521739132
0 0.5543478260869565 0.23301630434782608 0.029211956521739132 0.02717391304347826
0 0.6324728260869565 0.21807065217391305 0.034646739130434784 0.03328804347826087
0 0.7119565217391305 0.21671195652173914 0.033967391304347824 0.030570652173913044
0 0.8220108695652174 0.21467391304347827 0.029211956521739132 0.025135869565217392
0 0.7275815217391305 0.13519021739130435 0.03940217391304348 0.03872282608695652
0 0.6976902173913043 0.10258152173913043 0.03328804347826087 0.029211956521739132
0 0.6677989130434783 0.06929347826086957 0.036005434782608696 0.03260869565217391
0 0.6345108695652174 0.13383152173913043 0.036005434782608696 0.03260869565217391
0 0.6019021739130435 0.06182065217391304 0.034646739130434784 0.03125
0 0.5645380434782609 0.08491847826086957 0.033967391304347824 0.03260869565217391
0 0.546875 0.12228260869565218 0.03872282608695652 0.03804347826086957
0 0.5074728260869565 0.06114130434782609 0.036005434782608696 0.03260869565217391
0 0.5366847826086957 0.025815217391304348 0.03736413043478261 0.029891304347826088
0 0.4585597826086957 0.08559782608695653 0.03736413043478261 0.036005434782608696
0 0.31657608695652173 0.13654891304347827 0.03260869565217391 0.029891304347826088
0 0.23573369565217392 0.13179347826086957 0.036005434782608696 0.035326086956521736
0 0.26222826086956524 0.10054347826086957 0.03328804347826087 0.029211956521739132
0 0.16779891304347827 0.15760869565217392 0.03260869565217391 0.035326086956521736
0 0.09307065217391304 0.08695652173913043 0.03736413043478261 0.03260869565217391
0 0.010190217391304348 0.11141304347826086 0.01970108695652174 0.042798913043478264
0 0.779891304347826 0.07744565217391304 0.033967391304347824 0.03192934782608696
0 0.7391304347826086 0.042798913043478264 0.029211956521739132 0.029891304347826088
0 0.8233695652173914 0.04891304347826087 0.036005434782608696 0.03125
0 0.9001358695652174 0.036684782608695655 0.03192934782608696 0.029211956521739132
0 0.9789402173913043 0.09986413043478261 0.035326086956521736 0.029891304347826088
0 0.9769021739130435 0.12567934782608695 0.029891304347826088 0.025135869565217392
0 0.3580163043478261 0.024456521739130436 0.03192934782608696 0.030570652173913044
0 0.422554347826087 0.06725543478260869 0.03328804347826087 0.03125
0 0.4388586956521739 0.035326086956521736 0.03192934782608696 0.02717391304347826
0 0.468070652173913 0.008152173913043478 0.036684782608695655 0.016304347826086956
0 0.5692934782608695 0.004755434782608696 0.03804347826086957 0.009510869565217392
0 0.6447010869565217 0.022418478260869564 0.036005434782608696 0.03125
0 0.22894021739130435 0.008152173913043478 0.034646739130434784 0.016304347826086956
0 0.4578804347826087 0.31521739130434784 0.16644021739130435 0.10190217391304347
0 0.7112771739130435 0.6766304347826086 0.06114130434782609 0.04619565217391304
0 0.8199728260869565 0.7235054347826086 0.06317934782608696 0.04755434782608696
0 0.798233695652174 0.33152173913043476 0.17323369565217392 0.11277173913043478
0 0.9653532608695652 0.2296195652173913 0.06929347826086957 0.12364130434782608
0 0.265625 0.3967391304347826 0.04823369565217391 0.036684782608695655
0 0.23641304347826086 0.234375 0.04008152173913043 0.029891304347826088
0 0.8967391304347826 0.21331521739130435 0.036005434782608696 0.02717391304347826
0 0.4313858695652174 0.12024456521739131 0.04076086956521739 0.029891304347826088
0 0.3892663043478261 0.14741847826086957 0.03872282608695652 0.028532608695652172
0 0.08016304347826086 0.04076086956521739 0.034646739130434784 0.025815217391304348
0 0.8831521739130435 0.09510869565217392 0.036684782608695655 0.02717391304347826
0 0.6467391304347826 0.37228260869565216 0.024456521739130436 0.018342391304347828
0 0.3892663043478261 0.041440217391304345 0.035326086956521736 0.026494565217391304