0 0.11413043478260869 0.264945652173913 0.020380434782608696 0.012228260869565218
0 0.15081521739130435 0.2595108695652174 0.024456521739130436 0.014266304347826086
0 0.18614130434782608 0.2601902173913043 0.020380434782608696 0.010869565217391304
0 0.28532608695652173 0.2296195652173913 0.015625 0.010190217391304348
0 0.3111413043478261 0.21603260869565216 0.012907608695652174 0.007472826086956522
0 0.24864130434782608 0.22214673913043478 0.01154891304347826 0.007472826086956522
0 0.358695652173913 0.23301630434782608 0.015625 0.009510869565217392
0 0.25883152173913043 0.250679347826087 0.02377717391304348 0.010869565217391304
0 0.3953804347826087 0.23233695652173914 0.016304347826086956 0.010869565217391304
0 0.41779891304347827 0.22554347826086957 0.018342391304347828 0.010190217391304348
0 0.4123641304347826 0.21739130434782608 0.012907608695652174 0.007472826086956522
0 0.436820652173913 0.22214673913043478 0.01358695652173913 0.008831521739130434
0 0.45516304347826086 0.20991847826086957 0.012907608695652174 0.006793478260869565
0 0.4157608695652174 0.20991847826086957 0.01358695652173913 0.007472826086956522
0 0.48709239130434784 0.21195652173913043 0.016304347826086956 0.008152173913043478
0 0.4782608695652174 0.19633152173913043 0.012907608695652174 0.006114130434782609
0 0.5020380434782609 0.19769021739130435 0.012907608695652174 0.006114130434782609
0 0.5251358695652174 0.2112771739130435 0.016304347826086956 0.007472826086956522
0 0.5523097826086957 0.18410326086956522 0.010869565217391304 0.005434782608695652
0 0.484375 0.7880434782608695 0.4748641304347826 0.23573369565217392
0 0.06182065217391304 0.578125 0.12364130434782608 0.09171195652173914
0 0.05434782608695652 0.297554347826087 0.029891304347826088 0.010869565217391304
0 0.007472826086956522 0.24592391304347827 0.014945652173913044 0.008831521739130434
0 0.018342391304347828 0.3389945652173913 0.036684782608695655 0.014945652173913044
0 0.19972826086956522 0.2873641304347826 0.03125 0.01154891304347826
0 0.2296195652173913 0.2547554347826087 0.025135869565217392 0.009510869565217392
0 0.2425271739130435 0.34578804347826086 0.03736413043478261 0.014266304347826086
0 0.20720108695652173 0.37092391304347827 0.03736413043478261 0.01358695652173913
0 0.16983695652173914 0.22826086956521738 0.018342391304347828 0.006793478260869565
0 0.20448369565217392 0.22146739130434784 0.016983695652173912 0.006114130434782609
0 0.23709239130434784 0.2235054347826087 0.016983695652173912 0.006793478260869565
0 0.29959239130434784 0.22078804347826086 0.016983695652173912 0.006114130434782609
0 0.2860054347826087 0.21739130434782608 0.016304347826086956 0.006114130434782609
0 0.343070652173913 0.24660326086956522 0.024456521739130436 0.009510869565217392
0 0.32065217391304346 0.2513586956521739 0.025135869565217392 0.009510869565217392
0 0.38179347826086957 0.2425271739130435 0.02309782608695652 0.008831521739130434
0 0.4008152173913043 0.19157608695652173 0.012228260869565218 0.004755434782608696
0 0.3491847826086957 0.22554347826086957 0.019021739130434784 0.007472826086956522
0 0.3491847826086957 0.21875 0.016983695652173912 0.006793478260869565
0 0.4483695652173913 0.24116847826086957 0.022418478260869564 0.008152173913043478
0 0.483695652173913 0.20584239130434784 0.015625 0.006114130434782609
0 0.47554347826086957 0.19021739130434784 0.012907608695652174 0.004755434782608696
0 0.9157608695652174 0.035326086956521736 0.012907608695652174 0.004755434782608696
0 0.43070652173913043 0.2798913043478261 0.029891304347826088 0.010869565217391304
0 0.48777173913043476 0.24320652173913043 0.02377717391304348 0.008831521739130434
0 0.501358695652174 0.22894021739130435 0.020380434782608696 0.007472826086956522
0 0.5645380434782609 0.18478260869565216 0.012228260869565218 0.004076086956521739
0 0.5815217391304348 0.18206521739130435 0.01154891304347826 0.004076086956521739
0 0.576766304347826 0.1875 0.012907608695652174 0.004755434782608696