0 0.10529891304347826 0.8947010869565217 0.057744565217391304 0.046875
0 0.1922554347826087 0.8131793478260869 0.042119565217391304 0.04008152173913043
0 0.050271739130434784 0.6963315217391305 0.044157608695652176 0.03804347826086957
0 0.2710597826086957 0.7547554347826086 0.044157608695652176 0.03940217391304348
0 0.45652173913043476 0.8097826086956522 0.041440217391304345 0.03736413043478261
0 0.40285326086956524 0.8817934782608695 0.036684782608695655 0.03192934782608696
0 0.33220108695652173 0.9565217391304348 0.033967391304347824 0.03260869565217391
0 0.3641304347826087 0.06861413043478261 0.019021739130434784 0.01970108695652174
0 0.41847826086956524 0.07608695652173914 0.01970108695652174 0.019021739130434784
0 0.42459239130434784 0.10461956521739131 0.02377717391304348 0.021739130434782608
0 0.4952445652173913 0.11888586956521739 0.021739130434782608 0.021059782608695652
0 0.40625 0.20040760869565216 0.029891304347826088 0.027853260869565216
0 0.3029891304347826 0.203125 0.027853260869565216 0.025135869565217392
0 0.18614130434782608 0.22214673913043478 0.027853260869565216 0.022418478260869564
0 0.03736413043478261 0.21875 0.029211956521739132 0.02717391304347826
0 0.38383152173913043 0.264945652173913 0.025815217391304348 0.024456521739130436
0 0.5074728260869565 0.21603260869565216 0.02717391304347826 0.025135869565217392
0 0.592391304347826 0.09171195652173914 0.020380434782608696 0.020380434782608696
0 0.6311141304347826 0.07065217391304347 0.016304347826086956 0.016983695652173912
0 0.9891304347826086 0.041440217391304345 0.021059782608695652 0.021739130434782608
0 0.9966032608695652 0.20584239130434784 0.006793478260869565 0.02309782608695652
0 0.9680706521739131 0.23233695652173914 0.024456521739130436 0.02377717391304348
0 0.970108695652174 0.19089673913043478 0.02377717391304348 0.021739130434782608
0 0.9347826086956522 0.20244565217391305 0.029211956521739132 0.028532608695652172
0 0.8980978260869565 0.15692934782608695 0.022418478260869564 0.022418478260869564
0 0.8648097826086957 0.21603260869565216 0.02717391304347826 0.024456521739130436
0 0.8029891304347826 0.24796195652173914 0.025135869565217392 0.022418478260869564
0 0.7894021739130435 0.21942934782608695 0.02717391304347826 0.028532608695652172
0 0.7146739130434783 0.23845108695652173 0.027853260869565216 0.02717391304347826
0 0.6514945652173914 0.22826086956521738 0.026494565217391304 0.025135869565217392
0 0.6270380434782609 0.2513586956521739 0.027853260869565216 0.025815217391304348
0 0.5285326086956522 0.25815217391304346 0.03125 0.03125
0 0.9137228260869565 0.35258152173913043 0.024456521739130436 0.022418478260869564
0 0.6569293478260869 0.30095108695652173 0.029211956521739132 0.029211956521739132
0 0.5536684782608695 0.3491847826086957 0.033967391304347824 0.02717391304347826
0 0.47622282608695654 0.3063858695652174 0.034646739130434784 0.035326086956521736
0 0.5917119565217391 0.4782608695652174 0.036005434782608696 0.035326086956521736
0 0.6453804347826086 0.453804347826087 0.029891304347826088 0.029211956521739132
0 0.765625 0.5047554347826086 0.030570652173913044 0.029891304347826088
0 0.8084239130434783 0.47146739130434784 0.03260869565217391 0.03260869565217391
0 0.9293478260869565 0.5251358695652174 0.018342391304347828 0.030570652173913044
0 0.9524456521739131 0.5067934782608695 0.03260869565217391 0.036684782608695655
0 0.5529891304347826 0.529891304347826 0.03125 0.033967391304347824
0 0.4232336956521739 0.43342391304347827 0.03260869565217391 0.030570652173913044
0 0.14470108695652173 0.37296195652173914 0.03192934782608696 0.029891304347826088
0 0.025815217391304348 0.41032608695652173 0.029891304347826088 0.027853260869565216
0 0.23029891304347827 0.3335597826086957 0.03125 0.018342391304347828
0 0.36684782608695654 0.33559782608695654 0.03192934782608696 0.029211956521739132
0 0.296195652173913 0.37092391304347827 0.029211956521739132 0.029211956521739132
0 0.2866847826086957 0.40828804347826086 0.03260869565217391 0.027853260869565216
0 0.3851902173913043 0.3702445652173913 0.036684782608695655 0.03328804347826087
0 0.3532608695652174 0.45516304347826086 0.03736413043478261 0.03736413043478261
0 0.19157608695652173 0.5176630434782609 0.030570652173913044 0.025135869565217392
0 0.10258152173913043 0.485054347826087 0.034646739130434784 0.03125
0 0.006114130434782609 0.5101902173913043 0.01154891304347826 0.042798913043478264
0 0.35190217391304346 0.6610054347826086 0.04076086956521739 0.041440217391304345
0 0.4375 0.6066576086956522 0.03736413043478261 0.036684782608695655
0 0.48097826086956524 0.5665760869565217 0.03125 0.029891304347826088
0 0.5774456521739131 0.6942934782608695 0.034646739130434784 0.033967391304347824
0 0.6630434782608695 0.5930706521739131 0.03736413043478261 0.03260869565217391
0 0.8634510869565217 0.6854619565217391 0.03736413043478261 0.025135869565217392
0 0.8743206521739131 0.6426630434782609 0.03736413043478261 0.029891304347826088
0 0.6807065217391305 0.8525815217391305 0.03804347826086957 0.03192934782608696
0 0.5197010869565217 0.7418478260869565 0.042119565217391304 0.03192934782608696
0 0.22826086956521738 0.06793478260869565 0.022418478260869564 0.016983695652173912
0 0.2921195652173913 0.06929347826086957 0.02377717391304348 0.017663043478260868
0 0.12771739130434784 0.23980978260869565 0.030570652173913044 0.02309782608695652
0 0.009510869565217392 0.18885869565217392 0.019021739130434784 0.021739130434782608
0 0.5502717391304348 0.0020380434782608695 0.01358695652173913 0.004076086956521739
0 0.6379076086956522 0.11480978260869565 0.02377717391304348 0.017663043478260868
0 0.515625 0.3797554347826087 0.03736413043478261 0.027853260869565216
0 0.005434782608695652 0.38722826086956524 0.010869565217391304 0.025135869565217392
0 0.2561141304347826 0.6161684782608695 0.042798913043478264 0.03192934782608696
0 0.7269021739130435 0.5400815217391305 0.036684782608695655 0.027853260869565216
0 0.9259510869565217 0.5971467391304348 0.036684782608695655 0.02717391304347826
0 0.6528532608695652 0.9089673913043478 0.04076086956521739 0.030570652173913044
0 0.529891304347826 0.985733695652174 0.046875 0.028532608695652172
0 0.735733695652174 0.7975543478260869 0.04076086956521739 0.030570652173913044