0 0.4830163043478261 0.7995923913043478 0.02377717391304348 0.022418478260869564
0 0.5978260869565217 0.7927989130434783 0.02377717391304348 0.02717391304347826
0 0.548233695652174 0.6990489130434783 0.02377717391304348 0.02377717391304348
0 0.7207880434782609 0.7934782608695652 0.029891304347826088 0.028532608695652172
0 0.8539402173913043 0.7914402173913043 0.025815217391304348 0.02377717391304348
0 0.8817934782608695 0.7099184782608695 0.025815217391304348 0.022418478260869564
0 0.7730978260869565 0.7133152173913043 0.017663043478260868 0.01970108695652174
0 0.7989130434782609 0.6399456521739131 0.017663043478260868 0.01970108695652174
0 0.9021739130434783 0.6372282608695652 0.017663043478260868 0.01970108695652174
0 0.6902173913043478 0.6358695652173914 0.017663043478260868 0.01970108695652174
0 0.595108695652174 0.6358695652173914 0.017663043478260868 0.01970108695652174
0 0.6467391304347826 0.5815217391304348 0.017663043478260868 0.018342391304347828
0 0.7248641304347826 0.579483695652174 0.017663043478260868 0.018342391304347828
0 0.8247282608695652 0.5828804347826086 0.021739130434782608 0.01970108695652174
0 0.921875 0.5808423913043478 0.016304347826086956 0.018342391304347828
0 0.9449728260869565 0.529891304347826 0.017663043478260868 0.01970108695652174
0 0.8349184782608695 0.5237771739130435 0.017663043478260868 0.018342391304347828
0 0.7581521739130435 0.5230978260869565 0.017663043478260868 0.018342391304347828
0 0.6698369565217391 0.5244565217391305 0.021739130434782608 0.022418478260869564
0 0.6990489130434783 0.49320652173913043 0.016304347826086956 0.018342391304347828
0 0.7717391304347826 0.485054347826087 0.017663043478260868 0.018342391304347828
0 0.8457880434782609 0.48845108695652173 0.016304347826086956 0.018342391304347828
0 0.9368206521739131 0.4952445652173913 0.017663043478260868 0.018342391304347828
0 0.9490489130434783 0.46195652173913043 0.016304347826086956 0.016304347826086956
0 0.796875 0.4578804347826087 0.016304347826086956 0.016304347826086956
0 0.7323369565217391 0.4592391304347826 0.021739130434782608 0.022418478260869564
0 0.7459239130434783 0.4361413043478261 0.02377717391304348 0.022418478260869564
0 0.811141304347826 0.43002717391304346 0.016304347826086956 0.016304347826086956
0 0.875 0.42595108695652173 0.016304347826086956 0.016304347826086956
0 0.9558423913043478 0.4279891304347826 0.014266304347826086 0.01358695652173913
0 0.9979619565217391 0.6875 0.004076086956521739 0.02377717391304348
0 0.25271739130434784 0.422554347826087 0.014266304347826086 0.012228260869565218
0 0.47282608695652173 0.4205163043478261 0.014266304347826086 0.012228260869565218
0 0.5808423913043478 0.4001358695652174 0.014266304347826086 0.01358695652173913
0 0.7730978260869565 0.35665760869565216 0.016304347826086956 0.016304347826086956
0 0.7941576086956522 0.3376358695652174 0.014266304347826086 0.01358695652173913
0 0.8641304347826086 0.4626358695652174 0.01970108695652174 0.014945652173913044
0 0.021739130434782608 0.4205163043478261 0.016304347826086956 0.012228260869565218
0 0.14266304347826086 0.4232336956521739 0.016304347826086956 0.012228260869565218
0 0.343070652173913 0.4205163043478261 0.017663043478260868 0.014945652173913044
0 0.6650815217391305 0.39470108695652173 0.017663043478260868 0.014945652173913044
0 0.9932065217391305 0.265625 0.010190217391304348 0.008831521739130434
0 0.9476902173913043 0.24728260869565216 0.008152173913043478 0.006114130434782609
0 0.9898097826086957 0.2425271739130435 0.008152173913043478 0.006114130434782609
0 0.9898097826086957 0.23505434782608695 0.008152173913043478 0.004755434782608696
0 0.9911684782608695 0.22282608695652173 0.006114130434782609 0.004755434782608696
0 0.9911684782608695 0.21603260869565216 0.004076086956521739 0.002717391304347826
0 0.7282608695652174 0.37092391304347827 0.017663043478260868 0.014945652173913044
0 0.7819293478260869 0.328804347826087 0.016304347826086956 0.012228260869565218
0 0.8879076086956522 0.19972826086956522 0.012228260869565218 0.008831521739130434
0 0.8756793478260869 0.21467391304347827 0.012228260869565218 0.008831521739130434
0 0.8641304347826086 0.2269021739130435 0.012228260869565218 0.010190217391304348
0 0.8573369565217391 0.23641304347826086 0.014266304347826086 0.010190217391304348
0 0.845108695652174 0.24728260869565216 0.010190217391304348 0.007472826086956522
0 0.8369565217391305 0.25883152173913043 0.010190217391304348 0.007472826086956522
0 0.8362771739130435 0.264945652173913 0.012228260869565218 0.007472826086956522
0 0.8301630434782609 0.2710597826086957 0.012228260869565218 0.008831521739130434
0 0.8247282608695652 0.27853260869565216 0.012228260869565218 0.008831521739130434
0 0.8179347826086957 0.29279891304347827 0.012228260869565218 0.010190217391304348
0 0.8152173913043478 0.3063858695652174 0.014266304347826086 0.010190217391304348
0 0.7160326086956522 0.26358695652173914 0.010190217391304348 0.007472826086956522
0 0.7160326086956522 0.19972826086956522 0.01970108695652174 0.014945652173913044
0 0.9042119565217391 0.18885869565217392 0.012228260869565218 0.008831521739130434
0 0.9103260869565217 0.1827445652173913 0.012228260869565218 0.008831521739130434
0 0.9150815217391305 0.17255434782608695 0.008152173913043478 0.006114130434782609
0 0.7438858695652174 0.16983695652173914 0.014266304347826086 0.012228260869565218
0 0.044157608695652176 0.297554347826087 0.012228260869565218 0.010190217391304348