0 0.4470108695652174 0.438179347826087 0.06114130434782609 0.05298913043478261
0 0.015625 0.391304347826087 0.030570652173913044 0.04483695652173913
0 0.23709239130434784 0.34375 0.049592391304347824 0.04891304347826087
0 0.3016304347826087 0.3736413043478261 0.052309782608695655 0.04619565217391304
0 0.12635869565217392 0.37907608695652173 0.049592391304347824 0.041440217391304345
0 0.7282608695652174 0.3607336956521739 0.057065217391304345 0.050271739130434784
0 0.5305706521739131 0.38383152173913043 0.046875 0.04076086956521739
0 0.6154891304347826 0.40896739130434784 0.0625 0.052309782608695655
0 0.11548913043478261 0.44021739130434784 0.05502717391304348 0.04483695652173913
0 0.375 0.5237771739130435 0.06317934782608696 0.059782608695652176
0 0.6786684782608695 0.578125 0.08831521739130435 0.06725543478260869
0 0.7078804347826086 0.421195652173913 0.06793478260869565 0.050271739130434784
0 0.20720108695652173 0.4279891304347826 0.057744565217391304 0.04755434782608696
0 0.16983695652173914 0.391304347826087 0.04823369565217391 0.03872282608695652
0 0.5618206521739131 0.5570652173913043 0.06997282608695653 0.06046195652173913
0 0.0006793478260869565 0.6195652173913043 0.0006793478260869565 0.06453804347826086
0 0.16983695652173914 0.6283967391304348 0.07133152173913043 0.06182065217391304
0 0.11209239130434782 0.5502717391304348 0.059782608695652176 0.059103260869565216
0 0.43342391304347827 0.38247282608695654 0.052309782608695655 0.04891304347826087
0 0.20923913043478262 0.532608695652174 0.06385869565217392 0.05434782608695652
0 0.33152173913043476 0.6025815217391305 0.07133152173913043 0.06861413043478261
0 0.3607336956521739 0.4266304347826087 0.05434782608695652 0.05298913043478261
0 0.004076086956521739 0.5258152173913043 0.007472826086956522 0.058423913043478264
0 0.43342391304347827 0.3804347826086957 0.058423913043478264 0.043478260869565216
0 0.11073369565217392 0.5516304347826086 0.07065217391304347 0.05298913043478261
0 0.37771739130434784 0.5244565217391305 0.07201086956521739 0.05366847826086957