0 0.6793478260869565 0.5563858695652174 0.03328804347826087 0.03260869565217391
0 0.5883152173913043 0.6426630434782609 0.03192934782608696 0.03125
0 0.34578804347826086 0.5597826086956522 0.025135869565217392 0.02377717391304348
0 0.5971467391304348 0.5441576086956522 0.03192934782608696 0.02717391304347826
0 0.30502717391304346 0.5394021739130435 0.025135869565217392 0.02309782608695652
0 0.14605978260869565 0.5421195652173914 0.030570652173913044 0.03260869565217391
0 0.4076086956521739 0.5441576086956522 0.022418478260869564 0.02309782608695652
0 0.22078804347826086 0.545516304347826 0.021059782608695652 0.021059782608695652
0 0.47282608695652173 0.5631793478260869 0.025135869565217392 0.02377717391304348
0 0.5509510869565217 0.5665760869565217 0.022418478260869564 0.02377717391304348
0 0.3736413043478261 0.5631793478260869 0.018342391304347828 0.01970108695652174
0 0.27309782608695654 0.5529891304347826 0.022418478260869564 0.01970108695652174
0 0.08355978260869565 0.546875 0.025135869565217392 0.02309782608695652
0 0.012907608695652174 0.5394021739130435 0.025815217391304348 0.029891304347826088
0 0.027853260869565216 0.5502717391304348 0.03328804347826087 0.02377717391304348