0 0.7459239130434783 0.19429347826086957 0.020380434782608696 0.026494565217391304
0 0.06929347826086957 0.21263586956521738 0.021059782608695652 0.022418478260869564
0 0.5360054347826086 0.20040760869565216 0.021739130434782608 0.025815217391304348
0 0.7336956521739131 0.43478260869565216 0.05434782608695652 0.059782608695652176
0 0.9157608695652174 0.469429347826087 0.05434782608695652 0.05570652173913043
0 0.1983695652173913 0.28464673913043476 0.019021739130434784 0.025815217391304348
0 0.24932065217391305 0.27717391304347827 0.021739130434782608 0.024456521739130436
0 0.8043478260869565 0.2873641304347826 0.021059782608695652 0.02717391304347826
0 0.2907608695652174 0.19972826086956522 0.018342391304347828 0.02309782608695652
0 0.0625 0.3804347826086957 0.07744565217391304 0.08627717391304347
0 0.5067934782608695 0.28464673913043476 0.025135869565217392 0.024456521739130436
0 0.40421195652173914 0.28328804347826086 0.018342391304347828 0.01970108695652174
0 0.2826086956521739 0.4388586956521739 0.06589673913043478 0.06997282608695653
0 0.29959239130434784 0.2764945652173913 0.02717391304347826 0.02717391304347826
0 0.5815217391304348 0.2764945652173913 0.026494565217391304 0.025135869565217392
0 0.10054347826086957 0.21263586956521738 0.016983695652173912 0.02309782608695652
0 0.09035326086956522 0.28872282608695654 0.017663043478260868 0.01970108695652174
0 0.7520380434782609 0.29008152173913043 0.021739130434782608 0.025815217391304348
0 0.6942934782608695 0.18817934782608695 0.02309782608695652 0.02717391304347826
0 0.4585597826086957 0.19972826086956522 0.02309782608695652 0.025135869565217392
0 0.021059782608695652 0.4123641304347826 0.042119565217391304 0.08016304347826086
0 0.8947010869565217 0.2826086956521739 0.025135869565217392 0.029891304347826088
0 0.46671195652173914 0.44089673913043476 0.06114130434782609 0.07201086956521739
0 0.5183423913043478 0.42934782608695654 0.04823369565217391 0.06182065217391304
0 0.6304347826086957 0.2262228260869565 0.014945652173913044 0.014266304347826086
0 0.1949728260869565 0.21739130434782608 0.02309782608695652 0.019021739130434784
0 0.18885869565217392 0.3967391304347826 0.07065217391304347 0.058423913043478264
0 0.059782608695652176 0.28464673913043476 0.04619565217391304 0.03804347826086957
0 0.20991847826086957 0.21603260869565216 0.02309782608695652 0.019021739130434784
0 0.9925271739130435 0.327445652173913 0.014945652173913044 0.035326086956521736
0 0.29483695652173914 0.38654891304347827 0.059103260869565216 0.04891304347826087
0 0.01970108695652174 0.4626358695652174 0.03940217391304348 0.051630434782608696