0 0.8145380434782609 0.5625 0.08899456521739131 0.10394021739130435
0 0.6773097826086957 0.406929347826087 0.04076086956521739 0.050271739130434784
0 0.6528532608695652 0.8654891304347826 0.13111413043478262 0.14198369565217392
0 0.6168478260869565 0.5067934782608695 0.09035326086956522 0.07948369565217392
0 0.19157608695652173 0.6440217391304348 0.09714673913043478 0.13722826086956522
0 0.5108695652173914 0.5509510869565217 0.08559782608695653 0.09103260869565218
0 0.4857336956521739 0.3491847826086957 0.025135869565217392 0.025815217391304348
0 0.19972826086956522 0.5020380434782609 0.08423913043478261 0.12092391304347826
0 0.5197010869565217 0.359375 0.025135869565217392 0.027853260869565216
0 0.8804347826086957 0.405570652173913 0.04076086956521739 0.036005434782608696
0 0.9327445652173914 0.41983695652173914 0.04076086956521739 0.058423913043478264
0 0.9599184782608695 0.49796195652173914 0.07201086956521739 0.08695652173913043
0 0.5998641304347826 0.671875 0.07676630434782608 0.10394021739130435
0 0.6148097826086957 0.36209239130434784 0.025135869565217392 0.022418478260869564
0 0.140625 0.37160326086956524 0.025135869565217392 0.027853260869565216
0 0.21467391304347827 0.3539402173913043 0.02309782608695652 0.027853260869565216
0 0.4741847826086957 0.43953804347826086 0.042119565217391304 0.050271739130434784
0 0.22826086956521738 0.40421195652173914 0.025135869565217392 0.03192934782608696
0 0.34578804347826086 0.36752717391304346 0.021739130434782608 0.022418478260869564
0 0.3919836956521739 0.48165760869565216 0.043478260869565216 0.06182065217391304
0 0.008831521739130434 0.36752717391304346 0.016983695652173912 0.027853260869565216
0 0.08899456521739131 0.37092391304347827 0.029891304347826088 0.02717391304347826
0 0.31589673913043476 0.36752717391304346 0.016983695652173912 0.021059782608695652
0 0.592391304347826 0.41304347826086957 0.042119565217391304 0.04551630434782609
0 0.6610054347826086 0.375679347826087 0.034646739130434784 0.030570652173913044
0 0.6963315217391305 0.3580163043478261 0.02309782608695652 0.025815217391304348
0 0.7649456521739131 0.34103260869565216 0.029891304347826088 0.027853260869565216
0 0.782608695652174 0.3953804347826087 0.03125 0.035326086956521736
0 0.8960597826086957 0.36616847826086957 0.043478260869565216 0.04823369565217391
0 0.8716032608695652 0.36752717391304346 0.029891304347826088 0.03192934782608696
0 0.9171195652173914 0.5047554347826086 0.046875 0.057065217391304345
0 0.9938858695652174 0.38247282608695654 0.012228260869565218 0.03260869565217391
0 0.06929347826086957 0.41440217391304346 0.06589673913043478 0.04891304347826087
0 0.7832880434782609 0.48029891304347827 0.07472826086956522 0.05638586956521739
0 0.025135869565217392 0.358695652173913 0.02309782608695652 0.017663043478260868
0 0.15557065217391305 0.36684782608695654 0.020380434782608696 0.014266304347826086
0 0.26970108695652173 0.36209239130434784 0.008152173913043478 0.004755434782608696
0 0.027853260869565216 0.4388586956521739 0.05570652173913043 0.05434782608695652
0 0.33559782608695654 0.35258152173913043 0.021739130434782608 0.016304347826086956
0 0.3335597826086957 0.5203804347826086 0.09510869565217392 0.07133152173913043
0 0.33016304347826086 0.45720108695652173 0.07676630434782608 0.057065217391304345
0 0.40285326086956524 0.43546195652173914 0.050271739130434784 0.03736413043478261
0 0.5217391304347826 0.469429347826087 0.07472826086956522 0.05638586956521739
0 0.563858695652174 0.40353260869565216 0.04551630434782609 0.033967391304347824
0 0.5869565217391305 0.43410326086956524 0.06385869565217392 0.04823369565217391
0 0.6290760869565217 0.42595108695652173 0.0625 0.046875
0 0.6025815217391305 0.44904891304347827 0.06997282608695653 0.05298913043478261
0 0.7275815217391305 0.36209239130434784 0.03260869565217391 0.024456521739130436
0 0.7588315217391305 0.3845108695652174 0.042119565217391304 0.030570652173913044
0 0.8029891304347826 0.39809782608695654 0.046875 0.035326086956521736
0 0.7860054347826086 0.36820652173913043 0.03736413043478261 0.02717391304347826
0 0.8091032608695652 0.3451086956521739 0.03125 0.02309782608695652
0 0.8226902173913043 0.374320652173913 0.03872282608695652 0.029211956521739132
0 0.8328804347826086 0.34578804347826086 0.027853260869565216 0.022418478260869564
0 0.8682065217391305 0.35190217391304346 0.03125 0.02309782608695652
0 0.9483695652173914 0.344429347826087 0.03125 0.02309782608695652
0 0.9538043478260869 0.3607336956521739 0.026494565217391304 0.019021739130434784
0 0.8573369565217391 0.4782608695652174 0.07676630434782608 0.057065217391304345
0 0.8960597826086957 0.4375 0.057744565217391304 0.043478260869565216
0 0.9395380434782609 0.7547554347826086 0.12024456521739131 0.10054347826086957