0 0.2262228260869565 0.951766304347826 0.03192934782608696 0.025815217391304348
0 0.12024456521739131 0.7948369565217391 0.02309782608695652 0.018342391304347828
0 0.21671195652173914 0.8362771739130435 0.025815217391304348 0.020380434782608696
0 0.37160326086956524 0.876358695652174 0.02717391304347826 0.017663043478260868
0 0.8743206521739131 0.8077445652173914 0.029891304347826088 0.02377717391304348
0 0.7364130434782609 0.7411684782608695 0.019021739130434784 0.014945652173913044
0 0.6514945652173914 0.7792119565217391 0.019021739130434784 0.015625
0 0.41032608695652173 0.7853260869565217 0.021739130434782608 0.014945652173913044
0 0.37771739130434784 0.7262228260869565 0.017663043478260868 0.015625
0 0.6073369565217391 0.7235054347826086 0.017663043478260868 0.015625
0 0.5699728260869565 0.7296195652173914 0.014945652173913044 0.01358695652173913
0 0.501358695652174 0.6990489130434783 0.014945652173913044 0.012907608695652174
0 0.38654891304347827 0.6793478260869565 0.012228260869565218 0.010869565217391304
0 0.45652173913043476 0.6711956521739131 0.014266304347826086 0.010869565217391304
0 0.4673913043478261 0.6596467391304348 0.016304347826086956 0.01358695652173913
0 0.30366847826086957 0.6800271739130435 0.014266304347826086 0.008831521739130434
0 0.20652173913043478 0.6929347826086957 0.014945652173913044 0.012907608695652174
0 0.09239130434782608 0.7180706521739131 0.016304347826086956 0.01358695652173913
0 0.006114130434782609 0.7010869565217391 0.012228260869565218 0.01358695652173913
0 0.10869565217391304 0.6779891304347826 0.014266304347826086 0.012228260869565218
0 0.18410326086956522 0.6630434782608695 0.010869565217391304 0.012228260869565218
0 0.23029891304347827 0.6596467391304348 0.014266304347826086 0.010190217391304348
0 0.042798913043478264 0.6596467391304348 0.016304347826086956 0.012907608695652174
0 0.046875 0.625 0.012228260869565218 0.010190217391304348
0 0.8756793478260869 0.7078804347826086 0.014945652173913044 0.010869565217391304
0 0.8994565217391305 0.6793478260869565 0.014945652173913044 0.010869565217391304
0 0.7792119565217391 0.6555706521739131 0.014945652173913044 0.010869565217391304
0 0.7472826086956522 0.6908967391304348 0.014266304347826086 0.010190217391304348
0 0.6997282608695652 0.657608695652174 0.012228260869565218 0.008831521739130434
0 0.6426630434782609 0.6759510869565217 0.014266304347826086 0.010869565217391304
0 0.609375 0.6779891304347826 0.012228260869565218 0.010190217391304348
0 0.7472826086956522 0.6379076086956522 0.012228260869565218 0.008831521739130434
0 0.7941576086956522 0.6277173913043478 0.008152173913043478 0.007472826086956522
0 0.8152173913043478 0.6229619565217391 0.010869565217391304 0.008152173913043478
0 0.9551630434782609 0.6630434782608695 0.012228260869565218 0.010190217391304348
0 0.9823369565217391 0.6535326086956522 0.008831521739130434 0.008152173913043478
0 0.9945652173913043 0.6447010869565217 0.008152173913043478 0.008831521739130434
0 0.9782608695652174 0.6100543478260869 0.008152173913043478 0.006114130434782609
0 0.9449728260869565 0.6195652173913043 0.008831521739130434 0.008152173913043478
0 0.9001358695652174 0.6338315217391305 0.012228260869565218 0.008831521739130434
0 0.889266304347826 0.6161684782608695 0.010869565217391304 0.008152173913043478
0 0.8682065217391305 0.6202445652173914 0.008152173913043478 0.006114130434782609
0 0.84375 0.6148097826086957 0.010869565217391304 0.008152173913043478
0 0.8131793478260869 0.6161684782608695 0.008152173913043478 0.007472826086956522
0 0.8777173913043478 0.6073369565217391 0.008152173913043478 0.006114130434782609
0 0.9273097826086957 0.6100543478260869 0.008831521739130434 0.008152173913043478
0 0.951766304347826 0.6046195652173914 0.008152173913043478 0.007472826086956522
0 0.9925271739130435 0.6114130434782609 0.008152173913043478 0.005434782608695652
0 0.9877717391304348 0.578125 0.006793478260869565 0.006114130434782609
0 0.9565217391304348 0.5835597826086957 0.006793478260869565 0.005434782608695652
0 0.9279891304347826 0.5930706521739131 0.008152173913043478 0.007472826086956522
0 0.921875 0.5604619565217391 0.008152173913043478 0.006114130434782609
0 0.4544836956521739 0.6494565217391305 0.012228260869565218 0.008831521739130434
0 0.37296195652173914 0.6331521739130435 0.010869565217391304 0.008152173913043478
0 0.35122282608695654 0.6222826086956522 0.008831521739130434 0.008831521739130434
0 0.28464673913043476 0.6297554347826086 0.008831521739130434 0.008152173913043478
0 0.29891304347826086 0.6324728260869565 0.008831521739130434 0.007472826086956522
0 0.42866847826086957 0.6283967391304348 0.008831521739130434 0.007472826086956522
0 0.4633152173913043 0.6256793478260869 0.010869565217391304 0.008831521739130434
0 0.5271739130434783 0.6351902173913043 0.010869565217391304 0.008831521739130434
0 0.5896739130434783 0.6270380434782609 0.008152173913043478 0.006114130434782609
0 0.6052989130434783 0.623641304347826 0.010869565217391304 0.008152173913043478
0 0.640625 0.6141304347826086 0.006793478260869565 0.005434782608695652
0 0.65625 0.609375 0.008152173913043478 0.007472826086956522
0 0.639266304347826 0.6005434782608695 0.008152173913043478 0.007472826086956522
0 0.654891304347826 0.5971467391304348 0.008831521739130434 0.008152173913043478
0 0.6854619565217391 0.6032608695652174 0.008152173913043478 0.006114130434782609
0 0.7119565217391305 0.6019021739130435 0.008152173913043478 0.008152173913043478
0 0.6827445652173914 0.5869565217391305 0.008152173913043478 0.006114130434782609
0 0.7316576086956522 0.5944293478260869 0.006793478260869565 0.005434782608695652
0 0.7445652173913043 0.5910326086956522 0.008152173913043478 0.007472826086956522
0 0.7214673913043478 0.578125 0.006793478260869565 0.005434782608695652
0 0.7506793478260869 0.5713315217391305 0.004755434782608696 0.004755434782608696
0 0.7730978260869565 0.5815217391304348 0.006793478260869565 0.005434782608695652
0 0.7975543478260869 0.5835597826086957 0.008152173913043478 0.007472826086956522
0 0.8043478260869565 0.578125 0.006793478260869565 0.005434782608695652
0 0.8288043478260869 0.5754076086956522 0.008152173913043478 0.006114130434782609
0 0.90625 0.5584239130434783 0.006793478260869565 0.004755434782608696
0 0.9171195652173914 0.53125 0.004076086956521739 0.004755434782608696
0 0.826766304347826 0.5448369565217391 0.004755434782608696 0.004755434782608696
0 0.811141304347826 0.5448369565217391 0.004755434782608696 0.004755434782608696
0 0.8050271739130435 0.5495923913043478 0.004755434782608696 0.004755434782608696
0 0.7866847826086957 0.5495923913043478 0.004076086956521739 0.0033967391304347825
0 0.7683423913043478 0.5563858695652174 0.006793478260869565 0.005434782608695652
0 0.7941576086956522 0.5645380434782609 0.006793478260869565 0.005434782608695652
0 0.7302989130434783 0.561141304347826 0.004755434782608696 0.005434782608695652
0 0.6875 0.5672554347826086 0.004755434782608696 0.005434782608695652
0 0.6657608695652174 0.5760869565217391 0.006793478260869565 0.006114130434782609
0 0.6447010869565217 0.5726902173913043 0.006793478260869565 0.005434782608695652
0 0.6514945652173914 0.5441576086956522 0.004755434782608696 0.004755434782608696
0 0.6012228260869565 0.5692934782608695 0.008152173913043478 0.007472826086956522
0 0.610733695652174 0.59375 0.008152173913043478 0.007472826086956522
0 0.5849184782608695 0.5944293478260869 0.006793478260869565 0.006114130434782609
0 0.5557065217391305 0.5889945652173914 0.008152173913043478 0.006114130434782609
0 0.514266304347826 0.5964673913043478 0.008152173913043478 0.007472826086956522
0 0.48709239130434784 0.5998641304347826 0.008152173913043478 0.006114130434782609
0 0.4904891304347826 0.6148097826086957 0.008152173913043478 0.007472826086956522
0 0.5224184782608695 0.6127717391304348 0.008831521739130434 0.008152173913043478
0 0.4517663043478261 0.6059782608695652 0.008831521739130434 0.008152173913043478
0 0.4232336956521739 0.6114130434782609 0.008152173913043478 0.007472826086956522
0 0.1800271739130435 0.6148097826086957 0.006793478260869565 0.006114130434782609
0 0.15217391304347827 0.6141304347826086 0.008152173913043478 0.006114130434782609
0 0.12160326086956522 0.6019021739130435 0.008152173913043478 0.008152173913043478
0 0.08627717391304347 0.6066576086956522 0.006793478260869565 0.006114130434782609
0 0.06046195652173913 0.5998641304347826 0.008152173913043478 0.006114130434782609
0 0.027853260869565216 0.5991847826086957 0.008152173913043478 0.007472826086956522
0 0.005434782608695652 0.5815217391304348 0.006793478260869565 0.005434782608695652
0 0.12024456521739131 0.5917119565217391 0.006793478260869565 0.005434782608695652
0 0.14470108695652173 0.5910326086956522 0.006793478260869565 0.006114130434782609
0 0.17391304347826086 0.5978260869565217 0.008152173913043478 0.006114130434782609
0 0.1875 0.5978260869565217 0.008152173913043478 0.006114130434782609
0 0.18817934782608695 0.5828804347826086 0.004755434782608696 0.005434782608695652
0 0.22146739130434784 0.6046195652173914 0.006793478260869565 0.005434782608695652
0 0.27241847826086957 0.5869565217391305 0.008152173913043478 0.006114130434782609
0 0.30027173913043476 0.5964673913043478 0.006793478260869565 0.005434782608695652
0 0.36820652173913043 0.5862771739130435 0.006793478260869565 0.005434782608695652
0 0.3967391304347826 0.5815217391304348 0.008152173913043478 0.007472826086956522
0 0.391304347826087 0.5706521739130435 0.006793478260869565 0.005434782608695652
0 0.4232336956521739 0.5733695652173914 0.006793478260869565 0.005434782608695652
0 0.43002717391304346 0.5788043478260869 0.006793478260869565 0.005434782608695652
0 0.45991847826086957 0.5774456521739131 0.008831521739130434 0.008152173913043478
0 0.35733695652173914 0.5604619565217391 0.006793478260869565 0.006114130434782609
0 0.36616847826086957 0.5618206521739131 0.004755434782608696 0.004755434782608696
0 0.33491847826086957 0.5672554347826086 0.006793478260869565 0.005434782608695652
0 0.3138586956521739 0.5706521739130435 0.004755434782608696 0.004755434782608696
0 0.327445652173913 0.5801630434782609 0.008152173913043478 0.007472826086956522
0 0.30570652173913043 0.5815217391304348 0.008152173913043478 0.006114130434782609
0 0.27717391304347827 0.5747282608695652 0.008152173913043478 0.006114130434782609
0 0.391304347826087 0.5591032608695652 0.006793478260869565 0.005434782608695652
0 0.41983695652173914 0.5686141304347826 0.006793478260869565 0.005434782608695652
0 0.421875 0.5577445652173914 0.004755434782608696 0.005434782608695652
0 0.4361413043478261 0.5360054347826086 0.006793478260869565 0.005434782608695652
0 0.501358695652174 0.5692934782608695 0.006793478260869565 0.005434782608695652
0 0.48641304347826086 0.5516304347826086 0.004755434782608696 0.004755434782608696
0 0.49592391304347827 0.5591032608695652 0.006793478260869565 0.005434782608695652
0 0.514266304347826 0.5570652173913043 0.004755434782608696 0.004755434782608696
0 0.5244565217391305 0.5475543478260869 0.004755434782608696 0.0033967391304347825
0 0.5353260869565217 0.5550271739130435 0.004755434782608696 0.004755434782608696
0 0.5407608695652174 0.5434782608695652 0.004076086956521739 0.0033967391304347825
0 0.5903532608695652 0.5597826086956522 0.004755434782608696 0.005434782608695652
0 0.6508152173913043 0.5380434782608695 0.004076086956521739 0.004755434782608696
0 0.6725543478260869 0.548233695652174 0.004755434782608696 0.004755434782608696
0 0.6739130434782609 0.5271739130434783 0.004076086956521739 0.004755434782608696
0 0.6834239130434783 0.5360054347826086 0.004755434782608696 0.0033967391304347825
0 0.703125 0.5441576086956522 0.004076086956521739 0.004755434782608696
0 0.71875 0.5319293478260869 0.004755434782608696 0.0033967391304347825
0 0.8023097826086957 0.514266304347826 0.004076086956521739 0.002717391304347826
0 0.813858695652174 0.5129076086956522 0.004076086956521739 0.0033967391304347825
0 0.8308423913043478 0.5183423913043478 0.004076086956521739 0.0033967391304347825
0 0.8756793478260869 0.5183423913043478 0.004076086956521739 0.004755434782608696
0 0.8702445652173914 0.5027173913043478 0.004076086956521739 0.0033967391304347825
0 0.01970108695652174 0.5726902173913043 0.006793478260869565 0.005434782608695652
0 0.021739130434782608 0.5631793478260869 0.006793478260869565 0.005434782608695652
0 0.058423913043478264 0.5665760869565217 0.004755434782608696 0.004755434782608696
0 0.07269021739130435 0.5516304347826086 0.004755434782608696 0.004755434782608696
0 0.036005434782608696 0.5373641304347826 0.004755434782608696 0.005434782608695652
0 0.0006793478260869565 0.5373641304347826 0.001358695652173913 0.004076086956521739
0 0.021059782608695652 0.5380434782608695 0.004755434782608696 0.0033967391304347825
0 0.04755434782608696 0.532608695652174 0.004755434782608696 0.004755434782608696
0 0.06182065217391304 0.5360054347826086 0.004076086956521739 0.0033967391304347825
0 0.08899456521739131 0.5278532608695652 0.004755434782608696 0.0033967391304347825
0 0.11073369565217392 0.529891304347826 0.004755434782608696 0.004755434782608696
0 0.10733695652173914 0.5557065217391305 0.006793478260869565 0.004755434782608696
0 0.12771739130434784 0.546875 0.004755434782608696 0.004755434782608696
0 0.12703804347826086 0.563858695652174 0.004755434782608696 0.004755434782608696
0 0.1480978260869565 0.5604619565217391 0.004755434782608696 0.004755434782608696
0 0.16168478260869565 0.5625 0.006793478260869565 0.005434782608695652
0 0.15828804347826086 0.5550271739130435 0.004755434782608696 0.004755434782608696
0 0.12567934782608695 0.5305706521739131 0.004076086956521739 0.004755434782608696
0 0.14402173913043478 0.5251358695652174 0.004076086956521739 0.0033967391304347825
0 0.16508152173913043 0.5441576086956522 0.004755434782608696 0.004755434782608696
0 0.18682065217391305 0.5421195652173914 0.004755434782608696 0.0033967391304347825
0 0.1949728260869565 0.5502717391304348 0.004755434782608696 0.0033967391304347825
0 0.19361413043478262 0.5584239130434783 0.004755434782608696 0.0033967391304347825
0 0.21671195652173914 0.5550271739130435 0.004755434782608696 0.004755434782608696
0 0.22146739130434784 0.5414402173913043 0.004755434782608696 0.005434782608695652
0 0.23369565217391305 0.5394021739130435 0.004076086956521739 0.004755434782608696
0 0.24592391304347827 0.5529891304347826 0.004755434782608696 0.004755434782608696
0 0.26766304347826086 0.5536684782608695 0.004755434782608696 0.005434782608695652
0 0.26222826086956524 0.5427989130434783 0.004076086956521739 0.004755434782608696
0 0.30027173913043476 0.5461956521739131 0.004076086956521739 0.0033967391304347825
0 0.2418478260869565 0.5278532608695652 0.004755434782608696 0.0033967391304347825
0 0.17866847826086957 0.5095108695652174 0.004076086956521739 0.0033967391304347825
0 0.08763586956521739 0.515625 0.004755434782608696 0.004755434782608696
0 0.4585597826086957 0.5346467391304348 0.004755434782608696 0.004755434782608696
0 0.5176630434782609 0.514266304347826 0.004755434782608696 0.0033967391304347825
0 0.5495923913043478 0.5047554347826086 0.004076086956521739 0.004755434782608696
0 0.6066576086956522 0.5081521739130435 0.004755434782608696 0.0033967391304347825
0 0.9463315217391305 0.501358695652174 0.004755434782608696 0.0033967391304347825
0 0.9585597826086957 0.5 0.004755434782608696 0.0033967391304347825
0 0.8675271739130435 0.4891304347826087 0.004076086956521739 0.0033967391304347825
0 0.8967391304347826 0.48845108695652173 0.004755434782608696 0.0033967391304347825
0 0.03125 0.9028532608695652 0.029891304347826088 0.01970108695652174
0 0.10733695652173914 0.9823369565217391 0.03328804347826087 0.022418478260869564
0 0.035326086956521736 0.8145380434782609 0.025815217391304348 0.016983695652173912
0 0.16168478260869565 0.8430706521739131 0.02717391304347826 0.018342391304347828
0 0.28532608695652173 0.889266304347826 0.029891304347826088 0.01970108695652174
0 0.9198369565217391 0.8430706521739131 0.03192934782608696 0.021059782608695652
0 0.7989130434782609 0.7418478260869565 0.02377717391304348 0.015625
0 0.8125 0.7160326086956522 0.016983695652173912 0.01154891304347826
0 0.6942934782608695 0.7493206521739131 0.01970108695652174 0.01358695652173913
0 0.6277173913043478 0.8125 0.02309782608695652 0.016304347826086956
0 0.595108695652174 0.7832880434782609 0.021739130434782608 0.014945652173913044
0 0.5339673913043478 0.8233695652173914 0.02377717391304348 0.016304347826086956
0 0.5101902173913043 0.8050271739130435 0.021739130434782608 0.015625
0 0.4748641304347826 0.8213315217391305 0.02377717391304348 0.016304347826086956
0 0.33967391304347827 0.8029891304347826 0.02377717391304348 0.016304347826086956
0 0.26970108695652173 0.7635869565217391 0.021739130434782608 0.014945652173913044
0 0.2262228260869565 0.7676630434782609 0.02309782608695652 0.015625
0 0.34375 0.7316576086956522 0.019021739130434784 0.012907608695652174
0 0.49252717391304346 0.7527173913043478 0.019021739130434784 0.01358695652173913
0 0.452445652173913 0.7581521739130435 0.021059782608695652 0.014266304347826086
0 0.5788043478260869 0.673233695652174 0.014945652173913044 0.009510869565217392
0 0.44904891304347827 0.720108695652174 0.017663043478260868 0.012228260869565218
0 0.39266304347826086 0.6644021739130435 0.014945652173913044 0.010190217391304348
0 0.4273097826086957 0.65625 0.012907608695652174 0.009510869565217392
0 0.2547554347826087 0.6827445652173914 0.016304347826086956 0.010190217391304348
0 0.24660326086956522 0.6895380434782609 0.016304347826086956 0.010869565217391304
0 0.15013586956521738 0.6997282608695652 0.017663043478260868 0.012228260869565218
0 0.014945652173913044 0.734375 0.01970108695652174 0.01358695652173913
0 0.05366847826086957 0.6908967391304348 0.016983695652173912 0.01154891304347826
0 0.14266304347826086 0.6467391304347826 0.012907608695652174 0.008152173913043478
0 0.10869565217391304 0.6528532608695652 0.014266304347826086 0.009510869565217392
0 0.8457880434782609 0.7112771739130435 0.016983695652173912 0.01154891304347826
0 0.8831521739130435 0.6786684782608695 0.014266304347826086 0.009510869565217392
0 0.7697010869565217 0.6759510869565217 0.014945652173913044 0.010190217391304348
0 0.7126358695652174 0.6929347826086957 0.016983695652173912 0.01154891304347826
0 0.6793478260869565 0.6596467391304348 0.012907608695652174 0.008831521739130434
0 0.7275815217391305 0.641983695652174 0.012907608695652174 0.008831521739130434
0 0.828125 0.6528532608695652 0.014266304347826086 0.010190217391304348
0 0.84375 0.6467391304347826 0.014266304347826086 0.009510869565217392
0 0.9347826086956522 0.6657608695652174 0.012907608695652174 0.009510869565217392
0 0.9456521739130435 0.625 0.010869565217391304 0.007472826086956522
0 0.8851902173913043 0.6351902173913043 0.012228260869565218 0.008831521739130434
0 0.889266304347826 0.6052989130434783 0.008831521739130434 0.006114130434782609
0 0.9354619565217391 0.6127717391304348 0.010869565217391304 0.007472826086956522
0 0.984375 0.6012228260869565 0.008831521739130434 0.006114130434782609
0 0.9966032608695652 0.59375 0.006793478260869565 0.005434782608695652
0 0.9789402173913043 0.5774456521739131 0.008152173913043478 0.005434782608695652
0 0.9456521739130435 0.5849184782608695 0.008831521739130434 0.006114130434782609
0 0.9164402173913043 0.5978260869565217 0.010190217391304348 0.006793478260869565
0 0.9286684782608695 0.5584239130434783 0.006793478260869565 0.004755434782608696
0 0.9381793478260869 0.5550271739130435 0.006793478260869565 0.004755434782608696
0 0.9449728260869565 0.5536684782608695 0.006793478260869565 0.005434782608695652
0 0.3546195652173913 0.6270380434782609 0.010869565217391304 0.006793478260869565
0 0.35529891304347827 0.6188858695652174 0.010190217391304348 0.006793478260869565
0 0.38179347826086957 0.6188858695652174 0.010190217391304348 0.006793478260869565
0 0.5033967391304348 0.6331521739130435 0.012907608695652174 0.008831521739130434
0 0.5957880434782609 0.6052989130434783 0.008831521739130434 0.006114130434782609
0 0.6616847826086957 0.5869565217391305 0.008152173913043478 0.005434782608695652
0 0.7051630434782609 0.5801630434782609 0.008152173913043478 0.005434782608695652
0 0.7418478260869565 0.5713315217391305 0.008152173913043478 0.004755434782608696
0 0.7771739130434783 0.5862771739130435 0.008152173913043478 0.005434782608695652
0 0.7758152173913043 0.5658967391304348 0.006793478260869565 0.004755434782608696
0 0.8396739130434783 0.5733695652173914 0.008152173913043478 0.005434782608695652
0 0.8648097826086957 0.5699728260869565 0.006793478260869565 0.005434782608695652
0 0.8817934782608695 0.5679347826086957 0.006793478260869565 0.005434782608695652
0 0.8879076086956522 0.5618206521739131 0.008152173913043478 0.004755434782608696
0 0.954483695652174 0.546875 0.006793478260869565 0.004755434782608696
0 0.9667119565217391 0.546875 0.006793478260869565 0.004755434782608696
0 0.923233695652174 0.5421195652173914 0.006793478260869565 0.004076086956521739
0 0.9266304347826086 0.5373641304347826 0.006114130434782609 0.004076086956521739
0 0.9368206521739131 0.5387228260869565 0.006793478260869565 0.004076086956521739
0 0.9504076086956522 0.5339673913043478 0.006793478260869565 0.004076086956521739
0 0.9592391304347826 0.5339673913043478 0.006793478260869565 0.004076086956521739
0 0.9741847826086957 0.532608695652174 0.006114130434782609 0.004076086956521739
0 0.985733695652174 0.529891304347826 0.006114130434782609 0.004076086956521739
0 0.9375 0.5271739130434783 0.006114130434782609 0.004755434782608696
0 0.9286684782608695 0.5271739130434783 0.006114130434782609 0.004076086956521739
0 0.90625 0.532608695652174 0.006114130434782609 0.004076086956521739
0 0.8858695652173914 0.5353260869565217 0.006114130434782609 0.004076086956521739
0 0.875 0.5373641304347826 0.006114130434782609 0.004076086956521739
0 0.8661684782608695 0.5400815217391305 0.006114130434782609 0.0033967391304347825
0 0.8838315217391305 0.548233695652174 0.006793478260869565 0.004076086956521739
0 0.8709239130434783 0.5502717391304348 0.006793478260869565 0.004755434782608696
0 0.8552989130434783 0.5427989130434783 0.006793478260869565 0.004755434782608696
0 0.8519021739130435 0.5557065217391305 0.006793478260869565 0.004755434782608696
0 0.8362771739130435 0.5529891304347826 0.006114130434782609 0.004076086956521739
0 0.7907608695652174 0.5543478260869565 0.006793478260869565 0.004076086956521739
0 0.7758152173913043 0.5577445652173914 0.006114130434782609 0.004755434782608696
0 0.7540760869565217 0.5577445652173914 0.006114130434782609 0.004755434782608696
0 0.7241847826086957 0.5625 0.006793478260869565 0.004755434782608696
0 0.6745923913043478 0.5679347826086957 0.006793478260869565 0.005434782608695652
0 0.6141304347826086 0.579483695652174 0.008152173913043478 0.005434782608695652
0 0.5366847826086957 0.5903532608695652 0.008152173913043478 0.006114130434782609
0 0.25747282608695654 0.5991847826086957 0.008831521739130434 0.006114130434782609
0 0.24388586956521738 0.5889945652173914 0.008152173913043478 0.005434782608695652
0 0.33152173913043476 0.595108695652174 0.008831521739130434 0.006114130434782609
0 0.39809782608695654 0.5747282608695652 0.008152173913043478 0.004755434782608696
0 0.36141304347826086 0.5754076086956522 0.008152173913043478 0.005434782608695652
0 0.2595108695652174 0.5760869565217391 0.008152173913043478 0.005434782608695652
0 0.2139945652173913 0.578125 0.006793478260869565 0.004755434782608696
0 0.44021739130434784 0.5658967391304348 0.008152173913043478 0.005434782608695652
0 0.4476902173913043 0.5563858695652174 0.008152173913043478 0.005434782608695652
0 0.46535326086956524 0.5584239130434783 0.006793478260869565 0.004755434782608696
0 0.47282608695652173 0.5720108695652174 0.006793478260869565 0.004755434782608696
0 0.46603260869565216 0.5529891304347826 0.008152173913043478 0.004755434782608696
0 0.5251358695652174 0.5645380434782609 0.006793478260869565 0.004755434782608696
0 0.5101902173913043 0.5448369565217391 0.006114130434782609 0.004076086956521739
0 0.5461956521739131 0.5645380434782609 0.006793478260869565 0.004755434782608696
0 0.5631793478260869 0.5502717391304348 0.006793478260869565 0.004076086956521739
0 0.5550271739130435 0.5421195652173914 0.006114130434782609 0.004076086956521739
0 0.5733695652173914 0.5563858695652174 0.006793478260869565 0.004076086956521739
0 0.5862771739130435 0.5509510869565217 0.006114130434782609 0.004076086956521739
0 0.6222826086956522 0.5557065217391305 0.006793478260869565 0.004755434782608696
0 0.6331521739130435 0.5536684782608695 0.006793478260869565 0.004755434782608696
0 0.6270380434782609 0.546875 0.006114130434782609 0.004076086956521739
0 0.609375 0.546875 0.006793478260869565 0.004755434782608696
0 0.5896739130434783 0.545516304347826 0.006114130434782609 0.004076086956521739
0 0.592391304347826 0.5380434782608695 0.006114130434782609 0.004076086956521739
0 0.6019021739130435 0.5380434782608695 0.006114130434782609 0.004076086956521739
0 0.6256793478260869 0.5346467391304348 0.006114130434782609 0.004076086956521739
0 0.6379076086956522 0.532608695652174 0.006114130434782609 0.0033967391304347825
0 0.6372282608695652 0.5407608695652174 0.006114130434782609 0.004076086956521739
0 0.65625 0.5502717391304348 0.006114130434782609 0.004076086956521739
0 0.6589673913043478 0.5292119565217391 0.006114130434782609 0.004076086956521739
0 0.6759510869565217 0.5360054347826086 0.006114130434782609 0.0033967391304347825
0 0.6908967391304348 0.5427989130434783 0.006114130434782609 0.004076086956521739
0 0.71875 0.5407608695652174 0.004755434782608696 0.0033967391304347825
0 0.7085597826086957 0.532608695652174 0.004755434782608696 0.0033967391304347825
0 0.701766304347826 0.5258152173913043 0.004755434782608696 0.0033967391304347825
0 0.6956521739130435 0.5251358695652174 0.004755434782608696 0.0033967391304347825
0 0.7282608695652174 0.5224184782608695 0.004076086956521739 0.0033967391304347825
0 0.7370923913043478 0.5224184782608695 0.004076086956521739 0.002717391304347826
0 0.7432065217391305 0.5244565217391305 0.004076086956521739 0.002717391304347826
0 0.7506793478260869 0.5197010869565217 0.004755434782608696 0.0033967391304347825
0 0.7547554347826086 0.5264945652173914 0.004076086956521739 0.0033967391304347825
0 0.7452445652173914 0.5339673913043478 0.006114130434782609 0.0033967391304347825
0 0.7404891304347826 0.5380434782608695 0.004755434782608696 0.0033967391304347825
0 0.7601902173913043 0.5353260869565217 0.006114130434782609 0.0033967391304347825
0 0.7649456521739131 0.5258152173913043 0.004755434782608696 0.0033967391304347825
0 0.7771739130434783 0.5353260869565217 0.006114130434782609 0.0033967391304347825
0 0.7832880434782609 0.529891304347826 0.004755434782608696 0.0033967391304347825
0 0.7948369565217391 0.529891304347826 0.004755434782608696 0.0033967391304347825
0 0.8077445652173914 0.5237771739130435 0.004755434782608696 0.0033967391304347825
0 0.8009510869565217 0.5217391304347826 0.004076086956521739 0.0033967391304347825
0 0.7846467391304348 0.5230978260869565 0.004755434782608696 0.0033967391304347825
0 0.7853260869565217 0.5163043478260869 0.004076086956521739 0.002717391304347826
0 0.7887228260869565 0.516983695652174 0.004076086956521739 0.002717391304347826
0 0.7758152173913043 0.5129076086956522 0.004755434782608696 0.002717391304347826
0 0.8070652173913043 0.5183423913043478 0.004076086956521739 0.002717391304347826
0 0.8213315217391305 0.515625 0.004755434782608696 0.0033967391304347825
0 0.8362771739130435 0.5237771739130435 0.004755434782608696 0.0033967391304347825
0 0.8532608695652174 0.5251358695652174 0.006114130434782609 0.0033967391304347825
0 0.8641304347826086 0.5224184782608695 0.004755434782608696 0.0033967391304347825
0 0.8811141304347826 0.515625 0.004755434782608696 0.0033967391304347825
0 0.8716032608695652 0.5176630434782609 0.004755434782608696 0.0033967391304347825
0 0.8933423913043478 0.5176630434782609 0.004755434782608696 0.0033967391304347825
0 0.9042119565217391 0.5176630434782609 0.006114130434782609 0.004076086956521739
0 0.8512228260869565 0.515625 0.004755434782608696 0.0033967391304347825
0 0.8376358695652174 0.5115489130434783 0.004755434782608696 0.0033967391304347825
0 0.845108695652174 0.5149456521739131 0.004755434782608696 0.0033967391304347825
0 0.8396739130434783 0.5081521739130435 0.004755434782608696 0.0033967391304347825
0 0.8444293478260869 0.5074728260869565 0.004755434782608696 0.0033967391304347825
0 0.8288043478260869 0.5081521739130435 0.004755434782608696 0.002717391304347826
0 0.8512228260869565 0.49184782608695654 0.004755434782608696 0.0033967391304347825
0 0.8566576086956522 0.5054347826086957 0.004755434782608696 0.0033967391304347825
0 0.8688858695652174 0.5074728260869565 0.004755434782608696 0.002717391304347826
0 0.8491847826086957 0.5067934782608695 0.004755434782608696 0.0033967391304347825
0 0.8838315217391305 0.5047554347826086 0.004755434782608696 0.0033967391304347825
0 0.8947010869565217 0.5088315217391305 0.004755434782608696 0.0033967391304347825
0 0.9042119565217391 0.5115489130434783 0.006114130434782609 0.0033967391304347825
0 0.002717391304347826 0.5577445652173914 0.005434782608695652 0.004076086956521739
0 0.04076086956521739 0.5625 0.006114130434782609 0.004755434782608696
0 0.08831521739130435 0.5645380434782609 0.006114130434782609 0.004755434782608696
0 0.08288043478260869 0.5577445652173914 0.006114130434782609 0.004076086956521739
0 0.05502717391304348 0.5434782608695652 0.006114130434782609 0.004076086956521739
0 0.0006793478260869565 0.5448369565217391 0.0006793478260869565 0.004076086956521739
0 0.029211956521739132 0.53125 0.004755434782608696 0.0033967391304347825
0 0.07336956521739131 0.5285326086956522 0.004755434782608696 0.004076086956521739
0 0.08831521739130435 0.5360054347826086 0.006114130434782609 0.004076086956521739
0 0.016304347826086956 0.5244565217391305 0.004755434782608696 0.0033967391304347825
0 0.006793478260869565 0.49252717391304346 0.006793478260869565 0.004755434782608696
0 0.016304347826086956 0.49252717391304346 0.006793478260869565 0.004755434782608696
0 0.03940217391304348 0.49592391304347827 0.006793478260869565 0.004755434782608696
0 0.01970108695652174 0.5020380434782609 0.006793478260869565 0.004755434782608696
0 0.057744565217391304 0.49796195652173914 0.006114130434782609 0.004076086956521739
0 0.07133152173913043 0.4986413043478261 0.006114130434782609 0.004755434782608696
0 0.002717391304347826 0.5197010869565217 0.005434782608695652 0.004076086956521739
0 0.002717391304347826 0.5163043478260869 0.004755434782608696 0.0033967391304347825
0 0.02377717391304348 0.5163043478260869 0.006114130434782609 0.004076086956521739
0 0.03736413043478261 0.5237771739130435 0.004755434782608696 0.004076086956521739
0 0.035326086956521736 0.5176630434782609 0.006114130434782609 0.004076086956521739
0 0.04891304347826087 0.514266304347826 0.006114130434782609 0.004076086956521739
0 0.057065217391304345 0.515625 0.006114130434782609 0.004076086956521739
0 0.059782608695652176 0.5183423913043478 0.006114130434782609 0.004076086956521739
0 0.06521739130434782 0.5115489130434783 0.006114130434782609 0.004076086956521739
0 0.07472826086956522 0.5190217391304348 0.006114130434782609 0.004076086956521739
0 0.09782608695652174 0.5394021739130435 0.006114130434782609 0.004076086956521739
0 0.11005434782608696 0.5448369565217391 0.006114130434782609 0.004076086956521739
0 0.13383152173913043 0.5516304347826086 0.006114130434782609 0.004076086956521739
0 0.14470108695652173 0.5502717391304348 0.006114130434782609 0.004076086956521739
0 0.1453804347826087 0.5339673913043478 0.004755434782608696 0.0033967391304347825
0 0.12364130434782608 0.5353260869565217 0.004755434782608696 0.0033967391304347825
0 0.12771739130434784 0.5237771739130435 0.006114130434782609 0.0033967391304347825
0 0.15353260869565216 0.529891304347826 0.004755434782608696 0.0033967391304347825
0 0.15828804347826086 0.5332880434782609 0.006114130434782609 0.004076086956521739
0 0.1766304347826087 0.5516304347826086 0.006114130434782609 0.004076086956521739
0 0.2139945652173913 0.5407608695652174 0.006114130434782609 0.0033967391304347825
0 0.2717391304347826 0.5421195652173914 0.006114130434782609 0.004076086956521739
0 0.266304347826087 0.5332880434782609 0.006114130434782609 0.004076086956521739
0 0.28532608695652173 0.5353260869565217 0.004755434782608696 0.002717391304347826
0 0.3226902173913043 0.546875 0.004755434782608696 0.0033967391304347825
0 0.30366847826086957 0.5360054347826086 0.004755434782608696 0.0033967391304347825
0 0.3077445652173913 0.532608695652174 0.004755434782608696 0.0033967391304347825
0 0.32472826086956524 0.5387228260869565 0.004076086956521739 0.002717391304347826
0 0.33016304347826086 0.5305706521739131 0.0020380434782608695 0.001358695652173913
0 0.29891304347826086 0.5224184782608695 0.004076086956521739 0.0033967391304347825
0 0.2798913043478261 0.5230978260869565 0.004755434782608696 0.0033967391304347825
0 0.26154891304347827 0.5251358695652174 0.004755434782608696 0.0033967391304347825
0 0.23029891304347827 0.5210597826086957 0.004755434782608696 0.0033967391304347825
0 0.21535326086956522 0.5305706521739131 0.004755434782608696 0.0033967391304347825
0 0.19633152173913043 0.529891304347826 0.006114130434782609 0.0033967391304347825
0 0.18070652173913043 0.5278532608695652 0.004755434782608696 0.0033967391304347825
0 0.16983695652173914 0.5224184782608695 0.004755434782608696 0.0033967391304347825
0 0.18478260869565216 0.5190217391304348 0.004755434782608696 0.002717391304347826
0 0.20380434782608695 0.5244565217391305 0.004755434782608696 0.004076086956521739
0 0.22282608695652173 0.5217391304347826 0.004755434782608696 0.0033967391304347825
0 0.21467391304347827 0.5176630434782609 0.004755434782608696 0.0033967391304347825
0 0.22826086956521738 0.5163043478260869 0.004755434782608696 0.002717391304347826
0 0.23980978260869565 0.5101902173913043 0.004755434782608696 0.002717391304347826
0 0.24796195652173914 0.5203804347826086 0.004755434782608696 0.0033967391304347825
0 0.2561141304347826 0.5149456521739131 0.004755434782608696 0.002717391304347826
0 0.2513586956521739 0.5115489130434783 0.004755434782608696 0.002717391304347826
0 0.26970108695652173 0.515625 0.004755434782608696 0.002717391304347826
0 0.26358695652173914 0.5183423913043478 0.004755434782608696 0.002717391304347826
0 0.16983695652173914 0.5135869565217391 0.004755434782608696 0.002717391304347826
0 0.19633152173913043 0.5122282608695652 0.004755434782608696 0.0033967391304347825
0 0.19429347826086957 0.5061141304347826 0.004755434782608696 0.0033967391304347825
0 0.20380434782608695 0.5081521739130435 0.004755434782608696 0.0033967391304347825
0 0.21331521739130435 0.5122282608695652 0.004755434782608696 0.0033967391304347825
0 0.21875 0.5027173913043478 0.004076086956521739 0.0033967391304347825
0 0.2269021739130435 0.5027173913043478 0.004076086956521739 0.0033967391304347825
0 0.23301630434782608 0.5040760869565217 0.004076086956521739 0.002717391304347826
0 0.24728260869565216 0.5054347826086957 0.004076086956521739 0.002717391304347826
0 0.07880434782608696 0.514266304347826 0.004755434782608696 0.0033967391304347825
0 0.09782608695652174 0.5149456521739131 0.004755434782608696 0.004076086956521739
0 0.11277173913043478 0.5115489130434783 0.004755434782608696 0.0033967391304347825
0 0.12567934782608695 0.516983695652174 0.004755434782608696 0.004076086956521739
0 0.12296195652173914 0.5135869565217391 0.004755434782608696 0.0033967391304347825
0 0.12228260869565218 0.5108695652173914 0.004755434782608696 0.0033967391304347825
0 0.13519021739130435 0.5054347826086957 0.004755434782608696 0.0033967391304347825
0 0.09035326086956522 0.5135869565217391 0.004755434782608696 0.0033967391304347825
0 0.17255434782608695 0.49592391304347827 0.004076086956521739 0.002717391304347826
0 0.1671195652173913 0.48845108695652173 0.004755434782608696 0.0033967391304347825
0 0.16304347826086957 0.4857336956521739 0.004076086956521739 0.002717391304347826
0 0.14945652173913043 0.485054347826087 0.004755434782608696 0.002717391304347826
0 0.14605978260869565 0.483695652173913 0.004076086956521739 0.002717391304347826
0 0.12432065217391304 0.4898097826086957 0.004076086956521739 0.002717391304347826
0 0.13926630434782608 0.485054347826087 0.004076086956521739 0.0033967391304347825
0 0.19904891304347827 0.48641304347826086 0.004076086956521739 0.002717391304347826
0 0.18682065217391305 0.49252717391304346 0.004076086956521739 0.002717391304347826
0 0.1487771739130435 0.5054347826086957 0.004076086956521739 0.0033967391304347825
0 0.16644021739130435 0.5108695652173914 0.004755434782608696 0.0033967391304347825
0 0.16236413043478262 0.5047554347826086 0.004755434782608696 0.002717391304347826
0 0.1800271739130435 0.5054347826086957 0.004076086956521739 0.002717391304347826
0 0.13858695652173914 0.5129076086956522 0.004755434782608696 0.004076086956521739
0 0.21331521739130435 0.485054347826087 0.002717391304347826 0.002717391304347826
0 0.16304347826086957 0.48233695652173914 0.004076086956521739 0.0033967391304347825
0 0.35529891304347827 0.5434782608695652 0.004076086956521739 0.002717391304347826
0 0.36345108695652173 0.5400815217391305 0.004755434782608696 0.0033967391304347825
0 0.37296195652173914 0.5380434782608695 0.006793478260869565 0.004755434782608696
0 0.37160326086956524 0.5339673913043478 0.006793478260869565 0.004755434782608696
0 0.36752717391304346 0.5285326086956522 0.006793478260869565 0.004076086956521739
0 0.38179347826086957 0.532608695652174 0.006793478260869565 0.004755434782608696
0 0.3892663043478261 0.5380434782608695 0.008152173913043478 0.005434782608695652
0 0.4076086956521739 0.5346467391304348 0.006793478260869565 0.004755434782608696
0 0.39945652173913043 0.5305706521739131 0.006793478260869565 0.004755434782608696
0 0.390625 0.5251358695652174 0.006793478260869565 0.004755434782608696
0 0.4076086956521739 0.5264945652173914 0.006793478260869565 0.004755434782608696
0 0.3654891304347826 0.5183423913043478 0.006114130434782609 0.004076086956521739
0 0.37703804347826086 0.5163043478260869 0.006114130434782609 0.004076086956521739
0 0.36684782608695654 0.5122282608695652 0.006114130434782609 0.004076086956521739
0 0.3532608695652174 0.5095108695652174 0.006114130434782609 0.004076086956521739
0 0.34714673913043476 0.514266304347826 0.006114130434782609 0.004076086956521739
0 0.3383152173913043 0.5190217391304348 0.0020380434782608695 0.001358695652173913
0 0.32404891304347827 0.5197010869565217 0.004076086956521739 0.002717391304347826
0 0.33016304347826086 0.5129076086956522 0.004076086956521739 0.002717391304347826
0 0.33559782608695654 0.5101902173913043 0.004755434782608696 0.0033967391304347825
0 0.30502717391304346 0.5108695652173914 0.004076086956521739 0.0020380434782608695
0 0.296195652173913 0.5149456521739131 0.004755434782608696 0.0033967391304347825
0 0.2907608695652174 0.5129076086956522 0.004755434782608696 0.0033967391304347825
0 0.29279891304347827 0.5061141304347826 0.004076086956521739 0.0033967391304347825
0 0.27717391304347827 0.5067934782608695 0.004076086956521739 0.002717391304347826
0 0.37228260869565216 0.5088315217391305 0.004755434782608696 0.004076086956521739
0 0.38247282608695654 0.5095108695652174 0.006793478260869565 0.004755434782608696
0 0.391304347826087 0.5067934782608695 0.006793478260869565 0.004076086956521739
0 0.39945652173913043 0.5135869565217391 0.006793478260869565 0.004755434782608696
0 0.406929347826087 0.5108695652173914 0.006114130434782609 0.004755434782608696
0 0.40625 0.5033967391304348 0.006114130434782609 0.004755434782608696
0 0.41779891304347827 0.5040760869565217 0.004755434782608696 0.004076086956521739
0 0.421875 0.5095108695652174 0.006114130434782609 0.004076086956521739
0 0.4266304347826087 0.5067934782608695 0.004755434782608696 0.0033967391304347825
0 0.42934782608695654 0.5020380434782609 0.004755434782608696 0.0033967391304347825
0 0.4327445652173913 0.5074728260869565 0.006114130434782609 0.0033967391304347825
0 0.436820652173913 0.5033967391304348 0.006114130434782609 0.004076086956521739
0 0.438179347826087 0.5061141304347826 0.004755434782608696 0.0033967391304347825
0 0.44157608695652173 0.5122282608695652 0.006114130434782609 0.004076086956521739
0 0.44429347826086957 0.5176630434782609 0.006114130434782609 0.004076086956521739
0 0.4266304347826087 0.5305706521739131 0.006114130434782609 0.004076086956521739
0 0.44429347826086957 0.5264945652173914 0.006114130434782609 0.004755434782608696
0 0.44089673913043476 0.5339673913043478 0.006793478260869565 0.004076086956521739
0 0.47214673913043476 0.532608695652174 0.006114130434782609 0.004076086956521739
0 0.4735054347826087 0.5230978260869565 0.004755434782608696 0.004076086956521739
0 0.48709239130434784 0.5264945652173914 0.006114130434782609 0.0033967391304347825
0 0.48709239130434784 0.5224184782608695 0.006114130434782609 0.004076086956521739
0 0.48641304347826086 0.5183423913043478 0.006114130434782609 0.0033967391304347825
0 0.47554347826086957 0.5183423913043478 0.004755434782608696 0.0033967391304347825
0 0.5047554347826086 0.5203804347826086 0.004755434782608696 0.004076086956521739
0 0.5122282608695652 0.5271739130434783 0.006114130434782609 0.004076086956521739
0 0.5217391304347826 0.5278532608695652 0.006114130434782609 0.004076086956521739
0 0.5197010869565217 0.5197010869565217 0.006114130434782609 0.0033967391304347825
0 0.5061141304347826 0.514266304347826 0.004755434782608696 0.004076086956521739
0 0.4898097826086957 0.5101902173913043 0.006114130434782609 0.004076086956521739
0 0.49252717391304346 0.5061141304347826 0.004755434782608696 0.004076086956521739
0 0.48233695652173914 0.5054347826086957 0.004755434782608696 0.004076086956521739
0 0.4741847826086957 0.5088315217391305 0.006114130434782609 0.0033967391304347825
0 0.46875 0.5074728260869565 0.006114130434782609 0.004076086956521739
0 0.45720108695652173 0.5108695652173914 0.004755434782608696 0.004076086956521739
0 0.45040760869565216 0.501358695652174 0.004755434782608696 0.0033967391304347825
0 0.45516304347826086 0.5020380434782609 0.004755434782608696 0.0033967391304347825
0 0.47146739130434784 0.5020380434782609 0.004755434782608696 0.0033967391304347825
0 0.4891304347826087 0.5020380434782609 0.006114130434782609 0.004076086956521739
0 0.48097826086956524 0.499320652173913 0.006114130434782609 0.004076086956521739
0 0.499320652173913 0.5006793478260869 0.004755434782608696 0.0033967391304347825
0 0.27241847826086957 0.5027173913043478 0.004755434782608696 0.002717391304347826
0 0.2601902173913043 0.5 0.004076086956521739 0.002717391304347826
0 0.2601902173913043 0.5047554347826086 0.004755434782608696 0.002717391304347826
0 0.2513586956521739 0.5006793478260869 0.004755434782608696 0.002717391304347826
0 0.24660326086956522 0.5 0.004755434782608696 0.002717391304347826
0 0.28464673913043476 0.5020380434782609 0.004076086956521739 0.002717391304347826
0 0.27853260869565216 0.5 0.004076086956521739 0.002717391304347826
0 0.2866847826086957 0.5 0.004076086956521739 0.002717391304347826
0 0.2955163043478261 0.499320652173913 0.004755434782608696 0.002717391304347826
0 0.30027173913043476 0.5 0.004076086956521739 0.0033967391304347825
0 0.3070652173913043 0.5 0.0020380434782608695 0.0020380434782608695
0 0.313179347826087 0.501358695652174 0.004076086956521739 0.002717391304347826
0 0.32133152173913043 0.5006793478260869 0.006114130434782609 0.004076086956521739
0 0.3342391304347826 0.5006793478260869 0.0006793478260869565 0.0006793478260869565
0 0.35122282608695654 0.501358695652174 0.004755434782608696 0.004076086956521739
0 0.3648097826086957 0.5020380434782609 0.004755434782608696 0.0033967391304347825
0 0.3960597826086957 0.49184782608695654 0.006114130434782609 0.004076086956521739
0 0.4157608695652174 0.4830163043478261 0.004755434782608696 0.0033967391304347825
0 0.422554347826087 0.48845108695652173 0.004755434782608696 0.0033967391304347825
0 0.41032608695652173 0.47758152173913043 0.004076086956521739 0.0033967391304347825
0 0.46671195652173914 0.47622282608695654 0.004755434782608696 0.0033967391304347825
0 0.47078804347826086 0.4748641304347826 0.006114130434782609 0.0033967391304347825
0 0.44565217391304346 0.4898097826086957 0.004755434782608696 0.0033967391304347825
0 0.4517663043478261 0.4891304347826087 0.004755434782608696 0.0033967391304347825
0 0.4592391304347826 0.48845108695652173 0.004755434782608696 0.0033967391304347825
0 0.46875 0.4857336956521739 0.004755434782608696 0.002717391304347826
0 0.4741847826086957 0.483695652173913 0.004755434782608696 0.0033967391304347825
0 0.4789402173913043 0.485054347826087 0.006114130434782609 0.004076086956521739
0 0.46535326086956524 0.5020380434782609 0.004755434782608696 0.0033967391304347825
0 0.48709239130434784 0.48709239130434784 0.006114130434782609 0.0033967391304347825
0 0.5088315217391305 0.5020380434782609 0.006114130434782609 0.0033967391304347825
0 0.515625 0.5033967391304348 0.004755434782608696 0.004076086956521739
0 0.5224184782608695 0.5020380434782609 0.004755434782608696 0.0033967391304347825
0 0.5353260869565217 0.4986413043478261 0.004755434782608696 0.0033967391304347825
0 0.5448369565217391 0.4986413043478261 0.004755434782608696 0.0033967391304347825
0 0.5591032608695652 0.4945652173913043 0.004755434782608696 0.0033967391304347825
0 0.5699728260869565 0.5 0.004755434782608696 0.002717391304347826
0 0.5652173913043478 0.5027173913043478 0.004755434782608696 0.0033967391304347825
0 0.5591032608695652 0.5006793478260869 0.004755434782608696 0.0033967391304347825
0 0.5380434782608695 0.5047554347826086 0.006114130434782609 0.0033967391304347825
0 0.5339673913043478 0.5115489130434783 0.006114130434782609 0.0033967391304347825
0 0.548233695652174 0.5095108695652174 0.004755434782608696 0.0033967391304347825
0 0.5380434782608695 0.5163043478260869 0.006114130434782609 0.0033967391304347825
0 0.5475543478260869 0.5224184782608695 0.004755434782608696 0.0033967391304347825
0 0.5631793478260869 0.5210597826086957 0.004755434782608696 0.0033967391304347825
0 0.5577445652173914 0.5163043478260869 0.006114130434782609 0.004076086956521739
0 0.5842391304347826 0.515625 0.004755434782608696 0.0033967391304347825
0 0.5801630434782609 0.5095108695652174 0.004755434782608696 0.0033967391304347825
0 0.5842391304347826 0.5197010869565217 0.004755434782608696 0.0033967391304347825
0 0.59375 0.5176630434782609 0.004755434782608696 0.0033967391304347825
0 0.5978260869565217 0.515625 0.004755434782608696 0.004076086956521739
0 0.6066576086956522 0.5190217391304348 0.004755434782608696 0.0033967391304347825
0 0.609375 0.515625 0.004755434782608696 0.004076086956521739
0 0.6188858695652174 0.515625 0.006114130434782609 0.0033967391304347825
0 0.6345108695652174 0.5129076086956522 0.004755434782608696 0.0033967391304347825
0 0.5978260869565217 0.5054347826086957 0.004755434782608696 0.0033967391304347825
0 0.6256793478260869 0.5054347826086957 0.004755434782608696 0.0033967391304347825
0 0.6304347826086957 0.501358695652174 0.004755434782608696 0.0033967391304347825
0 0.6304347826086957 0.5047554347826086 0.004755434782608696 0.0033967391304347825
0 0.6243206521739131 0.5006793478260869 0.004755434782608696 0.0033967391304347825
0 0.6256793478260869 0.49796195652173914 0.004755434782608696 0.0033967391304347825
0 0.6379076086956522 0.5040760869565217 0.004755434782608696 0.0033967391304347825
0 0.6385869565217391 0.5088315217391305 0.004755434782608696 0.0033967391304347825
0 0.6501358695652174 0.5135869565217391 0.006114130434782609 0.0033967391304347825
0 0.65625 0.5122282608695652 0.004755434782608696 0.0033967391304347825
0 0.6616847826086957 0.5095108695652174 0.004755434782608696 0.0033967391304347825
0 0.6569293478260869 0.5 0.004755434782608696 0.0033967391304347825
0 0.6521739130434783 0.49320652173913043 0.004755434782608696 0.002717391304347826
0 0.673233695652174 0.5067934782608695 0.004755434782608696 0.0033967391304347825
0 0.6766304347826086 0.5006793478260869 0.004755434782608696 0.0033967391304347825
0 0.6800271739130435 0.5095108695652174 0.004755434782608696 0.0033967391304347825
0 0.6847826086956522 0.5061141304347826 0.004755434782608696 0.004076086956521739
0 0.6997282608695652 0.5095108695652174 0.004076086956521739 0.002717391304347826
0 0.7085597826086957 0.5088315217391305 0.002717391304347826 0.002717391304347826
0 0.7126358695652174 0.5033967391304348 0.004076086956521739 0.002717391304347826
0 0.7038043478260869 0.4986413043478261 0.002717391304347826 0.0020380434782608695
0 0.6881793478260869 0.5 0.004755434782608696 0.0033967391304347825
0 0.7133152173913043 0.499320652173913 0.004076086956521739 0.0020380434782608695
0 0.7167119565217391 0.5006793478260869 0.002717391304347826 0.0020380434782608695
0 0.7282608695652174 0.499320652173913 0.002717391304347826 0.002717391304347826
0 0.7323369565217391 0.49728260869565216 0.004076086956521739 0.002717391304347826
0 0.733016304347826 0.5006793478260869 0.004076086956521739 0.002717391304347826
0 0.7432065217391305 0.499320652173913 0.002717391304347826 0.002717391304347826
0 0.7533967391304348 0.5033967391304348 0.004076086956521739 0.0020380434782608695
0 0.7561141304347826 0.49796195652173914 0.004076086956521739 0.002717391304347826
0 0.7676630434782609 0.5020380434782609 0.002717391304347826 0.002717391304347826
0 0.7683423913043478 0.49660326086956524 0.002717391304347826 0.002717391304347826
0 0.7744565217391305 0.5033967391304348 0.002717391304347826 0.0020380434782608695
0 0.7805706521739131 0.5020380434782609 0.002717391304347826 0.002717391304347826
0 0.7948369565217391 0.4986413043478261 0.004755434782608696 0.002717391304347826
0 0.8002717391304348 0.5 0.004755434782608696 0.002717391304347826
0 0.9313858695652174 0.5122282608695652 0.006114130434782609 0.0033967391304347825
0 0.9368206521739131 0.5108695652173914 0.006114130434782609 0.004076086956521739
0 0.9463315217391305 0.5108695652173914 0.006114130434782609 0.004076086956521739
0 0.953125 0.5095108695652174 0.006114130434782609 0.004076086956521739
0 0.9667119565217391 0.5067934782608695 0.004755434782608696 0.0033967391304347825
0 0.9741847826086957 0.5067934782608695 0.004755434782608696 0.0033967391304347825
0 0.9796195652173914 0.501358695652174 0.004755434782608696 0.0033967391304347825
0 0.9877717391304348 0.5020380434782609 0.004755434782608696 0.0033967391304347825
0 0.9918478260869565 0.5054347826086957 0.006114130434782609 0.0033967391304347825
0 0.9952445652173914 0.5006793478260869 0.006114130434782609 0.004076086956521739
0 0.998641304347826 0.501358695652174 0.002717391304347826 0.0033967391304347825
0 0.9144021739130435 0.5115489130434783 0.004755434782608696 0.004076086956521739
0 0.9144021739130435 0.501358695652174 0.004755434782608696 0.0033967391304347825
0 0.9082880434782609 0.501358695652174 0.004755434782608696 0.0033967391304347825
0 0.9035326086956522 0.5020380434782609 0.004755434782608696 0.0033967391304347825
0 0.8967391304347826 0.5027173913043478 0.004755434782608696 0.0033967391304347825
0 0.9300271739130435 0.5061141304347826 0.006114130434782609 0.0033967391304347825
0 0.9273097826086957 0.5 0.004755434782608696 0.0033967391304347825
0 0.9327445652173914 0.499320652173913 0.004755434782608696 0.0033967391304347825
0 0.9368206521739131 0.5020380434782609 0.006114130434782609 0.0033967391304347825
0 0.9368206521739131 0.4986413043478261 0.004755434782608696 0.0033967391304347825
0 0.9408967391304348 0.49660326086956524 0.004755434782608696 0.0033967391304347825
0 0.9646739130434783 0.5020380434782609 0.006114130434782609 0.0033967391304347825
0 0.9735054347826086 0.5020380434782609 0.004755434782608696 0.0033967391304347825
0 0.9653532608695652 0.4986413043478261 0.004755434782608696 0.0033967391304347825
0 0.9551630434782609 0.49592391304347827 0.004755434782608696 0.0033967391304347825
0 0.9504076086956522 0.4938858695652174 0.004755434782608696 0.0033967391304347825
0 0.9476902173913043 0.485054347826087 0.004076086956521739 0.002717391304347826
0 0.9707880434782609 0.484375 0.004076086956521739 0.002717391304347826
0 0.9082880434782609 0.4782608695652174 0.004755434782608696 0.004076086956521739
0 0.9055706521739131 0.48845108695652173 0.004755434782608696 0.0033967391304347825
0 0.8994565217391305 0.48777173913043476 0.004755434782608696 0.0033967391304347825
0 0.8940217391304348 0.484375 0.006114130434782609 0.0033967391304347825
0 0.8872282608695652 0.4945652173913043 0.004755434782608696 0.0033967391304347825
0 0.8838315217391305 0.4938858695652174 0.004755434782608696 0.0033967391304347825
0 0.8783967391304348 0.48709239130434784 0.004755434782608696 0.0033967391304347825
0 0.8716032608695652 0.49796195652173914 0.004755434782608696 0.0033967391304347825
0 0.8648097826086957 0.49184782608695654 0.004755434782608696 0.0033967391304347825
0 0.8213315217391305 0.5 0.004755434782608696 0.0033967391304347825
0 0.005434782608695652 0.4123641304347826 0.006793478260869565 0.005434782608695652
0 0.014266304347826086 0.4164402173913043 0.006793478260869565 0.004755434782608696
0 0.042798913043478264 0.4164402173913043 0.006793478260869565 0.004755434782608696
0 0.05298913043478261 0.41508152173913043 0.006793478260869565 0.004755434782608696
0 0.06657608695652174 0.4123641304347826 0.006793478260869565 0.004755434782608696
0 0.07676630434782608 0.4157608695652174 0.006793478260869565 0.004755434782608696
0 0.12567934782608695 0.4171195652173913 0.004076086956521739 0.002717391304347826
0 0.13179347826086957 0.4171195652173913 0.004076086956521739 0.002717391304347826
0 0.14198369565217392 0.4171195652173913 0.002717391304347826 0.001358695652173913
0 0.15217391304347827 0.41304347826086957 0.004076086956521739 0.002717391304347826
0 0.1922554347826087 0.4164402173913043 0.004755434782608696 0.002717391304347826
0 0.22146739130434784 0.41372282608695654 0.0006793478260869565 0.0006793478260869565
0 0.11752717391304347 0.4205163043478261 0.004755434782608696 0.0033967391304347825
0 0.281929347826087 0.4157608695652174 0.0020380434782608695 0.001358695652173913
0 0.31589673913043476 0.41779891304347827 0.0020380434782608695 0.0006793478260869565
0 0.41372282608695654 0.4171195652173913 0.002717391304347826 0.0020380434782608695
0 0.42595108695652173 0.4157608695652174 0.0020380434782608695 0.001358695652173913
0 0.4904891304347826 0.4891304347826087 0.004755434782608696 0.004076086956521739
0 0.5033967391304348 0.48641304347826086 0.004755434782608696 0.004076086956521739
0 0.5081521739130435 0.48641304347826086 0.006114130434782609 0.004076086956521739
0 0.5122282608695652 0.48641304347826086 0.004755434782608696 0.0033967391304347825
0 0.5163043478260869 0.49116847826086957 0.004755434782608696 0.0033967391304347825
0 0.5122282608695652 0.49116847826086957 0.004755434782608696 0.0033967391304347825
0 0.5292119565217391 0.484375 0.006114130434782609 0.0033967391304347825
0 0.5258152173913043 0.48777173913043476 0.004755434782608696 0.0033967391304347825
0 0.5319293478260869 0.4898097826086957 0.004755434782608696 0.0033967391304347825
0 0.5394021739130435 0.48709239130434784 0.004755434782608696 0.0033967391304347825
0 0.5366847826086957 0.484375 0.004755434782608696 0.0033967391304347825
0 0.5400815217391305 0.49184782608695654 0.004755434782608696 0.0033967391304347825
0 0.5618206521739131 0.485054347826087 0.004076086956521739 0.002717391304347826
0 0.5543478260869565 0.484375 0.004755434782608696 0.0033967391304347825
0 0.5502717391304348 0.47622282608695654 0.004755434782608696 0.0033967391304347825
0 0.5461956521739131 0.4830163043478261 0.004755434782608696 0.0033967391304347825
0 0.5441576086956522 0.4904891304347826 0.004755434782608696 0.0033967391304347825
0 0.5835597826086957 0.49320652173913043 0.004755434782608696 0.002717391304347826
0 0.592391304347826 0.49252717391304346 0.004755434782608696 0.0033967391304347825
0 0.5957880434782609 0.4891304347826087 0.004076086956521739 0.002717391304347826
0 0.6114130434782609 0.49184782608695654 0.004755434782608696 0.0033967391304347825
0 0.6182065217391305 0.49116847826086957 0.004755434782608696 0.0033967391304347825
0 0.6270380434782609 0.485054347826087 0.004755434782608696 0.0033967391304347825
0 0.6440217391304348 0.49592391304347827 0.004755434782608696 0.0033967391304347825
0 0.641983695652174 0.49252717391304346 0.004755434782608696 0.0033967391304347825
0 0.6453804347826086 0.49116847826086957 0.004755434782608696 0.0033967391304347825
0 0.6508152173913043 0.4891304347826087 0.004755434782608696 0.0033967391304347825
0 0.6610054347826086 0.48777173913043476 0.004076086956521739 0.0033967391304347825
0 0.6841032608695652 0.4891304347826087 0.004755434782608696 0.0033967391304347825
0 0.6908967391304348 0.4904891304347826 0.004755434782608696 0.0033967391304347825
0 0.6963315217391305 0.4891304347826087 0.004755434782608696 0.0033967391304347825
0 0.6841032608695652 0.48233695652173914 0.004755434782608696 0.0033967391304347825
0 0.6970108695652174 0.485054347826087 0.004755434782608696 0.0033967391304347825
0 0.7051630434782609 0.485054347826087 0.004755434782608696 0.0033967391304347825
0 0.704483695652174 0.4891304347826087 0.004755434782608696 0.0033967391304347825
0 0.7092391304347826 0.49116847826086957 0.002717391304347826 0.001358695652173913
0 0.717391304347826 0.4891304347826087 0.002717391304347826 0.0020380434782608695
0 0.7153532608695652 0.48777173913043476 0.002717391304347826 0.0020380434782608695
0 0.7241847826086957 0.48641304347826086 0.002717391304347826 0.0020380434782608695
0 0.7241847826086957 0.4789402173913043 0.002717391304347826 0.0020380434782608695
0 0.7425271739130435 0.48641304347826086 0.004076086956521739 0.002717391304347826
0 0.7398097826086957 0.48641304347826086 0.004076086956521739 0.002717391304347826
0 0.7377717391304348 0.4857336956521739 0.004076086956521739 0.002717391304347826
0 0.7493206521739131 0.48777173913043476 0.004076086956521739 0.002717391304347826
0 0.7635869565217391 0.4857336956521739 0.004076086956521739 0.002717391304347826
0 0.6657608695652174 0.4830163043478261 0.004755434782608696 0.0033967391304347825
0 0.6711956521739131 0.48233695652173914 0.004076086956521739 0.0033967391304347825
0 0.6440217391304348 0.48165760869565216 0.004076086956521739 0.002717391304347826
0 0.6487771739130435 0.4830163043478261 0.004076086956521739 0.002717391304347826
0 0.7024456521739131 0.4796195652173913 0.004755434782608696 0.0033967391304347825
0 0.6895380434782609 0.4789402173913043 0.004755434782608696 0.0033967391304347825
0 0.6976902173913043 0.47758152173913043 0.004755434782608696 0.0033967391304347825
0 0.5713315217391305 0.485054347826087 0.004076086956521739 0.0033967391304347825
0 0.5747282608695652 0.48165760869565216 0.004755434782608696 0.0033967391304347825
0 0.5808423913043478 0.48709239130434784 0.004755434782608696 0.0033967391304347825
0 0.5855978260869565 0.483695652173913 0.004755434782608696 0.0033967391304347825
0 0.576766304347826 0.485054347826087 0.004755434782608696 0.0033967391304347825
0 0.5855978260869565 0.48777173913043476 0.004755434782608696 0.002717391304347826
0 0.5917119565217391 0.483695652173913 0.004755434782608696 0.0033967391304347825
0 0.5978260869565217 0.48233695652173914 0.004755434782608696 0.002717391304347826
0 0.6032608695652174 0.48641304347826086 0.004755434782608696 0.0033967391304347825
0 0.6114130434782609 0.484375 0.004755434782608696 0.004076086956521739
0 0.6182065217391305 0.48097826086956524 0.004076086956521739 0.0033967391304347825
0 0.6012228260869565 0.47078804347826086 0.006114130434782609 0.004076086956521739
0 0.6052989130434783 0.4701086956521739 0.004755434782608696 0.0033967391304347825
0 0.6148097826086957 0.4701086956521739 0.004755434782608696 0.0033967391304347825
0 0.6297554347826086 0.48029891304347827 0.004755434782608696 0.0033967391304347825
0 0.6555706521739131 0.48097826086956524 0.004755434782608696 0.0033967391304347825
0 0.6725543478260869 0.48709239130434784 0.004755434782608696 0.002717391304347826
0 0.6813858695652174 0.48641304347826086 0.004755434782608696 0.0033967391304347825
0 0.6066576086956522 0.4830163043478261 0.004755434782608696 0.004076086956521739
0 0.515625 0.48845108695652173 0.004755434782608696 0.0033967391304347825
0 0.7921195652173914 0.4796195652173913 0.004076086956521739 0.002717391304347826
0 0.7615489130434783 0.4748641304347826 0.004076086956521739 0.002717391304347826
0 0.7880434782608695 0.49252717391304346 0.004076086956521739 0.0033967391304347825
0 0.7697010869565217 0.48709239130434784 0.004076086956521739 0.0033967391304347825
0 0.7921195652173914 0.49184782608695654 0.004076086956521739 0.002717391304347826
0 0.8002717391304348 0.49116847826086957 0.004076086956521739 0.002717391304347826
0 0.8084239130434783 0.49116847826086957 0.004076086956521739 0.002717391304347826
0 0.8131793478260869 0.49796195652173914 0.004755434782608696 0.0033967391304347825
0 0.8158967391304348 0.4938858695652174 0.004076086956521739 0.002717391304347826
0 0.8172554347826086 0.49252717391304346 0.004755434782608696 0.002717391304347826
0 0.8328804347826086 0.49252717391304346 0.004076086956521739 0.0033967391304347825
0 0.8301630434782609 0.49252717391304346 0.004076086956521739 0.0033967391304347825
0 0.8417119565217391 0.49252717391304346 0.004755434782608696 0.0033967391304347825
0 0.8383152173913043 0.49116847826086957 0.004755434782608696 0.0033967391304347825
0 0.8559782608695652 0.49116847826086957 0.004755434782608696 0.0033967391304347825
0 0.6501358695652174 0.48097826086956524 0.004755434782608696 0.002717391304347826
0 0.733016304347826 0.48029891304347827 0.004076086956521739 0.002717391304347826
0 0.610733695652174 0.4830163043478261 0.004755434782608696 0.0033967391304347825
0 0.592391304347826 0.4857336956521739 0.004755434782608696 0.0033967391304347825
0 0.5658967391304348 0.49592391304347827 0.004755434782608696 0.0033967391304347825
0 0.2078804347826087 0.4796195652173913 0.002717391304347826 0.0020380434782608695
0 0.06861413043478261 0.4857336956521739 0.006793478260869565 0.004076086956521739