0 0.059103260869565216 0.328804347826087 0.025815217391304348 0.03125
0 0.12839673913043478 0.26970108695652173 0.02309782608695652 0.03260869565217391
0 0.19361413043478262 0.4266304347826087 0.024456521739130436 0.02309782608695652
0 0.3029891304347826 0.2425271739130435 0.024456521739130436 0.028532608695652172
0 0.40353260869565216 0.3220108695652174 0.025815217391304348 0.025815217391304348
0 0.4789402173913043 0.33152173913043476 0.01970108695652174 0.026494565217391304
0 0.5577445652173914 0.37907608695652173 0.01970108695652174 0.028532608695652172
0 0.6902173913043478 0.3763586956521739 0.021739130434782608 0.027853260869565216
0 0.6005434782608695 0.2262228260869565 0.025135869565217392 0.02377717391304348
0 0.671875 0.21807065217391305 0.028532608695652172 0.027853260869565216
0 0.9293478260869565 0.24864130434782608 0.015625 0.021739130434782608
0 0.9789402173913043 0.3186141304347826 0.025815217391304348 0.025135869565217392
0 0.9164402173913043 0.35190217391304346 0.021059782608695652 0.027853260869565216
0 0.9320652173913043 0.41304347826086957 0.03125 0.03125
0 0.9755434782608695 0.40285326086956524 0.021739130434782608 0.02377717391304348
0 0.7194293478260869 0.7452445652173914 0.03192934782608696 0.04755434782608696
0 0.8301630434782609 0.9184782608695652 0.05638586956521739 0.05298913043478261
0 0.6467391304347826 0.6847826086956522 0.027853260869565216 0.03736413043478261
0 0.37160326086956524 0.5754076086956522 0.029211956521739132 0.041440217391304345
0 0.47214673913043476 0.686141304347826 0.027853260869565216 0.028532608695652172
0 0.06317934782608696 0.46535326086956524 0.03328804347826087 0.025135869565217392
0 0.06929347826086957 0.44021739130434784 0.03328804347826087 0.025135869565217392
0 0.05570652173913043 0.4273097826086957 0.03328804347826087 0.025135869565217392
0 0.05298913043478261 0.38722826086956524 0.03192934782608696 0.02377717391304348
0 0.11277173913043478 0.3532608695652174 0.03125 0.02309782608695652
0 0.14402173913043478 0.36684782608695654 0.03192934782608696 0.02309782608695652
0 0.13451086956521738 0.390625 0.03260869565217391 0.024456521739130436
0 0.18817934782608695 0.4048913043478261 0.03260869565217391 0.024456521739130436
0 0.17866847826086957 0.452445652173913 0.03328804347826087 0.025815217391304348
0 0.23233695652173914 0.4735054347826087 0.033967391304347824 0.025815217391304348
0 0.19904891304347827 0.485054347826087 0.035326086956521736 0.026494565217391304
0 0.17051630434782608 0.5095108695652174 0.03260869565217391 0.025135869565217392
0 0.10733695652173914 0.5054347826086957 0.03328804347826087 0.024456521739130436
0 0.3267663043478261 0.4945652173913043 0.03260869565217391 0.024456521739130436
0 0.30027173913043476 0.40353260869565216 0.03260869565217391 0.024456521739130436
0 0.31929347826086957 0.37703804347826086 0.03192934782608696 0.02377717391304348
0 0.33695652173913043 0.358695652173913 0.03192934782608696 0.02309782608695652
0 0.2860054347826087 0.34578804347826086 0.03125 0.022418478260869564
0 0.27785326086956524 0.31929347826086957 0.029211956521739132 0.021739130434782608
0 0.28872282608695654 0.26970108695652173 0.029891304347826088 0.022418478260869564
0 0.34578804347826086 0.28804347826086957 0.029891304347826088 0.022418478260869564
0 0.3851902173913043 0.280570652173913 0.029211956521739132 0.021739130434782608
0 0.35529891304347827 0.31046195652173914 0.029891304347826088 0.021739130434782608
0 0.3335597826086957 0.3220108695652174 0.029211956521739132 0.021739130434782608
0 0.38179347826086957 0.32540760869565216 0.029211956521739132 0.021739130434782608
0 0.41304347826086957 0.29483695652173914 0.029211956521739132 0.021739130434782608
0 0.4544836956521739 0.28804347826086957 0.029211956521739132 0.021739130434782608
0 0.453804347826087 0.30910326086956524 0.028532608695652172 0.021739130434782608
0 0.5203804347826086 0.29008152173913043 0.029211956521739132 0.021739130434782608
0 0.5129076086956522 0.26222826086956524 0.029211956521739132 0.022418478260869564
0 0.5217391304347826 0.3546195652173913 0.03125 0.02309782608695652
0 0.46671195652173914 0.36277173913043476 0.027853260869565216 0.021739130434782608
0 0.4544836956521739 0.3845108695652174 0.03125 0.022418478260869564
0 0.4048913043478261 0.375679347826087 0.03125 0.022418478260869564
0 0.37296195652173914 0.44633152173913043 0.03328804347826087 0.024456521739130436
0 0.38315217391304346 0.5 0.03192934782608696 0.02377717391304348
0 0.35529891304347827 0.4830163043478261 0.03192934782608696 0.02377717391304348
0 0.5258152173913043 0.49184782608695654 0.03192934782608696 0.02377717391304348
0 0.514266304347826 0.48165760869565216 0.03192934782608696 0.02377717391304348
0 0.5733695652173914 0.4789402173913043 0.03260869565217391 0.02377717391304348
0 0.5529891304347826 0.41779891304347827 0.03260869565217391 0.024456521739130436
0 0.499320652173913 0.39945652173913043 0.03260869565217391 0.024456521739130436
0 0.5373641304347826 0.35190217391304346 0.03125 0.02309782608695652
0 0.5618206521739131 0.30570652173913043 0.028532608695652172 0.021739130434782608
0 0.5835597826086957 0.3063858695652174 0.028532608695652172 0.021739130434782608
0 0.5597826086956522 0.25883152173913043 0.028532608695652172 0.021739130434782608
0 0.6745923913043478 0.5020380434782609 0.03328804347826087 0.025135869565217392
0 0.703125 0.47214673913043476 0.03192934782608696 0.02377717391304348
0 0.6800271739130435 0.44633152173913043 0.029211956521739132 0.021739130434782608
0 0.6148097826086957 0.42391304347826086 0.03328804347826087 0.025135869565217392
0 0.6025815217391305 0.40828804347826086 0.03260869565217391 0.025135869565217392
0 0.5957880434782609 0.3804347826086957 0.029211956521739132 0.021739130434782608
0 0.6664402173913043 0.36141304347826086 0.029891304347826088 0.021739130434782608
0 0.6426630434782609 0.34375 0.029211956521739132 0.022418478260869564
0 0.610733695652174 0.34646739130434784 0.028532608695652172 0.021739130434782608
0 0.65625 0.32065217391304346 0.027853260869565216 0.021059782608695652
0 0.6922554347826086 0.328804347826087 0.029211956521739132 0.021739130434782608
0 0.6949728260869565 0.29483695652173914 0.028532608695652172 0.021059782608695652
0 0.6970108695652174 0.27377717391304346 0.027853260869565216 0.021059782608695652
0 0.7370923913043478 0.2826086956521739 0.027853260869565216 0.021739130434782608
0 0.6222826086956522 0.26834239130434784 0.027853260869565216 0.021739130434782608
0 0.6433423913043478 0.24660326086956522 0.028532608695652172 0.021059782608695652
0 0.7194293478260869 0.24592391304347827 0.028532608695652172 0.021739130434782608
0 0.7479619565217391 0.24864130434782608 0.027853260869565216 0.021059782608695652
0 0.7663043478260869 0.2296195652173913 0.02717391304347826 0.020380434782608696
0 0.7989130434782609 0.26222826086956524 0.028532608695652172 0.021739130434782608
0 0.8288043478260869 0.2269021739130435 0.02717391304347826 0.020380434782608696
0 0.8505434782608695 0.2418478260869565 0.02717391304347826 0.020380434782608696
0 0.8328804347826086 0.27309782608695654 0.028532608695652172 0.021739130434782608
0 0.920516304347826 0.29008152173913043 0.02717391304347826 0.020380434782608696
0 0.9245923913043478 0.31453804347826086 0.028532608695652172 0.021739130434782608
0 0.890625 0.250679347826087 0.027853260869565216 0.020380434782608696
0 0.9110054347826086 0.23845108695652173 0.025815217391304348 0.020380434782608696
0 0.9585597826086957 0.24796195652173914 0.025135869565217392 0.019021739130434784
0 0.9891304347826086 0.27377717391304346 0.021059782608695652 0.01970108695652174
0 0.9762228260869565 0.33967391304347827 0.028532608695652172 0.021739130434782608
0 0.9952445652173914 0.33627717391304346 0.009510869565217392 0.021739130434782608
0 0.9524456521739131 0.35054347826086957 0.029211956521739132 0.021739130434782608
0 0.9110054347826086 0.33152173913043476 0.028532608695652172 0.021739130434782608
0 0.8865489130434783 0.35665760869565216 0.028532608695652172 0.021739130434782608
0 0.875 0.37907608695652173 0.029211956521739132 0.021739130434782608
0 0.8532608695652174 0.3383152173913043 0.028532608695652172 0.021739130434782608
0 0.8254076086956522 0.3654891304347826 0.029891304347826088 0.021739130434782608
0 0.7880434782608695 0.3451086956521739 0.028532608695652172 0.021739130434782608
0 0.7663043478260869 0.36752717391304346 0.029211956521739132 0.021739130434782608
0 0.7398097826086957 0.33627717391304346 0.029211956521739132 0.021739130434782608
0 0.7724184782608695 0.31657608695652173 0.028532608695652172 0.021739130434782608
0 0.7635869565217391 0.39945652173913043 0.029211956521739132 0.021739130434782608
0 0.7425271739130435 0.4164402173913043 0.029211956521739132 0.021739130434782608
0 0.7683423913043478 0.4470108695652174 0.033967391304347824 0.025815217391304348
0 0.998641304347826 0.4898097826086957 0.002717391304347826 0.02717391304347826
0 0.84375 0.4279891304347826 0.03260869565217391 0.025135869565217392
0 0.859375 0.4048913043478261 0.029891304347826088 0.022418478260869564
0 0.9925271739130435 0.3967391304347826 0.014945652173913044 0.02309782608695652
0 0.9483695652173914 0.389945652173913 0.029891304347826088 0.022418478260869564
0 0.998641304347826 0.2418478260869565 0.002717391304347826 0.019021739130434784
0 0.9755434782608695 0.6195652173913043 0.03940217391304348 0.029891304347826088
0 0.9164402173913043 0.6195652173913043 0.03940217391304348 0.029891304347826088
0 0.9300271739130435 0.5760869565217391 0.03804347826086957 0.028532608695652172
0 0.8614130434782609 0.5985054347826086 0.03940217391304348 0.029211956521739132
0 0.7880434782608695 0.6664402173913043 0.043478260869565216 0.03260869565217391
0 0.7228260869565217 0.6759510869565217 0.044157608695652176 0.03328804347826087
0 0.6976902173913043 0.6745923913043478 0.044157608695652176 0.03328804347826087
0 0.6976902173913043 0.6229619565217391 0.03804347826086957 0.029211956521739132
0 0.5278532608695652 0.5692934782608695 0.035326086956521736 0.02717391304347826
0 0.2296195652173913 0.563858695652174 0.033967391304347824 0.025135869565217392
0 0.1983695652173913 0.6154891304347826 0.033967391304347824 0.026494565217391304
0 0.042119565217391304 0.563858695652174 0.03328804347826087 0.025135869565217392
0 0.017663043478260868 0.5285326086956522 0.03328804347826087 0.025135869565217392
0 0.11073369565217392 0.7364130434782609 0.04008152173913043 0.029891304347826088
0 0.5244565217391305 0.9626358695652174 0.057065217391304345 0.042798913043478264