0 0.0020380434782608695 0.1644021739130435 0.004076086956521739 0.008831521739130434
0 0.01154891304347826 0.05502717391304348 0.007472826086956522 0.007472826086956522
0 0.030570652173913044 0.04755434782608696 0.006793478260869565 0.007472826086956522
0 0.08967391304347826 0.10394021739130435 0.008152173913043478 0.008831521739130434
0 0.06589673913043478 0.15421195652173914 0.010190217391304348 0.009510869565217392
0 0.08152173913043478 0.1644021739130435 0.01154891304347826 0.010869565217391304
0 0.13654891304347827 0.06521739130434782 0.006793478260869565 0.007472826086956522
0 0.14673913043478262 0.078125 0.007472826086956522 0.008152173913043478
0 0.11005434782608696 0.04008152173913043 0.006793478260869565 0.006793478260869565
0 0.2418478260869565 0.036005434782608696 0.005434782608695652 0.005434782608695652
0 0.264945652173913 0.05434782608695652 0.005434782608695652 0.006114130434782609
0 0.3580163043478261 0.017663043478260868 0.006793478260869565 0.006793478260869565
0 0.39470108695652173 0.019021739130434784 0.004076086956521739 0.005434782608695652
0 0.24116847826086957 0.16644021739130435 0.007472826086956522 0.007472826086956522
0 0.48641304347826086 0.1983695652173913 0.010190217391304348 0.010869565217391304
0 0.5400815217391305 0.1956521739130435 0.010869565217391304 0.010869565217391304
0 0.4076086956521739 0.1875 0.007472826086956522 0.007472826086956522
0 0.9130434782608695 0.2758152173913043 0.012228260869565218 0.012907608695652174
0 0.921875 0.4361413043478261 0.02309782608695652 0.019021739130434784
0 0.9728260869565217 0.4701086956521739 0.016304347826086956 0.018342391304347828
0 0.09103260869565218 0.3220108695652174 0.014266304347826086 0.01358695652173913
0 0.17051630434782608 0.41032608695652173 0.014266304347826086 0.012907608695652174
0 0.33967391304347827 0.4436141304347826 0.016304347826086956 0.015625
0 0.3186141304347826 0.34578804347826086 0.012907608695652174 0.016304347826086956
0 0.21263586956521738 0.5129076086956522 0.017663043478260868 0.018342391304347828
0 0.9945652173913043 0.5985054347826086 0.010190217391304348 0.016983695652173912
0 0.9327445652173914 0.5855978260869565 0.016304347826086956 0.015625
0 0.0020380434782608695 0.02717391304347826 0.004076086956521739 0.006114130434782609
0 0.050271739130434784 0.05434782608695652 0.008152173913043478 0.006793478260869565
0 0.05570652173913043 0.042119565217391304 0.007472826086956522 0.006793478260869565
0 0.07269021739130435 0.05434782608695652 0.008152173913043478 0.006793478260869565
0 0.07676630434782608 0.025135869565217392 0.006793478260869565 0.006114130434782609
0 0.15557065217391305 0.1949728260869565 0.010190217391304348 0.008831521739130434
0 0.12567934782608695 0.22146739130434784 0.01154891304347826 0.010190217391304348
0 0.11413043478260869 0.21875 0.01154891304347826 0.010190217391304348
0 0.12635869565217392 0.07269021739130435 0.008152173913043478 0.007472826086956522
0 0.13926630434782608 0.07133152173913043 0.008152173913043478 0.006793478260869565
0 0.1766304347826087 0.06317934782608696 0.007472826086956522 0.006793478260869565
0 0.17866847826086957 0.04483695652173913 0.006793478260869565 0.006114130434782609
0 0.20720108695652173 0.022418478260869564 0.006793478260869565 0.005434782608695652
0 0.2452445652173913 0.04008152173913043 0.006793478260869565 0.005434782608695652
0 0.27921195652173914 0.05366847826086957 0.006793478260869565 0.006114130434782609
0 0.32472826086956524 0.04755434782608696 0.006793478260869565 0.006114130434782609
0 0.327445652173913 0.02717391304347826 0.006114130434782609 0.005434782608695652
0 0.3498641304347826 0.016304347826086956 0.006114130434782609 0.005434782608695652
0 0.3498641304347826 0.02717391304347826 0.006114130434782609 0.005434782608695652
0 0.37160326086956524 0.022418478260869564 0.006114130434782609 0.005434782608695652
0 0.406929347826087 0.019021739130434784 0.005434782608695652 0.004755434782608696
0 0.41983695652173914 0.015625 0.005434782608695652 0.004755434782608696
0 0.3967391304347826 0.03736413043478261 0.006114130434782609 0.005434782608695652
0 0.40625 0.04483695652173913 0.006793478260869565 0.005434782608695652
0 0.37703804347826086 0.03260869565217391 0.006114130434782609 0.005434782608695652
0 0.3607336956521739 0.035326086956521736 0.006793478260869565 0.005434782608695652
0 0.297554347826087 0.03940217391304348 0.006793478260869565 0.005434782608695652
0 0.2296195652173913 0.04755434782608696 0.007472826086956522 0.006114130434782609
0 0.35054347826086957 0.059782608695652176 0.006793478260869565 0.005434782608695652
0 0.37092391304347827 0.06046195652173913 0.006793478260869565 0.006114130434782609
0 0.38315217391304346 0.06793478260869565 0.007472826086956522 0.006114130434782609
0 0.4164402173913043 0.06385869565217392 0.006793478260869565 0.006114130434782609
0 0.46875 0.049592391304347824 0.006793478260869565 0.005434782608695652
0 0.44089673913043476 0.03125 0.006114130434782609 0.005434782608695652
0 0.43478260869565216 0.025135869565217392 0.005434782608695652 0.004755434782608696
0 0.4273097826086957 0.026494565217391304 0.005434782608695652 0.005434782608695652
0 0.421875 0.029891304347826088 0.006114130434782609 0.005434782608695652
0 0.4116847826086957 0.03260869565217391 0.006114130434782609 0.005434782608695652
0 0.48641304347826086 0.06793478260869565 0.006793478260869565 0.006114130434782609
0 0.5163043478260869 0.07472826086956522 0.007472826086956522 0.006793478260869565
0 0.29008152173913043 0.12024456521739131 0.007472826086956522 0.006793478260869565
0 0.36209239130434784 0.1358695652173913 0.008152173913043478 0.007472826086956522
0 0.46875 0.19157608695652173 0.01154891304347826 0.009510869565217392
0 0.5414402173913043 0.18206521739130435 0.010869565217391304 0.009510869565217392
0 0.5692934782608695 0.19429347826086957 0.010869565217391304 0.009510869565217392
0 0.359375 0.23165760869565216 0.012228260869565218 0.010869565217391304
0 0.40896739130434784 0.26834239130434784 0.012907608695652174 0.01154891304347826
0 0.546875 0.06114130434782609 0.006793478260869565 0.006114130434782609
0 0.47146739130434784 0.03260869565217391 0.005434782608695652 0.005434782608695652
0 0.4782608695652174 0.010190217391304348 0.005434782608695652 0.004755434782608696
0 0.49320652173913043 0.026494565217391304 0.005434782608695652 0.005434782608695652
0 0.2758152173913043 0.04551630434782609 0.006793478260869565 0.006114130434782609
0 0.6005434782608695 0.22554347826086957 0.012228260869565218 0.010869565217391304
0 0.4279891304347826 0.20923913043478262 0.01154891304347826 0.009510869565217392
0 0.6997282608695652 0.25203804347826086 0.01358695652173913 0.012228260869565218
0 0.701766304347826 0.24048913043478262 0.012907608695652174 0.01154891304347826
0 0.7255434782608695 0.2418478260869565 0.012907608695652174 0.01154891304347826
0 0.7425271739130435 0.23845108695652173 0.01358695652173913 0.01154891304347826
0 0.7275815217391305 0.23165760869565216 0.012907608695652174 0.01154891304347826
0 0.8084239130434783 0.23097826086956522 0.012907608695652174 0.01154891304347826
0 0.9599184782608695 0.25747282608695654 0.01358695652173913 0.01154891304347826
0 0.8362771739130435 0.19769021739130435 0.01154891304347826 0.010190217391304348
0 0.5998641304347826 0.15217391304347827 0.010190217391304348 0.008831521739130434
0 0.7635869565217391 0.41779891304347827 0.016304347826086956 0.014266304347826086
0 0.703125 0.43478260869565216 0.016983695652173912 0.014945652173913044
0 0.06861413043478261 0.3186141304347826 0.01358695652173913 0.01154891304347826
0 0.07404891304347826 0.453125 0.017663043478260868 0.014945652173913044
0 0.32608695652173914 0.38858695652173914 0.015625 0.01358695652173913
0 0.4945652173913043 0.5448369565217391 0.017663043478260868 0.015625
0 0.07336956521739131 0.8383152173913043 0.025815217391304348 0.022418478260869564
0 0.14198369565217392 0.8668478260869565 0.026494565217391304 0.02309782608695652
0 0.12703804347826086 0.8362771739130435 0.025815217391304348 0.022418478260869564
0 0.08491847826086957 0.8729619565217391 0.026494565217391304 0.02309782608695652
0 0.23301630434782608 0.4748641304347826 0.017663043478260868 0.015625
0 0.5577445652173914 0.9565217391304348 0.019021739130434784 0.016983695652173912
0 0.8831521739130435 0.6521739130434783 0.01970108695652174 0.016983695652173912
0 0.96875 0.6188858695652174 0.01970108695652174 0.016983695652173912