0 0.042798913043478264 0.7934782608695652 0.009510869565217392 0.010869565217391304
0 0.3607336956521739 0.7493206521739131 0.008152173913043478 0.010190217391304348
0 0.7289402173913043 0.7887228260869565 0.004076086956521739 0.004076086956521739
0 0.9429347826086957 0.78125 0.0033967391304347825 0.004076086956521739
0 0.9979619565217391 0.9429347826086957 0.004076086956521739 0.006793478260869565
0 0.954483695652174 0.9755434782608695 0.005434782608695652 0.005434782608695652
0 0.9252717391304348 0.9639945652173914 0.004755434782608696 0.005434782608695652
0 0.9626358695652174 0.8790760869565217 0.004076086956521739 0.004076086956521739
0 0.9259510869565217 0.8410326086956522 0.004076086956521739 0.004076086956521739
0 0.9103260869565217 0.8947010869565217 0.004755434782608696 0.005434782608695652
0 0.9381793478260869 0.8879076086956522 0.004076086956521739 0.004755434782608696
0 0.8084239130434783 0.8057065217391305 0.004076086956521739 0.004076086956521739
0 0.8838315217391305 0.8505434782608695 0.004755434782608696 0.005434782608695652
0 0.890625 0.8559782608695652 0.004755434782608696 0.005434782608695652
0 0.889266304347826 0.8600543478260869 0.004755434782608696 0.005434782608695652
0 0.9028532608695652 0.8627717391304348 0.006114130434782609 0.006793478260869565
0 0.9110054347826086 0.873641304347826 0.005434782608695652 0.005434782608695652
0 0.8933423913043478 0.8783967391304348 0.005434782608695652 0.006114130434782609
0 0.889266304347826 0.873641304347826 0.004755434782608696 0.004755434782608696
0 0.8777173913043478 0.8661684782608695 0.005434782608695652 0.005434782608695652
0 0.8573369565217391 0.8716032608695652 0.004076086956521739 0.004076086956521739
0 0.8729619565217391 0.8845108695652174 0.004076086956521739 0.004755434782608696
0 0.8913043478260869 0.8872282608695652 0.004755434782608696 0.004755434782608696
0 0.9225543478260869 0.8831521739130435 0.004755434782608696 0.004755434782608696
0 0.9239130434782609 0.8743206521739131 0.004755434782608696 0.004755434782608696
0 0.8362771739130435 0.8525815217391305 0.004076086956521739 0.004076086956521739
0 0.8226902173913043 0.8804347826086957 0.004076086956521739 0.004755434782608696
0 0.6440217391304348 0.8349184782608695 0.002717391304347826 0.0033967391304347825
0 0.65625 0.8417119565217391 0.0033967391304347825 0.004076086956521739
0 0.673233695652174 0.8457880434782609 0.0033967391304347825 0.0033967391304347825
0 0.6813858695652174 0.8478260869565217 0.004076086956521739 0.004076086956521739
0 0.703125 0.8485054347826086 0.0033967391304347825 0.0033967391304347825
0 0.7194293478260869 0.8661684782608695 0.004076086956521739 0.004076086956521739
0 0.6745923913043478 0.8845108695652174 0.005434782608695652 0.006114130434782609
0 0.6467391304347826 0.8845108695652174 0.004755434782608696 0.005434782608695652
0 0.5264945652173914 0.8885869565217391 0.004755434782608696 0.004755434782608696
0 0.421195652173913 0.9239130434782609 0.005434782608695652 0.006114130434782609
0 0.4952445652173913 0.9470108695652174 0.005434782608695652 0.006114130434782609
0 0.6005434782608695 0.8960597826086957 0.005434782608695652 0.005434782608695652
0 0.5285326086956522 0.9375 0.006114130434782609 0.006114130434782609
0 0.5991847826086957 0.9497282608695652 0.005434782608695652 0.005434782608695652
0 0.6120923913043478 0.9497282608695652 0.005434782608695652 0.006793478260869565
0 0.6868206521739131 0.8933423913043478 0.004755434782608696 0.004755434782608696
0 0.6623641304347826 0.9042119565217391 0.005434782608695652 0.006114130434782609
0 0.7262228260869565 0.9103260869565217 0.004755434782608696 0.004755434782608696
0 0.7432065217391305 0.9334239130434783 0.005434782608695652 0.006114130434782609
0 0.7432065217391305 0.9008152173913043 0.006114130434782609 0.006114130434782609
0 0.7567934782608695 0.907608695652174 0.005434782608695652 0.005434782608695652
0 0.811141304347826 0.9089673913043478 0.005434782608695652 0.006114130434782609
0 0.873641304347826 0.8987771739130435 0.004076086956521739 0.004755434782608696
0 0.8695652173913043 0.8899456521739131 0.004076086956521739 0.004076086956521739
0 0.8811141304347826 0.8974184782608695 0.004755434782608696 0.004755434782608696
0 0.8933423913043478 0.8987771739130435 0.004755434782608696 0.005434782608695652
0 0.8403532608695652 0.9476902173913043 0.005434782608695652 0.006793478260869565
0 0.8206521739130435 0.9483695652173914 0.004755434782608696 0.005434782608695652
0 0.33559782608695654 0.9422554347826086 0.006114130434782609 0.006114130434782609
0 0.32065217391304346 0.9836956521739131 0.006793478260869565 0.006793478260869565
0 0.2921195652173913 0.9823369565217391 0.007472826086956522 0.008831521739130434
0 0.22826086956521738 0.9483695652173914 0.008152173913043478 0.008831521739130434
0 0.17323369565217392 0.9755434782608695 0.007472826086956522 0.008152173913043478
0 0.5305706521739131 0.9504076086956522 0.006114130434782609 0.006114130434782609
0 0.5067934782608695 0.9782608695652174 0.007472826086956522 0.008831521739130434
0 0.7574728260869565 0.9646739130434783 0.007472826086956522 0.008152173913043478
0 0.9911684782608695 0.9680706521739131 0.004755434782608696 0.004755434782608696
0 0.8702445652173914 0.9551630434782609 0.006114130434782609 0.004755434782608696
0 0.22758152173913043 0.7635869565217391 0.010190217391304348 0.008831521739130434
0 0.23505434782608695 0.7561141304347826 0.010869565217391304 0.008831521739130434
0 0.15285326086956522 0.7785326086956522 0.010190217391304348 0.008831521739130434
0 0.297554347826087 0.7554347826086957 0.010190217391304348 0.008831521739130434
0 0.3695652173913043 0.7459239130434783 0.009510869565217392 0.008152173913043478
0 0.3607336956521739 0.734375 0.009510869565217392 0.008152173913043478
0 0.46875 0.7241847826086957 0.008152173913043478 0.007472826086956522
0 0.4782608695652174 0.7228260869565217 0.008831521739130434 0.007472826086956522
0 0.5210597826086957 0.7194293478260869 0.008831521739130434 0.007472826086956522
0 0.5665760869565217 0.7072010869565217 0.009510869565217392 0.008152173913043478
0 0.5577445652173914 0.7105978260869565 0.009510869565217392 0.008152173913043478
0 0.6372282608695652 0.703125 0.004755434782608696 0.004076086956521739
0 0.6759510869565217 0.6997282608695652 0.004076086956521739 0.004076086956521739
0 0.7058423913043478 0.6929347826086957 0.004755434782608696 0.004076086956521739
0 0.7112771739130435 0.6908967391304348 0.004755434782608696 0.004076086956521739
0 0.7425271739130435 0.688858695652174 0.004755434782608696 0.004076086956521739
0 0.8063858695652174 0.6949728260869565 0.0020380434782608695 0.0020380434782608695
0 0.828125 0.6908967391304348 0.001358695652173913 0.001358695652173913
0 0.8355978260869565 0.6908967391304348 0.0020380434782608695 0.001358695652173913
0 0.8355978260869565 0.6385869565217391 0.0020380434782608695 0.0020380434782608695
0 0.8620923913043478 0.5747282608695652 0.0033967391304347825 0.002717391304347826
0 0.8695652173913043 0.576766304347826 0.0033967391304347825 0.002717391304347826
0 0.8797554347826086 0.5754076086956522 0.0033967391304347825 0.002717391304347826
0 0.891983695652174 0.5754076086956522 0.0033967391304347825 0.002717391304347826
0 0.9103260869565217 0.5754076086956522 0.0033967391304347825 0.002717391304347826
0 0.9225543478260869 0.5774456521739131 0.004076086956521739 0.0033967391304347825
0 0.9130434782608695 0.5421195652173914 0.004076086956521739 0.0033967391304347825
0 0.9660326086956522 0.5441576086956522 0.004076086956521739 0.0033967391304347825
0 0.9714673913043478 0.5441576086956522 0.004076086956521739 0.0033967391304347825
0 0.9877717391304348 0.545516304347826 0.004076086956521739 0.0033967391304347825
0 0.9932065217391305 0.545516304347826 0.004076086956521739 0.0033967391304347825
0 0.9891304347826086 0.5604619565217391 0.004076086956521739 0.0033967391304347825
0 0.9313858695652174 0.5774456521739131 0.004076086956521739 0.0033967391304347825
0 0.9429347826086957 0.5754076086956522 0.004076086956521739 0.0033967391304347825
0 0.9490489130434783 0.5733695652173914 0.004076086956521739 0.0033967391304347825
0 0.9646739130434783 0.5740489130434783 0.004076086956521739 0.0033967391304347825
0 0.9809782608695652 0.5754076086956522 0.004076086956521739 0.0033967391304347825
0 0.9707880434782609 0.5563858695652174 0.004076086956521739 0.0033967391304347825
0 0.9572010869565217 0.5563858695652174 0.004076086956521739 0.0033967391304347825
0 0.8315217391304348 0.7336956521739131 0.0033967391304347825 0.002717391304347826
0 0.8274456521739131 0.734375 0.0033967391304347825 0.002717391304347826
0 0.8226902173913043 0.7350543478260869 0.0033967391304347825 0.002717391304347826
0 0.8172554347826086 0.7316576086956522 0.0033967391304347825 0.002717391304347826
0 0.7921195652173914 0.7601902173913043 0.004076086956521739 0.0033967391304347825
0 0.782608695652174 0.7690217391304348 0.004076086956521739 0.0033967391304347825
0 0.78125 0.7663043478260869 0.004076086956521739 0.0033967391304347825
0 0.7391304347826086 0.7819293478260869 0.004076086956521739 0.0033967391304347825
0 0.7275815217391305 0.7846467391304348 0.004076086956521739 0.0033967391304347825
0 0.71875 0.7927989130434783 0.004076086956521739 0.0033967391304347825
0 0.7112771739130435 0.8023097826086957 0.004076086956521739 0.0033967391304347825
0 0.8566576086956522 0.8023097826086957 0.004076086956521739 0.0033967391304347825
0 0.8369565217391305 0.7989130434782609 0.004755434782608696 0.0033967391304347825
0 0.8383152173913043 0.8029891304347826 0.004755434782608696 0.0033967391304347825
0 0.8315217391304348 0.8016304347826086 0.004755434782608696 0.004076086956521739
0 0.811141304347826 0.798233695652174 0.004755434782608696 0.0033967391304347825
0 0.8009510869565217 0.795516304347826 0.004076086956521739 0.004076086956521739
0 0.7975543478260869 0.7989130434782609 0.004076086956521739 0.0033967391304347825
0 0.7866847826086957 0.7995923913043478 0.004076086956521739 0.0033967391304347825
0 0.8478260869565217 0.7255434782608695 0.002717391304347826 0.002717391304347826
0 0.8661684782608695 0.7282608695652174 0.002717391304347826 0.002717391304347826
0 0.860733695652174 0.7282608695652174 0.002717391304347826 0.002717391304347826
0 0.8879076086956522 0.7289402173913043 0.0020380434782608695 0.0020380434782608695
0 0.8817934782608695 0.7289402173913043 0.0020380434782608695 0.0020380434782608695
0 0.8926630434782609 0.7282608695652174 0.0020380434782608695 0.0020380434782608695
0 0.9177989130434783 0.7235054347826086 0.0020380434782608695 0.001358695652173913
0 0.9082880434782609 0.7255434782608695 0.0020380434782608695 0.001358695652173913
0 0.8940217391304348 0.7948369565217391 0.004076086956521739 0.0033967391304347825
0 0.9164402173913043 0.7758152173913043 0.0033967391304347825 0.002717391304347826
0 0.921875 0.7561141304347826 0.0020380434782608695 0.0020380434782608695
0 0.9551630434782609 0.7241847826086957 0.0020380434782608695 0.0020380434782608695
0 0.9775815217391305 0.7948369565217391 0.004076086956521739 0.004076086956521739
0 0.9538043478260869 0.7819293478260869 0.004076086956521739 0.002717391304347826
0 0.9307065217391305 0.7907608695652174 0.004076086956521739 0.0033967391304347825
0 0.9510869565217391 0.795516304347826 0.004076086956521739 0.0033967391304347825
0 0.9463315217391305 0.8029891304347826 0.004076086956521739 0.0033967391304347825
0 0.967391304347826 0.9809782608695652 0.007472826086956522 0.006793478260869565
0 0.9381793478260869 0.9524456521739131 0.005434782608695652 0.004755434782608696
0 0.9483695652173914 0.845108695652174 0.005434782608695652 0.004755434782608696
0 0.9313858695652174 0.8464673913043478 0.005434782608695652 0.004076086956521739
0 0.9144021739130435 0.8430706521739131 0.005434782608695652 0.004076086956521739
0 0.9082880434782609 0.8417119565217391 0.004755434782608696 0.004076086956521739
0 0.9110054347826086 0.8091032608695652 0.004755434782608696 0.004076086956521739
0 0.921875 0.8926630434782609 0.005434782608695652 0.004076086956521739
0 0.951766304347826 0.8790760869565217 0.005434782608695652 0.004755434782608696
0 0.96875 0.9008152173913043 0.006114130434782609 0.004755434782608696
0 0.9286684782608695 0.8573369565217391 0.005434782608695652 0.004755434782608696
0 0.6311141304347826 0.8172554347826086 0.0020380434782608695 0.0020380434782608695
0 0.6779891304347826 0.8145380434782609 0.004076086956521739 0.002717391304347826
0 0.8158967391304348 0.8057065217391305 0.004755434782608696 0.0033967391304347825
0 0.8226902173913043 0.8050271739130435 0.004755434782608696 0.0033967391304347825
0 0.936141304347826 0.8029891304347826 0.004076086956521739 0.0033967391304347825
0 0.9884510869565217 0.8104619565217391 0.004755434782608696 0.004076086956521739
0 0.8879076086956522 0.8444293478260869 0.004755434782608696 0.004076086956521739
0 0.9116847826086957 0.8777173913043478 0.005434782608695652 0.004755434782608696
0 0.84375 0.8552989130434783 0.005434782608695652 0.004076086956521739
0 0.7771739130434783 0.8471467391304348 0.004076086956521739 0.0033967391304347825
0 0.7649456521739131 0.8457880434782609 0.004755434782608696 0.004076086956521739
0 0.7581521739130435 0.8457880434782609 0.004755434782608696 0.004076086956521739
0 0.7452445652173914 0.8471467391304348 0.004755434782608696 0.004076086956521739
0 0.6317934782608695 0.828125 0.002717391304347826 0.002717391304347826
0 0.6256793478260869 0.8376358695652174 0.0033967391304347825 0.002717391304347826
0 0.6216032608695652 0.8485054347826086 0.004076086956521739 0.0033967391304347825
0 0.703125 0.8790760869565217 0.005434782608695652 0.004755434782608696
0 0.5815217391304348 0.858016304347826 0.004755434782608696 0.004076086956521739
0 0.5604619565217391 0.8586956521739131 0.004076086956521739 0.004076086956521739
0 0.5516304347826086 0.8634510869565217 0.004755434782608696 0.004076086956521739
0 0.5475543478260869 0.8614130434782609 0.004755434782608696 0.0033967391304347825
0 0.5658967391304348 0.8879076086956522 0.005434782608695652 0.004755434782608696
0 0.4633152173913043 0.8648097826086957 0.0033967391304347825 0.002717391304347826
0 0.3960597826086957 0.8845108695652174 0.004076086956521739 0.0033967391304347825
0 0.11073369565217392 0.7961956521739131 0.010190217391304348 0.008831521739130434
0 0.24048913043478262 0.7608695652173914 0.010190217391304348 0.008831521739130434
0 0.3953804347826087 0.891983695652174 0.004755434782608696 0.004076086956521739
0 0.37703804347826086 0.9395380434782609 0.007472826086956522 0.006114130434782609
0 0.639266304347826 0.90625 0.005434782608695652 0.004755434782608696
0 0.6589673913043478 0.921875 0.006114130434782609 0.004755434782608696
0 0.6875 0.9082880434782609 0.006114130434782609 0.004755434782608696
0 0.7085597826086957 0.9144021739130435 0.006114130434782609 0.005434782608695652
0 0.7153532608695652 0.8953804347826086 0.005434782608695652 0.004755434782608696
0 0.8389945652173914 0.9042119565217391 0.005434782608695652 0.004755434782608696
0 0.8716032608695652 0.9042119565217391 0.004755434782608696 0.004076086956521739
0 0.3485054347826087 0.983016304347826 0.008152173913043478 0.007472826086956522
0 0.3702445652173913 0.9938858695652174 0.008831521739130434 0.007472826086956522
0 0.24728260869565216 0.9639945652173914 0.008152173913043478 0.006793478260869565
0 0.20855978260869565 0.954483695652174 0.008152173913043478 0.006793478260869565
0 0.17255434782608695 0.984375 0.007472826086956522 0.006114130434782609
0 0.19904891304347827 0.9891304347826086 0.006793478260869565 0.006114130434782609
0 0.23165760869565216 0.9938858695652174 0.008831521739130434 0.007472826086956522
0 0.04823369565217391 0.9836956521739131 0.007472826086956522 0.006114130434782609
0 0.8994565217391305 0.5489130434782609 0.0033967391304347825 0.002717391304347826
0 0.9266304347826086 0.5407608695652174 0.004076086956521739 0.0033967391304347825
0 0.9334239130434783 0.5434782608695652 0.004076086956521739 0.0033967391304347825
0 0.9476902173913043 0.545516304347826 0.004076086956521739 0.0033967391304347825
0 0.953125 0.545516304347826 0.004076086956521739 0.0033967391304347825
0 0.9605978260869565 0.5625 0.004076086956521739 0.0033967391304347825
0 0.9762228260869565 0.5591032608695652 0.004076086956521739 0.0033967391304347825
0 0.9748641304347826 0.5726902173913043 0.004076086956521739 0.0033967391304347825
0 0.9959239130434783 0.5740489130434783 0.004076086956521739 0.0033967391304347825
0 0.9877717391304348 0.576766304347826 0.004076086956521739 0.0033967391304347825
0 0.9341032608695652 0.5774456521739131 0.004076086956521739 0.0033967391304347825
0 0.998641304347826 0.5618206521739131 0.0020380434782608695 0.0033967391304347825
0 0.9619565217391305 0.5441576086956522 0.004076086956521739 0.0033967391304347825
0 0.954483695652174 0.6868206521739131 0.002717391304347826 0.0020380434782608695
0 0.9313858695652174 0.688858695652174 0.001358695652173913 0.001358695652173913
0 0.8328804347826086 0.6365489130434783 0.0020380434782608695 0.0020380434782608695
0 0.8756793478260869 0.7282608695652174 0.0020380434782608695 0.0020380434782608695
0 0.8695652173913043 0.7289402173913043 0.002717391304347826 0.002717391304347826
0 0.9035326086956522 0.7269021739130435 0.0020380434782608695 0.0020380434782608695
0 0.8158967391304348 0.7472826086956522 0.004076086956521739 0.0033967391304347825
0 0.8247282608695652 0.7391304347826086 0.0033967391304347825 0.002717391304347826
0 0.8362771739130435 0.733016304347826 0.002717391304347826 0.002717391304347826
0 0.7466032608695652 0.6915760869565217 0.004755434782608696 0.004076086956521739
0 0.7105978260869565 0.701766304347826 0.004076086956521739 0.0033967391304347825
0 0.6691576086956522 0.7038043478260869 0.004755434782608696 0.004076086956521739
0 0.6413043478260869 0.7038043478260869 0.004076086956521739 0.004076086956521739
0 0.6046195652173914 0.7119565217391305 0.0020380434782608695 0.0020380434782608695
0 0.04891304347826087 0.7975543478260869 0.010190217391304348 0.008831521739130434
0 0.0020380434782608695 0.8233695652173914 0.004076086956521739 0.008152173913043478
0 0.5 0.9680706521739131 0.007472826086956522 0.006114130434782609
0 0.5271739130434783 0.9816576086956522 0.007472826086956522 0.006793478260869565
0 0.7751358695652174 0.9660326086956522 0.007472826086956522 0.006114130434782609
0 0.7880434782608695 0.9979619565217391 0.008152173913043478 0.0033967391304347825
0 0.8057065217391305 0.9721467391304348 0.007472826086956522 0.006114130434782609
0 0.8043478260869565 0.9612771739130435 0.006793478260869565 0.006114130434782609
0 0.8410326086956522 0.9680706521739131 0.006793478260869565 0.006114130434782609
0 0.9809782608695652 0.9782608695652174 0.007472826086956522 0.006114130434782609
0 0.984375 0.9938858695652174 0.008152173913043478 0.006793478260869565