0 0.7078804347826086 0.9347826086956522 0.11209239130434782 0.052309782608695655
0 0.40353260869565216 0.9042119565217391 0.10394021739130435 0.049592391304347824
0 0.016304347826086956 0.5835597826086957 0.03192934782608696 0.033967391304347824
0 0.052309782608695655 0.5502717391304348 0.06793478260869565 0.025815217391304348
0 0.10801630434782608 0.5360054347826086 0.07065217391304347 0.025135869565217392
0 0.16779891304347827 0.6039402173913043 0.06317934782608696 0.025135869565217392
0 0.1956521739130435 0.5930706521739131 0.06997282608695653 0.028532608695652172
0 0.18206521739130435 0.5726902173913043 0.06453804347826086 0.02309782608695652
0 0.2669836956521739 0.5380434782608695 0.06793478260869565 0.026494565217391304
0 0.21535326086956522 0.6222826086956522 0.07948369565217392 0.03192934782608696
0 0.1453804347826087 0.6283967391304348 0.07336956521739131 0.03125
0 0.15489130434782608 0.6555706521739131 0.07948369565217392 0.03736413043478261
0 0.4578804347826087 0.5625 0.06997282608695653 0.030570652173913044
0 0.44089673913043476 0.4639945652173913 0.057065217391304345 0.024456521739130436
0 0.42866847826086957 0.5006793478260869 0.06182065217391304 0.029891304347826088
0 0.4796195652173913 0.5400815217391305 0.058423913043478264 0.025815217391304348
0 0.6447010869565217 0.576766304347826 0.08084239130434782 0.027853260869565216
0 0.654891304347826 0.5230978260869565 0.050271739130434784 0.02377717391304348
0 0.6487771739130435 0.501358695652174 0.07065217391304347 0.028532608695652172
0 0.7133152173913043 0.4952445652173913 0.06182065217391304 0.022418478260869564
0 0.6854619565217391 0.6644021739130435 0.08763586956521739 0.042119565217391304
0 0.8831521739130435 0.6623641304347826 0.07676630434782608 0.034646739130434784
0 0.985733695652174 0.670516304347826 0.028532608695652172 0.03940217391304348
0 0.8586956521739131 0.6032608695652174 0.07269021739130435 0.034646739130434784
0 0.8987771739130435 0.6195652173913043 0.06182065217391304 0.028532608695652172
0 0.9497282608695652 0.5591032608695652 0.06182065217391304 0.024456521739130436
0 0.8790760869565217 0.5339673913043478 0.06793478260869565 0.028532608695652172
0 0.8974184782608695 0.5095108695652174 0.06453804347826086 0.02717391304347826
0 0.8885869565217391 0.469429347826087 0.06521739130434782 0.02377717391304348
0 0.845108695652174 0.4639945652173913 0.05570652173913043 0.02377717391304348
0 0.8396739130434783 0.44972826086956524 0.05366847826086957 0.022418478260869564
0 0.9796195652173914 0.5896739130434783 0.04008152173913043 0.035326086956521736
0 0.984375 0.468070652173913 0.03125 0.027853260869565216
0 0.9008152173913043 0.390625 0.04823369565217391 0.024456521739130436
0 0.8987771739130435 0.36141304347826086 0.058423913043478264 0.02717391304347826
0 0.8614130434782609 0.34035326086956524 0.04619565217391304 0.025815217391304348
0 0.9069293478260869 0.3342391304347826 0.04551630434782609 0.022418478260869564
0 0.8091032608695652 0.3294836956521739 0.04483695652173913 0.01970108695652174
0 0.8233695652173914 0.28940217391304346 0.03736413043478261 0.018342391304347828
0 0.71875 0.33152173913043476 0.04551630434782609 0.021059782608695652
0 0.6902173913043478 0.2873641304347826 0.050951086956521736 0.021739130434782608
0 0.6066576086956522 0.24660326086956522 0.042798913043478264 0.021059782608695652
0 0.561141304347826 0.2703804347826087 0.03736413043478261 0.019021739130434784
0 0.5577445652173914 0.30502717391304346 0.042798913043478264 0.01970108695652174
0 0.5108695652173914 0.32065217391304346 0.05434782608695652 0.02309782608695652
0 0.5332880434782609 0.3111413043478261 0.041440217391304345 0.021059782608695652
0 0.49252717391304346 0.2860054347826087 0.04619565217391304 0.01970108695652174
0 0.44972826086956524 0.2764945652173913 0.04483695652173913 0.019021739130434784
0 0.41304347826086957 0.30434782608695654 0.04823369565217391 0.025135869565217392
0 0.3804347826086957 0.30570652173913043 0.034646739130434784 0.021059782608695652
0 0.35665760869565216 0.30910326086956524 0.036684782608695655 0.02309782608695652
0 0.328125 0.30366847826086957 0.052309782608695655 0.02309782608695652
0 0.35122282608695654 0.3294836956521739 0.04551630434782609 0.01970108695652174
0 0.40217391304347827 0.33627717391304346 0.03940217391304348 0.019021739130434784
0 0.4830163043478261 0.3491847826086957 0.050951086956521736 0.02309782608695652
0 0.5618206521739131 0.3607336956521739 0.05366847826086957 0.025815217391304348
0 0.5726902173913043 0.3804347826086957 0.04551630434782609 0.01970108695652174
0 0.4320652173913043 0.390625 0.050271739130434784 0.02717391304347826
0 0.5319293478260869 0.40353260869565216 0.059782608695652176 0.02309782608695652
0 0.5489130434782609 0.438179347826087 0.059103260869565216 0.025815217391304348
0 0.6256793478260869 0.41847826086956524 0.058423913043478264 0.02717391304347826
0 0.6229619565217391 0.39809782608695654 0.05366847826086957 0.021739130434782608
0 0.7078804347826086 0.389945652173913 0.04008152173913043 0.021059782608695652
0 0.688858695652174 0.3491847826086957 0.04823369565217391 0.024456521739130436
0 0.7601902173913043 0.406929347826087 0.05638586956521739 0.028532608695652172
0 0.734375 0.43342391304347827 0.059103260869565216 0.02377717391304348
0 0.3491847826086957 0.37907608695652173 0.057065217391304345 0.02309782608695652
0 0.203125 0.360054347826087 0.06114130434782609 0.027853260869565216
0 0.16779891304347827 0.2955163043478261 0.050951086956521736 0.02309782608695652
0 0.21467391304347827 0.2798913043478261 0.04755434782608696 0.021059782608695652
0 0.30978260869565216 0.2669836956521739 0.04823369565217391 0.021059782608695652
0 0.35665760869565216 0.25747282608695654 0.04755434782608696 0.02377717391304348
0 0.16983695652173914 0.24320652173913043 0.04755434782608696 0.02309782608695652
0 0.10326086956521739 0.24864130434782608 0.04483695652173913 0.022418478260869564
0 0.08355978260869565 0.27785326086956524 0.042119565217391304 0.01970108695652174
0 0.04008152173913043 0.2907608695652174 0.049592391304347824 0.024456521739130436
0 0.020380434782608696 0.2921195652173913 0.04076086956521739 0.01970108695652174
0 0.07676630434782608 0.30570652173913043 0.050271739130434784 0.021739130434782608
0 0.05434782608695652 0.33084239130434784 0.050951086956521736 0.022418478260869564
0 0.0006793478260869565 0.3335597826086957 0.001358695652173913 0.020380434782608696
0 0.02309782608695652 0.3498641304347826 0.04619565217391304 0.024456521739130436
0 0.09510869565217392 0.406929347826087 0.05638586956521739 0.024456521739130436
0 0.050951086956521736 0.41508152173913043 0.05638586956521739 0.024456521739130436
0 0.7350543478260869 0.46467391304347827 0.04755434782608696 0.021059782608695652
0 0.5074728260869565 0.23369565217391305 0.03940217391304348 0.01970108695652174
0 0.608016304347826 0.21875 0.04483695652173913 0.020380434782608696
0 0.452445652173913 0.2112771739130435 0.03940217391304348 0.019021739130434784
0 0.2907608695652174 0.21671195652173914 0.03872282608695652 0.016983695652173912
0 0.21331521739130435 0.23573369565217392 0.036684782608695655 0.016983695652173912
0 0.16779891304347827 0.20720108695652173 0.03736413043478261 0.016983695652173912
0 0.05570652173913043 0.21942934782608695 0.04483695652173913 0.021059782608695652
0 0.059103260869565216 0.19769021739130435 0.042798913043478264 0.021059782608695652
0 0.203125 0.1949728260869565 0.042798913043478264 0.022418478260869564
0 0.34782608695652173 0.20584239130434784 0.034646739130434784 0.019021739130434784
0 0.5489130434782609 0.20584239130434784 0.04483695652173913 0.018342391304347828
0 0.9442934782608695 0.31929347826086957 0.042798913043478264 0.01970108695652174
0 0.08899456521739131 0.20448369565217392 0.028532608695652172 0.016983695652173912
0 0.17323369565217392 0.17391304347826086 0.04008152173913043 0.016983695652173912
0 0.2112771739130435 0.15964673913043478 0.034646739130434784 0.019021739130434784
0 0.2235054347826087 0.14266304347826086 0.03736413043478261 0.019021739130434784
0 0.2554347826086957 0.14673913043478262 0.03940217391304348 0.019021739130434784
0 0.2873641304347826 0.12907608695652173 0.034646739130434784 0.015625
0 0.3226902173913043 0.18478260869565216 0.03872282608695652 0.016983695652173912
0 0.38654891304347827 0.16304347826086957 0.042119565217391304 0.019021739130434784
0 0.12907608695652173 0.15557065217391305 0.03736413043478261 0.016304347826086956
0 0.11888586956521739 0.14605978260869565 0.03872282608695652 0.016983695652173912
0 0.13043478260869565 0.140625 0.036005434782608696 0.016983695652173912
0 0.22010869565217392 0.11684782608695653 0.036005434782608696 0.015625
0 0.08695652173913043 0.08899456521739131 0.01358695652173913 0.006793478260869565
0 0.010869565217391304 0.5387228260869565 0.021059782608695652 0.02377717391304348
0 0.18478260869565216 0.5529891304347826 0.06589673913043478 0.025135869565217392
0 0.27309782608695654 0.6052989130434783 0.07540760869565218 0.028532608695652172
0 0.37703804347826086 0.6698369565217391 0.09239130434782608 0.034646739130434784
0 0.40353260869565216 0.4592391304347826 0.06385869565217392 0.02377717391304348
0 0.36345108695652173 0.47758152173913043 0.06453804347826086 0.024456521739130436
0 0.515625 0.4701086956521739 0.06453804347826086 0.024456521739130436
0 0.5129076086956522 0.49320652173913043 0.06521739130434782 0.024456521739130436
0 0.6345108695652174 0.5319293478260869 0.06793478260869565 0.025815217391304348
0 0.7024456521739131 0.6141304347826086 0.08084239130434782 0.030570652173913044
0 0.8899456521739131 0.5774456521739131 0.07336956521739131 0.02717391304347826
0 0.9884510869565217 0.5414402173913043 0.02309782608695652 0.025815217391304348
0 0.953125 0.4361413043478261 0.06114130434782609 0.02309782608695652
0 0.9490489130434783 0.3851902173913043 0.057065217391304345 0.021739130434782608
0 0.688858695652174 0.2418478260869565 0.04755434782608696 0.017663043478260868
0 0.4273097826086957 0.4273097826086957 0.06114130434782609 0.022418478260869564
0 0.20923913043478262 0.2982336956521739 0.052309782608695655 0.01970108695652174
0 0.1358695652173913 0.3797554347826087 0.059103260869565216 0.022418478260869564
0 0.018342391304347828 0.3953804347826087 0.036684782608695655 0.024456521739130436
0 0.3654891304347826 0.21603260869565216 0.046875 0.016983695652173912
0 0.23980978260869565 0.2235054347826087 0.04619565217391304 0.016983695652173912
0 0.3389945652173913 0.17391304347826086 0.044157608695652176 0.016304347826086956
0 0.34646739130434784 0.16236413043478262 0.044157608695652176 0.016304347826086956
0 0.3967391304347826 0.15285326086956522 0.042798913043478264 0.015625
0 0.5033967391304348 0.171875 0.04483695652173913 0.016304347826086956
0 0.1644021739130435 0.14198369565217392 0.04076086956521739 0.015625
0 0.21535326086956522 0.09986413043478261 0.027853260869565216 0.010190217391304348
0 0.25203804347826086 0.10190217391304347 0.027853260869565216 0.010869565217391304
0 0.8804347826086957 0.014945652173913044 0.028532608695652172 0.010869565217391304
0 0.6358695652173914 0.08763586956521739 0.03872282608695652 0.014266304347826086