0 0.9789402173913043 0.7072010869565217 0.042119565217391304 0.15081521739130435
0 0.046875 0.44089673913043476 0.03328804347826087 0.03872282608695652
0 0.48777173913043476 0.44021739130434784 0.051630434782608696 0.04551630434782609
0 0.9035326086956522 0.37092391304347827 0.02717391304347826 0.02377717391304348
0 0.8817934782608695 0.3797554347826087 0.026494565217391304 0.03125
0 0.3641304347826087 0.36616847826086957 0.02377717391304348 0.022418478260869564
0 0.11345108695652174 0.36684782608695654 0.051630434782608696 0.042798913043478264
0 0.10122282608695653 0.40964673913043476 0.043478260869565216 0.04891304347826087
0 0.046875 0.39402173913043476 0.03736413043478261 0.029891304347826088
0 0.008152173913043478 0.39334239130434784 0.015625 0.03328804347826087
0 0.23573369565217392 0.40896739130434784 0.02377717391304348 0.02717391304347826
0 0.34714673913043476 0.765625 0.11345108695652174 0.07608695652173914
0 0.43546195652173914 0.6963315217391305 0.12839673913043478 0.08627717391304347
0 0.08152173913043478 0.46195652173913043 0.06182065217391304 0.041440217391304345
0 0.24048913043478262 0.4626358695652174 0.05502717391304348 0.036684782608695655
0 0.3607336956521739 0.44429347826086957 0.052309782608695655 0.035326086956521736
0 0.6963315217391305 0.453125 0.06997282608695653 0.046875
0 0.9211956521739131 0.4001358695652174 0.046875 0.03192934782608696
0 0.8729619565217391 0.4116847826086957 0.05298913043478261 0.035326086956521736
0 0.8546195652173914 0.3763586956521739 0.03260869565217391 0.021739130434782608
0 0.7819293478260869 0.4001358695652174 0.04823369565217391 0.03192934782608696
0 0.7425271739130435 0.3919836956521739 0.042798913043478264 0.028532608695652172
0 0.6623641304347826 0.43953804347826086 0.06385869565217392 0.043478260869565216
0 0.9429347826086957 0.3688858695652174 0.026494565217391304 0.017663043478260868
0 0.9789402173913043 0.35597826086956524 0.008831521739130434 0.006114130434782609
0 0.9904891304347826 0.4001358695652174 0.019021739130434784 0.03192934782608696
0 0.9864130434782609 0.33220108695652173 0.02717391304347826 0.020380434782608696
0 0.9755434782608695 0.33627717391304346 0.03125 0.020380434782608696
0 0.9565217391304348 0.33152173913043476 0.03125 0.021059782608695652
0 0.9504076086956522 0.344429347826087 0.030570652173913044 0.021059782608695652
0 0.890625 0.35258152173913043 0.014945652173913044 0.010190217391304348
0 0.5224184782608695 0.375 0.036684782608695655 0.024456521739130436
0 0.46671195652173914 0.374320652173913 0.03872282608695652 0.026494565217391304
0 0.49728260869565216 0.36820652173913043 0.03328804347826087 0.022418478260869564
0 0.436820652173913 0.39402173913043476 0.043478260869565216 0.029211956521739132
0 0.4008152173913043 0.39470108695652173 0.042798913043478264 0.028532608695652172
0 0.4048913043478261 0.37092391304347827 0.03872282608695652 0.026494565217391304
0 0.4048913043478261 0.35122282608695654 0.033967391304347824 0.02309782608695652
0 0.374320652173913 0.37296195652173914 0.03940217391304348 0.026494565217391304
0 0.3220108695652174 0.3763586956521739 0.03940217391304348 0.02717391304347826
0 0.30434782608695654 0.38247282608695654 0.04008152173913043 0.02717391304347826
0 0.2418478260869565 0.36820652173913043 0.03736413043478261 0.025135869565217392
0 0.21671195652173914 0.3763586956521739 0.042119565217391304 0.027853260869565216
0 0.20923913043478262 0.389945652173913 0.043478260869565216 0.029211956521739132
0 0.20923913043478262 0.41304347826086957 0.04619565217391304 0.03125
0 0.16779891304347827 0.38315217391304346 0.042798913043478264 0.028532608695652172
0 0.002717391304347826 0.41508152173913043 0.005434782608695652 0.034646739130434784
0 0.15489130434782608 0.359375 0.04008152173913043 0.02717391304347826
0 0.171875 0.35733695652173914 0.04008152173913043 0.02717391304347826
0 0.18410326086956522 0.37703804347826086 0.042119565217391304 0.028532608695652172
0 0.9748641304347826 0.40421195652173914 0.04891304347826087 0.03260869565217391
0 0.16576086956521738 0.36684782608695654 0.04076086956521739 0.02717391304347826
0 0.3029891304347826 0.3580163043478261 0.036005434782608696 0.02377717391304348
0 0.36277173913043476 0.3539402173913043 0.034646739130434784 0.02309782608695652
0 0.41983695652173914 0.35258152173913043 0.033967391304347824 0.02309782608695652
0 0.37092391304347827 0.34375 0.03260869565217391 0.021739130434782608
0 0.31589673913043476 0.40896739130434784 0.04619565217391304 0.03125
0 0.9123641304347826 0.27853260869565216 0.03125 0.021059782608695652