0 0.29347826086956524 0.6134510869565217 0.07948369565217392 0.07744565217391304
0 0.9938858695652174 0.4123641304347826 0.01154891304347826 0.0625
0 0.37228260869565216 0.18885869565217392 0.06861413043478261 0.06046195652173913
0 0.673233695652174 0.6005434782608695 0.07744565217391304 0.07744565217391304
0 0.4748641304347826 0.08831521739130435 0.06114130434782609 0.05638586956521739
0 0.6182065217391305 0.16508152173913043 0.058423913043478264 0.06046195652173913
0 0.6222826086956522 0.311820652173913 0.07472826086956522 0.06589673913043478
0 0.5529891304347826 0.11345108695652174 0.07336956521739131 0.05366847826086957
0 0.47214673913043476 0.24320652173913043 0.07472826086956522 0.06725543478260869
0 0.9918478260869565 0.2642663043478261 0.015625 0.0625
0 0.5489130434782609 0.2703804347826087 0.06997282608695653 0.06997282608695653
0 0.748641304347826 0.4436141304347826 0.07676630434782608 0.07269021739130435
0 0.8192934782608695 0.27785326086956524 0.07133152173913043 0.06997282608695653
0 0.5692934782608695 0.026494565217391304 0.057744565217391304 0.052309782608695655
0 0.3607336956521739 0.03192934782608696 0.057744565217391304 0.058423913043478264
0 0.8478260869565217 0.1766304347826087 0.06317934782608696 0.06182065217391304
0 0.9667119565217391 0.23369565217391305 0.06657608695652174 0.06793478260869565
0 0.7228260869565217 0.21942934782608695 0.06997282608695653 0.06589673913043478
0 0.41983695652173914 0.050951086956521736 0.058423913043478264 0.050271739130434784
0 0.766983695652174 0.25339673913043476 0.06521739130434782 0.059103260869565216
0 0.7758152173913043 0.13790760869565216 0.057744565217391304 0.058423913043478264
0 0.6487771739130435 0.057744565217391304 0.059782608695652176 0.05638586956521739
0 0.8675271739130435 0.32133152173913043 0.06521739130434782 0.06521739130434782
0 0.7391304347826086 0.11413043478260869 0.06114130434782609 0.058423913043478264
0 0.30910326086956524 0.008831521739130434 0.06114130434782609 0.017663043478260868
0 0.9184782608695652 0.18138586956521738 0.06114130434782609 0.05638586956521739
0 0.07540760869565218 0.9612771739130435 0.08423913043478261 0.05570652173913043
0 0.9918478260869565 0.042798913043478264 0.015625 0.050951086956521736
0 0.9456521739130435 0.029891304347826088 0.06725543478260869 0.050271739130434784
0 0.8682065217391305 0.01970108695652174 0.06657608695652174 0.03872282608695652
0 0.8485054347826086 0.014266304347826086 0.06589673913043478 0.028532608695652172
0 0.8220108695652174 0.014266304347826086 0.0625 0.027853260869565216
0 0.7615489130434783 0.012907608695652174 0.0625 0.025815217391304348
0 0.7085597826086957 0.08967391304347826 0.06725543478260869 0.050951086956521736
0 0.7411684782608695 0.17730978260869565 0.07065217391304347 0.052309782608695655
0 0.5251358695652174 0.12364130434782608 0.07065217391304347 0.05298913043478261
0 0.234375 0.03328804347826087 0.06182065217391304 0.04619565217391304
0 0.18478260869565216 0.021739130434782608 0.06114130434782609 0.043478260869565216
0 0.16032608695652173 0.018342391304347828 0.059782608695652176 0.036005434782608696
0 0.12907608695652173 0.020380434782608696 0.059782608695652176 0.04076086956521739
0 0.06861413043478261 0.016983695652173912 0.059103260869565216 0.033967391304347824
0 0.028532608695652172 0.018342391304347828 0.05638586956521739 0.036005434782608696
0 0.020380434782608696 0.03872282608695652 0.04076086956521739 0.046875