0 0.09782608695652174 0.31521739130434784 0.042119565217391304 0.02309782608695652
0 0.8016304347826086 0.29415760869565216 0.03804347826086957 0.021059782608695652
0 0.16915760869565216 0.18817934782608695 0.03804347826086957 0.01970108695652174
0 0.23301630434782608 0.18885869565217392 0.03804347826086957 0.021739130434782608
0 0.15489130434782608 0.1487771739130435 0.03804347826086957 0.01970108695652174
0 0.03736413043478261 0.1487771739130435 0.03940217391304348 0.01970108695652174
0 0.03804347826086957 0.11888586956521739 0.03940217391304348 0.020380434782608696
0 0.32065217391304346 0.14470108695652173 0.043478260869565216 0.021739130434782608
0 0.21739130434782608 0.14673913043478262 0.03736413043478261 0.018342391304347828
0 0.16779891304347827 0.09307065217391304 0.034646739130434784 0.018342391304347828
0 0.08423913043478261 0.09171195652173914 0.03328804347826087 0.017663043478260868
0 0.041440217391304345 0.04483695652173913 0.03192934782608696 0.017663043478260868
0 0.140625 0.04891304347826087 0.03736413043478261 0.015625
0 0.15828804347826086 0.006793478260869565 0.034646739130434784 0.012907608695652174
0 0.2425271739130435 0.007472826086956522 0.029891304347826088 0.014945652173913044
0 0.30095108695652173 0.007472826086956522 0.034646739130434784 0.014945652173913044
0 0.31453804347826086 0.033967391304347824 0.03804347826086957 0.01970108695652174
0 0.390625 0.034646739130434784 0.03804347826086957 0.017663043478260868
0 0.42391304347826086 0.019021739130434784 0.03192934782608696 0.012228260869565218
0 0.33152173913043476 0.09375 0.03804347826086957 0.021739130434782608
0 0.22282608695652173 0.09986413043478261 0.03804347826086957 0.018342391304347828
0 0.405570652173913 0.07948369565217392 0.03736413043478261 0.018342391304347828
0 0.48709239130434784 0.08559782608695653 0.03328804347826087 0.017663043478260868
0 0.48845108695652173 0.03804347826086957 0.034646739130434784 0.014266304347826086
0 0.5441576086956522 0.021739130434782608 0.029891304347826088 0.015625
0 0.6351902173913043 0.027853260869565216 0.029891304347826088 0.015625
0 0.6480978260869565 0.046875 0.02377717391304348 0.015625
0 0.673233695652174 0.007472826086956522 0.029891304347826088 0.014266304347826086
0 0.5346467391304348 0.004755434782608696 0.01970108695652174 0.009510869565217392
0 0.7398097826086957 0.02717391304347826 0.029891304347826088 0.015625
0 0.7690217391304348 0.06589673913043478 0.028532608695652172 0.014266304347826086
0 0.9252717391304348 0.008152173913043478 0.029891304347826088 0.010190217391304348
0 0.9721467391304348 0.007472826086956522 0.024456521739130436 0.01358695652173913
0 0.9741847826086957 0.1331521739130435 0.03328804347826087 0.015625
0 0.9456521739130435 0.11684782608695653 0.03328804347826087 0.015625
0 0.8682065217391305 0.1297554347826087 0.029891304347826088 0.015625
0 0.828125 0.10597826086956522 0.03192934782608696 0.01358695652173913
0 0.6956521739130435 0.12432065217391304 0.034646739130434784 0.015625
0 0.7445652173913043 0.11005434782608696 0.028532608695652172 0.015625
0 0.6582880434782609 0.10054347826086957 0.029891304347826088 0.01970108695652174
0 0.9171195652173914 0.595108695652174 0.16576086956521738 0.08423913043478261
0 0.05298913043478261 0.18478260869565216 0.044157608695652176 0.018342391304347828
0 0.09239130434782608 0.07133152173913043 0.03804347826086957 0.015625
0 0.034646739130434784 0.005434782608695652 0.033967391304347824 0.010869565217391304
0 0.23980978260869565 0.08491847826086957 0.04076086956521739 0.016983695652173912
0 0.35122282608695654 0.07948369565217392 0.04076086956521739 0.016983695652173912
0 0.516983695652174 0.030570652173913044 0.03192934782608696 0.01358695652173913
0 0.4585597826086957 0.0033967391304347825 0.028532608695652172 0.006114130434782609
0 0.41779891304347827 0.004755434782608696 0.030570652173913044 0.009510869565217392
0 0.374320652173913 0.0033967391304347825 0.029891304347826088 0.006793478260869565
0 0.5978260869565217 0.04823369565217391 0.03328804347826087 0.01358695652173913
0 0.6908967391304348 0.033967391304347824 0.03192934782608696 0.01358695652173913
0 0.6256793478260869 0.009510869565217392 0.029891304347826088 0.012228260869565218
0 0.5706521739130435 0.002717391304347826 0.029891304347826088 0.005434782608695652
0 0.7139945652173914 0.05570652173913043 0.03328804347826087 0.01358695652173913
0 0.8953804347826086 0.059782608695652176 0.030570652173913044 0.01358695652173913
0 0.8036684782608695 0.004076086956521739 0.029891304347826088 0.007472826086956522
0 0.8879076086956522 0.0033967391304347825 0.029891304347826088 0.006114130434782609
0 0.766983695652174 0.12771739130434784 0.034646739130434784 0.014266304347826086
0 0.6311141304347826 0.1297554347826087 0.034646739130434784 0.014266304347826086
0 0.6317934782608695 0.11616847826086957 0.034646739130434784 0.014945652173913044
0 0.7676630434782609 0.22146739130434784 0.03940217391304348 0.016304347826086956