0 0.5074728260869565 0.6800271739130435 0.03872282608695652 0.03804347826086957
0 0.7778532608695652 0.7785326086956522 0.04891304347826087 0.04076086956521739
0 0.44021739130434784 0.5 0.03260869565217391 0.027853260869565216
0 0.15285326086956522 0.5230978260869565 0.04008152173913043 0.033967391304347824
0 0.04008152173913043 0.3451086956521739 0.028532608695652172 0.02377717391304348
0 0.18682065217391305 0.22758152173913043 0.014945652173913044 0.01358695652173913
0 0.2982336956521739 0.2547554347826087 0.016983695652173912 0.014945652173913044
0 0.421195652173913 0.28328804347826086 0.017663043478260868 0.015625
0 0.545516304347826 0.31521739130434784 0.020380434782608696 0.016983695652173912
0 0.39402173913043476 0.22214673913043478 0.012228260869565218 0.01154891304347826
0 0.5 0.24864130434782608 0.012228260869565218 0.012228260869565218
0 0.5570652173913043 0.22282608695652173 0.01358695652173913 0.010869565217391304
0 0.6440217391304348 0.27241847826086957 0.014945652173913044 0.01358695652173913
0 0.657608695652174 0.2452445652173913 0.01358695652173913 0.01154891304347826
0 0.7391304347826086 0.3546195652173913 0.019021739130434784 0.017663043478260868
0 0.9497282608695652 0.35190217391304346 0.015625 0.016304347826086956
0 0.9993206521739131 0.18817934782608695 0.0006793478260869565 0.008152173913043478
0 0.9952445652173914 0.19429347826086957 0.008831521739130434 0.007472826086956522
0 0.9870923913043478 0.19904891304347827 0.008831521739130434 0.007472826086956522
0 0.9646739130434783 0.19361413043478262 0.008831521739130434 0.008152173913043478
0 0.9789402173913043 0.1875 0.008831521739130434 0.007472826086956522
0 0.9442934782608695 0.18682065217391305 0.008152173913043478 0.007472826086956522
0 0.9354619565217391 0.1827445652173913 0.008152173913043478 0.007472826086956522
0 0.9042119565217391 0.18138586956521738 0.008152173913043478 0.006793478260869565
0 0.8831521739130435 0.18070652173913043 0.008152173913043478 0.006114130434782609
0 0.8702445652173914 0.17730978260869565 0.007472826086956522 0.006114130434782609
0 0.8471467391304348 0.18070652173913043 0.008831521739130434 0.007472826086956522
0 0.7099184782608695 0.6052989130434783 0.042798913043478264 0.027853260869565216
0 0.985733695652174 0.5747282608695652 0.028532608695652172 0.02717391304347826
0 0.9823369565217391 0.44633152173913043 0.025135869565217392 0.016983695652173912
0 0.6949728260869565 0.48641304347826086 0.036005434782608696 0.02377717391304348
0 0.1949728260869565 0.4048913043478261 0.033967391304347824 0.022418478260869564
0 0.042119565217391304 0.27853260869565216 0.021739130434782608 0.014266304347826086
0 0.15964673913043478 0.30978260869565216 0.026494565217391304 0.017663043478260868
0 0.3077445652173913 0.3580163043478261 0.028532608695652172 0.019021739130434784
0 0.46535326086956524 0.39470108695652173 0.029891304347826088 0.01970108695652174
0 0.6752717391304348 0.21603260869565216 0.01358695652173913 0.008831521739130434
0 0.7839673913043478 0.3077445652173913 0.019021739130434784 0.012228260869565218
0 0.7921195652173914 0.26970108695652173 0.017663043478260868 0.01154891304347826
0 0.8125 0.2452445652173913 0.014945652173913044 0.010190217391304348
0 0.8206521739130435 0.2235054347826087 0.01358695652173913 0.008831521739130434
0 0.9300271739130435 0.24592391304347827 0.012907608695652174 0.008831521739130434
0 0.9211956521739131 0.2710597826086957 0.015625 0.010869565217391304
0 0.9884510869565217 0.18682065217391305 0.009510869565217392 0.006114130434782609
0 0.9979619565217391 0.18206521739130435 0.004076086956521739 0.006114130434782609
0 0.9884510869565217 0.17866847826086957 0.009510869565217392 0.006114130434782609
0 0.9809782608695652 0.1800271739130435 0.009510869565217392 0.006793478260869565
0 0.9667119565217391 0.1827445652173913 0.009510869565217392 0.006793478260869565
0 0.9721467391304348 0.18070652173913043 0.009510869565217392 0.006114130434782609
0 0.9626358695652174 0.17798913043478262 0.009510869565217392 0.006114130434782609
0 0.9578804347826086 0.18138586956521738 0.009510869565217392 0.006114130434782609
0 0.9538043478260869 0.1793478260869565 0.008831521739130434 0.006114130434782609
0 0.953125 0.1827445652173913 0.009510869565217392 0.006114130434782609
0 0.9510869565217391 0.18206521739130435 0.009510869565217392 0.006114130434782609
0 0.9279891304347826 0.18546195652173914 0.008831521739130434 0.006114130434782609
0 0.9368206521739131 0.17866847826086957 0.008831521739130434 0.006114130434782609
0 0.9300271739130435 0.17866847826086957 0.008152173913043478 0.005434782608695652
0 0.9157608695652174 0.18206521739130435 0.008831521739130434 0.006114130434782609
0 0.9144021739130435 0.1793478260869565 0.008831521739130434 0.006114130434782609
0 0.8987771739130435 0.17866847826086957 0.008152173913043478 0.006114130434782609
0 0.8858695652173914 0.1800271739130435 0.008831521739130434 0.006114130434782609
0 0.9605978260869565 0.10801630434782608 0.008831521739130434 0.006114130434782609
0 0.9476902173913043 0.10733695652173914 0.002717391304347826 0.001358695652173913
0 0.921875 0.10326086956521739 0.002717391304347826 0.0020380434782608695
0 0.7758152173913043 0.12432065217391304 0.005434782608695652 0.0033967391304347825
0 0.7995923913043478 0.12092391304347826 0.004755434782608696 0.0033967391304347825
0 0.8648097826086957 0.09986413043478261 0.0020380434782608695 0.001358695652173913
0 0.8770380434782609 0.09918478260869565 0.001358695652173913 0.001358695652173913
0 0.8865489130434783 0.09850543478260869 0.001358695652173913 0.001358695652173913
0 0.8933423913043478 0.09782608695652174 0.001358695652173913 0.0006793478260869565
0 0.9021739130434783 0.09918478260869565 0.0020380434782608695 0.0006793478260869565
0 0.05638586956521739 0.03804347826086957 0.017663043478260868 0.012228260869565218
0 0.046875 0.03736413043478261 0.017663043478260868 0.01154891304347826
0 0.41983695652173914 0.059782608695652176 0.012228260869565218 0.008152173913043478