0 0.24048913043478262 0.8199728260869565 0.09986413043478261 0.08695652173913043
0 0.327445652173913 0.8885869565217391 0.06657608695652174 0.08559782608695653
0 0.45516304347826086 0.876358695652174 0.09646739130434782 0.09375
0 0.2235054347826087 0.71875 0.08220108695652174 0.07201086956521739
0 0.328125 0.7819293478260869 0.044157608695652176 0.06114130434782609
0 0.8586956521739131 0.5808423913043478 0.029211956521739132 0.025135869565217392
0 0.8410326086956522 0.5543478260869565 0.035326086956521736 0.03328804347826087
0 0.8865489130434783 0.6637228260869565 0.02717391304347826 0.03192934782608696
0 0.12771739130434784 0.6358695652173914 0.03872282608695652 0.03940217391304348
0 0.018342391304347828 0.46127717391304346 0.020380434782608696 0.014945652173913044
0 0.22418478260869565 0.47078804347826086 0.020380434782608696 0.017663043478260868
0 0.13654891304347827 0.4273097826086957 0.016304347826086956 0.015625
0 0.3125 0.5054347826086957 0.017663043478260868 0.020380434782608696
0 0.06861413043478261 0.5828804347826086 0.024456521739130436 0.025815217391304348
0 0.40285326086956524 0.48709239130434784 0.021739130434782608 0.01970108695652174
0 0.2269021739130435 0.5917119565217391 0.025815217391304348 0.02377717391304348
0 0.24116847826086957 0.5591032608695652 0.01970108695652174 0.02309782608695652
0 0.15013586956521738 0.5529891304347826 0.017663043478260868 0.017663043478260868
0 0.18070652173913043 0.5706521739130435 0.02309782608695652 0.020380434782608696
0 0.7092391304347826 0.6895380434782609 0.057744565217391304 0.05502717391304348
0 0.6433423913043478 0.5543478260869565 0.02377717391304348 0.021059782608695652
0 0.5414402173913043 0.5577445652173914 0.02377717391304348 0.02377717391304348
0 0.5074728260869565 0.5523097826086957 0.024456521739130436 0.020380434782608696
0 0.5251358695652174 0.5842391304347826 0.025815217391304348 0.026494565217391304
0 0.6052989130434783 0.5672554347826086 0.02377717391304348 0.02309782608695652
0 0.5543478260869565 0.6086956521739131 0.025815217391304348 0.02717391304347826
0 0.4945652173913043 0.501358695652174 0.01970108695652174 0.017663043478260868
0 0.6637228260869565 0.5516304347826086 0.02377717391304348 0.02309782608695652
0 0.65625 0.27717391304347827 0.016983695652173912 0.016304347826086956
0 0.5570652173913043 0.29279891304347827 0.017663043478260868 0.015625
0 0.6073369565217391 0.281929347826087 0.016304347826086956 0.014266304347826086
0 0.6182065217391305 0.296875 0.01358695652173913 0.01358695652173913
0 0.6175271739130435 0.2758152173913043 0.016304347826086956 0.014266304347826086
0 0.6365489130434783 0.29279891304347827 0.01358695652173913 0.012907608695652174
0 0.8036684782608695 0.281929347826087 0.01154891304347826 0.009510869565217392
0 0.8947010869565217 0.29008152173913043 0.010869565217391304 0.009510869565217392
0 0.9116847826086957 0.3016304347826087 0.010869565217391304 0.009510869565217392
0 0.8913043478260869 0.30978260869565216 0.012907608695652174 0.01154891304347826
0 0.9463315217391305 0.30502717391304346 0.01154891304347826 0.010190217391304348
0 0.9408967391304348 0.311820652173913 0.012907608695652174 0.01154891304347826
0 0.9769021739130435 0.3016304347826087 0.010869565217391304 0.010869565217391304
0 0.9667119565217391 0.30910326086956524 0.008831521739130434 0.010190217391304348
0 0.9619565217391305 0.313179347826087 0.01154891304347826 0.01154891304347826
0 0.782608695652174 0.31589673913043476 0.012907608695652174 0.01154891304347826
0 0.7832880434782609 0.3063858695652174 0.01154891304347826 0.010869565217391304
0 0.7411684782608695 0.3125 0.012907608695652174 0.012228260869565218
0 0.733016304347826 0.3220108695652174 0.012907608695652174 0.01154891304347826
0 0.8057065217391305 0.31997282608695654 0.01154891304347826 0.01154891304347826
0 0.7697010869565217 0.3233695652173913 0.010190217391304348 0.009510869565217392
0 0.8505434782608695 0.30095108695652173 0.012907608695652174 0.01154891304347826
0 0.8654891304347826 0.3138586956521739 0.010869565217391304 0.010190217391304348
0 0.998641304347826 0.43002717391304346 0.0020380434782608695 0.012907608695652174
0 0.9110054347826086 0.4476902173913043 0.022418478260869564 0.021059782608695652
0 0.8322010869565217 0.45720108695652173 0.021739130434782608 0.021059782608695652
0 0.6800271739130435 0.4517663043478261 0.018342391304347828 0.015625
0 0.6942934782608695 0.4320652173913043 0.018342391304347828 0.019021739130434784
0 0.7235054347826086 0.45040760869565216 0.022418478260869564 0.020380434782608696
0 0.8376358695652174 0.31657608695652173 0.012907608695652174 0.010869565217391304
0 0.7717391304347826 0.33016304347826086 0.01154891304347826 0.01154891304347826
0 0.8002717391304348 0.3342391304347826 0.01154891304347826 0.01154891304347826
0 0.813858695652174 0.3328804347826087 0.012907608695652174 0.01154891304347826
0 0.8206521739130435 0.34103260869565216 0.01154891304347826 0.01154891304347826
0 0.8199728260869565 0.3491847826086957 0.01358695652173913 0.012907608695652174
0 0.8362771739130435 0.3498641304347826 0.014945652173913044 0.012228260869565218
0 0.8342391304347826 0.359375 0.01358695652173913 0.01358695652173913
0 0.8213315217391305 0.36141304347826086 0.012907608695652174 0.01154891304347826
0 0.7860054347826086 0.37092391304347827 0.015625 0.014266304347826086
0 0.7561141304347826 0.3654891304347826 0.012907608695652174 0.01358695652173913
0 0.75 0.36752717391304346 0.012907608695652174 0.01154891304347826
0 0.734375 0.37092391304347827 0.010190217391304348 0.009510869565217392
0 0.7248641304347826 0.33967391304347827 0.010869565217391304 0.01154891304347826
0 0.7425271739130435 0.3294836956521739 0.010869565217391304 0.010869565217391304
0 0.7574728260869565 0.3383152173913043 0.010869565217391304 0.010190217391304348
0 0.7819293478260869 0.34646739130434784 0.010869565217391304 0.012228260869565218
0 0.8491847826086957 0.3383152173913043 0.014945652173913044 0.01358695652173913
0 0.873641304347826 0.33084239130434784 0.012907608695652174 0.012228260869565218
0 0.8960597826086957 0.3342391304347826 0.01358695652173913 0.012228260869565218
0 0.8947010869565217 0.3451086956521739 0.01358695652173913 0.012228260869565218
0 0.9442934782608695 0.3532608695652174 0.017663043478260868 0.014945652173913044
0 0.9191576086956522 0.328804347826087 0.01358695652173913 0.012907608695652174
0 0.6963315217391305 0.328804347826087 0.012907608695652174 0.01154891304347826
0 0.701766304347826 0.36684782608695654 0.010869565217391304 0.01154891304347826
0 0.7139945652173914 0.3967391304347826 0.016983695652173912 0.016304347826086956
0 0.7058423913043478 0.4048913043478261 0.016983695652173912 0.01358695652173913
0 0.6644021739130435 0.41915760869565216 0.017663043478260868 0.016983695652173912
0 0.6610054347826086 0.40421195652173914 0.014945652173913044 0.01358695652173913
0 0.6779891304347826 0.3953804347826087 0.015625 0.014266304347826086
0 0.6331521739130435 0.41779891304347827 0.017663043478260868 0.015625
0 0.6032608695652174 0.40964673913043476 0.015625 0.015625
0 0.6025815217391305 0.4273097826086957 0.015625 0.014945652173913044
0 0.5930706521739131 0.43546195652173914 0.014945652173913044 0.014945652173913044
0 0.8831521739130435 0.4375 0.01970108695652174 0.017663043478260868
0 0.7710597826086957 0.35665760869565216 0.012907608695652174 0.01154891304347826
0 0.798233695652174 0.359375 0.01154891304347826 0.012228260869565218
0 0.5665760869565217 0.41304347826086957 0.016304347826086956 0.016983695652173912
0 0.578125 0.41983695652173914 0.016983695652173912 0.017663043478260868
0 0.5815217391304348 0.41032608695652173 0.016304347826086956 0.015625
0 0.6637228260869565 0.5380434782608695 0.018342391304347828 0.016983695652173912
0 0.7567934782608695 0.5930706521739131 0.025815217391304348 0.024456521739130436
0 0.671875 0.5740489130434783 0.01970108695652174 0.022418478260869564
0 0.9286684782608695 0.49796195652173914 0.020380434782608696 0.020380434782608696
0 0.47146739130434784 0.5672554347826086 0.020380434782608696 0.021059782608695652
0 0.983016304347826 0.452445652173913 0.022418478260869564 0.021059782608695652
0 0.733016304347826 0.8498641304347826 0.09239130434782608 0.06793478260869565
0 0.2595108695652174 0.7744565217391305 0.08288043478260869 0.06114130434782609
0 0.19361413043478262 0.7663043478260869 0.07948369565217392 0.057744565217391304
0 0.4673913043478261 0.779891304347826 0.08423913043478261 0.06114130434782609
0 0.42459239130434784 0.8029891304347826 0.08831521739130435 0.06453804347826086
0 0.5862771739130435 0.764266304347826 0.07948369565217392 0.057744565217391304
0 0.5686141304347826 0.7241847826086957 0.06929347826086957 0.050271739130434784
0 0.38722826086956524 0.7411684782608695 0.07676630434782608 0.05570652173913043
0 0.9592391304347826 0.84375 0.08084239130434782 0.06997282608695653
0 0.8675271739130435 0.7282608695652174 0.052309782608695655 0.03872282608695652
0 0.8987771739130435 0.7581521739130435 0.05570652173913043 0.04076086956521739
0 0.9089673913043478 0.7866847826086957 0.058423913043478264 0.042798913043478264
0 0.7608695652173914 0.7819293478260869 0.06657608695652174 0.04891304347826087
0 0.9911684782608695 0.5679347826086957 0.017663043478260868 0.02309782608695652
0 0.9959239130434783 0.6773097826086957 0.008152173913043478 0.025815217391304348
0 0.9891304347826086 0.717391304347826 0.021059782608695652 0.03736413043478261
0 0.9966032608695652 0.5074728260869565 0.006793478260869565 0.019021739130434784
0 0.9932065217391305 0.5346467391304348 0.01358695652173913 0.02309782608695652
0 0.953125 0.5706521739130435 0.03125 0.02309782608695652
0 0.9565217391304348 0.5991847826086957 0.03192934782608696 0.02377717391304348
0 0.9266304347826086 0.579483695652174 0.03192934782608696 0.02309782608695652
0 0.9456521739130435 0.657608695652174 0.04483695652173913 0.03328804347826087
0 0.9796195652173914 0.6610054347826086 0.04076086956521739 0.033967391304347824
0 0.9429347826086957 0.703125 0.049592391304347824 0.036005434782608696
0 0.311820652173913 0.7024456521739131 0.06997282608695653 0.051630434782608696
0 0.09510869565217392 0.7296195652173914 0.07676630434782608 0.05570652173913043
0 0.07948369565217392 0.6841032608695652 0.07201086956521739 0.052309782608695655
0 0.12635869565217392 0.6997282608695652 0.07608695652173914 0.05570652173913043
0 0.15081521739130435 0.6711956521739131 0.057065217391304345 0.041440217391304345
0 0.059103260869565216 0.47622282608695654 0.021059782608695652 0.015625
0 0.16032608695652173 0.46059782608695654 0.020380434782608696 0.014945652173913044
0 0.024456521739130436 0.4741847826086957 0.01970108695652174 0.014266304347826086
0 0.02717391304347826 0.5448369565217391 0.02717391304347826 0.020380434782608696
0 0.06997282608695653 0.5441576086956522 0.02717391304347826 0.01970108695652174
0 0.07880434782608696 0.5339673913043478 0.026494565217391304 0.019021739130434784
0 0.049592391304347824 0.5434782608695652 0.02717391304347826 0.020380434782608696
0 0.021059782608695652 0.5237771739130435 0.025815217391304348 0.019021739130434784
0 0.07744565217391304 0.595108695652174 0.03328804347826087 0.02377717391304348
0 0.09035326086956522 0.6086956521739131 0.04823369565217391 0.035326086956521736
0 0.030570652173913044 0.5597826086956522 0.029211956521739132 0.021059782608695652
0 0.09307065217391304 0.5788043478260869 0.030570652173913044 0.022418478260869564
0 0.39945652173913043 0.5006793478260869 0.02309782608695652 0.016983695652173912
0 0.36616847826086957 0.501358695652174 0.02309782608695652 0.016983695652173912
0 0.3648097826086957 0.563858695652174 0.026494565217391304 0.01970108695652174
0 0.4008152173913043 0.5699728260869565 0.02717391304347826 0.020380434782608696
0 0.2873641304347826 0.5407608695652174 0.02377717391304348 0.017663043478260868
0 0.27717391304347827 0.5305706521739131 0.02377717391304348 0.017663043478260868
0 0.25271739130434784 0.5217391304347826 0.02309782608695652 0.016983695652173912
0 0.281929347826087 0.5122282608695652 0.02309782608695652 0.016983695652173912
0 0.43546195652173914 0.5625 0.02717391304347826 0.020380434782608696
0 0.23097826086956522 0.6317934782608695 0.05570652173913043 0.04076086956521739
0 0.264945652173913 0.6447010869565217 0.052309782608695655 0.03804347826086957
0 0.4470108695652174 0.6311141304347826 0.03125 0.02309782608695652
0 0.35258152173913043 0.6711956521739131 0.057744565217391304 0.042119565217391304
0 0.1949728260869565 0.6671195652173914 0.05570652173913043 0.041440217391304345
0 0.22554347826086957 0.5774456521739131 0.030570652173913044 0.022418478260869564
0 0.24796195652173914 0.6032608695652174 0.04551630434782609 0.03328804347826087
0 0.3763586956521739 0.6970108695652174 0.06929347826086957 0.050271739130434784
0 0.6487771739130435 0.6963315217391305 0.0625 0.04551630434782609
0 0.4830163043478261 0.5529891304347826 0.026494565217391304 0.01970108695652174
0 0.47622282608695654 0.5380434782608695 0.025815217391304348 0.019021739130434784
0 0.5088315217391305 0.6005434782608695 0.030570652173913044 0.021739130434782608
0 0.47622282608695654 0.5910326086956522 0.029211956521739132 0.021059782608695652
0 0.501358695652174 0.579483695652174 0.028532608695652172 0.020380434782608696
0 0.5305706521739131 0.59375 0.029211956521739132 0.021739130434782608
0 0.5400815217391305 0.5862771739130435 0.029211956521739132 0.021059782608695652
0 0.5543478260869565 0.5876358695652174 0.029211956521739132 0.021059782608695652
0 0.6202445652173914 0.6046195652173914 0.030570652173913044 0.022418478260869564
0 0.5373641304347826 0.5353260869565217 0.024456521739130436 0.017663043478260868
0 0.5339673913043478 0.6256793478260869 0.03125 0.02309782608695652
0 0.2982336956521739 0.5869565217391305 0.025815217391304348 0.019021739130434784
0 0.250679347826087 0.5584239130434783 0.027853260869565216 0.021059782608695652
0 0.5577445652173914 0.28125 0.017663043478260868 0.012228260869565218
0 0.6025815217391305 0.30027173913043476 0.016304347826086956 0.012228260869565218
0 0.6379076086956522 0.27921195652173914 0.018342391304347828 0.01358695652173913
0 0.9911684782608695 0.3077445652173913 0.012907608695652174 0.009510869565217392
0 0.9966032608695652 0.31046195652173914 0.006793478260869565 0.009510869565217392
0 0.954483695652174 0.311820652173913 0.012907608695652174 0.009510869565217392
0 0.9273097826086957 0.30366847826086957 0.012907608695652174 0.009510869565217392
0 0.938858695652174 0.296875 0.01154891304347826 0.008152173913043478
0 0.9055706521739131 0.313179347826087 0.01358695652173913 0.010190217391304348
0 0.8220108695652174 0.3029891304347826 0.012907608695652174 0.009510869565217392
0 0.8716032608695652 0.3063858695652174 0.012907608695652174 0.009510869565217392
0 0.9001358695652174 0.3172554347826087 0.01358695652173913 0.010190217391304348
0 0.9184782608695652 0.31046195652173914 0.012907608695652174 0.010190217391304348
0 0.9925271739130435 0.38722826086956524 0.014945652173913044 0.014266304347826086
0 0.8885869565217391 0.4116847826086957 0.021739130434782608 0.015625
0 0.7771739130434783 0.37092391304347827 0.014945652173913044 0.010869565217391304
0 0.7425271739130435 0.36820652173913043 0.014266304347826086 0.010190217391304348
0 0.7934782608695652 0.36684782608695654 0.016304347826086956 0.01154891304347826
0 0.8872282608695652 0.34171195652173914 0.016304347826086956 0.01154891304347826
0 0.8770380434782609 0.34375 0.016304347826086956 0.01154891304347826
0 0.8838315217391305 0.3491847826086957 0.016304347826086956 0.01154891304347826
0 0.923233695652174 0.3233695652173913 0.014266304347826086 0.010869565217391304
0 0.8077445652173914 0.3491847826086957 0.014266304347826086 0.010190217391304348
0 0.7112771739130435 0.33559782608695654 0.012907608695652174 0.009510869565217392
0 0.6929347826086957 0.4171195652173913 0.01970108695652174 0.014266304347826086
0 0.6908967391304348 0.42595108695652173 0.020380434782608696 0.014945652173913044
0 0.6868206521739131 0.3953804347826087 0.016304347826086956 0.012228260869565218
0 0.6813858695652174 0.4116847826086957 0.019021739130434784 0.01358695652173913
0 0.6256793478260869 0.40896739130434784 0.019021739130434784 0.01358695652173913
0 0.6317934782608695 0.40353260869565216 0.017663043478260868 0.012907608695652174
0 0.7479619565217391 0.42391304347826086 0.021059782608695652 0.015625
0 0.7065217391304348 0.33152173913043476 0.012907608695652174 0.009510869565217392
0 0.7995923913043478 0.3695652173913043 0.016304347826086956 0.01154891304347826
0 0.8043478260869565 0.3546195652173913 0.014945652173913044 0.010190217391304348
0 0.4375 0.5230978260869565 0.024456521739130436 0.017663043478260868
0 0.43002717391304346 0.5095108695652174 0.02309782608695652 0.016983695652173912
0 0.43070652173913043 0.5380434782608695 0.025815217391304348 0.018342391304347828
0 0.41915760869565216 0.5278532608695652 0.024456521739130436 0.017663043478260868
0 0.41440217391304346 0.561141304347826 0.02717391304347826 0.020380434782608696
0 0.46059782608695654 0.4782608695652174 0.022418478260869564 0.016304347826086956
0 0.42595108695652173 0.47758152173913043 0.022418478260869564 0.016304347826086956
0 0.5597826086956522 0.4110054347826087 0.01970108695652174 0.014266304347826086
0 0.5889945652173914 0.4014945652173913 0.01970108695652174 0.014945652173913044
0 0.7411684782608695 0.5441576086956522 0.027853260869565216 0.020380434782608696
0 0.7296195652173914 0.5305706521739131 0.02717391304347826 0.01970108695652174
0 0.6990489130434783 0.5183423913043478 0.024456521739130436 0.017663043478260868
0 0.7690217391304348 0.529891304347826 0.027853260869565216 0.021059782608695652
0 0.7683423913043478 0.5135869565217391 0.02717391304347826 0.020380434782608696
0 0.7601902173913043 0.5203804347826086 0.02717391304347826 0.01970108695652174
0 0.8471467391304348 0.5149456521739131 0.029211956521739132 0.021059782608695652
0 0.8036684782608695 0.5251358695652174 0.028532608695652172 0.021059782608695652
0 0.8043478260869565 0.5176630434782609 0.029211956521739132 0.021059782608695652
0 0.8233695652173914 0.595108695652174 0.030570652173913044 0.02309782608695652
0 0.7873641304347826 0.5842391304347826 0.030570652173913044 0.022418478260869564
0 0.7133152173913043 0.5740489130434783 0.029211956521739132 0.021059782608695652
0 0.7608695652173914 0.5760869565217391 0.029211956521739132 0.021059782608695652
0 0.7730978260869565 0.563858695652174 0.029891304347826088 0.021739130434782608
0 0.751358695652174 0.5543478260869565 0.028532608695652172 0.021059782608695652
0 0.7160326086956522 0.5040760869565217 0.02377717391304348 0.016983695652173912
0 0.8254076086956522 0.5720108695652174 0.030570652173913044 0.022418478260869564
0 0.9096467391304348 0.6820652173913043 0.04755434782608696 0.034646739130434784
0 0.907608695652174 0.6331521739130435 0.041440217391304345 0.029891304347826088
0 0.8858695652173914 0.5930706521739131 0.03260869565217391 0.02377717391304348
0 0.7771739130434783 0.640625 0.04483695652173913 0.03328804347826087
0 0.7860054347826086 0.6936141304347826 0.05434782608695652 0.03940217391304348
0 0.14741847826086957 0.592391304347826 0.03192934782608696 0.02377717391304348
0 0.31046195652173914 0.5815217391304348 0.025815217391304348 0.018342391304347828
0 0.34782608695652173 0.5604619565217391 0.025815217391304348 0.018342391304347828
0 0.6908967391304348 0.6059782608695652 0.04076086956521739 0.029891304347826088