0 0.17119565217391305 0.7622282608695652 0.09510869565217392 0.03736413043478261
0 0.546875 0.6032608695652174 0.01970108695652174 0.012228260869565218
0 0.9082880434782609 0.5964673913043478 0.028532608695652172 0.014266304347826086
0 0.9877717391304348 0.5129076086956522 0.01358695652173913 0.005434782608695652
0 0.9952445652173914 0.5706521739130435 0.009510869565217392 0.010869565217391304
0 0.9252717391304348 0.563858695652174 0.018342391304347828 0.009510869565217392
0 0.8614130434782609 0.563858695652174 0.016304347826086956 0.009510869565217392
0 0.7207880434782609 0.5760869565217391 0.01970108695652174 0.010869565217391304
0 0.813858695652174 0.5726902173913043 0.018342391304347828 0.010190217391304348
0 0.8118206521739131 0.5529891304347826 0.016304347826086956 0.008152173913043478
0 0.8933423913043478 0.5529891304347826 0.01358695652173913 0.006793478260869565
0 0.7479619565217391 0.514266304347826 0.01358695652173913 0.007472826086956522
0 0.9898097826086957 0.5407608695652174 0.018342391304347828 0.010190217391304348
0 0.9490489130434783 0.546875 0.014945652173913044 0.006793478260869565
0 0.9347826086956522 0.5591032608695652 0.01970108695652174 0.010190217391304348
0 0.9381793478260869 0.5536684782608695 0.01358695652173913 0.006793478260869565
0 0.9938858695652174 0.5550271739130435 0.012228260869565218 0.008831521739130434
0 0.5842391304347826 0.548233695652174 0.01358695652173913 0.006793478260869565
0 0.5197010869565217 0.5217391304347826 0.01358695652173913 0.006793478260869565
0 0.6127717391304348 0.515625 0.016304347826086956 0.007472826086956522
0 0.48233695652173914 0.5163043478260869 0.016983695652173912 0.008831521739130434
0 0.4701086956521739 0.5203804347826086 0.016983695652173912 0.008152173913043478
0 0.3688858695652174 0.5217391304347826 0.014945652173913044 0.006793478260869565
0 0.3953804347826087 0.5964673913043478 0.022418478260869564 0.012228260869565218
0 0.43546195652173914 0.5964673913043478 0.022418478260869564 0.012228260869565218
0 0.5360054347826086 0.5808423913043478 0.01970108695652174 0.009510869565217392
0 0.23233695652173914 0.5230978260869565 0.014945652173913044 0.008152173913043478
0 0.19701086956521738 0.609375 0.02717391304347826 0.015625
0 0.13926630434782608 0.6066576086956522 0.034646739130434784 0.014945652173913044
0 0.1644021739130435 0.546875 0.018342391304347828 0.010869565217391304
0 0.15217391304347827 0.548233695652174 0.024456521739130436 0.010869565217391304
0 0.15625 0.5699728260869565 0.01970108695652174 0.010869565217391304
0 0.06861413043478261 0.5264945652173914 0.018342391304347828 0.010190217391304348
0 0.021059782608695652 0.5278532608695652 0.02377717391304348 0.012228260869565218
0 0.03804347826086957 0.5197010869565217 0.022418478260869564 0.009510869565217392
0 0.11073369565217392 0.5278532608695652 0.018342391304347828 0.009510869565217392
0 0.1827445652173913 0.5699728260869565 0.018342391304347828 0.010869565217391304
0 0.12228260869565218 0.9572010869565217 0.1331521739130435 0.050271739130434784
0 0.5930706521739131 0.9707880434782609 0.13722826086956522 0.051630434782608696
0 0.9911684782608695 0.9001358695652174 0.016983695652173912 0.05638586956521739
0 0.5244565217391305 0.8756793478260869 0.11956521739130435 0.04483695652173913
0 0.19157608695652173 0.8335597826086957 0.11005434782608696 0.04076086956521739
0 0.984375 0.7690217391304348 0.030570652173913044 0.021059782608695652
0 0.7248641304347826 0.7785326086956522 0.09782608695652174 0.036684782608695655
0 0.4626358695652174 0.8057065217391305 0.10461956521739131 0.03940217391304348
0 0.6222826086956522 0.75 0.09103260869565218 0.033967391304347824
0 0.4375 0.7289402173913043 0.08491847826086957 0.03125
0 0.1487771739130435 0.6922554347826086 0.07269021739130435 0.027853260869565216
0 0.050951086956521736 0.6596467391304348 0.06521739130434782 0.024456521739130436
0 0.23777173913043478 0.6589673913043478 0.03804347826086957 0.014266304347826086
0 0.2669836956521739 0.6922554347826086 0.07404891304347826 0.027853260869565216
0 0.37771739130434784 0.6644021739130435 0.042119565217391304 0.016304347826086956
0 0.4470108695652174 0.6773097826086957 0.044157608695652176 0.016983695652173912
0 0.5801630434782609 0.6725543478260869 0.036005434782608696 0.01358695652173913
0 0.6066576086956522 0.6976902173913043 0.043478260869565216 0.016304347826086956
0 0.7112771739130435 0.6779891304347826 0.03940217391304348 0.014945652173913044
0 0.4361413043478261 0.7010869565217391 0.07676630434782608 0.028532608695652172
0 0.21807065217391305 0.641983695652174 0.036005434782608696 0.01358695652173913
0 0.20448369565217392 0.6283967391304348 0.03328804347826087 0.012907608695652174
0 0.8620923913043478 0.7126358695652174 0.050951086956521736 0.01970108695652174
0 0.8688858695652174 0.6779891304347826 0.046875 0.017663043478260868
0 0.9633152173913043 0.6467391304347826 0.04076086956521739 0.014945652173913044
0 0.9911684782608695 0.6182065217391305 0.016983695652173912 0.01358695652173913
0 0.9456521739130435 0.6650815217391305 0.044157608695652176 0.016304347826086956
0 0.8695652173913043 0.6440217391304348 0.04076086956521739 0.014945652173913044
0 0.9021739130434783 0.6148097826086957 0.036005434782608696 0.01358695652173913
0 0.8192934782608695 0.6256793478260869 0.03736413043478261 0.01358695652173913
0 0.8043478260869565 0.6154891304347826 0.036005434782608696 0.012907608695652174
0 0.7676630434782609 0.6379076086956522 0.034646739130434784 0.012907608695652174
0 0.7934782608695652 0.6684782608695652 0.03804347826086957 0.014266304347826086
0 0.6698369565217391 0.6161684782608695 0.028532608695652172 0.010869565217391304
0 0.6942934782608695 0.6304347826086957 0.03328804347826087 0.012228260869565218
0 0.6555706521739131 0.6331521739130435 0.03192934782608696 0.012228260869565218
0 0.6555706521739131 0.6474184782608695 0.03192934782608696 0.012228260869565218
0 0.5788043478260869 0.6535326086956522 0.034646739130434784 0.012228260869565218
0 0.5720108695652174 0.6331521739130435 0.030570652173913044 0.010869565217391304
0 0.5027173913043478 0.6453804347826086 0.03328804347826087 0.012228260869565218
0 0.49660326086956524 0.6677989130434783 0.036005434782608696 0.01358695652173913
0 0.49660326086956524 0.623641304347826 0.028532608695652172 0.010869565217391304
0 0.5278532608695652 0.6141304347826086 0.028532608695652172 0.010190217391304348
0 0.49184782608695654 0.6073369565217391 0.025815217391304348 0.009510869565217392
0 0.4857336956521739 0.5978260869565217 0.025815217391304348 0.009510869565217392
0 0.6447010869565217 0.5985054347826086 0.024456521739130436 0.009510869565217392
0 0.6290760869565217 0.608016304347826 0.028532608695652172 0.010190217391304348
0 0.5889945652173914 0.6032608695652174 0.02717391304347826 0.009510869565217392
0 0.7635869565217391 0.6114130434782609 0.030570652173913044 0.01154891304347826
0 0.7751358695652174 0.5998641304347826 0.03192934782608696 0.012228260869565218
0 0.7235054347826086 0.6039402173913043 0.029891304347826088 0.010869565217391304
0 0.6997282608695652 0.5998641304347826 0.02717391304347826 0.010190217391304348
0 0.8233695652173914 0.6059782608695652 0.03328804347826087 0.012228260869565218
0 0.8777173913043478 0.5896739130434783 0.029891304347826088 0.010869565217391304
0 0.8552989130434783 0.595108695652174 0.029891304347826088 0.010869565217391304
0 0.9456521739130435 0.5964673913043478 0.03192934782608696 0.012228260869565218
0 0.9510869565217391 0.5842391304347826 0.028532608695652172 0.010869565217391304
0 0.9904891304347826 0.5842391304347826 0.018342391304347828 0.010869565217391304
0 0.9925271739130435 0.5285326086956522 0.014945652173913044 0.006793478260869565
0 0.9972826086956522 0.5618206521739131 0.004755434782608696 0.008152173913043478
0 0.9524456521739131 0.5699728260869565 0.024456521739130436 0.009510869565217392
0 0.9497282608695652 0.5754076086956522 0.025815217391304348 0.009510869565217392
0 0.9089673913043478 0.576766304347826 0.025815217391304348 0.009510869565217392
0 0.904891304347826 0.561141304347826 0.01970108695652174 0.007472826086956522
0 0.8559782608695652 0.5713315217391305 0.02377717391304348 0.008831521739130434
0 0.7989130434782609 0.579483695652174 0.02717391304347826 0.009510869565217392
0 0.7805706521739131 0.5835597826086957 0.028532608695652172 0.010190217391304348
0 0.7703804347826086 0.5754076086956522 0.024456521739130436 0.008831521739130434
0 0.7398097826086957 0.579483695652174 0.025815217391304348 0.009510869565217392
0 0.6569293478260869 0.5855978260869565 0.02377717391304348 0.008831521739130434
0 0.7432065217391305 0.5665760869565217 0.021059782608695652 0.008152173913043478
0 0.7323369565217391 0.5679347826086957 0.01970108695652174 0.008152173913043478
0 0.7180706521739131 0.5713315217391305 0.021059782608695652 0.008152173913043478
0 0.7567934782608695 0.5618206521739131 0.01970108695652174 0.007472826086956522
0 0.7432065217391305 0.5563858695652174 0.01970108695652174 0.007472826086956522
0 0.7846467391304348 0.5699728260869565 0.022418478260869564 0.008152173913043478
0 0.8315217391304348 0.5557065217391305 0.018342391304347828 0.006793478260869565
0 0.8614130434782609 0.5536684782608695 0.016983695652173912 0.006793478260869565
0 0.8967391304347826 0.5210597826086957 0.016304347826086956 0.005434782608695652
0 0.9490489130434783 0.5122282608695652 0.014945652173913044 0.004755434782608696
0 0.9347826086956522 0.5251358695652174 0.016983695652173912 0.006793478260869565
0 0.890625 0.5380434782608695 0.018342391304347828 0.006793478260869565
0 0.9592391304347826 0.5421195652173914 0.016983695652173912 0.006793478260869565
0 0.9735054347826086 0.5529891304347826 0.01970108695652174 0.007472826086956522
0 0.967391304347826 0.563858695652174 0.021059782608695652 0.008152173913043478
0 0.9157608695652174 0.5523097826086957 0.018342391304347828 0.007472826086956522
0 0.7710597826086957 0.5461956521739131 0.018342391304347828 0.007472826086956522
0 0.78125 0.5523097826086957 0.01970108695652174 0.007472826086956522
0 0.7547554347826086 0.5495923913043478 0.018342391304347828 0.006793478260869565
0 0.686141304347826 0.5441576086956522 0.01970108695652174 0.006793478260869565
0 0.6616847826086957 0.5448369565217391 0.01970108695652174 0.006793478260869565
0 0.701766304347826 0.5597826086956522 0.021059782608695652 0.007472826086956522
0 0.6453804347826086 0.5557065217391305 0.01970108695652174 0.007472826086956522
0 0.625 0.5557065217391305 0.021059782608695652 0.008152173913043478
0 0.6005434782608695 0.5529891304347826 0.021059782608695652 0.008152173913043478
0 0.5842391304347826 0.5591032608695652 0.021059782608695652 0.008152173913043478
0 0.5495923913043478 0.5577445652173914 0.022418478260869564 0.008152173913043478
0 0.578125 0.5550271739130435 0.021059782608695652 0.008152173913043478
0 0.5061141304347826 0.5244565217391305 0.016983695652173912 0.006793478260869565
0 0.42391304347826086 0.545516304347826 0.021059782608695652 0.008152173913043478
0 0.39470108695652173 0.5489130434782609 0.021059782608695652 0.008152173913043478
0 0.41304347826086957 0.6161684782608695 0.029891304347826088 0.010869565217391304
0 0.36616847826086957 0.609375 0.030570652173913044 0.012228260869565218
0 0.390625 0.6243206521739131 0.036005434782608696 0.012907608695652174
0 0.34103260869565216 0.6216032608695652 0.034646739130434784 0.012907608695652174
0 0.30366847826086957 0.6283967391304348 0.03328804347826087 0.012228260869565218
0 0.390625 0.6385869565217391 0.03804347826086957 0.014266304347826086
0 0.266304347826087 0.6059782608695652 0.030570652173913044 0.012228260869565218
0 0.46671195652173914 0.5835597826086957 0.02377717391304348 0.008831521739130434
0 0.44497282608695654 0.5747282608695652 0.02377717391304348 0.008831521739130434
0 0.453804347826087 0.5686141304347826 0.022418478260869564 0.008152173913043478
0 0.42527173913043476 0.5733695652173914 0.02377717391304348 0.008831521739130434
0 0.4585597826086957 0.579483695652174 0.02377717391304348 0.008831521739130434
0 0.28328804347826086 0.5414402173913043 0.022418478260869564 0.008152173913043478
0 0.359375 0.5407608695652174 0.01970108695652174 0.008152173913043478
0 0.19633152173913043 0.5631793478260869 0.02717391304347826 0.009510869565217392
0 0.19904891304347827 0.5475543478260869 0.02377717391304348 0.008831521739130434
0 0.19904891304347827 0.5353260869565217 0.022418478260869564 0.008831521739130434
0 0.15692934782608695 0.5903532608695652 0.030570652173913044 0.01154891304347826
0 0.18953804347826086 0.6216032608695652 0.03328804347826087 0.012907608695652174
0 0.09850543478260869 0.6066576086956522 0.03328804347826087 0.012228260869565218
0 0.019021739130434784 0.6175271739130435 0.034646739130434784 0.012907608695652174
0 0.11005434782608696 0.6467391304347826 0.03804347826086957 0.014266304347826086
0 0.06182065217391304 0.6528532608695652 0.03736413043478261 0.014266304347826086
0 0.014945652173913044 0.6616847826086957 0.029891304347826088 0.025135869565217392
0 0.016983695652173912 0.6345108695652174 0.033967391304347824 0.01358695652173913
0 0.44972826086956524 0.5353260869565217 0.018342391304347828 0.006793478260869565
0 0.389945652173913 0.5414402173913043 0.01970108695652174 0.008152173913043478
0 0.44429347826086957 0.5563858695652174 0.022418478260869564 0.008152173913043478
0 0.5631793478260869 0.5495923913043478 0.01970108695652174 0.007472826086956522
0 0.33627717391304346 0.5373641304347826 0.01970108695652174 0.007472826086956522
0 0.1480978260869565 0.5557065217391305 0.024456521739130436 0.009510869565217392
0 0.11141304347826086 0.5591032608695652 0.02377717391304348 0.008831521739130434
0 0.11413043478260869 0.5699728260869565 0.028532608695652172 0.010869565217391304
0 0.030570652173913044 0.5394021739130435 0.024456521739130436 0.008831521739130434
0 0.05298913043478261 0.532608695652174 0.02377717391304348 0.008831521739130434
0 0.052309782608695655 0.6012228260869565 0.03192934782608696 0.012228260869565218
0 0.008152173913043478 0.5985054347826086 0.016304347826086956 0.012228260869565218
0 0.13519021739130435 0.5822010869565217 0.029891304347826088 0.010869565217391304
0 0.10461956521739131 0.5774456521739131 0.028532608695652172 0.010869565217391304
0 0.20855978260869565 0.5726902173913043 0.028532608695652172 0.010869565217391304
0 0.046875 0.5726902173913043 0.029891304347826088 0.010869565217391304
0 0.08423913043478261 0.5699728260869565 0.028532608695652172 0.010869565217391304
0 0.057744565217391304 0.9300271739130435 0.11480978260869565 0.04823369565217391