0 0.9429347826086957 0.6487771739130435 0.024456521739130436 0.024456521739130436
0 0.9096467391304348 0.5855978260869565 0.022418478260869564 0.024456521739130436
0 0.8614130434782609 0.545516304347826 0.04076086956521739 0.044157608695652176
0 0.7880434782608695 0.5665760869565217 0.020380434782608696 0.020380434782608696
0 0.6182065217391305 0.578125 0.01358695652173913 0.021059782608695652
0 0.6270380434782609 0.5550271739130435 0.025135869565217392 0.026494565217391304
0 0.4830163043478261 0.5706521739130435 0.01358695652173913 0.021059782608695652
0 0.17798913043478262 0.11209239130434782 0.018342391304347828 0.017663043478260868
0 0.12771739130434784 0.10869565217391304 0.020380434782608696 0.019021739130434784
0 0.08084239130434782 0.1324728260869565 0.019021739130434784 0.019021739130434784
0 0.016983695652173912 0.04755434782608696 0.018342391304347828 0.019021739130434784
0 0.1324728260869565 0.14198369565217392 0.020380434782608696 0.021059782608695652
0 0.1637228260869565 0.19157608695652173 0.012907608695652174 0.020380434782608696
0 0.17459239130434784 0.21875 0.017663043478260868 0.016983695652173912
0 0.22078804347826086 0.21807065217391305 0.020380434782608696 0.020380434782608696
0 0.24864130434782608 0.1949728260869565 0.018342391304347828 0.017663043478260868
0 0.18546195652173914 0.25815217391304346 0.019021739130434784 0.021059782608695652
0 0.0020380434782608695 0.30434782608695654 0.004076086956521739 0.019021739130434784
0 0.04483695652173913 0.3023097826086957 0.020380434782608696 0.021059782608695652
0 0.06725543478260869 0.3138586956521739 0.017663043478260868 0.017663043478260868
0 0.049592391304347824 0.34103260869565216 0.020380434782608696 0.01970108695652174
0 0.012228260869565218 0.3383152173913043 0.017663043478260868 0.019021739130434784
0 0.016304347826086956 0.3641304347826087 0.018342391304347828 0.021059782608695652
0 0.015625 0.39809782608695654 0.020380434782608696 0.021059782608695652
0 0.06929347826086957 0.39402173913043476 0.021059782608695652 0.017663043478260868
0 0.09171195652173914 0.36141304347826086 0.020380434782608696 0.019021739130434784
0 0.11073369565217392 0.35190217391304346 0.019021739130434784 0.019021739130434784
0 0.14605978260869565 0.389945652173913 0.024456521739130436 0.022418478260869564
0 0.18885869565217392 0.37160326086956524 0.019021739130434784 0.01970108695652174
0 0.19904891304347827 0.4014945652173913 0.019021739130434784 0.021059782608695652
0 0.16847826086956522 0.43070652173913043 0.021739130434782608 0.02309782608695652
0 0.09510869565217392 0.4266304347826087 0.022418478260869564 0.021059782608695652
0 0.050271739130434784 0.42595108695652173 0.020380434782608696 0.019021739130434784
0 0.006114130434782609 0.43953804347826086 0.012228260869565218 0.01970108695652174
0 0.0006793478260869565 0.4673913043478261 0.001358695652173913 0.02309782608695652
0 0.07472826086956522 0.4782608695652174 0.021739130434782608 0.02309782608695652
0 0.11413043478260869 0.48709239130434784 0.022418478260869564 0.024456521739130436
0 0.13994565217391305 0.483695652173913 0.016304347826086956 0.01970108695652174
0 0.1875 0.46127717391304346 0.022418478260869564 0.025135869565217392
0 0.22486413043478262 0.4741847826086957 0.017663043478260868 0.016983695652173912
0 0.25679347826086957 0.48097826086956524 0.019021739130434784 0.01970108695652174
0 0.280570652173913 0.5 0.022418478260869564 0.02309782608695652
0 0.30366847826086957 0.5271739130434783 0.022418478260869564 0.02309782608695652
0 0.22214673913043478 0.5061141304347826 0.021739130434782608 0.022418478260869564
0 0.17051630434782608 0.5101902173913043 0.022418478260869564 0.02309782608695652
0 0.0033967391304347825 0.5400815217391305 0.006793478260869565 0.020380434782608696
0 0.7914402173913043 0.5774456521739131 0.027853260869565216 0.02309782608695652
0 0.5747282608695652 0.5665760869565217 0.026494565217391304 0.022418478260869564
0 0.23165760869565216 0.20108695652173914 0.020380434782608696 0.017663043478260868
0 0.29483695652173914 0.19701086956521738 0.021059782608695652 0.017663043478260868
0 0.11888586956521739 0.375 0.022418478260869564 0.019021739130434784
0 0.044157608695652176 0.47554347826086957 0.02309782608695652 0.019021739130434784
0 0.10733695652173914 0.47282608695652173 0.024456521739130436 0.020380434782608696
0 0.23369565217391305 0.5292119565217391 0.025135869565217392 0.020380434782608696
0 0.078125 0.5203804347826086 0.05638586956521739 0.07269021739130435
0 0.2235054347826087 0.546875 0.025815217391304348 0.021059782608695652