0 0.9653532608695652 0.5971467391304348 0.052309782608695655 0.04619565217391304
0 0.9585597826086957 0.5461956521739131 0.052309782608695655 0.04619565217391304
0 0.9870923913043478 0.6501358695652174 0.025815217391304348 0.06657608695652174
0 0.8444293478260869 0.6066576086956522 0.05298913043478261 0.04755434782608696
0 0.5896739130434783 0.6046195652173914 0.059103260869565216 0.050951086956521736
0 0.6304347826086957 0.5774456521739131 0.042798913043478264 0.04008152173913043
0 0.4001358695652174 0.47758152173913043 0.05502717391304348 0.051630434782608696
0 0.17255434782608695 0.5665760869565217 0.043478260869565216 0.04755434782608696
0 0.19701086956521738 0.6216032608695652 0.04483695652173913 0.057065217391304345
0 0.17323369565217392 0.6800271739130435 0.04891304347826087 0.05298913043478261
0 0.043478260869565216 0.6025815217391305 0.05502717391304348 0.04483695652173913
0 0.03940217391304348 0.5543478260869565 0.05638586956521739 0.04891304347826087
0 0.296875 0.4748641304347826 0.03940217391304348 0.04823369565217391
0 0.9572010869565217 0.3342391304347826 0.05638586956521739 0.04891304347826087
0 0.873641304347826 0.28872282608695654 0.05502717391304348 0.04755434782608696
0 0.8729619565217391 0.2105978260869565 0.046875 0.03872282608695652
0 0.8722826086956522 0.39266304347826086 0.052309782608695655 0.04823369565217391
0 0.8179347826086957 0.3695652173913043 0.05502717391304348 0.04823369565217391
0 0.751358695652174 0.34578804347826086 0.04823369565217391 0.04891304347826087
0 0.7024456521739131 0.36345108695652173 0.059103260869565216 0.057744565217391304
0 0.7228260869565217 0.421195652173913 0.050951086956521736 0.04619565217391304
0 0.5862771739130435 0.35190217391304346 0.04891304347826087 0.051630434782608696
0 0.5686141304347826 0.2955163043478261 0.04891304347826087 0.04755434782608696
0 0.41847826086956524 0.36141304347826086 0.052309782608695655 0.04619565217391304
0 0.42595108695652173 0.32472826086956524 0.050951086956521736 0.04823369565217391
0 0.46195652173913043 0.22282608695652173 0.050951086956521736 0.04551630434782609
0 0.546875 0.1983695652173913 0.04891304347826087 0.04619565217391304
0 0.5842391304347826 0.1956521739130435 0.050951086956521736 0.042119565217391304
0 0.6426630434782609 0.20040760869565216 0.04823369565217391 0.04483695652173913
0 0.7092391304347826 0.20380434782608695 0.05502717391304348 0.04755434782608696
0 0.18546195652173914 0.3919836956521739 0.05638586956521739 0.059103260869565216
0 0.12024456521739131 0.41372282608695654 0.050951086956521736 0.05366847826086957
0 0.04891304347826087 0.38722826086956524 0.043478260869565216 0.042798913043478264
0 0.19633152173913043 0.3016304347826087 0.057065217391304345 0.05434782608695652
0 0.30027173913043476 0.33967391304347827 0.04076086956521739 0.04008152173913043
0 0.03260869565217391 0.08152173913043478 0.052309782608695655 0.05298913043478261
0 0.15964673913043478 0.07948369565217392 0.050951086956521736 0.04823369565217391
0 0.30027173913043476 0.11413043478260869 0.04483695652173913 0.04483695652173913
0 0.4483695652173913 0.11277173913043478 0.04076086956521739 0.03804347826086957
0 0.5699728260869565 0.07676630434782608 0.05298913043478261 0.04619565217391304
0 0.8675271739130435 0.11548913043478261 0.04891304347826087 0.04483695652173913
0 0.8987771739130435 0.09442934782608696 0.046875 0.042119565217391304
0 0.9470108695652174 0.13790760869565216 0.04823369565217391 0.04755434782608696
0 0.8865489130434783 0.18546195652173914 0.042798913043478264 0.03804347826086957
0 0.5516304347826086 0.5740489130434783 0.057065217391304345 0.042798913043478264
0 0.38315217391304346 0.5427989130434783 0.05638586956521739 0.041440217391304345
0 0.07880434782608696 0.6793478260869565 0.05638586956521739 0.042119565217391304
0 0.016304347826086956 0.6793478260869565 0.03260869565217391 0.043478260869565216
0 0.024456521739130436 0.4898097826086957 0.04891304347826087 0.042798913043478264
0 0.9001358695652174 0.297554347826087 0.05434782608695652 0.04076086956521739
0 0.6528532608695652 0.4639945652173913 0.058423913043478264 0.042798913043478264
0 0.7370923913043478 0.2418478260869565 0.05434782608695652 0.04076086956521739
0 0.21671195652173914 0.25679347826086957 0.05638586956521739 0.042798913043478264
0 0.02377717391304348 0.20516304347826086 0.04755434782608696 0.043478260869565216
0 0.25203804347826086 0.14673913043478262 0.05434782608695652 0.041440217391304345
0 0.735733695652174 0.18614130434782608 0.052309782608695655 0.04008152173913043