0 0.9836956521739131 0.7099184782608695 0.03260869565217391 0.12907608695652173
0 0.8403532608695652 0.6501358695652174 0.12364130434782608 0.12092391304347826
0 0.9069293478260869 0.529891304347826 0.11073369565217392 0.10529891304347826
0 0.9755434782608695 0.46535326086956524 0.04823369565217391 0.07472826086956522
0 0.9769021739130435 0.40896739130434784 0.04619565217391304 0.07201086956521739
0 0.9870923913043478 0.3695652173913043 0.025135869565217392 0.057065217391304345
0 0.9524456521739131 0.3967391304347826 0.042119565217391304 0.04483695652173913
0 0.9898097826086957 0.3383152173913043 0.020380434782608696 0.04891304347826087
0 0.9877717391304348 0.3029891304347826 0.024456521739130436 0.043478260869565216
0 0.9449728260869565 0.3063858695652174 0.04551630434782609 0.042798913043478264
0 0.9653532608695652 0.30434782608695654 0.03192934782608696 0.036005434782608696
0 0.9796195652173914 0.29347826086956524 0.028532608695652172 0.029891304347826088
0 0.9442934782608695 0.34035326086956524 0.04551630434782609 0.046875
0 0.9891304347826086 0.2608695652173913 0.021739130434782608 0.030570652173913044
0 0.875 0.21467391304347827 0.021739130434782608 0.01970108695652174
0 0.8940217391304348 0.21603260869565216 0.020380434782608696 0.019021739130434784
0 0.9476902173913043 0.22758152173913043 0.025135869565217392 0.02377717391304348
0 0.967391304347826 0.2269021739130435 0.017663043478260868 0.019021739130434784
0 0.9354619565217391 0.20652173913043478 0.020380434782608696 0.019021739130434784
0 0.9442934782608695 0.1983695652173913 0.020380434782608696 0.019021739130434784
0 0.9891304347826086 0.2391304347826087 0.021739130434782608 0.021739130434782608
0 0.9198369565217391 0.24456521739130435 0.03940217391304348 0.03736413043478261
0 0.8729619565217391 0.2391304347826087 0.027853260869565216 0.026494565217391304
0 0.8879076086956522 0.234375 0.018342391304347828 0.020380434782608696
0 0.8274456521739131 0.23709239130434784 0.024456521739130436 0.02717391304347826
0 0.7887228260869565 0.2269021739130435 0.020380434782608696 0.022418478260869564
0 0.7601902173913043 0.26222826086956524 0.03125 0.027853260869565216
0 0.6902173913043478 0.24864130434782608 0.028532608695652172 0.026494565217391304
0 0.873641304347826 0.264945652173913 0.025135869565217392 0.02377717391304348
0 0.7316576086956522 0.27785326086956524 0.030570652173913044 0.027853260869565216
0 0.733016304347826 0.26290760869565216 0.022418478260869564 0.021739130434782608
0 0.6793478260869565 0.2798913043478261 0.029211956521739132 0.02377717391304348
0 0.7255434782608695 0.297554347826087 0.041440217391304345 0.043478260869565216
0 0.751358695652174 0.30027173913043476 0.042119565217391304 0.044157608695652176
0 0.8410326086956522 0.29959239130434784 0.04551630434782609 0.042119565217391304
0 0.8933423913043478 0.30434782608695654 0.03260869565217391 0.03260869565217391
0 0.8885869565217391 0.31521739130434784 0.03804347826086957 0.03804347826086957
0 0.9137228260869565 0.2921195652173913 0.04008152173913043 0.03872282608695652
0 0.9381793478260869 0.25339673913043476 0.02309782608695652 0.02377717391304348
0 0.829483695652174 0.3654891304347826 0.059103260869565216 0.057744565217391304
0 0.735733695652174 0.344429347826087 0.05434782608695652 0.05638586956521739
0 0.6976902173913043 0.36616847826086957 0.06929347826086957 0.06861413043478261
0 0.9082880434782609 0.40964673913043476 0.06114130434782609 0.06114130434782609
0 0.8383152173913043 0.4517663043478261 0.07336956521739131 0.06453804347826086
0 0.8668478260869565 0.47078804347826086 0.07744565217391304 0.07880434782608696
0 0.7764945652173914 0.5122282608695652 0.07133152173913043 0.078125
0 0.7350543478260869 0.5203804347826086 0.09442934782608696 0.08355978260869565
0 0.6942934782608695 0.5855978260869565 0.09510869565217392 0.10529891304347826
0 0.5509510869565217 0.5631793478260869 0.09918478260869565 0.08899456521739131
0 0.483695652173913 0.5006793478260869 0.09171195652173914 0.08695652173913043
0 0.6046195652173914 0.45584239130434784 0.08763586956521739 0.08288043478260869
0 0.5108695652173914 0.43002717391304346 0.07948369565217392 0.06861413043478261
0 0.47282608695652173 0.390625 0.050951086956521736 0.05502717391304348
0 0.5631793478260869 0.37907608695652173 0.05434782608695652 0.059103260869565216
0 0.6059782608695652 0.3845108695652174 0.06046195652173913 0.06114130434782609
0 0.6664402173913043 0.421875 0.06997282608695653 0.07065217391304347
0 0.5808423913043478 0.328804347826087 0.057065217391304345 0.044157608695652176
0 0.6120923913043478 0.31521739130434784 0.03736413043478261 0.041440217391304345
0 0.6399456521739131 0.3172554347826087 0.03260869565217391 0.03736413043478261
0 0.6440217391304348 0.30027173913043476 0.033967391304347824 0.03260869565217391
0 0.6671195652173914 0.31046195652173914 0.03736413043478261 0.034646739130434784
0 0.6664402173913043 0.33491847826086957 0.05366847826086957 0.050271739130434784
0 0.6324728260869565 0.264945652173913 0.03736413043478261 0.03804347826086957
0 0.6535326086956522 0.2608695652173913 0.027853260869565216 0.030570652173913044
0 0.5944293478260869 0.28464673913043476 0.03125 0.033967391304347824
0 0.5285326086956522 0.26970108695652173 0.020380434782608696 0.017663043478260868
0 0.5183423913043478 0.29891304347826086 0.057065217391304345 0.052309782608695655
0 0.5 0.27241847826086957 0.033967391304347824 0.03328804347826087
0 0.4626358695652174 0.2907608695652174 0.041440217391304345 0.043478260869565216
0 0.45652173913043476 0.25747282608695654 0.026494565217391304 0.025135869565217392
0 0.438179347826087 0.2751358695652174 0.03125 0.029891304347826088
0 0.43070652173913043 0.30027173913043476 0.04008152173913043 0.03736413043478261
0 0.4578804347826087 0.35122282608695654 0.057744565217391304 0.05434782608695652
0 0.49320652173913043 0.35529891304347827 0.04551630434782609 0.04891304347826087
0 0.34171195652173914 0.28328804347826086 0.028532608695652172 0.029891304347826088
0 0.4014945652173913 0.2758152173913043 0.03260869565217391 0.029891304347826088
0 0.36345108695652173 0.296195652173913 0.03940217391304348 0.034646739130434784
0 0.33627717391304346 0.296195652173913 0.03125 0.029891304347826088
0 0.29008152173913043 0.2907608695652174 0.043478260869565216 0.04076086956521739
0 0.26834239130434784 0.32540760869565216 0.042119565217391304 0.03872282608695652
0 0.3858695652173913 0.3226902173913043 0.03940217391304348 0.03940217391304348
0 0.406929347826087 0.35597826086956524 0.051630434782608696 0.043478260869565216
0 0.3892663043478261 0.374320652173913 0.049592391304347824 0.050271739130434784
0 0.38858695652173914 0.4436141304347826 0.08559782608695653 0.08355978260869565
0 0.328804347826087 0.4076086956521739 0.0625 0.052309782608695655
0 0.27853260869565216 0.40896739130434784 0.06385869565217392 0.05502717391304348
0 0.2608695652173913 0.43953804347826086 0.06725543478260869 0.06182065217391304
0 0.20380434782608695 0.47146739130434784 0.08152173913043478 0.07336956521739131
0 0.34171195652173914 0.5285326086956522 0.09850543478260869 0.09307065217391304
0 0.18953804347826086 0.5550271739130435 0.08695652173913043 0.08899456521739131
0 0.03736413043478261 0.5591032608695652 0.07472826086956522 0.08016304347826086
0 0.050951086956521736 0.4904891304347826 0.07744565217391304 0.06521739130434782
0 0.059103260869565216 0.43546195652173914 0.06929347826086957 0.06929347826086957
0 0.08016304347826086 0.406929347826087 0.07336956521739131 0.057744565217391304
0 0.15421195652173914 0.4279891304347826 0.06589673913043478 0.059782608695652176
0 0.14402173913043478 0.39402173913043476 0.06114130434782609 0.05298913043478261
0 0.13451086956521738 0.34375 0.041440217391304345 0.042119565217391304
0 0.08152173913043478 0.35733695652173914 0.04619565217391304 0.04755434782608696
0 0.012907608695652174 0.35597826086956524 0.025815217391304348 0.04619565217391304
0 0.014945652173913044 0.29891304347826086 0.029211956521739132 0.036684782608695655
0 0.11480978260869565 0.28804347826086957 0.041440217391304345 0.04008152173913043
0 0.18410326086956522 0.3328804347826087 0.04891304347826087 0.04619565217391304
0 0.20176630434782608 0.3138586956521739 0.043478260869565216 0.03872282608695652
0 0.9334239130434783 0.5040760869565217 0.10394021739130435 0.078125
0 0.9789402173913043 0.33491847826086957 0.041440217391304345 0.041440217391304345
0 0.8940217391304348 0.2105978260869565 0.021739130434782608 0.016304347826086956
0 0.9137228260869565 0.22486413043478262 0.026494565217391304 0.020380434782608696
0 0.9307065217391305 0.22078804347826086 0.024456521739130436 0.018342391304347828
0 0.9504076086956522 0.2112771739130435 0.022418478260869564 0.016983695652173912
0 0.983016304347826 0.19157608695652173 0.020380434782608696 0.014945652173913044
0 0.9959239130434783 0.20040760869565216 0.008152173913043478 0.014945652173913044
0 0.9796195652173914 0.22078804347826086 0.024456521739130436 0.018342391304347828
0 0.9904891304347826 0.22826086956521738 0.019021739130434784 0.019021739130434784
0 0.9334239130434783 0.23573369565217392 0.028532608695652172 0.021739130434782608
0 0.9035326086956522 0.2262228260869565 0.027853260869565216 0.021059782608695652
0 0.8029891304347826 0.24932065217391305 0.028532608695652172 0.021739130434782608
0 0.8485054347826086 0.26154891304347827 0.036684782608695655 0.02717391304347826
0 0.8274456521739131 0.2717391304347826 0.03736413043478261 0.027853260869565216
0 0.7119565217391305 0.28532608695652173 0.03736413043478261 0.027853260869565216
0 0.7038043478260869 0.29959239130434784 0.04076086956521739 0.030570652173913044
0 0.798233695652174 0.2907608695652174 0.042119565217391304 0.03192934782608696
0 0.8899456521739131 0.27921195652173914 0.03872282608695652 0.029211956521739132
0 0.9334239130434783 0.28328804347826086 0.03872282608695652 0.029211956521739132
0 0.8600543478260869 0.33016304347826086 0.051630434782608696 0.03872282608695652
0 0.7805706521739131 0.37771739130434784 0.07336956521739131 0.05502717391304348
0 0.8172554347826086 0.42527173913043476 0.07540760869565218 0.05638586956521739
0 0.43070652173913043 0.5849184782608695 0.12092391304347826 0.09035326086956522
0 0.5176630434782609 0.38790760869565216 0.06793478260869565 0.050951086956521736
0 0.654891304347826 0.2391304347826087 0.030570652173913044 0.02309782608695652
0 0.6066576086956522 0.27445652173913043 0.036005434782608696 0.02717391304347826
0 0.5631793478260869 0.28532608695652173 0.04076086956521739 0.030570652173913044
0 0.5509510869565217 0.2764945652173913 0.03940217391304348 0.029211956521739132
0 0.5360054347826086 0.30366847826086957 0.04619565217391304 0.034646739130434784
0 0.5346467391304348 0.2866847826086957 0.041440217391304345 0.030570652173913044
0 0.4857336956521739 0.27853260869565216 0.036005434782608696 0.02717391304347826
0 0.561141304347826 0.30502717391304346 0.04619565217391304 0.034646739130434784
0 0.406929347826087 0.2860054347826087 0.03804347826086957 0.027853260869565216
0 0.38858695652173914 0.2873641304347826 0.036005434782608696 0.02717391304347826
0 0.30910326086956524 0.2860054347826087 0.036684782608695655 0.02717391304347826
0 0.30978260869565216 0.313179347826087 0.043478260869565216 0.03260869565217391
0 0.343070652173913 0.3220108695652174 0.04551630434782609 0.034646739130434784
0 0.33152173913043476 0.3328804347826087 0.04755434782608696 0.035326086956521736
0 0.31521739130434784 0.33559782608695654 0.04755434782608696 0.036005434782608696
0 0.34035326086956524 0.36209239130434784 0.05366847826086957 0.03940217391304348
0 0.31589673913043476 0.36277173913043476 0.05434782608695652 0.041440217391304345
0 0.28396739130434784 0.35665760869565216 0.05502717391304348 0.041440217391304345
0 0.27853260869565216 0.3804347826086957 0.06046195652173913 0.04551630434782609
0 0.43953804347826086 0.328804347826087 0.049592391304347824 0.03736413043478261
0 0.3953804347826087 0.39809782608695654 0.06793478260869565 0.050271739130434784
0 0.40828804347826086 0.41983695652173914 0.07540760869565218 0.05638586956521739
0 0.2826086956521739 0.4891304347826087 0.09171195652173914 0.06861413043478261
0 0.12635869565217392 0.4748641304347826 0.08355978260869565 0.06317934782608696
0 0.017663043478260868 0.44089673913043476 0.034646739130434784 0.05638586956521739
0 0.1671195652173913 0.358695652173913 0.05638586956521739 0.042119565217391304
0 0.06114130434782609 0.34103260869565216 0.05298913043478261 0.03940217391304348
0 0.14470108695652173 0.31997282608695654 0.04755434782608696 0.035326086956521736
0 0.22010869565217392 0.2955163043478261 0.041440217391304345 0.03125
0 0.1800271739130435 0.3063858695652174 0.046875 0.034646739130434784
0 0.484375 0.30502717391304346 0.049592391304347824 0.03736413043478261
0 0.6474184782608695 0.006114130434782609 0.03125 0.012228260869565218
0 0.6616847826086957 0.005434782608695652 0.025135869565217392 0.010190217391304348
0 0.6311141304347826 0.006114130434782609 0.03125 0.012228260869565218