0 0.9864130434782609 0.452445652173913 0.026494565217391304 0.043478260869565216
0 0.8967391304347826 0.46195652173913043 0.04619565217391304 0.04619565217391304
0 0.8634510869565217 0.4422554347826087 0.025135869565217392 0.025815217391304348
0 0.8009510869565217 0.5 0.057744565217391304 0.05434782608695652
0 0.670516304347826 0.4544836956521739 0.033967391304347824 0.030570652173913044
0 0.5903532608695652 0.46467391304347827 0.026494565217391304 0.036684782608695655
0 0.5726902173913043 0.44904891304347827 0.026494565217391304 0.030570652173913044
0 0.5230978260869565 0.46127717391304346 0.059782608695652176 0.05638586956521739
0 0.8077445652173914 0.42934782608695654 0.03192934782608696 0.035326086956521736
0 0.7554347826086957 0.4429347826086957 0.02377717391304348 0.025135869565217392
0 0.953125 0.43478260869565216 0.026494565217391304 0.028532608695652172
0 0.9429347826086957 0.4517663043478261 0.029211956521739132 0.033967391304347824
0 0.688858695652174 0.42391304347826086 0.012228260869565218 0.012228260869565218
0 0.626358695652174 0.4422554347826087 0.01970108695652174 0.025135869565217392
0 0.608016304347826 0.44021739130434784 0.01970108695652174 0.02717391304347826
0 0.5563858695652174 0.43546195652173914 0.016983695652173912 0.015625
0 0.4789402173913043 0.4279891304347826 0.025135869565217392 0.028532608695652172
0 0.5516304347826086 0.4320652173913043 0.021739130434782608 0.024456521739130436
0 0.37160326086956524 0.438179347826087 0.01970108695652174 0.025135869565217392
0 0.40217391304347827 0.4375 0.014945652173913044 0.014945652173913044
0 0.4123641304347826 0.4470108695652174 0.022418478260869564 0.02309782608695652
0 0.421195652173913 0.43002717391304346 0.021059782608695652 0.020380434782608696
0 0.25271739130434784 0.44497282608695654 0.017663043478260868 0.01970108695652174
0 0.24864130434782608 0.43410326086956524 0.01358695652173913 0.01358695652173913
0 0.22554347826086957 0.4327445652173913 0.017663043478260868 0.017663043478260868
0 0.18953804347826086 0.4388586956521739 0.010190217391304348 0.009510869565217392
0 0.057744565217391304 0.41372282608695654 0.008831521739130434 0.008831521739130434
0 0.15625 0.452445652173913 0.026494565217391304 0.026494565217391304
0 0.1610054347826087 0.43410326086956524 0.020380434782608696 0.019021739130434784
0 0.14198369565217392 0.4483695652173913 0.017663043478260868 0.021739130434782608
0 0.1324728260869565 0.45040760869565216 0.016304347826086956 0.020380434782608696
0 0.04483695652173913 0.47690217391304346 0.04076086956521739 0.050951086956521736
0 0.06861413043478261 0.45040760869565216 0.036005434782608696 0.04008152173913043
0 0.008831521739130434 0.438179347826087 0.012228260869565218 0.012907608695652174
0 0.8627717391304348 0.4904891304347826 0.05638586956521739 0.042119565217391304
0 0.7323369565217391 0.48845108695652173 0.051630434782608696 0.03872282608695652
0 0.6379076086956522 0.45584239130434784 0.03260869565217391 0.024456521739130436
0 0.6270380434782609 0.47078804347826086 0.03804347826086957 0.028532608695652172
0 0.7758152173913043 0.4205163043478261 0.009510869565217392 0.006793478260869565
0 0.8260869565217391 0.45720108695652173 0.041440217391304345 0.03125
0 0.8328804347826086 0.4673913043478261 0.046875 0.035326086956521736
0 0.9089673913043478 0.42934782608695654 0.024456521739130436 0.018342391304347828
0 0.7595108695652174 0.43342391304347827 0.025135869565217392 0.019021739130434784
0 0.7228260869565217 0.4422554347826087 0.029891304347826088 0.021739130434782608
0 0.6963315217391305 0.44021739130434784 0.029211956521739132 0.021739130434782608
0 0.6283967391304348 0.42866847826086957 0.019021739130434784 0.01358695652173913
0 0.6487771739130435 0.43070652173913043 0.01970108695652174 0.014945652173913044
0 0.5889945652173914 0.42866847826086957 0.019021739130434784 0.014266304347826086
0 0.5095108695652174 0.4361413043478261 0.02717391304347826 0.020380434782608696
0 0.45040760869565216 0.40896739130434784 0.025815217391304348 0.01970108695652174
0 0.4741847826086957 0.40828804347826086 0.021739130434782608 0.016304347826086956
0 0.37907608695652173 0.4422554347826087 0.02309782608695652 0.016983695652173912
0 0.3070652173913043 0.5020380434782609 0.03192934782608696 0.02377717391304348
0 0.28328804347826086 0.4361413043478261 0.01970108695652174 0.014945652173913044
0 0.2112771739130435 0.4422554347826087 0.021059782608695652 0.016304347826086956
0 0.21535326086956522 0.46467391304347827 0.029211956521739132 0.021739130434782608
0 0.3029891304347826 0.4266304347826087 0.018342391304347828 0.01358695652173913
0 0.33084239130434784 0.438179347826087 0.020380434782608696 0.015625
0 0.2105978260869565 0.4266304347826087 0.01358695652173913 0.010190217391304348
0 0.17323369565217392 0.45516304347826086 0.025815217391304348 0.01970108695652174
0 0.09442934782608696 0.44429347826086957 0.027853260869565216 0.021059782608695652
0 0.0020380434782608695 0.43953804347826086 0.004076086956521739 0.017663043478260868
0 0.024456521739130436 0.4273097826086957 0.006114130434782609 0.004755434782608696
0 0.034646739130434784 0.43546195652173914 0.016304347826086956 0.012228260869565218
0 0.11956521739130435 0.4273097826086957 0.006114130434782609 0.004755434782608696
0 0.17866847826086957 0.4320652173913043 0.016983695652173912 0.012228260869565218
0 0.23845108695652173 0.45991847826086957 0.02717391304347826 0.020380434782608696
0 0.3851902173913043 0.438179347826087 0.02717391304347826 0.020380434782608696