0 0.42934782608695654 0.6684782608695652 0.01358695652173913 0.010869565217391304
0 0.8410326086956522 0.7493206521739131 0.012907608695652174 0.012907608695652174
0 0.8716032608695652 0.7038043478260869 0.016304347826086956 0.012907608695652174
0 0.8505434782608695 0.6936141304347826 0.01358695652173913 0.012907608695652174
0 0.9932065217391305 0.6820652173913043 0.012907608695652174 0.01154891304347826
0 0.20652173913043478 0.7323369565217391 0.04076086956521739 0.035326086956521736
0 0.24660326086956522 0.7398097826086957 0.036005434782608696 0.021059782608695652
0 0.024456521739130436 0.6059782608695652 0.005434782608695652 0.0033967391304347825
0 0.036684782608695655 0.608016304347826 0.005434782608695652 0.0033967391304347825
0 0.049592391304347824 0.6114130434782609 0.006793478260869565 0.004076086956521739
0 0.05638586956521739 0.6100543478260869 0.006793478260869565 0.004076086956521739
0 0.09035326086956522 0.6120923913043478 0.006793478260869565 0.004076086956521739
0 0.08016304347826086 0.6059782608695652 0.005434782608695652 0.0033967391304347825
0 0.09307065217391304 0.6032608695652174 0.004755434782608696 0.0033967391304347825
0 0.10597826086956522 0.6134510869565217 0.006793478260869565 0.004076086956521739
0 0.12296195652173914 0.6120923913043478 0.006793478260869565 0.004076086956521739
0 0.125 0.6032608695652174 0.005434782608695652 0.0033967391304347825
0 0.14130434782608695 0.6114130434782609 0.006793478260869565 0.004076086956521739
0 0.16032608695652173 0.6148097826086957 0.006793478260869565 0.004755434782608696
0 0.1949728260869565 0.6277173913043478 0.008831521739130434 0.005434782608695652
0 0.2078804347826087 0.6182065217391305 0.007472826086956522 0.004755434782608696
0 0.2296195652173913 0.6202445652173914 0.007472826086956522 0.005434782608695652
0 0.24864130434782608 0.6202445652173914 0.007472826086956522 0.005434782608695652
0 0.2561141304347826 0.6256793478260869 0.008152173913043478 0.005434782608695652
0 0.1983695652173913 0.5998641304347826 0.004076086956521739 0.002717391304347826
0 0.2078804347826087 0.5998641304347826 0.004076086956521739 0.002717391304347826
0 0.171875 0.5964673913043478 0.002717391304347826 0.0020380434782608695
0 0.1610054347826087 0.5978260869565217 0.0033967391304347825 0.0020380434782608695
0 0.17527173913043478 0.6154891304347826 0.006793478260869565 0.004755434782608696
0 0.23165760869565216 0.6073369565217391 0.005434782608695652 0.0033967391304347825
0 0.25271739130434784 0.5944293478260869 0.0020380434782608695 0.001358695652173913
0 0.26222826086956524 0.5917119565217391 0.0033967391304347825 0.0020380434782608695
0 0.21807065217391305 0.6100543478260869 0.006114130434782609 0.004076086956521739
0 0.28940217391304346 0.6086956521739131 0.005434782608695652 0.004076086956521739
0 0.281929347826087 0.6086956521739131 0.006114130434782609 0.004076086956521739
0 0.26222826086956524 0.6086956521739131 0.006114130434782609 0.004076086956521739
0 0.2554347826086957 0.6059782608695652 0.005434782608695652 0.0033967391304347825
0 0.2921195652173913 0.5903532608695652 0.002717391304347826 0.0020380434782608695
0 0.28532608695652173 0.5910326086956522 0.002717391304347826 0.0020380434782608695
0 0.31997282608695654 0.595108695652174 0.0020380434782608695 0.001358695652173913
0 0.33220108695652173 0.5971467391304348 0.0033967391304347825 0.0020380434782608695
0 0.3539402173913043 0.5917119565217391 0.002717391304347826 0.0020380434782608695
0 0.3702445652173913 0.592391304347826 0.0033967391304347825 0.0020380434782608695
0 0.375 0.5930706521739131 0.0006793478260869565 0.0006793478260869565
0 0.41440217391304346 0.592391304347826 0.0033967391304347825 0.0020380434782608695
0 0.453125 0.5910326086956522 0.002717391304347826 0.0020380434782608695
0 0.47214673913043476 0.5889945652173914 0.0020380434782608695 0.001358695652173913
0 0.48097826086956524 0.5883152173913043 0.0020380434782608695 0.001358695652173913
0 0.5067934782608695 0.5883152173913043 0.0020380434782608695 0.001358695652173913
0 0.8410326086956522 0.5815217391304348 0.006793478260869565 0.004755434782608696
0 0.8322010869565217 0.5822010869565217 0.006793478260869565 0.004755434782608696
0 0.8165760869565217 0.5822010869565217 0.006793478260869565 0.004755434782608696
0 0.8104619565217391 0.5815217391304348 0.006793478260869565 0.004076086956521739
0 0.7907608695652174 0.5869565217391305 0.001358695652173913 0.0006793478260869565
0 0.9042119565217391 0.5855978260869565 0.005434782608695652 0.0033967391304347825
0 0.8994565217391305 0.5855978260869565 0.005434782608695652 0.0033967391304347825
0 0.8926630434782609 0.5855978260869565 0.005434782608695652 0.0033967391304347825
0 0.8865489130434783 0.5862771739130435 0.005434782608695652 0.0033967391304347825
0 0.7683423913043478 0.5835597826086957 0.006793478260869565 0.004755434782608696
0 0.516983695652174 0.6127717391304348 0.006793478260869565 0.004076086956521739
0 0.49320652173913043 0.6127717391304348 0.006793478260869565 0.004076086956521739
0 0.4701086956521739 0.6154891304347826 0.006793478260869565 0.004755434782608696
0 0.4639945652173913 0.6154891304347826 0.006793478260869565 0.004755434782608696
0 0.453125 0.6161684782608695 0.007472826086956522 0.004755434782608696
0 0.6216032608695652 0.6256793478260869 0.008831521739130434 0.005434782608695652
0 0.6270380434782609 0.6134510869565217 0.006793478260869565 0.004755434782608696
0 0.6338315217391305 0.6154891304347826 0.006793478260869565 0.004755434782608696
0 0.6474184782608695 0.6148097826086957 0.006793478260869565 0.004755434782608696
0 0.6528532608695652 0.6270380434782609 0.008831521739130434 0.005434782608695652
0 0.6671195652173914 0.6229619565217391 0.008152173913043478 0.005434782608695652
0 0.6698369565217391 0.6141304347826086 0.006793478260869565 0.004755434782608696
0 0.6841032608695652 0.6134510869565217 0.006793478260869565 0.004076086956521739
0 0.6922554347826086 0.6127717391304348 0.006793478260869565 0.004076086956521739
0 0.7004076086956522 0.6141304347826086 0.006793478260869565 0.004076086956521739
0 0.6949728260869565 0.6216032608695652 0.007472826086956522 0.005434782608695652
0 0.6793478260869565 0.625 0.008831521739130434 0.005434782608695652
0 0.7153532608695652 0.6161684782608695 0.006793478260869565 0.004755434782608696
0 0.7255434782608695 0.6297554347826086 0.008831521739130434 0.006114130434782609
0 0.7778532608695652 0.6243206521739131 0.008152173913043478 0.005434782608695652
0 0.782608695652174 0.6195652173913043 0.007472826086956522 0.004755434782608696
0 0.7703804347826086 0.6188858695652174 0.007472826086956522 0.004755434782608696
0 0.8016304347826086 0.6222826086956522 0.007472826086956522 0.005434782608695652
0 0.8158967391304348 0.6243206521739131 0.008152173913043478 0.005434782608695652
0 0.8254076086956522 0.6148097826086957 0.007472826086956522 0.004755434782608696
0 0.8478260869565217 0.6134510869565217 0.006793478260869565 0.004755434782608696
0 0.845108695652174 0.6202445652173914 0.007472826086956522 0.005434782608695652
0 0.8967391304347826 0.6188858695652174 0.007472826086956522 0.004755434782608696
0 0.9476902173913043 0.6175271739130435 0.006114130434782609 0.004076086956521739
0 0.6630434782608695 0.7567934782608695 0.018342391304347828 0.012907608695652174
0 0.6589673913043478 0.7445652173913043 0.018342391304347828 0.012228260869565218
0 0.626358695652174 0.7697010869565217 0.01970108695652174 0.012907608695652174
0 0.036005434782608696 0.6114130434782609 0.006793478260869565 0.004076086956521739
0 0.3063858695652174 0.5896739130434783 0.002717391304347826 0.0020380434782608695
0 0.38790760869565216 0.5917119565217391 0.002717391304347826 0.0020380434782608695
0 0.39741847826086957 0.5917119565217391 0.0033967391304347825 0.0020380434782608695
0 0.4266304347826087 0.5910326086956522 0.002717391304347826 0.0020380434782608695
0 0.6630434782608695 0.5876358695652174 0.001358695652173913 0.001358695652173913
0 0.7065217391304348 0.5808423913043478 0.006793478260869565 0.004076086956521739
0 0.7764945652173914 0.5808423913043478 0.006793478260869565 0.004076086956521739
0 0.7873641304347826 0.579483695652174 0.006793478260869565 0.004076086956521739
0 0.8274456521739131 0.5822010869565217 0.006793478260869565 0.004755434782608696
0 0.8831521739130435 0.5842391304347826 0.005434782608695652 0.0033967391304347825
0 0.8777173913043478 0.5842391304347826 0.004755434782608696 0.0033967391304347825
0 0.640625 0.6148097826086957 0.006793478260869565 0.004755434782608696
0 0.42934782608695654 0.5917119565217391 0.002717391304347826 0.0020380434782608695
0 0.43342391304347827 0.5917119565217391 0.0033967391304347825 0.0020380434782608695
0 0.34171195652173914 0.595108695652174 0.0020380434782608695 0.001358695652173913
0 0.20720108695652173 0.6039402173913043 0.004755434782608696 0.0033967391304347825
0 0.20652173913043478 0.6066576086956522 0.005434782608695652 0.0033967391304347825
0 0.1875 0.608016304347826 0.005434782608695652 0.004076086956521739
0 0.19769021739130435 0.6073369565217391 0.005434782608695652 0.0033967391304347825
0 0.23980978260869565 0.6073369565217391 0.005434782608695652 0.0033967391304347825
0 0.23777173913043478 0.6052989130434783 0.005434782608695652 0.0033967391304347825
0 0.47758152173913043 0.6154891304347826 0.007472826086956522 0.004755434782608696