0 0.49116847826086957 0.4476902173913043 0.019021739130434784 0.014945652173913044
0 0.6385869565217391 0.4891304347826087 0.016304347826086956 0.014945652173913044
0 0.6277173913043478 0.4673913043478261 0.017663043478260868 0.014945652173913044
0 0.6086956521739131 0.42866847826086957 0.015625 0.014945652173913044
0 0.9089673913043478 0.4952445652173913 0.020380434782608696 0.014945652173913044
0 0.7785326086956522 0.328125 0.014266304347826086 0.014945652173913044
0 0.8756793478260869 0.38179347826086957 0.014266304347826086 0.012907608695652174
0 0.5788043478260869 0.28328804347826086 0.012907608695652174 0.01154891304347826
0 0.5985054347826086 0.2425271739130435 0.012907608695652174 0.01154891304347826
0 0.5855978260869565 0.21671195652173914 0.012907608695652174 0.012228260869565218
0 0.49592391304347827 0.1800271739130435 0.012907608695652174 0.010190217391304348
0 0.6141304347826086 0.19157608695652173 0.012907608695652174 0.01154891304347826
0 0.6365489130434783 0.20108695652173914 0.010190217391304348 0.009510869565217392
0 0.626358695652174 0.21875 0.012228260869565218 0.01154891304347826
0 0.38790760869565216 0.20584239130434784 0.012907608695652174 0.010190217391304348
0 0.7697010869565217 0.19429347826086957 0.012228260869565218 0.010190217391304348
0 0.8288043478260869 0.22894021739130435 0.010190217391304348 0.01154891304347826
0 0.8885869565217391 0.2547554347826087 0.015625 0.012228260869565218
0 0.9252717391304348 0.2554347826086957 0.012907608695652174 0.009510869565217392
0 0.9130434782608695 0.24728260869565216 0.012228260869565218 0.009510869565217392
0 0.8369565217391305 0.20380434782608695 0.012228260869565218 0.010190217391304348
0 0.7975543478260869 0.1875 0.012228260869565218 0.010190217391304348
0 0.779891304347826 0.17255434782608695 0.010190217391304348 0.008831521739130434
0 0.6800271739130435 0.008152173913043478 0.004076086956521739 0.004755434782608696
0 0.625 0.05502717391304348 0.008152173913043478 0.008831521739130434
0 0.1800271739130435 0.03192934782608696 0.008152173913043478 0.008152173913043478
0 0.38315217391304346 0.32065217391304346 0.015625 0.012228260869565218
0 0.4429347826086957 0.3389945652173913 0.016304347826086956 0.012228260869565218
0 0.4748641304347826 0.32404891304347827 0.015625 0.012228260869565218
0 0.4945652173913043 0.34578804347826086 0.016304347826086956 0.012228260869565218
0 0.5264945652173914 0.3654891304347826 0.017663043478260868 0.012228260869565218
0 0.5400815217391305 0.38722826086956524 0.017663043478260868 0.012228260869565218
0 0.49184782608695654 0.4673913043478261 0.018342391304347828 0.01358695652173913
0 0.5489130434782609 0.48641304347826086 0.019021739130434784 0.014266304347826086
0 0.8002717391304348 0.45652173913043476 0.018342391304347828 0.01358695652173913
0 0.7853260869565217 0.3953804347826087 0.017663043478260868 0.012907608695652174
0 0.748641304347826 0.37228260869565216 0.016304347826086956 0.012228260869565218
0 0.7167119565217391 0.328125 0.014945652173913044 0.01154891304347826
0 0.8029891304347826 0.35258152173913043 0.015625 0.01154891304347826
0 0.8308423913043478 0.3763586956521739 0.016304347826086956 0.012907608695652174
0 0.9341032608695652 0.4388586956521739 0.018342391304347828 0.012907608695652174
0 0.9639945652173914 0.47622282608695654 0.019021739130434784 0.01358695652173913
0 0.6100543478260869 0.25339673913043476 0.014266304347826086 0.010190217391304348
0 0.5475543478260869 0.19429347826086957 0.014266304347826086 0.009510869565217392
0 0.6453804347826086 0.22894021739130435 0.014266304347826086 0.010190217391304348
0 0.6616847826086957 0.24320652173913043 0.014266304347826086 0.010190217391304348
0 0.6854619565217391 0.25339673913043476 0.014266304347826086 0.010869565217391304
0 0.45040760869565216 0.25407608695652173 0.014266304347826086 0.010190217391304348
0 0.43070652173913043 0.24320652173913043 0.014266304347826086 0.010190217391304348
0 0.41983695652173914 0.22418478260869565 0.014266304347826086 0.010190217391304348
0 0.35665760869565216 0.18342391304347827 0.012907608695652174 0.009510869565217392
0 0.3125 0.17391304347826086 0.012907608695652174 0.009510869565217392
0 0.36141304347826086 0.2547554347826087 0.014266304347826086 0.010190217391304348
0 0.3077445652173913 0.2452445652173913 0.014945652173913044 0.010190217391304348
0 0.6019021739130435 0.11956521739130435 0.01154891304347826 0.008152173913043478
0 0.7432065217391305 0.171875 0.012228260869565218 0.008831521739130434
0 0.8186141304347826 0.1956521739130435 0.012907608695652174 0.008831521739130434
0 0.9490489130434783 0.19904891304347827 0.012228260869565218 0.008831521739130434
0 0.9300271739130435 0.12703804347826086 0.010190217391304348 0.008152173913043478
0 0.9789402173913043 0.16644021739130435 0.01154891304347826 0.008831521739130434
0 0.9952445652173914 0.1949728260869565 0.009510869565217392 0.009510869565217392
0 0.9334239130434783 0.04483695652173913 0.008152173913043478 0.006114130434782609
0 0.9273097826086957 0.036005434782608696 0.006793478260869565 0.006114130434782609
0 0.7574728260869565 0.0033967391304347825 0.006114130434782609 0.005434782608695652
0 0.6433423913043478 0.008831521739130434 0.006114130434782609 0.005434782608695652
0 0.6120923913043478 0.002717391304347826 0.006114130434782609 0.004755434782608696
0 0.6385869565217391 0.04551630434782609 0.008152173913043478 0.006793478260869565
0 0.5570652173913043 0.021059782608695652 0.008152173913043478 0.005434782608695652
0 0.5944293478260869 0.006114130434782609 0.006114130434782609 0.004755434782608696
0 0.18342391304347827 0.043478260869565216 0.008831521739130434 0.006114130434782609
0 0.19293478260869565 0.01970108695652174 0.006793478260869565 0.005434782608695652
0 0.18953804347826086 0.008831521739130434 0.006114130434782609 0.004755434782608696
0 0.14130434782608695 0.01358695652173913 0.006793478260869565 0.005434782608695652
0 0.18206521739130435 0.004076086956521739 0.006114130434782609 0.005434782608695652
0 0.6100543478260869 0.016983695652173912 0.006114130434782609 0.005434782608695652