0 0.04008152173913043 0.8097826086956522 0.016304347826086956 0.014945652173913044
0 0.09307065217391304 0.7751358695652174 0.017663043478260868 0.015625
0 0.18546195652173914 0.8220108695652174 0.01970108695652174 0.016983695652173912
0 0.2452445652173913 0.8084239130434783 0.018342391304347828 0.016304347826086956
0 0.3342391304347826 0.8097826086956522 0.019021739130434784 0.017663043478260868
0 0.452445652173913 0.7751358695652174 0.018342391304347828 0.015625
0 0.8525815217391305 0.8206521739130435 0.019021739130434784 0.016983695652173912
0 0.8525815217391305 0.7961956521739131 0.017663043478260868 0.015625
0 0.9932065217391305 0.7873641304347826 0.01358695652173913 0.020380434782608696
0 0.9449728260869565 0.7730978260869565 0.016304347826086956 0.01358695652173913
0 0.9021739130434783 0.7758152173913043 0.016304347826086956 0.014266304347826086
0 0.8879076086956522 0.7520380434782609 0.012907608695652174 0.01154891304347826
0 0.8485054347826086 0.7547554347826086 0.014266304347826086 0.012228260869565218
0 0.8091032608695652 0.7540760869565217 0.014266304347826086 0.01154891304347826
0 0.766983695652174 0.7995923913043478 0.021059782608695652 0.019021739130434784
0 0.7302989130434783 0.765625 0.014266304347826086 0.012228260869565218
0 0.6603260869565217 0.766983695652174 0.015625 0.01358695652173913
0 0.1331521739130435 0.9952445652173914 0.028532608695652172 0.008831521739130434
0 0.13994565217391305 0.9375 0.026494565217391304 0.01970108695652174
0 0.06385869565217392 0.9225543478260869 0.025815217391304348 0.019021739130434784
0 0.07676630434782608 0.8783967391304348 0.02377717391304348 0.017663043478260868
0 0.004755434782608696 0.8539402173913043 0.009510869565217392 0.016983695652173912
0 0.008152173913043478 0.8091032608695652 0.016304347826086956 0.014945652173913044
0 0.01154891304347826 0.7703804347826086 0.017663043478260868 0.01358695652173913
0 0.044157608695652176 0.7737771739130435 0.018342391304347828 0.01358695652173913
0 0.03260869565217391 0.7846467391304348 0.018342391304347828 0.014266304347826086
0 0.01970108695652174 0.7792119565217391 0.018342391304347828 0.01358695652173913
0 0.10461956521739131 0.8070652173913043 0.020380434782608696 0.014945652173913044
0 0.06589673913043478 0.8070652173913043 0.020380434782608696 0.014945652173913044
0 0.11480978260869565 0.7737771739130435 0.018342391304347828 0.01358695652173913
0 0.14470108695652173 0.7547554347826086 0.016983695652173912 0.012228260869565218
0 0.13383152173913043 0.7887228260869565 0.019021739130434784 0.014266304347826086
0 0.14741847826086957 0.813858695652174 0.020380434782608696 0.014945652173913044
0 0.21263586956521738 0.8403532608695652 0.021739130434782608 0.016304347826086956
0 0.20244565217391305 0.8722826086956522 0.02309782608695652 0.017663043478260868
0 0.1922554347826087 0.8036684782608695 0.01970108695652174 0.014945652173913044
0 0.19089673913043478 0.7615489130434783 0.016983695652173912 0.012907608695652174
0 0.17119565217391305 0.7921195652173914 0.019021739130434784 0.014266304347826086
0 0.1922554347826087 0.751358695652174 0.016304347826086956 0.012228260869565218
0 0.20448369565217392 0.7466032608695652 0.016304347826086956 0.012228260869565218
0 0.16644021739130435 0.7635869565217391 0.017663043478260868 0.012907608695652174
0 0.13043478260869565 0.7703804347826086 0.018342391304347828 0.01358695652173913
0 0.2595108695652174 0.7737771739130435 0.018342391304347828 0.01358695652173913
0 0.2914402173913043 0.7703804347826086 0.018342391304347828 0.01358695652173913
0 0.3077445652173913 0.75 0.016304347826086956 0.012228260869565218
0 0.27921195652173914 0.7459239130434783 0.016304347826086956 0.012228260869565218
0 0.36345108695652173 0.7595108695652174 0.016983695652173912 0.012907608695652174
0 0.34103260869565216 0.7595108695652174 0.016983695652173912 0.012907608695652174
0 0.30842391304347827 0.796875 0.01970108695652174 0.014266304347826086
0 0.3220108695652174 0.766983695652174 0.017663043478260868 0.01358695652173913
0 0.36616847826086957 0.7907608695652174 0.019021739130434784 0.014266304347826086
0 0.39877717391304346 0.7710597826086957 0.018342391304347828 0.01358695652173913
0 0.38315217391304346 0.7710597826086957 0.018342391304347828 0.01358695652173913
0 0.4232336956521739 0.7608695652173914 0.017663043478260868 0.01358695652173913
0 0.46195652173913043 0.766983695652174 0.017663043478260868 0.012907608695652174
0 0.4313858695652174 0.7730978260869565 0.018342391304347828 0.01358695652173913
0 0.4830163043478261 0.7520380434782609 0.016304347826086956 0.012228260869565218
0 0.4952445652173913 0.7622282608695652 0.016983695652173912 0.012907608695652174
0 0.5285326086956522 0.7547554347826086 0.014945652173913044 0.01154891304347826
0 0.5244565217391305 0.7907608695652174 0.01970108695652174 0.014945652173913044
0 0.5434782608695652 0.7629076086956522 0.016304347826086956 0.012228260869565218
0 0.5747282608695652 0.7561141304347826 0.014945652173913044 0.010869565217391304
0 0.6012228260869565 0.7438858695652174 0.01358695652173913 0.010869565217391304
0 0.6012228260869565 0.7663043478260869 0.016983695652173912 0.012228260869565218
0 0.5706521739130435 0.7683423913043478 0.016983695652173912 0.012907608695652174
0 0.5842391304347826 0.7853260869565217 0.01970108695652174 0.014266304347826086
0 0.5597826086956522 0.7873641304347826 0.01970108695652174 0.014945652173913044
0 0.5869565217391305 0.8118206521739131 0.021739130434782608 0.016304347826086956
0 0.6168478260869565 0.8077445652173914 0.021059782608695652 0.015625
0 0.6120923913043478 0.7887228260869565 0.01970108695652174 0.014266304347826086
0 0.639266304347826 0.7629076086956522 0.016304347826086956 0.012228260869565218
0 0.6311141304347826 0.7792119565217391 0.018342391304347828 0.01358695652173913
0 0.5067934782608695 0.795516304347826 0.020380434782608696 0.014945652173913044
0 0.468070652173913 0.8165760869565217 0.021739130434782608 0.016304347826086956
0 0.4279891304347826 0.7900815217391305 0.01970108695652174 0.014945652173913044
0 0.40217391304347827 0.8220108695652174 0.021059782608695652 0.015625
0 0.4388586956521739 0.8315217391304348 0.02309782608695652 0.016983695652173912
0 0.36820652173913043 0.826766304347826 0.021059782608695652 0.015625
0 0.42866847826086957 0.8559782608695652 0.024456521739130436 0.018342391304347828
0 0.3736413043478261 0.8620923913043478 0.02309782608695652 0.016983695652173912
0 0.28804347826086957 0.858016304347826 0.022418478260869564 0.016983695652173912
0 0.35665760869565216 0.9123641304347826 0.025135869565217392 0.019021739130434784
0 0.3797554347826087 0.9408967391304348 0.026494565217391304 0.01970108695652174
0 0.35733695652173914 0.9490489130434783 0.026494565217391304 0.020380434782608696
0 0.25679347826086957 0.9796195652173914 0.027853260869565216 0.021059782608695652
0 0.04483695652173913 0.8960597826086957 0.024456521739130436 0.018342391304347828
0 0.008152173913043478 0.9721467391304348 0.016304347826086956 0.021059782608695652
0 0.5305706521739131 0.8498641304347826 0.025135869565217392 0.018342391304347828
0 0.4952445652173913 0.8566576086956522 0.024456521739130436 0.018342391304347828
0 0.5584239130434783 0.84375 0.024456521739130436 0.018342391304347828
0 0.6052989130434783 0.8471467391304348 0.024456521739130436 0.018342391304347828
0 0.5536684782608695 0.9375 0.030570652173913044 0.02309782608695652
0 0.47554347826086957 0.9381793478260869 0.027853260869565216 0.021059782608695652
0 0.6528532608695652 0.9354619565217391 0.030570652173913044 0.02309782608695652
0 0.6297554347826086 0.9157608695652174 0.029211956521739132 0.022418478260869564
0 0.6677989130434783 0.8349184782608695 0.02377717391304348 0.017663043478260868
0 0.7418478260869565 0.8213315217391305 0.022418478260869564 0.016983695652173912
0 0.734375 0.9245923913043478 0.030570652173913044 0.02309782608695652
0 0.7778532608695652 0.9334239130434783 0.03125 0.02309782608695652
0 0.860733695652174 0.9422554347826086 0.03192934782608696 0.02377717391304348
0 0.8980978260869565 0.889266304347826 0.027853260869565216 0.021059782608695652
0 0.8057065217391305 0.8634510869565217 0.026494565217391304 0.01970108695652174
0 0.8274456521739131 0.8362771739130435 0.02377717391304348 0.017663043478260868
0 0.798233695652174 0.8362771739130435 0.02377717391304348 0.017663043478260868
0 0.8913043478260869 0.8383152173913043 0.02377717391304348 0.017663043478260868
0 0.9605978260869565 0.8322010869565217 0.02377717391304348 0.017663043478260868
0 0.9775815217391305 0.8688858695652174 0.025815217391304348 0.01970108695652174
0 0.9775815217391305 0.8125 0.02309782608695652 0.016983695652173912
0 0.9966032608695652 0.7744565217391305 0.006793478260869565 0.014266304347826086
0 0.9755434782608695 0.7601902173913043 0.016304347826086956 0.012228260869565218
0 0.8532608695652174 0.7737771739130435 0.017663043478260868 0.012907608695652174
0 0.8913043478260869 0.78125 0.019021739130434784 0.014266304347826086
0 0.921875 0.7649456521739131 0.016983695652173912 0.012907608695652174
0 0.7989130434782609 0.795516304347826 0.01970108695652174 0.014945652173913044
0 0.7758152173913043 0.7751358695652174 0.017663043478260868 0.01358695652173913
0 0.7805706521739131 0.7608695652173914 0.016304347826086956 0.01154891304347826
0 0.7520380434782609 0.7445652173913043 0.012907608695652174 0.010190217391304348
0 0.733016304347826 0.7425271739130435 0.012907608695652174 0.009510869565217392
0 0.751358695652174 0.766983695652174 0.016983695652173912 0.012228260869565218
0 0.6841032608695652 0.7527173913043478 0.014266304347826086 0.010869565217391304
0 0.6936141304347826 0.782608695652174 0.018342391304347828 0.01358695652173913
0 0.7146739130434783 0.798233695652174 0.020380434782608696 0.014945652173913044
0 0.09307065217391304 0.7601902173913043 0.017663043478260868 0.012907608695652174
0 0.07336956521739131 0.7663043478260869 0.017663043478260868 0.01358695652173913
0 0.05298913043478261 0.7663043478260869 0.017663043478260868 0.012907608695652174
0 0.07608695652173914 0.7805706521739131 0.018342391304347828 0.01358695652173913
0 0.04483695652173913 0.5774456521739131 0.005434782608695652 0.004076086956521739
0 0.7438858695652174 0.579483695652174 0.014945652173913044 0.010869565217391304