0 0.2391304347826087 0.7533967391304348 0.007472826086956522 0.007472826086956522
0 0.08423913043478261 0.6902173913043478 0.007472826086956522 0.006114130434782609
0 0.06589673913043478 0.6942934782608695 0.007472826086956522 0.005434782608695652
0 0.9300271739130435 0.985733695652174 0.012228260869565218 0.008152173913043478
0 0.9150815217391305 0.9891304347826086 0.012228260869565218 0.008831521739130434
0 0.6059782608695652 0.890625 0.01154891304347826 0.007472826086956522
0 0.6270380434782609 0.8783967391304348 0.010869565217391304 0.007472826086956522
0 0.47078804347826086 0.9354619565217391 0.012228260869565218 0.007472826086956522
0 0.34646739130434784 0.7880434782608695 0.009510869565217392 0.006793478260869565
0 0.42391304347826086 0.8192934782608695 0.010190217391304348 0.006793478260869565
0 0.406929347826087 0.811141304347826 0.009510869565217392 0.006793478260869565
0 0.32133152173913043 0.8029891304347826 0.009510869565217392 0.006793478260869565
0 0.33627717391304346 0.8023097826086957 0.009510869565217392 0.006793478260869565
0 0.296195652173913 0.8077445652173914 0.010190217391304348 0.006793478260869565
0 0.25 0.7452445652173914 0.008831521739130434 0.006114130434782609
0 0.2669836956521739 0.7336956521739131 0.009510869565217392 0.005434782608695652
0 0.07880434782608696 0.6039402173913043 0.006793478260869565 0.004076086956521739
0 0.1331521739130435 0.563858695652174 0.005434782608695652 0.0033967391304347825
0 0.12160326086956522 0.5713315217391305 0.005434782608695652 0.0033967391304347825
0 0.37839673913043476 0.5400815217391305 0.004755434782608696 0.0033967391304347825
0 0.6311141304347826 0.30978260869565216 0.009510869565217392 0.006114130434782609
0 0.6216032608695652 0.3125 0.009510869565217392 0.006793478260869565
0 0.6229619565217391 0.25883152173913043 0.009510869565217392 0.006793478260869565
0 0.6270380434782609 0.2601902173913043 0.009510869565217392 0.006114130434782609
0 0.6134510869565217 0.26154891304347827 0.009510869565217392 0.006114130434782609
0 0.6086956521739131 0.2595108695652174 0.009510869565217392 0.006793478260869565
0 0.5876358695652174 0.23369565217391305 0.008152173913043478 0.005434782608695652
0 0.41372282608695654 0.27377717391304346 0.034646739130434784 0.02309782608695652
0 0.40353260869565216 0.2764945652173913 0.034646739130434784 0.02309782608695652
0 0.34035326086956524 0.2798913043478261 0.034646739130434784 0.02309782608695652
0 0.06453804347826086 0.26358695652173914 0.014945652173913044 0.009510869565217392
0 0.034646739130434784 0.25271739130434784 0.014945652173913044 0.009510869565217392
0 0.058423913043478264 0.24864130434782608 0.014945652173913044 0.009510869565217392
0 0.06385869565217392 0.25 0.014945652173913044 0.009510869565217392
0 0.06861413043478261 0.250679347826087 0.014945652173913044 0.009510869565217392
0 0.21603260869565216 0.265625 0.006114130434782609 0.0033967391304347825
0 0.5502717391304348 0.2112771739130435 0.03736413043478261 0.025135869565217392
0 0.5720108695652174 0.20652173913043478 0.008152173913043478 0.005434782608695652
0 0.5149456521739131 0.21603260869565216 0.03736413043478261 0.025135869565217392
0 0.6243206521739131 0.30910326086956524 0.009510869565217392 0.006114130434782609
0 0.5101902173913043 0.3111413043478261 0.008831521739130434 0.005434782608695652
0 0.5163043478260869 0.30978260869565216 0.008152173913043478 0.005434782608695652
0 0.296875 0.2826086956521739 0.034646739130434784 0.02309782608695652
0 0.21942934782608695 0.26834239130434784 0.006114130434782609 0.004076086956521739
0 0.21467391304347827 0.26834239130434784 0.005434782608695652 0.0033967391304347825
0 0.2269021739130435 0.26834239130434784 0.005434782608695652 0.004076086956521739
0 0.06114130434782609 0.26358695652173914 0.014945652173913044 0.009510869565217392