0 0.5618206521739131 0.798233695652174 0.14605978260869565 0.1297554347826087
0 0.266304347826087 0.41847826086956524 0.06182065217391304 0.06182065217391304
0 0.4476902173913043 0.375 0.044157608695652176 0.042119565217391304
0 0.5027173913043478 0.33152173913043476 0.044157608695652176 0.04076086956521739
0 0.47622282608695654 0.3077445652173913 0.03192934782608696 0.03328804347826087
0 0.485054347826087 0.27377717391304346 0.03192934782608696 0.029891304347826088
0 0.7398097826086957 0.2860054347826087 0.036005434782608696 0.02717391304347826
0 0.6881793478260869 0.311820652173913 0.04619565217391304 0.03940217391304348
0 0.5536684782608695 0.3342391304347826 0.044157608695652176 0.04076086956521739
0 0.4782608695652174 0.30502717391304346 0.036005434782608696 0.034646739130434784
0 0.438179347826087 0.2860054347826087 0.027853260869565216 0.028532608695652172
0 0.45516304347826086 0.2642663043478261 0.029891304347826088 0.02717391304347826
0 0.24388586956521738 0.30434782608695654 0.044157608695652176 0.036005434782608696
0 0.23709239130434784 0.2710597826086957 0.029891304347826088 0.02717391304347826
0 0.18614130434782608 0.28872282608695654 0.036005434782608696 0.04076086956521739
0 0.10733695652173914 0.3383152173913043 0.03804347826086957 0.036005434782608696
0 0.7418478260869565 0.45991847826086957 0.04619565217391304 0.03940217391304348
0 0.8858695652173914 0.390625 0.059782608695652176 0.04823369565217391
0 0.8430706521739131 0.343070652173913 0.04619565217391304 0.03328804347826087
0 0.938858695652174 0.32065217391304346 0.036005434782608696 0.029891304347826088
0 0.8756793478260869 0.2921195652173913 0.03804347826086957 0.03328804347826087
0 0.9116847826086957 0.281929347826087 0.036005434782608696 0.029891304347826088
0 0.96875 0.29959239130434784 0.029891304347826088 0.029891304347826088
0 0.8627717391304348 0.2554347826086957 0.03192934782608696 0.02717391304347826
0 0.923233695652174 0.24048913043478262 0.029891304347826088 0.02717391304347826
0 0.4110054347826087 0.12092391304347826 0.029891304347826088 0.029891304347826088
0 0.03125 0.13043478260869565 0.017663043478260868 0.021059782608695652
0 0.24388586956521738 0.22826086956521738 0.02377717391304348 0.01970108695652174
0 0.18885869565217392 0.23165760869565216 0.029891304347826088 0.02377717391304348
0 0.10190217391304347 0.2235054347826087 0.02377717391304348 0.022418478260869564
0 0.1331521739130435 0.25203804347826086 0.027853260869565216 0.02377717391304348
0 0.2798913043478261 0.25203804347826086 0.03192934782608696 0.029891304347826088
0 0.34103260869565216 0.250679347826087 0.03804347826086957 0.034646739130434784
0 0.35597826086956524 0.27853260869565216 0.04008152173913043 0.036005434782608696
0 0.035326086956521736 0.24796195652173914 0.029891304347826088 0.028532608695652172
0 0.052309782608695655 0.297554347826087 0.03804347826086957 0.03940217391304348
0 0.21875 0.23777173913043478 0.02377717391304348 0.022418478260869564
0 0.38722826086956524 0.25271739130434784 0.02377717391304348 0.022418478260869564
0 0.65625 0.657608695652174 0.12432065217391304 0.09510869565217392
0 0.6650815217391305 0.5319293478260869 0.057744565217391304 0.043478260869565216
0 0.7377717391304348 0.5516304347826086 0.059782608695652176 0.04551630434782609
0 0.7139945652173914 0.7248641304347826 0.1358695652173913 0.10258152173913043
0 0.13111413043478262 0.7710597826086957 0.1480978260869565 0.11141304347826086
0 0.014266304347826086 0.5998641304347826 0.027853260869565216 0.08559782608695653
0 0.13722826086956522 0.5360054347826086 0.09375 0.06929347826086957
0 0.22282608695652173 0.5 0.07404891304347826 0.057065217391304345
0 0.548233695652174 0.2561141304347826 0.027853260869565216 0.021059782608695652
0 0.5149456521739131 0.2262228260869565 0.014266304347826086 0.010869565217391304
0 0.281929347826087 0.28872282608695654 0.044157608695652176 0.03192934782608696
0 0.15489130434782608 0.3016304347826087 0.042119565217391304 0.03192934782608696
0 0.044157608695652176 0.36684782608695654 0.06182065217391304 0.046875
0 0.8192934782608695 0.46059782608695654 0.05366847826086957 0.042119565217391304
0 0.8009510869565217 0.38179347826086957 0.050271739130434784 0.03736413043478261
0 0.8240489130434783 0.14741847826086957 0.012228260869565218 0.008831521739130434
0 0.7479619565217391 0.1358695652173913 0.02377717391304348 0.018342391304347828
0 0.9959239130434783 0.1671195652173913 0.008152173913043478 0.014945652173913044
0 0.28872282608695654 0.23777173913043478 0.027853260869565216 0.021059782608695652
0 0.1297554347826087 0.23709239130434784 0.027853260869565216 0.021059782608695652