0 0.9707880434782609 0.6841032608695652 0.012228260869565218 0.010869565217391304
0 0.3328804347826087 0.6942934782608695 0.016304347826086956 0.012907608695652174
0 0.3342391304347826 0.5625 0.008152173913043478 0.006114130434782609
0 0.005434782608695652 0.6100543478260869 0.010190217391304348 0.009510869565217392
0 0.7384510869565217 0.6759510869565217 0.012907608695652174 0.01154891304347826
0 0.6739130434782609 0.6324728260869565 0.012228260869565218 0.010869565217391304
0 0.6426630434782609 0.654891304347826 0.012228260869565218 0.010190217391304348
0 0.09103260869565218 0.6936141304347826 0.017663043478260868 0.014945652173913044
0 0.035326086956521736 0.6766304347826086 0.01358695652173913 0.012907608695652174
0 0.842391304347826 0.701766304347826 0.012907608695652174 0.01154891304347826
0 0.7078804347826086 0.6120923913043478 0.009510869565217392 0.008152173913043478
0 0.7819293478260869 0.6229619565217391 0.010190217391304348 0.009510869565217392
0 0.14741847826086957 0.6453804347826086 0.012907608695652174 0.010869565217391304
0 0.9646739130434783 0.7207880434782609 0.012228260869565218 0.012907608695652174
0 0.6385869565217391 0.6019021739130435 0.009510869565217392 0.008831521739130434
0 0.19701086956521738 0.6616847826086957 0.015625 0.010869565217391304
0 0.6012228260869565 0.625 0.010190217391304348 0.009510869565217392
0 0.563858695652174 0.6447010869565217 0.012228260869565218 0.010869565217391304
0 0.18070652173913043 0.578125 0.008152173913043478 0.006793478260869565
0 0.4361413043478261 0.8274456521739131 0.021059782608695652 0.015625
0 0.15828804347826086 0.717391304347826 0.019021739130434784 0.016304347826086956
0 0.48165760869565216 0.6338315217391305 0.010190217391304348 0.008831521739130434
0 0.951766304347826 0.6508152173913043 0.009510869565217392 0.008831521739130434
0 0.05434782608695652 0.6209239130434783 0.010190217391304348 0.008152173913043478
0 0.26834239130434784 0.59375 0.009510869565217392 0.008152173913043478
0 0.5686141304347826 0.5502717391304348 0.006793478260869565 0.004755434782608696
0 0.515625 0.5896739130434783 0.006793478260869565 0.006114130434782609
0 0.3138586956521739 0.6032608695652174 0.010190217391304348 0.008831521739130434
0 0.37092391304347827 0.610733695652174 0.009510869565217392 0.008152173913043478
0 0.42459239130434784 0.6222826086956522 0.010190217391304348 0.008831521739130434
0 0.468070652173913 0.6052989130434783 0.009510869565217392 0.008152173913043478
0 0.421195652173913 0.5930706521739131 0.008152173913043478 0.006793478260869565
0 0.375679347826087 0.5672554347826086 0.008152173913043478 0.006793478260869565
0 0.40421195652173914 0.5604619565217391 0.006793478260869565 0.006114130434782609
0 0.46467391304347827 0.5822010869565217 0.008152173913043478 0.006114130434782609
0 0.6025815217391305 0.5815217391304348 0.006793478260869565 0.006114130434782609
0 0.6100543478260869 0.5536684782608695 0.006114130434782609 0.005434782608695652
0 0.6773097826086957 0.5489130434782609 0.006114130434782609 0.004755434782608696
0 0.7866847826086957 0.5536684782608695 0.004076086956521739 0.004755434782608696
0 0.8498641304347826 0.6644021739130435 0.012907608695652174 0.009510869565217392
0 0.8648097826086957 0.6358695652173914 0.009510869565217392 0.009510869565217392
0 0.8709239130434783 0.609375 0.008152173913043478 0.006114130434782609
0 0.9572010869565217 0.6141304347826086 0.009510869565217392 0.006793478260869565
0 0.5427989130434783 0.7459239130434783 0.018342391304347828 0.012907608695652174
0 0.6494565217391305 0.7697010869565217 0.019021739130434784 0.01358695652173913
0 0.5570652173913043 0.8654891304347826 0.024456521739130436 0.016304347826086956
0 0.9775815217391305 0.8654891304347826 0.022418478260869564 0.014945652173913044
0 0.31046195652173914 0.7839673913043478 0.022418478260869564 0.014266304347826086
0 0.42866847826086957 0.71875 0.018342391304347828 0.012228260869565218
0 0.7493206521739131 0.9184782608695652 0.024456521739130436 0.016304347826086956
0 0.20584239130434784 0.7520380434782609 0.021739130434782608 0.014945652173913044
0 0.7805706521739131 0.7995923913043478 0.017663043478260868 0.01154891304347826
0 0.09035326086956522 0.6317934782608695 0.01358695652173913 0.009510869565217392
0 0.8023097826086957 0.6025815217391305 0.010190217391304348 0.006793478260869565
0 0.811141304347826 0.5387228260869565 0.004076086956521739 0.002717391304347826
0 0.5332880434782609 0.6148097826086957 0.01154891304347826 0.006793478260869565
0 0.265625 0.6807065217391305 0.017663043478260868 0.01154891304347826
0 0.6589673913043478 0.5577445652173914 0.006793478260869565 0.005434782608695652
0 0.7547554347826086 0.5394021739130435 0.004076086956521739 0.002717391304347826
0 0.2418478260869565 0.5672554347826086 0.008831521739130434 0.005434782608695652
0 0.7574728260869565 0.5740489130434783 0.008152173913043478 0.006114130434782609
0 0.8043478260869565 0.5475543478260869 0.005434782608695652 0.0033967391304347825
0 0.8933423913043478 0.5706521739130435 0.006793478260869565 0.004755434782608696
0 0.9741847826086957 0.9864130434782609 0.02717391304347826 0.017663043478260868
0 0.004755434782608696 0.6745923913043478 0.009510869565217392 0.01154891304347826
0 0.14334239130434784 0.5754076086956522 0.006793478260869565 0.005434782608695652
0 0.22486413043478262 0.5876358695652174 0.010190217391304348 0.006793478260869565
0 0.37296195652173914 0.5896739130434783 0.010190217391304348 0.006793478260869565
0 0.328125 0.579483695652174 0.008831521739130434 0.006114130434782609
0 0.27717391304347827 0.5686141304347826 0.008831521739130434 0.006114130434782609
0 0.46467391304347827 0.5631793478260869 0.008152173913043478 0.005434782608695652
0 0.44157608695652173 0.5332880434782609 0.006793478260869565 0.004755434782608696
0 0.5054347826086957 0.5726902173913043 0.008152173913043478 0.005434782608695652
0 0.5407608695652174 0.5692934782608695 0.008152173913043478 0.005434782608695652
0 0.5998641304347826 0.5244565217391305 0.0020380434782608695 0.0020380434782608695
0 0.5244565217391305 0.5217391304347826 0.005434782608695652 0.002717391304347826
0 0.6365489130434783 0.546875 0.006114130434782609 0.004076086956521739
0 0.7004076086956522 0.5434782608695652 0.005434782608695652 0.0033967391304347825
0 0.7092391304347826 0.563858695652174 0.006793478260869565 0.004755434782608696
0 0.7282608695652174 0.5543478260869565 0.006114130434782609 0.004076086956521739
0 0.7438858695652174 0.5441576086956522 0.005434782608695652 0.002717391304347826
0 0.7751358695652174 0.5597826086956522 0.006793478260869565 0.004755434782608696
0 0.8226902173913043 0.5760869565217391 0.008152173913043478 0.006114130434782609
0 0.8308423913043478 0.563858695652174 0.006793478260869565 0.004755434782608696
0 0.7323369565217391 0.5978260869565217 0.010190217391304348 0.006793478260869565
0 0.8566576086956522 0.5339673913043478 0.0033967391304347825 0.0020380434782608695
0 0.8539402173913043 0.5380434782608695 0.004076086956521739 0.002717391304347826
0 0.8519021739130435 0.5461956521739131 0.005434782608695652 0.0033967391304347825
0 0.7635869565217391 0.6460597826086957 0.012907608695652174 0.008152173913043478
0 0.8933423913043478 0.5584239130434783 0.006114130434782609 0.004076086956521739
0 0.9008152173913043 0.545516304347826 0.005434782608695652 0.0033967391304347825
0 0.9035326086956522 0.5407608695652174 0.004076086956521739 0.002717391304347826
0 0.904891304347826 0.5339673913043478 0.004076086956521739 0.0020380434782608695
0 0.9476902173913043 0.5292119565217391 0.004076086956521739 0.0020380434782608695
0 0.9538043478260869 0.5332880434782609 0.004076086956521739 0.002717391304347826
0 0.954483695652174 0.5407608695652174 0.004076086956521739 0.0033967391304347825
0 0.954483695652174 0.5441576086956522 0.005434782608695652 0.0033967391304347825
0 0.9504076086956522 0.546875 0.005434782608695652 0.004076086956521739
0 0.9510869565217391 0.5543478260869565 0.006114130434782609 0.004076086956521739
0 0.9524456521739131 0.5658967391304348 0.006793478260869565 0.004755434782608696
0 0.9538043478260869 0.5855978260869565 0.008152173913043478 0.005434782608695652
0 0.9993206521739131 0.5461956521739131 0.0006793478260869565 0.0033967391304347825
0 0.9932065217391305 0.5407608695652174 0.005434782608695652 0.002717391304347826
0 0.9959239130434783 0.5339673913043478 0.004076086956521739 0.002717391304347826