0 0.904891304347826 0.7527173913043478 0.029891304347826088 0.033967391304347824
0 0.970108695652174 0.7112771739130435 0.022418478260869564 0.022418478260869564
0 0.9911684782608695 0.7004076086956522 0.017663043478260868 0.020380434782608696
0 0.8851902173913043 0.6956521739130435 0.02717391304347826 0.026494565217391304
0 0.9239130434782609 0.6963315217391305 0.022418478260869564 0.022418478260869564
0 0.7459239130434783 0.7398097826086957 0.04008152173913043 0.041440217391304345
0 0.6922554347826086 0.7010869565217391 0.029891304347826088 0.029891304347826088
0 0.8240489130434783 0.6990489130434783 0.02717391304347826 0.024456521739130436
0 0.7934782608695652 0.6929347826086957 0.022418478260869564 0.022418478260869564
0 0.4476902173913043 0.7432065217391305 0.04755434782608696 0.050951086956521736
0 0.5115489130434783 0.6956521739130435 0.03736413043478261 0.033967391304347824
0 0.09375 0.7418478260869565 0.059782608695652176 0.050951086956521736
0 0.033967391304347824 0.970108695652174 0.06725543478260869 0.05638586956521739
0 0.07133152173913043 0.5421195652173914 0.02717391304347826 0.020380434782608696
0 0.008831521739130434 0.5217391304347826 0.017663043478260868 0.020380434782608696
0 0.021059782608695652 0.5421195652173914 0.01970108695652174 0.016983695652173912
0 0.10733695652173914 0.5509510869565217 0.022418478260869564 0.020380434782608696
0 0.13722826086956522 0.5461956521739131 0.02717391304347826 0.022418478260869564
0 0.20108695652173914 0.5726902173913043 0.029891304347826088 0.028532608695652172
0 0.20516304347826086 0.5862771739130435 0.035326086956521736 0.033967391304347824
0 0.20720108695652173 0.6046195652173914 0.035326086956521736 0.033967391304347824
0 0.23029891304347827 0.6351902173913043 0.04008152173913043 0.033967391304347824
0 0.26970108695652173 0.6589673913043478 0.04483695652173913 0.036005434782608696
0 0.27377717391304346 0.576766304347826 0.03260869565217391 0.029891304347826088
0 0.2601902173913043 0.59375 0.04755434782608696 0.043478260869565216
0 0.3138586956521739 0.5998641304347826 0.029891304347826088 0.028532608695652172
0 0.3335597826086957 0.608016304347826 0.029891304347826088 0.028532608695652172
0 0.3702445652173913 0.5876358695652174 0.01970108695652174 0.016983695652173912
0 0.35529891304347827 0.6202445652173914 0.029891304347826088 0.028532608695652172
0 0.38247282608695654 0.6365489130434783 0.04008152173913043 0.041440217391304345
0 0.38654891304347827 0.6589673913043478 0.04008152173913043 0.03736413043478261
0 0.4076086956521739 0.6440217391304348 0.03260869565217391 0.029891304347826088
0 0.4361413043478261 0.6616847826086957 0.03736413043478261 0.029891304347826088
0 0.4585597826086957 0.6290760869565217 0.02717391304347826 0.026494565217391304
0 0.421195652173913 0.6175271739130435 0.022418478260869564 0.022418478260869564
0 0.48845108695652173 0.5862771739130435 0.012228260869565218 0.014945652173913044
0 0.5 0.6127717391304348 0.022418478260869564 0.022418478260869564
0 0.5061141304347826 0.6514945652173914 0.022418478260869564 0.026494565217391304
0 0.5251358695652174 0.6589673913043478 0.029891304347826088 0.026494565217391304
0 0.561141304347826 0.6698369565217391 0.029891304347826088 0.026494565217391304
0 0.5665760869565217 0.6453804347826086 0.022418478260869564 0.020380434782608696
0 0.592391304347826 0.6501358695652174 0.02717391304347826 0.022418478260869564
0 0.6100543478260869 0.6739130434782609 0.02717391304347826 0.022418478260869564
0 0.6351902173913043 0.6895380434782609 0.029891304347826088 0.028532608695652172
0 0.5197010869565217 0.5964673913043478 0.012228260869565218 0.014945652173913044
0 0.5387228260869565 0.6127717391304348 0.01970108695652174 0.016983695652173912
0 0.563858695652174 0.6175271739130435 0.01970108695652174 0.020380434782608696
0 0.6487771739130435 0.6616847826086957 0.02717391304347826 0.028532608695652172
0 0.6752717391304348 0.6229619565217391 0.017663043478260868 0.014945652173913044
0 0.6813858695652174 0.6365489130434783 0.01970108695652174 0.016983695652173912
0 0.6915760869565217 0.654891304347826 0.02717391304347826 0.026494565217391304
0 0.71875 0.6684782608695652 0.01970108695652174 0.016983695652173912
0 0.6990489130434783 0.6745923913043478 0.02717391304347826 0.024456521739130436
0 0.7160326086956522 0.6154891304347826 0.017663043478260868 0.014945652173913044
0 0.7452445652173914 0.6413043478260869 0.017663043478260868 0.016983695652173912
0 0.7411684782608695 0.6691576086956522 0.022418478260869564 0.020380434782608696
0 0.7309782608695652 0.6841032608695652 0.022418478260869564 0.022418478260869564
0 0.7635869565217391 0.6637228260869565 0.017663043478260868 0.020380434782608696
0 0.7540760869565217 0.6494565217391305 0.02717391304347826 0.022418478260869564
0 0.7873641304347826 0.65625 0.022418478260869564 0.020380434782608696
0 0.782608695652174 0.6440217391304348 0.022418478260869564 0.022418478260869564
0 0.8097826086956522 0.6650815217391305 0.01970108695652174 0.016983695652173912
0 0.7900815217391305 0.6793478260869565 0.022418478260869564 0.022418478260869564
0 0.8362771739130435 0.6820652173913043 0.017663043478260868 0.020380434782608696
0 0.8389945652173914 0.6616847826086957 0.022418478260869564 0.020380434782608696
0 0.8539402173913043 0.6671195652173914 0.022418478260869564 0.020380434782608696
0 0.8464673913043478 0.6501358695652174 0.022418478260869564 0.020380434782608696
0 0.8960597826086957 0.6487771739130435 0.022418478260869564 0.020380434782608696
0 0.875 0.6542119565217391 0.022418478260869564 0.020380434782608696
0 0.876358695652174 0.6739130434782609 0.022418478260869564 0.020380434782608696
0 0.8797554347826086 0.6820652173913043 0.022418478260869564 0.022418478260869564
0 0.8940217391304348 0.6684782608695652 0.01970108695652174 0.020380434782608696
0 0.904891304347826 0.6596467391304348 0.017663043478260868 0.014945652173913044
0 0.904891304347826 0.673233695652174 0.017663043478260868 0.016983695652173912
0 0.9089673913043478 0.6834239130434783 0.022418478260869564 0.022418478260869564
0 0.9436141304347826 0.6759510869565217 0.01970108695652174 0.016983695652173912
0 0.8627717391304348 0.9266304347826086 0.06997282608695653 0.052309782608695655
0 0.9836956521739131 0.7887228260869565 0.03260869565217391 0.03192934782608696
0 0.9551630434782609 0.7309782608695652 0.03260869565217391 0.024456521739130436
0 0.5801630434782609 0.904891304347826 0.07472826086956522 0.058423913043478264
0 0.125 0.9001358695652174 0.08016304347826086 0.06046195652173913
0 0.9490489130434783 0.6915760869565217 0.025135869565217392 0.019021739130434784
0 0.9714673913043478 0.6929347826086957 0.025135869565217392 0.019021739130434784
0 0.8410326086956522 0.7377717391304348 0.03260869565217391 0.026494565217391304
0 0.8389945652173914 0.7255434782608695 0.03260869565217391 0.022418478260869564
0 0.6677989130434783 0.8389945652173914 0.059782608695652176 0.04483695652173913
0 0.5774456521739131 0.7819293478260869 0.05502717391304348 0.041440217391304345
0 0.06521739130434782 0.782608695652174 0.06997282608695653 0.050951086956521736
0 0.06725543478260869 0.7180706521739131 0.059782608695652176 0.04483695652173913
0 0.12771739130434784 0.6202445652173914 0.04483695652173913 0.033967391304347824
0 0.02377717391304348 0.6379076086956522 0.04755434782608696 0.036005434782608696
0 0.04755434782608696 0.5998641304347826 0.04008152173913043 0.029891304347826088
0 0.059782608695652176 0.5801630434782609 0.035326086956521736 0.026494565217391304
0 0.07269021739130435 0.5645380434782609 0.029891304347826088 0.024456521739130436
0 0.033967391304347824 0.5346467391304348 0.022418478260869564 0.016983695652173912
0 0.010190217391304348 0.5461956521739131 0.01970108695652174 0.020380434782608696
0 0.16644021739130435 0.5543478260869565 0.02717391304347826 0.022418478260869564
0 0.21467391304347827 0.5618206521739131 0.035326086956521736 0.026494565217391304
0 0.30502717391304346 0.5645380434782609 0.04008152173913043 0.028532608695652172
0 0.3077445652173913 0.5862771739130435 0.035326086956521736 0.028532608695652172
0 0.3389945652173913 0.5876358695652174 0.035326086956521736 0.026494565217391304
0 0.38858695652173914 0.5964673913043478 0.02717391304347826 0.019021739130434784
0 0.4048913043478261 0.6073369565217391 0.029891304347826088 0.022418478260869564
0 0.43478260869565216 0.5835597826086957 0.010190217391304348 0.009510869565217392
0 0.45652173913043476 0.595108695652174 0.017663043478260868 0.012907608695652174
0 0.48029891304347827 0.608016304347826 0.022418478260869564 0.016983695652173912
0 0.5088315217391305 0.6290760869565217 0.02717391304347826 0.020380434782608696
0 0.53125 0.6304347826086957 0.02717391304347826 0.019021739130434784
0 0.5448369565217391 0.6379076086956522 0.025135869565217392 0.020380434782608696
0 0.5387228260869565 0.592391304347826 0.017663043478260868 0.012907608695652174
0 0.5563858695652174 0.5964673913043478 0.017663043478260868 0.012907608695652174
0 0.5822010869565217 0.6202445652173914 0.022418478260869564 0.016983695652173912
0 0.6025815217391305 0.5998641304347826 0.017663043478260868 0.012907608695652174
0 0.6277173913043478 0.6032608695652174 0.014945652173913044 0.01154891304347826
0 0.6725543478260869 0.6100543478260869 0.014945652173913044 0.009510869565217392
0 0.6487771739130435 0.6100543478260869 0.014945652173913044 0.01154891304347826
0 0.6413043478260869 0.6324728260869565 0.022418478260869564 0.016983695652173912
0 0.626358695652174 0.6175271739130435 0.01970108695652174 0.012907608695652174
0 0.6175271739130435 0.6202445652173914 0.01970108695652174 0.014945652173913044
0 0.6324728260869565 0.6440217391304348 0.025135869565217392 0.016983695652173912
0 0.6209239130434783 0.6569293478260869 0.02717391304347826 0.020380434782608696
0 0.6610054347826086 0.65625 0.02717391304347826 0.019021739130434784
0 0.6684782608695652 0.639266304347826 0.022418478260869564 0.016983695652173912
0 0.6589673913043478 0.6277173913043478 0.01970108695652174 0.014945652173913044
0 0.7289402173913043 0.6229619565217391 0.022418478260869564 0.014945652173913044
0 0.7398097826086957 0.6175271739130435 0.017663043478260868 0.012907608695652174
0 0.717391304347826 0.639266304347826 0.022418478260869564 0.016983695652173912
0 0.7615489130434783 0.6324728260869565 0.022418478260869564 0.016983695652173912
0 0.7574728260869565 0.6182065217391305 0.01970108695652174 0.014945652173913044
0 0.7839673913043478 0.6243206521739131 0.022418478260869564 0.014945652173913044
0 0.7975543478260869 0.625 0.025135869565217392 0.020380434782608696
0 0.8165760869565217 0.6372282608695652 0.02717391304347826 0.019021739130434784
0 0.8165760869565217 0.625 0.029891304347826088 0.020380434782608696
0 0.8240489130434783 0.5862771739130435 0.022418478260869564 0.016983695652173912
0 0.8349184782608695 0.6379076086956522 0.02717391304347826 0.020380434782608696
0 0.8240489130434783 0.65625 0.025135869565217392 0.019021739130434784
0 0.8036684782608695 0.673233695652174 0.025135869565217392 0.019021739130434784
0 0.8851902173913043 0.6413043478260869 0.025135869565217392 0.019021739130434784
0 0.9225543478260869 0.6711956521739131 0.025135869565217392 0.019021739130434784
0 0.9585597826086957 0.6766304347826086 0.022418478260869564 0.016983695652173912
0 0.9762228260869565 0.6793478260869565 0.022418478260869564 0.016983695652173912
0 0.9938858695652174 0.6854619565217391 0.012228260869565218 0.016983695652173912