0 0.18478260869565216 0.9191576086956522 0.11820652173913043 0.10054347826086957
0 0.20991847826086957 0.8722826086956522 0.078125 0.07065217391304347
0 0.17459239130434784 0.7927989130434783 0.06793478260869565 0.057744565217391304
0 0.16032608695652173 0.7595108695652174 0.046875 0.036005434782608696
0 0.16032608695652173 0.7269021739130435 0.04076086956521739 0.030570652173913044
0 0.13111413043478262 0.7024456521739131 0.04008152173913043 0.036684782608695655
0 0.2758152173913043 0.6800271739130435 0.029211956521739132 0.025815217391304348
0 0.2710597826086957 0.7269021739130435 0.03125 0.025815217391304348
0 0.26290760869565216 0.7832880434782609 0.08763586956521739 0.07404891304347826
0 0.31521739130434784 0.782608695652174 0.050951086956521736 0.049592391304347824
0 0.36141304347826086 0.7764945652173914 0.04619565217391304 0.03804347826086957
0 0.35665760869565216 0.8627717391304348 0.09782608695652174 0.08899456521739131
0 0.46127717391304346 0.9001358695652174 0.14130434782608695 0.11888586956521739
0 0.5373641304347826 0.8566576086956522 0.10190217391304347 0.08763586956521739
0 0.5822010869565217 0.9572010869565217 0.15081521739130435 0.058423913043478264
0 0.7527173913043478 0.9422554347826086 0.13722826086956522 0.07133152173913043
0 0.7248641304347826 0.8722826086956522 0.13111413043478262 0.10869565217391304
0 0.7072010869565217 0.8097826086956522 0.06929347826086957 0.05366847826086957
0 0.5366847826086957 0.8091032608695652 0.06657608695652174 0.052309782608695655
0 0.485054347826087 0.7934782608695652 0.06589673913043478 0.05638586956521739
0 0.5760869565217391 0.7764945652173914 0.06317934782608696 0.058423913043478264
0 0.6175271739130435 0.7724184782608695 0.043478260869565216 0.04076086956521739
0 0.7364130434782609 0.75 0.03736413043478261 0.03328804347826087
0 0.6949728260869565 0.7364130434782609 0.050271739130434784 0.042119565217391304
0 0.8573369565217391 0.7092391304347826 0.06793478260869565 0.06182065217391304
0 0.8899456521739131 0.8342391304347826 0.10326086956521739 0.08220108695652174
0 0.38858695652173914 0.8029891304347826 0.06046195652173913 0.042119565217391304
0 0.4123641304347826 0.765625 0.044157608695652176 0.03328804347826087
0 0.4273097826086957 0.7479619565217391 0.036684782608695655 0.03192934782608696
0 0.35258152173913043 0.7520380434782609 0.03872282608695652 0.029211956521739132
0 0.37907608695652173 0.7139945652173914 0.03125 0.025135869565217392
0 0.452445652173913 0.71875 0.04076086956521739 0.033967391304347824
0 0.4313858695652174 0.7105978260869565 0.027853260869565216 0.022418478260869564
0 0.4116847826086957 0.7051630434782609 0.022418478260869564 0.01970108695652174
0 0.34103260869565216 0.7051630434782609 0.02717391304347826 0.022418478260869564
0 0.3111413043478261 0.71875 0.025815217391304348 0.02377717391304348
0 0.5054347826086957 0.7296195652173914 0.027853260869565216 0.02377717391304348
0 0.5339673913043478 0.7432065217391305 0.044157608695652176 0.03940217391304348
0 0.532608695652174 0.7228260869565217 0.027853260869565216 0.021059782608695652
0 0.595108695652174 0.7302989130434783 0.029211956521739132 0.025135869565217392
0 0.6256793478260869 0.720108695652174 0.029211956521739132 0.025815217391304348
0 0.6385869565217391 0.75 0.042798913043478264 0.03328804347826087
0 0.59375 0.703125 0.024456521739130436 0.020380434782608696
0 0.5788043478260869 0.7133152173913043 0.022418478260869564 0.016304347826086956
0 0.5495923913043478 0.7092391304347826 0.021059782608695652 0.016304347826086956
0 0.5557065217391305 0.7010869565217391 0.025815217391304348 0.020380434782608696
0 0.5101902173913043 0.7105978260869565 0.02309782608695652 0.017663043478260868
0 0.483695652173913 0.701766304347826 0.01970108695652174 0.015625
0 0.7038043478260869 0.7065217391304348 0.025815217391304348 0.017663043478260868
0 0.16168478260869565 0.6990489130434783 0.029211956521739132 0.025135869565217392
0 0.22894021739130435 0.7248641304347826 0.02717391304347826 0.022418478260869564
0 0.3485054347826087 0.733016304347826 0.030570652173913044 0.025815217391304348
0 0.39334239130434784 0.7248641304347826 0.024456521739130436 0.018342391304347828
0 0.5339673913043478 0.701766304347826 0.021059782608695652 0.016304347826086956
0 0.6582880434782609 0.7065217391304348 0.021059782608695652 0.016304347826086956
0 0.920516304347826 0.7323369565217391 0.03125 0.026494565217391304
0 0.15625 0.8389945652173914 0.09375 0.0625
0 0.059782608695652176 0.6854619565217391 0.022418478260869564 0.014945652173913044
0 0.21603260869565216 0.6834239130434783 0.03192934782608696 0.021739130434782608
0 0.2710597826086957 0.7160326086956522 0.033967391304347824 0.02309782608695652
0 0.24116847826086957 0.734375 0.052309782608695655 0.033967391304347824
0 0.2798913043478261 0.7493206521739131 0.052309782608695655 0.034646739130434784
0 0.7228260869565217 0.7839673913043478 0.06046195652173913 0.04076086956521739
0 0.6963315217391305 0.7710597826086957 0.05570652173913043 0.03736413043478261
0 0.9008152173913043 0.9375 0.12839673913043478 0.08559782608695653
0 0.9347826086956522 0.8831521739130435 0.12432065217391304 0.08288043478260869
0 0.31521739130434784 0.75 0.043478260869565216 0.029211956521739132
0 0.5529891304347826 0.7296195652173914 0.033967391304347824 0.022418478260869564
0 0.608016304347826 0.7167119565217391 0.028532608695652172 0.019021739130434784
0 0.5081521739130435 0.701766304347826 0.021739130434782608 0.014266304347826086
0 0.3125 0.7038043478260869 0.03328804347826087 0.021739130434782608
0 0.9300271739130435 0.7133152173913043 0.044157608695652176 0.029211956521739132
0 0.7635869565217391 0.703125 0.03804347826086957 0.025815217391304348
0 0.7554347826086957 0.6963315217391305 0.035326086956521736 0.02377717391304348
0 0.6949728260869565 0.6902173913043478 0.009510869565217392 0.006793478260869565
0 0.09986413043478261 0.6698369565217391 0.03125 0.021059782608695652
0 0.19089673913043478 0.703125 0.036684782608695655 0.02377717391304348
0 0.17391304347826086 0.7112771739130435 0.03804347826086957 0.025135869565217392
0 0.4123641304347826 0.7350543478260869 0.03804347826086957 0.025135869565217392
0 0.3858695652173913 0.7364130434782609 0.035326086956521736 0.024456521739130436
0 0.6691576086956522 0.7214673913043478 0.03328804347826087 0.021739130434782608
0 0.6868206521739131 0.7235054347826086 0.034646739130434784 0.022418478260869564
0 0.7248641304347826 0.7228260869565217 0.04619565217391304 0.030570652173913044
0 0.795516304347826 0.7214673913043478 0.044157608695652176 0.029211956521739132
0 0.7853260869565217 0.7384510869565217 0.050271739130434784 0.033967391304347824
0 0.7601902173913043 0.7282608695652174 0.04755434782608696 0.03192934782608696
0 0.8023097826086957 0.7608695652173914 0.05638586956521739 0.03736413043478261
0 0.9191576086956522 0.7418478260869565 0.05570652173913043 0.03736413043478261
0 0.9904891304347826 0.7452445652173914 0.019021739130434784 0.042119565217391304
0 0.9741847826086957 0.7167119565217391 0.04619565217391304 0.03125
0 0.9714673913043478 0.7472826086956522 0.057065217391304345 0.042798913043478264
0 0.9456521739130435 0.7404891304347826 0.059103260869565216 0.03940217391304348
0 0.8566576086956522 0.8199728260869565 0.10054347826086957 0.06725543478260869
0 0.5855978260869565 0.7445652173913043 0.04619565217391304 0.030570652173913044