0 0.375 0.9368206521739131 0.12703804347826086 0.10326086956521739
0 0.18138586956521738 0.9694293478260869 0.1480978260869565 0.06114130434782609
0 0.19157608695652173 0.8709239130434783 0.10665760869565218 0.09578804347826086
0 0.11480978260869565 0.859375 0.08220108695652174 0.07880434782608696
0 0.05638586956521739 0.829483695652174 0.07404891304347826 0.06657608695652174
0 0.06521739130434782 0.7425271739130435 0.046875 0.03940217391304348
0 0.09510869565217392 0.7302989130434783 0.04076086956521739 0.036005434782608696
0 0.15760869565217392 0.6807065217391305 0.042798913043478264 0.03192934782608696
0 0.23505434782608695 0.6759510869565217 0.03328804347826087 0.02717391304347826
0 0.2425271739130435 0.8104619565217391 0.07608695652173914 0.06046195652173913
0 0.2561141304347826 0.8464673913043478 0.08559782608695653 0.07608695652173914
0 0.296195652173913 0.7832880434782609 0.05298913043478261 0.04008152173913043
0 0.44157608695652173 0.8688858695652174 0.10326086956521739 0.07201086956521739
0 0.41779891304347827 0.8077445652173914 0.06589673913043478 0.051630434782608696
0 0.47146739130434784 0.8009510869565217 0.06929347826086957 0.06453804347826086
0 0.5448369565217391 0.8566576086956522 0.09375 0.08355978260869565
0 0.6209239130434783 0.9103260869565217 0.12432065217391304 0.09918478260869565
0 0.7601902173913043 0.9497282608695652 0.13654891304347827 0.07201086956521739
0 0.7927989130434783 0.8627717391304348 0.11277173913043478 0.09375
0 0.9164402173913043 0.8410326086956522 0.08967391304347826 0.07744565217391304
0 0.9667119565217391 0.90625 0.06657608695652174 0.09918478260869565
0 0.9721467391304348 0.7235054347826086 0.05570652173913043 0.049592391304347824
0 0.8695652173913043 0.6630434782608695 0.027853260869565216 0.025815217391304348
0 0.9864130434782609 0.6657608695652174 0.01970108695652174 0.024456521739130436
0 0.7398097826086957 0.6657608695652174 0.06793478260869565 0.06046195652173913
0 0.6351902173913043 0.6990489130434783 0.05298913043478261 0.04891304347826087
0 0.5366847826086957 0.670516304347826 0.03328804347826087 0.028532608695652172
0 0.5570652173913043 0.6603260869565217 0.029211956521739132 0.025135869565217392
0 0.46467391304347827 0.6800271739130435 0.030570652173913044 0.026494565217391304
0 0.4320652173913043 0.6644021739130435 0.02717391304347826 0.02377717391304348
0 0.38247282608695654 0.6664402173913043 0.035326086956521736 0.028532608695652172
0 0.33084239130434784 0.6691576086956522 0.050951086956521736 0.03804347826086957
0 0.29279891304347827 0.673233695652174 0.02717391304347826 0.02377717391304348
0 0.8926630434782609 0.657608695652174 0.02309782608695652 0.01970108695652174
0 0.13654891304347827 0.9008152173913043 0.11480978260869565 0.07608695652173914
0 0.5822010869565217 0.8797554347826086 0.11277173913043478 0.07540760869565218
0 0.7445652173913043 0.8199728260869565 0.10326086956521739 0.06929347826086957
0 0.8165760869565217 0.7934782608695652 0.09578804347826086 0.06385869565217392
0 0.8926630434782609 0.6773097826086957 0.050271739130434784 0.03328804347826087
0 0.360054347826087 0.6834239130434783 0.04008152173913043 0.026494565217391304
0 0.27717391304347827 0.65625 0.034646739130434784 0.02309782608695652
0 0.6324728260869565 0.6677989130434783 0.041440217391304345 0.027853260869565216
0 0.65625 0.6603260869565217 0.036684782608695655 0.02377717391304348
0 0.042798913043478264 0.7289402173913043 0.05638586956521739 0.03736413043478261
0 0.02309782608695652 0.7459239130434783 0.04619565217391304 0.042798913043478264
0 0.004076086956521739 0.7472826086956522 0.008152173913043478 0.042798913043478264
0 0.12228260869565218 0.6915760869565217 0.042798913043478264 0.028532608695652172
0 0.3546195652173913 0.6637228260869565 0.035326086956521736 0.024456521739130436
0 0.673233695652174 0.6800271739130435 0.04755434782608696 0.03125
0 0.042798913043478264 0.7683423913043478 0.07201086956521739 0.04823369565217391
0 0.38654891304347827 0.7819293478260869 0.07269021739130435 0.04891304347826087
0 0.2826086956521739 0.7588315217391305 0.0625 0.041440217391304345