0 0.45584239130434784 0.5264945652173914 0.13179347826086957 0.11820652173913043
0 0.9918478260869565 0.18614130434782608 0.016304347826086956 0.10258152173913043
0 0.9558423913043478 0.5135869565217391 0.08763586956521739 0.11209239130434782
0 0.9639945652173914 0.109375 0.07201086956521739 0.09986413043478261
0 0.18342391304347827 0.5319293478260869 0.140625 0.11752717391304347
0 0.734375 0.5394021739130435 0.12567934782608695 0.10258152173913043
0 0.5475543478260869 0.1610054347826087 0.12092391304347826 0.10597826086956522
0 0.30502717391304346 0.1610054347826087 0.1358695652173913 0.11480978260869565
0 0.7472826086956522 0.10394021739130435 0.13179347826086957 0.09918478260869565
0 0.06385869565217392 0.1875 0.12703804347826086 0.11141304347826086
0 0.234375 0.11548913043478261 0.13179347826086957 0.11752717391304347
0 0.7832880434782609 0.17255434782608695 0.13383152173913043 0.109375
0 0.025135869565217392 0.09918478260869565 0.050271739130434784 0.12771739130434784
0 0.7336956521739131 0.5421195652173914 0.14945652173913043 0.09986413043478261
0 0.036005434782608696 0.09918478260869565 0.07201086956521739 0.09442934782608696
0 0.035326086956521736 0.09850543478260869 0.07065217391304347 0.09375
0 0.026494565217391304 0.625 0.05298913043478261 0.10122282608695653
0 0.5149456521739131 0.08152173913043478 0.1324728260869565 0.08831521739130435