0 0.27853260869565216 0.53125 0.15013586956521738 0.14198369565217392
0 0.06453804347826086 0.5230978260869565 0.05298913043478261 0.04755434782608696
0 0.02377717391304348 0.4171195652173913 0.036005434782608696 0.036005434782608696
0 0.17595108695652173 0.41304347826086957 0.035326086956521736 0.034646739130434784
0 0.2296195652173913 0.406929347826087 0.025135869565217392 0.03125
0 0.27377717391304346 0.40217391304347827 0.03804347826086957 0.03736413043478261
0 0.33152173913043476 0.39402173913043476 0.03260869565217391 0.026494565217391304
0 0.3845108695652174 0.40625 0.034646739130434784 0.034646739130434784
0 0.4830163043478261 0.41983695652173914 0.03192934782608696 0.03192934782608696
0 0.5190217391304348 0.38722826086956524 0.034646739130434784 0.03125
0 0.41915760869565216 0.38315217391304346 0.030570652173913044 0.030570652173913044
0 0.9952445652173914 0.6046195652173914 0.008831521739130434 0.140625
0 0.8729619565217391 0.24456521739130435 0.025135869565217392 0.024456521739130436
0 0.8091032608695652 0.2554347826086957 0.024456521739130436 0.024456521739130436
0 0.75 0.24660326086956522 0.024456521739130436 0.024456521739130436
0 0.7398097826086957 0.19021739130434784 0.021739130434782608 0.021059782608695652
0 0.7887228260869565 0.18614130434782608 0.016983695652173912 0.016304347826086956
0 0.7160326086956522 0.16032608695652173 0.01970108695652174 0.021059782608695652
0 0.6073369565217391 0.18614130434782608 0.021059782608695652 0.021059782608695652
0 0.671875 0.18682065217391305 0.021059782608695652 0.021739130434782608
0 0.5557065217391305 0.18885869565217392 0.021059782608695652 0.021059782608695652
0 0.4898097826086957 0.15625 0.018342391304347828 0.018342391304347828
0 0.25271739130434784 0.09646739130434782 0.016983695652173912 0.016304347826086956
0 0.6487771739130435 0.33152173913043476 0.01970108695652174 0.02377717391304348
0 0.5733695652173914 0.41304347826086957 0.030570652173913044 0.027853260869565216
0 0.49796195652173914 0.3532608695652174 0.027853260869565216 0.030570652173913044
0 0.4361413043478261 0.30978260869565216 0.024456521739130436 0.025815217391304348
0 0.3811141304347826 0.3532608695652174 0.029211956521739132 0.029211956521739132
0 0.2798913043478261 0.35190217391304346 0.030570652173913044 0.03192934782608696
0 0.21739130434782608 0.2703804347826087 0.029211956521739132 0.028532608695652172
0 0.2703804347826087 0.26766304347826086 0.025135869565217392 0.02309782608695652
0 0.3383152173913043 0.26766304347826086 0.027853260869565216 0.027853260869565216
0 0.3186141304347826 0.2554347826086957 0.021059782608695652 0.020380434782608696
0 0.3967391304347826 0.2595108695652174 0.02377717391304348 0.021739130434782608
0 0.4171195652173913 0.266304347826087 0.025135869565217392 0.020380434782608696
0 0.45108695652173914 0.25 0.024456521739130436 0.021059782608695652
0 0.41779891304347827 0.234375 0.021739130434782608 0.021739130434782608
0 0.49660326086956524 0.23777173913043478 0.02717391304347826 0.02377717391304348
0 0.48709239130434784 0.19021739130434784 0.01970108695652174 0.019021739130434784
0 0.4639945652173913 0.20176630434782608 0.02377717391304348 0.02377717391304348
0 0.4266304347826087 0.19157608695652173 0.021059782608695652 0.019021739130434784
0 0.3892663043478261 0.17119565217391305 0.021059782608695652 0.020380434782608696
0 0.3607336956521739 0.19157608695652173 0.01970108695652174 0.021059782608695652
0 0.3267663043478261 0.1793478260869565 0.01970108695652174 0.019021739130434784
0 0.3125 0.21467391304347827 0.021739130434782608 0.018342391304347828
0 0.30027173913043476 0.1949728260869565 0.018342391304347828 0.019021739130434784
0 0.280570652173913 0.18342391304347827 0.01970108695652174 0.019021739130434784
0 0.2758152173913043 0.19972826086956522 0.021739130434782608 0.021739130434782608
0 0.2873641304347826 0.23573369565217392 0.01970108695652174 0.021739130434782608
0 0.2418478260869565 0.23097826086956522 0.02377717391304348 0.021739130434782608
0 0.2391304347826087 0.19769021739130435 0.021059782608695652 0.020380434782608696
0 0.21875 0.17119565217391305 0.01970108695652174 0.020380434782608696
0 0.18206521739130435 0.19157608695652173 0.021739130434782608 0.021059782608695652
0 0.21263586956521738 0.20855978260869565 0.018342391304347828 0.018342391304347828
0 0.20652173913043478 0.22554347826086957 0.025135869565217392 0.02377717391304348
0 0.18070652173913043 0.22146739130434784 0.021739130434782608 0.02309782608695652
0 0.9538043478260869 0.16915760869565216 0.022418478260869564 0.016983695652173912
0 0.5720108695652174 0.3423913043478261 0.03192934782608696 0.02377717391304348
0 0.4578804347826087 0.36345108695652173 0.03328804347826087 0.025815217391304348
0 0.5251358695652174 0.3070652173913043 0.029891304347826088 0.022418478260869564
0 0.18206521739130435 0.34782608695652173 0.035326086956521736 0.026494565217391304
0 0.39809782608695654 0.20516304347826086 0.024456521739130436 0.018342391304347828
0 0.34171195652173914 0.20380434782608695 0.02377717391304348 0.017663043478260868
0 0.12092391304347826 0.1983695652173913 0.02377717391304348 0.017663043478260868
0 0.19429347826086957 0.5360054347826086 0.125 0.09375