0 0.6908967391304348 0.704483695652174 0.046875 0.05638586956521739
0 0.5550271739130435 0.5815217391304348 0.04891304347826087 0.041440217391304345
0 0.7119565217391305 0.6039402173913043 0.05298913043478261 0.04823369565217391
0 0.8274456521739131 0.6161684782608695 0.05298913043478261 0.04755434782608696
0 0.9402173913043478 0.6297554347826086 0.058423913043478264 0.04823369565217391
0 0.954483695652174 0.5788043478260869 0.06317934782608696 0.04755434782608696
0 0.8485054347826086 0.5441576086956522 0.03804347826086957 0.03328804347826087
0 0.8063858695652174 0.5740489130434783 0.04551630434782609 0.043478260869565216
0 0.6942934782608695 0.5441576086956522 0.03260869565217391 0.03328804347826087
0 0.6073369565217391 0.5400815217391305 0.029211956521739132 0.029211956521739132
0 0.5774456521739131 0.5271739130434783 0.020380434782608696 0.01970108695652174
0 0.6100543478260869 0.5115489130434783 0.021739130434782608 0.01970108695652174
0 0.5366847826086957 0.5251358695652174 0.02377717391304348 0.02309782608695652
0 0.5129076086956522 0.515625 0.021739130434782608 0.021739130434782608
0 0.8960597826086957 0.5366847826086957 0.028532608695652172 0.025135869565217392
0 0.8688858695652174 0.5197010869565217 0.021739130434782608 0.01970108695652174
0 0.9354619565217391 0.5020380434782609 0.021739130434782608 0.021059782608695652
0 0.9429347826086957 0.5149456521739131 0.021739130434782608 0.021059782608695652
0 0.9395380434782609 0.4741847826086957 0.01970108695652174 0.017663043478260868
0 0.9171195652173914 0.46467391304347827 0.01970108695652174 0.015625
0 0.9538043478260869 0.45516304347826086 0.01970108695652174 0.016304347826086956
0 0.9293478260869565 0.436820652173913 0.017663043478260868 0.015625
0 0.8213315217391305 0.4626358695652174 0.01970108695652174 0.019021739130434784
0 0.796875 0.44633152173913043 0.016304347826086956 0.014945652173913044
0 0.8457880434782609 0.44633152173913043 0.014945652173913044 0.014945652173913044
0 0.6725543478260869 0.4945652173913043 0.01970108695652174 0.019021739130434784
0 0.6338315217391305 0.4830163043478261 0.020380434782608696 0.017663043478260868
0 0.6148097826086957 0.47690217391304346 0.016304347826086956 0.014945652173913044
0 0.6209239130434783 0.46127717391304346 0.017663043478260868 0.015625
0 0.5978260869565217 0.47758152173913043 0.017663043478260868 0.016304347826086956
0 0.5754076086956522 0.4952445652173913 0.017663043478260868 0.017663043478260868
0 0.6698369565217391 0.46535326086956524 0.01970108695652174 0.017663043478260868
0 0.6929347826086957 0.453125 0.016304347826086956 0.014945652173913044
0 0.7255434782608695 0.47214673913043476 0.01970108695652174 0.017663043478260868
0 0.7398097826086957 0.4898097826086957 0.021739130434782608 0.01970108695652174
0 0.7350543478260869 0.45720108695652173 0.017663043478260868 0.015625
0 0.782608695652174 0.469429347826087 0.020380434782608696 0.015625
0 0.7595108695652174 0.484375 0.01970108695652174 0.016304347826086956
0 0.8512228260869565 0.49116847826086957 0.025135869565217392 0.01970108695652174
0 0.8512228260869565 0.5101902173913043 0.020380434782608696 0.017663043478260868
0 0.6413043478260869 0.5129076086956522 0.021739130434782608 0.021739130434782608
0 0.5754076086956522 0.48029891304347827 0.017663043478260868 0.014945652173913044
0 0.5808423913043478 0.46671195652173914 0.016304347826086956 0.014945652173913044
0 0.5224184782608695 0.468070652173913 0.017663043478260868 0.016304347826086956
0 0.5285326086956522 0.4945652173913043 0.01970108695652174 0.016304347826086956
0 0.5421195652173914 0.483695652173913 0.016304347826086956 0.015625
0 0.5523097826086957 0.47622282608695654 0.016304347826086956 0.016304347826086956
0 0.8322010869565217 0.438179347826087 0.014945652173913044 0.015625
0 0.7710597826086957 0.44904891304347827 0.017663043478260868 0.014945652173913044
0 0.7608695652173914 0.45720108695652173 0.020380434782608696 0.016304347826086956
0 0.4422554347826087 0.5896739130434783 0.042119565217391304 0.04076086956521739
0 0.3960597826086957 0.5917119565217391 0.034646739130434784 0.034646739130434784
0 0.31589673913043476 0.5964673913043478 0.042119565217391304 0.04076086956521739
0 0.30978260869565216 0.5726902173913043 0.03260869565217391 0.027853260869565216
0 0.40828804347826086 0.5319293478260869 0.021739130434782608 0.021059782608695652
0 0.4578804347826087 0.5285326086956522 0.01970108695652174 0.021059782608695652
0 0.40217391304347827 0.5108695652173914 0.01970108695652174 0.017663043478260868
0 0.44972826086956524 0.5027173913043478 0.01970108695652174 0.017663043478260868
0 0.4266304347826087 0.5033967391304348 0.017663043478260868 0.015625
0 0.33220108695652173 0.5108695652173914 0.01970108695652174 0.01970108695652174
0 0.313179347826087 0.5278532608695652 0.021739130434782608 0.019021739130434784
0 0.3546195652173913 0.5129076086956522 0.01970108695652174 0.01970108695652174
0 0.2717391304347826 0.516983695652174 0.017663043478260868 0.01970108695652174
0 0.2907608695652174 0.5061141304347826 0.017663043478260868 0.015625
0 0.343070652173913 0.49252717391304346 0.014945652173913044 0.014945652173913044
0 0.39402173913043476 0.48777173913043476 0.017663043478260868 0.016304347826086956
0 0.40217391304347827 0.4945652173913043 0.017663043478260868 0.014945652173913044
0 0.4232336956521739 0.49320652173913043 0.017663043478260868 0.015625
0 0.41032608695652173 0.4796195652173913 0.016304347826086956 0.016304347826086956
0 0.483695652173913 0.4898097826086957 0.017663043478260868 0.015625
0 0.4796195652173913 0.4789402173913043 0.01970108695652174 0.016304347826086956
0 0.44157608695652173 0.49320652173913043 0.01970108695652174 0.016304347826086956
0 0.3695652173913043 0.48845108695652173 0.016304347826086956 0.015625
0 0.4701086956521739 0.4830163043478261 0.014945652173913044 0.014945652173913044
0 0.28804347826086957 0.4891304347826087 0.016304347826086956 0.015625
0 0.20380434782608695 0.5706521739130435 0.02377717391304348 0.021739130434782608
0 0.17391304347826086 0.5760869565217391 0.03260869565217391 0.03328804347826087
0 0.2296195652173913 0.5998641304347826 0.029211956521739132 0.027853260869565216
0 0.21263586956521738 0.5387228260869565 0.017663043478260868 0.016304347826086956
0 0.18682065217391305 0.5339673913043478 0.01970108695652174 0.017663043478260868
0 0.19633152173913043 0.5251358695652174 0.017663043478260868 0.017663043478260868
0 0.22826086956521738 0.5081521739130435 0.017663043478260868 0.017663043478260868
0 0.23097826086956522 0.5237771739130435 0.01970108695652174 0.01970108695652174
0 0.036005434782608696 0.3919836956521739 0.07201086956521739 0.07201086956521739
0 0.6868206521739131 0.6467391304347826 0.05638586956521739 0.042798913043478264
0 0.40896739130434784 0.6902173913043478 0.06182065217391304 0.046875
0 0.9558423913043478 0.5461956521739131 0.042119565217391304 0.03192934782608696
0 0.8131793478260869 0.5251358695652174 0.034646739130434784 0.025815217391304348
0 0.6460597826086957 0.5591032608695652 0.042119565217391304 0.03192934782608696
0 0.9870923913043478 0.452445652173913 0.01970108695652174 0.014945652173913044
0 0.8091032608695652 0.4626358695652174 0.01970108695652174 0.014945652173913044
0 0.859375 0.453125 0.01970108695652174 0.014945652173913044
0 0.6440217391304348 0.48097826086956524 0.020380434782608696 0.015625
0 0.6012228260869565 0.47146739130434784 0.018342391304347828 0.01358695652173913
0 0.6535326086956522 0.468070652173913 0.018342391304347828 0.014945652173913044
0 0.7146739130434783 0.452445652173913 0.018342391304347828 0.01358695652173913
0 0.8260869565217391 0.4741847826086957 0.021739130434782608 0.016304347826086956
0 0.8729619565217391 0.5563858695652174 0.046875 0.034646739130434784
0 0.670516304347826 0.5190217391304348 0.029211956521739132 0.021739130434782608
0 0.5985054347826086 0.4626358695652174 0.017663043478260868 0.012907608695652174
0 0.6046195652173914 0.453804347826087 0.016304347826086956 0.012907608695652174
0 0.592391304347826 0.45040760869565216 0.016304347826086956 0.012907608695652174
0 0.6032608695652174 0.44429347826086957 0.018342391304347828 0.01358695652173913
0 0.6216032608695652 0.4483695652173913 0.017663043478260868 0.012907608695652174
0 0.6426630434782609 0.452445652173913 0.016304347826086956 0.012228260869565218
0 0.6345108695652174 0.4361413043478261 0.014945652173913044 0.01154891304347826
0 0.6216032608695652 0.43410326086956524 0.016304347826086956 0.012228260869565218
0 0.6766304347826086 0.43953804347826086 0.017663043478260868 0.012907608695652174
0 0.6739130434782609 0.45108695652173914 0.018342391304347828 0.01358695652173913
0 0.6623641304347826 0.44633152173913043 0.017663043478260868 0.01358695652173913
0 0.7085597826086957 0.44089673913043476 0.017663043478260868 0.012907608695652174
0 0.532608695652174 0.4544836956521739 0.016304347826086956 0.012907608695652174
0 0.515625 0.453804347826087 0.017663043478260868 0.012907608695652174
0 0.5475543478260869 0.46059782608695654 0.017663043478260868 0.012907608695652174
0 0.5584239130434783 0.46467391304347827 0.018342391304347828 0.01358695652173913
0 0.5699728260869565 0.4626358695652174 0.018342391304347828 0.012907608695652174
0 0.828125 0.4320652173913043 0.014945652173913044 0.010869565217391304
0 0.8104619565217391 0.43002717391304346 0.014945652173913044 0.010869565217391304
0 0.7934782608695652 0.43410326086956524 0.016304347826086956 0.01154891304347826
0 0.7832880434782609 0.4313858695652174 0.014945652173913044 0.01154891304347826
0 0.7384510869565217 0.43478260869565216 0.016304347826086956 0.012907608695652174
0 0.7554347826086957 0.4375 0.017663043478260868 0.012228260869565218
0 0.8539402173913043 0.43002717391304346 0.014266304347826086 0.01154891304347826
0 0.8546195652173914 0.41847826086956524 0.012228260869565218 0.009510869565217392
0 0.8756793478260869 0.42459239130434784 0.016304347826086956 0.01154891304347826
0 0.9191576086956522 0.41372282608695654 0.012907608695652174 0.010869565217391304
0 0.9375 0.421875 0.014266304347826086 0.010869565217391304
0 0.9504076086956522 0.41983695652173914 0.014945652173913044 0.01154891304347826
0 0.9415760869565217 0.421875 0.014945652173913044 0.01154891304347826
0 0.49320652173913043 0.4986413043478261 0.020380434782608696 0.015625
0 0.47078804347826086 0.46603260869565216 0.018342391304347828 0.01358695652173913
0 0.452445652173913 0.46603260869565216 0.017663043478260868 0.012907608695652174
0 0.44157608695652173 0.469429347826087 0.018342391304347828 0.01358695652173913
0 0.4266304347826087 0.47554347826086957 0.017663043478260868 0.012907608695652174
0 0.40828804347826086 0.46603260869565216 0.017663043478260868 0.012907608695652174
0 0.33016304347826086 0.49184782608695654 0.018342391304347828 0.012907608695652174
0 0.3688858695652174 0.47622282608695654 0.016304347826086956 0.01154891304347826
0 0.2860054347826087 0.4782608695652174 0.014945652173913044 0.01154891304347826
0 0.29415760869565216 0.48097826086956524 0.016304347826086956 0.01154891304347826
0 0.16983695652173914 0.5339673913043478 0.02309782608695652 0.016983695652173912
0 0.16508152173913043 0.5529891304347826 0.02717391304347826 0.020380434782608696