0 0.40964673913043476 0.7072010869565217 0.03260869565217391 0.028532608695652172
0 0.38315217391304346 0.720108695652174 0.036684782608695655 0.036005434782608696
0 0.28804347826086957 0.7010869565217391 0.03260869565217391 0.028532608695652172
0 0.20176630434782608 0.7010869565217391 0.036684782608695655 0.03260869565217391
0 0.15217391304347827 0.7207880434782609 0.03804347826086957 0.03260869565217391
0 0.10665760869565218 0.703125 0.030570652173913044 0.030570652173913044
0 0.04755434782608696 0.6331521739130435 0.016304347826086956 0.017663043478260868
0 0.14266304347826086 0.6331521739130435 0.014266304347826086 0.012228260869565218
0 0.21739130434782608 0.6358695652173914 0.014266304347826086 0.014266304347826086
0 0.3138586956521739 0.6345108695652174 0.027853260869565216 0.02377717391304348
0 0.6433423913043478 0.6460597826086957 0.008831521739130434 0.008831521739130434
0 0.610733695652174 0.7235054347826086 0.03328804347826087 0.030570652173913044
0 0.5448369565217391 0.7377717391304348 0.036684782608695655 0.034646739130434784
0 0.5244565217391305 0.7038043478260869 0.034646739130434784 0.030570652173913044
0 0.7629076086956522 0.7235054347826086 0.030570652173913044 0.036005434782608696
0 0.7336956521739131 0.7051630434782609 0.017663043478260868 0.021059782608695652
0 0.6589673913043478 0.720108695652174 0.03260869565217391 0.033967391304347824
0 0.8036684782608695 0.6480978260869565 0.008831521739130434 0.008831521739130434
0 0.7588315217391305 0.6487771739130435 0.009510869565217392 0.008831521739130434
0 0.7214673913043478 0.6494565217391305 0.009510869565217392 0.009510869565217392
0 0.6820652173913043 0.6494565217391305 0.008831521739130434 0.008831521739130434
0 0.84375 0.6467391304347826 0.008831521739130434 0.008831521739130434
0 0.8756793478260869 0.6494565217391305 0.008831521739130434 0.009510869565217392
0 0.0006793478260869565 0.24796195652173914 0.001358695652173913 0.01154891304347826
0 0.020380434782608696 0.22146739130434784 0.009510869565217392 0.009510869565217392
0 0.042119565217391304 0.19633152173913043 0.007472826086956522 0.007472826086956522
0 0.050271739130434784 0.21467391304347827 0.007472826086956522 0.007472826086956522
0 0.05570652173913043 0.22554347826086957 0.008831521739130434 0.008831521739130434
0 0.11616847826086957 0.24728260869565216 0.009510869565217392 0.009510869565217392
0 0.07336956521739131 0.24116847826086957 0.008831521739130434 0.008831521739130434
0 0.05434782608695652 0.250679347826087 0.012228260869565218 0.012228260869565218
0 0.6474184782608695 0.250679347826087 0.012228260869565218 0.009510869565217392
0 0.6188858695652174 0.24592391304347827 0.012228260869565218 0.009510869565217392
0 0.5625 0.24320652173913043 0.008831521739130434 0.007472826086956522
0 0.6739130434782609 0.24864130434782608 0.009510869565217392 0.01154891304347826
0 0.7364130434782609 0.2452445652173913 0.012228260869565218 0.009510869565217392
0 0.8104619565217391 0.24592391304347827 0.009510869565217392 0.01154891304347826
0 0.3491847826086957 0.36616847826086957 0.02377717391304348 0.021059782608695652
0 0.34714673913043476 0.3532608695652174 0.01970108695652174 0.016304347826086956
0 0.36209239130434784 0.34375 0.020380434782608696 0.021739130434782608
0 0.374320652173913 0.327445652173913 0.020380434782608696 0.019021739130434784
0 0.3919836956521739 0.32065217391304346 0.01970108695652174 0.017663043478260868
0 0.40217391304347827 0.311820652173913 0.017663043478260868 0.016304347826086956
0 0.41440217391304346 0.3016304347826087 0.014945652173913044 0.014945652173913044
0 0.4171195652173913 0.29008152173913043 0.016304347826086956 0.014266304347826086
0 0.4375 0.26970108695652173 0.014945652173913044 0.014945652173913044
0 0.24456521739130435 0.25407608695652173 0.008831521739130434 0.009510869565217392
0 0.13179347826086957 0.21942934782608695 0.008831521739130434 0.007472826086956522
0 0.10869565217391304 0.22554347826086957 0.008831521739130434 0.007472826086956522
0 0.08695652173913043 0.22146739130434784 0.008831521739130434 0.007472826086956522
0 0.08695652173913043 0.21263586956521738 0.008831521739130434 0.009510869565217392
0 0.140625 0.20923913043478262 0.007472826086956522 0.007472826086956522
0 0.1324728260869565 0.20516304347826086 0.007472826086956522 0.006114130434782609
0 0.17459239130434784 0.19293478260869565 0.007472826086956522 0.006114130434782609
0 0.15828804347826086 0.22214673913043478 0.007472826086956522 0.006114130434782609
0 0.18070652173913043 0.21603260869565216 0.005434782608695652 0.006114130434782609
0 0.1793478260869565 0.20652173913043478 0.005434782608695652 0.006114130434782609
0 0.281929347826087 0.1983695652173913 0.005434782608695652 0.006114130434782609
0 0.296195652173913 0.19701086956521738 0.007472826086956522 0.006114130434782609
0 0.421875 0.19633152173913043 0.007472826086956522 0.006114130434782609
0 0.6779891304347826 0.22282608695652173 0.008831521739130434 0.008831521739130434
0 0.7438858695652174 0.20991847826086957 0.008831521739130434 0.008831521739130434
0 0.8974184782608695 0.21195652173913043 0.008831521739130434 0.008831521739130434
0 0.8186141304347826 0.22146739130434784 0.008831521739130434 0.008831521739130434
0 0.7873641304347826 0.20720108695652173 0.005434782608695652 0.005434782608695652
0 0.7764945652173914 0.20176630434782608 0.007472826086956522 0.006114130434782609
0 0.7690217391304348 0.1949728260869565 0.005434782608695652 0.005434782608695652
0 0.735733695652174 0.1922554347826087 0.007472826086956522 0.006114130434782609
0 0.891983695652174 0.2452445652173913 0.009510869565217392 0.01154891304347826
0 0.23777173913043478 0.7160326086956522 0.03804347826086957 0.028532608695652172
0 0.27445652173913043 0.6915760869565217 0.03328804347826087 0.025815217391304348
0 0.1875 0.6942934782608695 0.034646739130434784 0.025815217391304348
0 0.15625 0.6983695652173914 0.034646739130434784 0.025815217391304348
0 0.08355978260869565 0.6949728260869565 0.030570652173913044 0.022418478260869564
0 0.04551630434782609 0.6929347826086957 0.030570652173913044 0.022418478260869564
0 0.020380434782608696 0.7214673913043478 0.036005434782608696 0.02717391304347826
0 0.17051630434782608 0.6372282608695652 0.020380434782608696 0.016304347826086956
0 0.18342391304347827 0.6379076086956522 0.021739130434782608 0.016304347826086956
0 0.19361413043478262 0.6379076086956522 0.021739130434782608 0.016304347826086956
0 0.19904891304347827 0.6379076086956522 0.021739130434782608 0.016304347826086956
0 0.23097826086956522 0.6372282608695652 0.021739130434782608 0.016304347826086956
0 0.2608695652173913 0.6351902173913043 0.020380434782608696 0.014945652173913044
0 0.26834239130434784 0.6440217391304348 0.022418478260869564 0.016983695652173912
0 0.2921195652173913 0.6283967391304348 0.018342391304347828 0.01358695652173913
0 0.3607336956521739 0.6331521739130435 0.01970108695652174 0.014945652173913044
0 0.3328804347826087 0.6256793478260869 0.017663043478260868 0.01358695652173913
0 0.4476902173913043 0.6304347826086957 0.018342391304347828 0.01358695652173913
0 0.4952445652173913 0.6365489130434783 0.017663043478260868 0.012907608695652174
0 0.5197010869565217 0.6385869565217391 0.001358695652173913 0.0006793478260869565
0 0.5815217391304348 0.6351902173913043 0.010869565217391304 0.008152173913043478
0 0.561141304347826 0.6317934782608695 0.009510869565217392 0.007472826086956522
0 0.6052989130434783 0.6433423913043478 0.006793478260869565 0.004755434782608696
0 0.6283967391304348 0.6895380434782609 0.027853260869565216 0.020380434782608696
0 0.8498641304347826 0.7235054347826086 0.03125 0.02377717391304348
0 0.859375 0.7105978260869565 0.029211956521739132 0.021739130434782608
0 0.875 0.7058423913043478 0.029211956521739132 0.021059782608695652
0 0.765625 0.7078804347826086 0.030570652173913044 0.022418478260869564
0 0.7072010869565217 0.7038043478260869 0.030570652173913044 0.021739130434782608
0 0.6963315217391305 0.7119565217391305 0.03125 0.02309782608695652
0 0.6637228260869565 0.703125 0.029211956521739132 0.021739130434782608
0 0.6881793478260869 0.6922554347826086 0.02717391304347826 0.020380434782608696
0 0.6413043478260869 0.7004076086956522 0.030570652173913044 0.022418478260869564
0 0.8165760869565217 0.6453804347826086 0.007472826086956522 0.005434782608695652
0 0.6698369565217391 0.6433423913043478 0.005434782608695652 0.0033967391304347825
0 0.7194293478260869 0.640625 0.008831521739130434 0.005434782608695652
0 0.8817934782608695 0.6440217391304348 0.006793478260869565 0.004076086956521739
0 0.8668478260869565 0.6487771739130435 0.009510869565217392 0.007472826086956522
0 0.8627717391304348 0.6487771739130435 0.009510869565217392 0.007472826086956522
0 0.8865489130434783 0.6487771739130435 0.009510869565217392 0.007472826086956522
0 0.8933423913043478 0.6487771739130435 0.009510869565217392 0.007472826086956522
0 0.9014945652173914 0.6487771739130435 0.009510869565217392 0.007472826086956522
0 0.8220108695652174 0.6501358695652174 0.009510869565217392 0.008152173913043478
0 0.828125 0.6501358695652174 0.010869565217391304 0.008152173913043478
0 0.8335597826086957 0.6487771739130435 0.009510869565217392 0.007472826086956522
0 0.8362771739130435 0.6480978260869565 0.008831521739130434 0.007472826086956522
0 0.8539402173913043 0.6494565217391305 0.009510869565217392 0.007472826086956522
0 0.858016304347826 0.6501358695652174 0.010869565217391304 0.008152173913043478
0 0.8471467391304348 0.6501358695652174 0.010869565217391304 0.008152173913043478
0 0.015625 0.21263586956521738 0.009510869565217392 0.007472826086956522
0 0.017663043478260868 0.20040760869565216 0.008831521739130434 0.006114130434782609
0 0.009510869565217392 0.1983695652173913 0.007472826086956522 0.006114130434782609
0 0.025815217391304348 0.19293478260869565 0.007472826086956522 0.005434782608695652
0 0.03260869565217391 0.1922554347826087 0.008831521739130434 0.006114130434782609
0 0.036684782608695655 0.19021739130434784 0.008831521739130434 0.007472826086956522
0 0.04619565217391304 0.18953804347826086 0.009510869565217392 0.006114130434782609
0 0.05502717391304348 0.18817934782608695 0.008831521739130434 0.006114130434782609
0 0.06453804347826086 0.19293478260869565 0.009510869565217392 0.006114130434782609
0 0.057744565217391304 0.19021739130434784 0.009510869565217392 0.007472826086956522
0 0.06521739130434782 0.18817934782608695 0.008831521739130434 0.005434782608695652
0 0.06521739130434782 0.18546195652173914 0.007472826086956522 0.005434782608695652
0 0.07608695652173914 0.18614130434782608 0.008831521739130434 0.006114130434782609
0 0.07880434782608696 0.18885869565217392 0.008831521739130434 0.005434782608695652
0 0.06385869565217392 0.20040760869565216 0.008831521739130434 0.007472826086956522
0 0.078125 0.19972826086956522 0.008831521739130434 0.006114130434782609
0 0.049592391304347824 0.20176630434782608 0.008831521739130434 0.006114130434782609
0 0.036005434782608696 0.203125 0.009510869565217392 0.007472826086956522
0 0.04008152173913043 0.21942934782608695 0.010869565217391304 0.007472826086956522
0 0.06046195652173913 0.21195652173913043 0.009510869565217392 0.007472826086956522
0 0.049592391304347824 0.22078804347826086 0.010869565217391304 0.007472826086956522
0 0.07201086956521739 0.21603260869565216 0.009510869565217392 0.007472826086956522
0 0.42866847826086957 0.27921195652173914 0.018342391304347828 0.012907608695652174
0 0.2554347826086957 0.24932065217391305 0.009510869565217392 0.007472826086956522
0 0.08831521739130435 0.20720108695652173 0.009510869565217392 0.007472826086956522
0 0.13790760869565216 0.20176630434782608 0.007472826086956522 0.005434782608695652
0 0.11548913043478261 0.1875 0.007472826086956522 0.005434782608695652
0 0.10801630434782608 0.1875 0.008831521739130434 0.005434782608695652
0 0.16236413043478262 0.19701086956521738 0.007472826086956522 0.005434782608695652
0 0.1610054347826087 0.20720108695652173 0.007472826086956522 0.005434782608695652
0 0.14673913043478262 0.20380434782608695 0.007472826086956522 0.006114130434782609
0 0.16168478260869565 0.21671195652173914 0.008831521739130434 0.006114130434782609
0 0.16983695652173914 0.2139945652173913 0.008831521739130434 0.006114130434782609
0 0.18817934782608695 0.2105978260869565 0.008831521739130434 0.005434782608695652
0 0.20244565217391305 0.20176630434782608 0.008831521739130434 0.005434782608695652
0 0.1956521739130435 0.1983695652173913 0.007472826086956522 0.005434782608695652
0 0.19361413043478262 0.19701086956521738 0.007472826086956522 0.005434782608695652
0 0.203125 0.19293478260869565 0.007472826086956522 0.004755434782608696
0 0.20991847826086957 0.1922554347826087 0.006793478260869565 0.005434782608695652
0 0.21263586956521738 0.20040760869565216 0.006793478260869565 0.005434782608695652
0 0.22010869565217392 0.1922554347826087 0.006793478260869565 0.004755434782608696
0 0.22826086956521738 0.18953804347826086 0.006793478260869565 0.004755434782608696
0 0.2391304347826087 0.18953804347826086 0.006793478260869565 0.004755434782608696
0 0.23573369565217392 0.20448369565217392 0.007472826086956522 0.005434782608695652
0 0.24048913043478262 0.20176630434782608 0.007472826086956522 0.005434782608695652
0 0.22078804347826086 0.20720108695652173 0.007472826086956522 0.006114130434782609
0 0.18953804347826086 0.21671195652173914 0.008831521739130434 0.006114130434782609
0 0.20040760869565216 0.21195652173913043 0.008831521739130434 0.006114130434782609
0 0.14945652173913043 0.22078804347826086 0.008831521739130434 0.006114130434782609
0 0.27445652173913043 0.20108695652173914 0.007472826086956522 0.005434782608695652
0 0.264945652173913 0.20380434782608695 0.007472826086956522 0.005434782608695652
0 0.25815217391304346 0.20176630434782608 0.007472826086956522 0.005434782608695652
0 0.25883152173913043 0.19769021739130435 0.007472826086956522 0.005434782608695652
0 0.26290760869565216 0.1956521739130435 0.007472826086956522 0.005434782608695652
0 0.27241847826086957 0.1949728260869565 0.007472826086956522 0.005434782608695652
0 0.28872282608695654 0.19089673913043478 0.007472826086956522 0.004755434782608696
0 0.29279891304347827 0.18817934782608695 0.006793478260869565 0.004755434782608696
0 0.3023097826086957 0.18817934782608695 0.006793478260869565 0.004755434782608696
0 0.30366847826086957 0.18138586956521738 0.005434782608695652 0.004755434782608696
0 0.3138586956521739 0.15964673913043478 0.004076086956521739 0.0033967391304347825
0 0.32608695652173914 0.1800271739130435 0.0020380434782608695 0.0006793478260869565
0 0.33152173913043476 0.18614130434782608 0.004076086956521739 0.0033967391304347825
0 0.31997282608695654 0.18410326086956522 0.0033967391304347825 0.0033967391304347825
0 0.32608695652173914 0.18817934782608695 0.004076086956521739 0.0033967391304347825
0 0.33084239130434784 0.1922554347826087 0.005434782608695652 0.004755434782608696
0 0.3383152173913043 0.18953804347826086 0.005434782608695652 0.004076086956521739
0 0.3138586956521739 0.1983695652173913 0.007472826086956522 0.005434782608695652
0 0.3580163043478261 0.19701086956521738 0.006793478260869565 0.004755434782608696
0 0.30978260869565216 0.19361413043478262 0.006793478260869565 0.005434782608695652
0 0.3763586956521739 0.1949728260869565 0.006793478260869565 0.004755434782608696
0 0.39945652173913043 0.19429347826086957 0.006793478260869565 0.004755434782608696
0 0.5855978260869565 0.17866847826086957 0.006793478260869565 0.004755434782608696
0 0.5747282608695652 0.1827445652173913 0.006793478260869565 0.005434782608695652
0 0.5665760869565217 0.1827445652173913 0.004076086956521739 0.002717391304347826
0 0.5604619565217391 0.18138586956521738 0.0033967391304347825 0.002717391304347826
0 0.5461956521739131 0.20584239130434784 0.006793478260869565 0.004755434782608696
0 0.5400815217391305 0.20991847826086957 0.007472826086956522 0.005434782608695652
0 0.5305706521739131 0.20855978260869565 0.006793478260869565 0.004755434782608696
0 0.5360054347826086 0.20584239130434784 0.006793478260869565 0.004755434782608696
0 0.5122282608695652 0.2078804347826087 0.007472826086956522 0.005434782608695652
0 0.5584239130434783 0.2078804347826087 0.007472826086956522 0.005434782608695652
0 0.5726902173913043 0.20923913043478262 0.008831521739130434 0.006114130434782609
0 0.5815217391304348 0.20855978260869565 0.009510869565217392 0.006114130434782609
0 0.5652173913043478 0.20855978260869565 0.008831521739130434 0.006114130434782609
0 0.6012228260869565 0.20108695652173914 0.008831521739130434 0.006114130434782609
0 0.44429347826086957 0.15557065217391305 0.007472826086956522 0.006114130434782609
0 0.453125 0.15557065217391305 0.007472826086956522 0.006114130434782609
0 0.45991847826086957 0.15557065217391305 0.006793478260869565 0.004755434782608696
0 0.46671195652173914 0.15625 0.006793478260869565 0.004755434782608696
0 0.46535326086956524 0.16032608695652173 0.006793478260869565 0.004755434782608696
0 0.4789402173913043 0.15964673913043478 0.006793478260869565 0.004755434782608696
0 0.47282608695652173 0.15692934782608695 0.006793478260869565 0.004755434782608696
0 0.515625 0.17119565217391305 0.005434782608695652 0.004076086956521739
0 0.4952445652173913 0.16576086956521738 0.006793478260869565 0.004755434782608696
0 0.5509510869565217 0.15625 0.0020380434782608695 0.001358695652173913
0 0.5604619565217391 0.15625 0.0033967391304347825 0.002717391304347826
0 0.5339673913043478 0.15557065217391305 0.001358695652173913 0.0006793478260869565
0 0.5176630434782609 0.15692934782608695 0.0033967391304347825 0.002717391304347826
0 0.5264945652173914 0.15828804347826086 0.0020380434782608695 0.001358695652173913
0 0.4891304347826087 0.15828804347826086 0.006793478260869565 0.004755434782608696
0 0.4830163043478261 0.15692934782608695 0.006793478260869565 0.004755434782608696
0 0.5081521739130435 0.15692934782608695 0.0033967391304347825 0.002717391304347826
0 0.49592391304347827 0.15692934782608695 0.006793478260869565 0.004755434782608696
0 0.501358695652174 0.15692934782608695 0.006793478260869565 0.004755434782608696
0 0.5842391304347826 0.18614130434782608 0.007472826086956522 0.005434782608695652
0 0.5930706521739131 0.18478260869565216 0.007472826086956522 0.005434782608695652
0 0.6012228260869565 0.18138586956521738 0.006793478260869565 0.004755434782608696
0 0.592391304347826 0.1637228260869565 0.005434782608695652 0.004076086956521739
0 0.6161684782608695 0.18138586956521738 0.006793478260869565 0.005434782608695652
0 0.6209239130434783 0.1827445652173913 0.007472826086956522 0.004755434782608696
0 0.6297554347826086 0.18953804347826086 0.007472826086956522 0.005434782608695652
0 0.6379076086956522 0.1875 0.007472826086956522 0.005434782608695652
0 0.6358695652173914 0.19633152173913043 0.008831521739130434 0.006114130434782609
0 0.6487771739130435 0.19293478260869565 0.008831521739130434 0.005434782608695652
0 0.6637228260869565 0.203125 0.007472826086956522 0.006114130434782609
0 0.6752717391304348 0.2139945652173913 0.008831521739130434 0.007472826086956522
0 0.6698369565217391 0.2078804347826087 0.009510869565217392 0.006114130434782609
0 0.673233695652174 0.20176630434782608 0.007472826086956522 0.005434782608695652
0 0.6793478260869565 0.21195652173913043 0.008831521739130434 0.007472826086956522
0 0.6494565217391305 0.21875 0.009510869565217392 0.007472826086956522
0 0.6474184782608695 0.21331521739130435 0.009510869565217392 0.006114130434782609
0 0.6433423913043478 0.21195652173913043 0.009510869565217392 0.007472826086956522
0 0.6385869565217391 0.20923913043478262 0.009510869565217392 0.006114130434782609
0 0.6351902173913043 0.20516304347826086 0.008831521739130434 0.006114130434782609
0 0.6229619565217391 0.1983695652173913 0.008831521739130434 0.006114130434782609
0 0.6161684782608695 0.20108695652173914 0.008831521739130434 0.006114130434782609
0 0.6161684782608695 0.19361413043478262 0.007472826086956522 0.006114130434782609
0 0.6100543478260869 0.1922554347826087 0.007472826086956522 0.005434782608695652
0 0.6025815217391305 0.19293478260869565 0.007472826086956522 0.005434782608695652
0 0.8879076086956522 0.20855978260869565 0.008831521739130434 0.006114130434782609
0 0.8817934782608695 0.20448369565217392 0.008831521739130434 0.006114130434782609
0 0.8811141304347826 0.20108695652173914 0.007472826086956522 0.005434782608695652
0 0.8729619565217391 0.20040760869565216 0.007472826086956522 0.005434782608695652
0 0.8668478260869565 0.19904891304347827 0.007472826086956522 0.005434782608695652
0 0.8498641304347826 0.19701086956521738 0.007472826086956522 0.004755434782608696
0 0.8362771739130435 0.1875 0.005434782608695652 0.004755434782608696
0 0.8471467391304348 0.1793478260869565 0.004076086956521739 0.0033967391304347825
0 0.859375 0.1827445652173913 0.005434782608695652 0.0033967391304347825
0 0.8634510869565217 0.18138586956521738 0.004076086956521739 0.0033967391304347825
0 0.8756793478260869 0.1827445652173913 0.004076086956521739 0.004076086956521739
0 0.8743206521739131 0.18410326086956522 0.004076086956521739 0.0033967391304347825
0 0.8804347826086957 0.18614130434782608 0.005434782608695652 0.004076086956521739
0 0.8885869565217391 0.1827445652173913 0.004076086956521739 0.0033967391304347825
0 0.8947010869565217 0.18478260869565216 0.005434782608695652 0.004076086956521739
0 0.9001358695652174 0.18138586956521738 0.004076086956521739 0.004076086956521739
0 0.9014945652173914 0.1875 0.005434782608695652 0.004076086956521739
0 0.9001358695652174 0.19293478260869565 0.006793478260869565 0.004755434782608696
0 0.8444293478260869 0.20720108695652173 0.007472826086956522 0.006114130434782609
0 0.8192934782608695 0.19633152173913043 0.007472826086956522 0.005434782608695652
0 0.8104619565217391 0.1922554347826087 0.006793478260869565 0.004755434782608696
0 0.8029891304347826 0.1983695652173913 0.006793478260869565 0.005434782608695652
0 0.8029891304347826 0.20923913043478262 0.008831521739130434 0.006114130434782609
0 0.813858695652174 0.20584239130434784 0.008831521739130434 0.006114130434782609
0 0.8226902173913043 0.20991847826086957 0.008831521739130434 0.006114130434782609
0 0.7581521739130435 0.19021739130434784 0.006793478260869565 0.004755434782608696
0 0.703125 0.1922554347826087 0.006793478260869565 0.004755434782608696
0 0.7112771739130435 0.1949728260869565 0.007472826086956522 0.005434782608695652
0 0.7180706521739131 0.19904891304347827 0.007472826086956522 0.005434782608695652
0 0.7282608695652174 0.1956521739130435 0.006793478260869565 0.004755434782608696
0 0.7391304347826086 0.203125 0.007472826086956522 0.006114130434782609
0 0.7336956521739131 0.203125 0.007472826086956522 0.006114130434782609
0 0.7323369565217391 0.19904891304347827 0.006793478260869565 0.005434782608695652
0 0.7302989130434783 0.18546195652173914 0.005434782608695652 0.004076086956521739
0 0.7269021739130435 0.1827445652173913 0.004076086956521739 0.0033967391304347825
0 0.7072010869565217 0.17730978260869565 0.004076086956521739 0.0033967391304347825
0 0.701766304347826 0.17391304347826086 0.0033967391304347825 0.002717391304347826
0 0.6956521739130435 0.19157608695652173 0.006793478260869565 0.004755434782608696
0 0.6936141304347826 0.18614130434782608 0.006793478260869565 0.004076086956521739
0 0.6841032608695652 0.18478260869565216 0.006793478260869565 0.004755434782608696
0 0.6827445652173914 0.1793478260869565 0.005434782608695652 0.004076086956521739
0 0.6711956521739131 0.18138586956521738 0.005434782608695652 0.004755434782608696
0 0.6698369565217391 0.17798913043478262 0.005434782608695652 0.004076086956521739
0 0.6711956521739131 0.17255434782608695 0.0033967391304347825 0.0033967391304347825
0 0.6644021739130435 0.17051630434782608 0.004076086956521739 0.0033967391304347825
0 0.6644021739130435 0.17595108695652173 0.005434782608695652 0.0033967391304347825
0 0.6447010869565217 0.16847826086956522 0.004076086956521739 0.0033967391304347825
0 0.6501358695652174 0.16508152173913043 0.0020380434782608695 0.001358695652173913
0 0.6433423913043478 0.1644021739130435 0.0033967391304347825 0.0033967391304347825
0 0.6528532608695652 0.1671195652173913 0.0033967391304347825 0.002717391304347826
0 0.6698369565217391 0.16304347826086957 0.001358695652173913 0.0006793478260869565
0 0.6807065217391305 0.1610054347826087 0.004076086956521739 0.004076086956521739
0 0.6657608695652174 0.16508152173913043 0.0020380434782608695 0.001358695652173913
0 0.673233695652174 0.1671195652173913 0.0033967391304347825 0.002717391304347826
0 0.6827445652173914 0.16644021739130435 0.0020380434782608695 0.002717391304347826
0 0.6854619565217391 0.17119565217391305 0.0020380434782608695 0.001358695652173913
0 0.6976902173913043 0.15285326086956522 0.027853260869565216 0.021059782608695652
0 0.7051630434782609 0.15285326086956522 0.027853260869565216 0.021059782608695652
0 0.7126358695652174 0.15421195652173914 0.02717391304347826 0.020380434782608696
0 0.7160326086956522 0.15217391304347827 0.027853260869565216 0.021059782608695652
0 0.7262228260869565 0.1514945652173913 0.027853260869565216 0.021059782608695652
0 0.7228260869565217 0.15692934782608695 0.02717391304347826 0.020380434782608696
0 0.7336956521739131 0.15692934782608695 0.025815217391304348 0.020380434782608696
0 0.7370923913043478 0.15421195652173914 0.0033967391304347825 0.0033967391304347825
0 0.7309782608695652 0.15285326086956522 0.027853260869565216 0.021059782608695652
0 0.7445652173913043 0.15285326086956522 0.0033967391304347825 0.002717391304347826
0 0.8070652173913043 0.15489130434782608 0.008831521739130434 0.007472826086956522
0 0.7989130434782609 0.15217391304347827 0.008831521739130434 0.006114130434782609
0 0.7873641304347826 0.15285326086956522 0.008831521739130434 0.006114130434782609
0 0.7839673913043478 0.15625 0.009510869565217392 0.007472826086956522
0 0.7764945652173914 0.15285326086956522 0.009510869565217392 0.006114130434782609
0 0.7717391304347826 0.15285326086956522 0.008831521739130434 0.006114130434782609
0 0.7595108695652174 0.15285326086956522 0.008831521739130434 0.006114130434782609
0 0.7554347826086957 0.15285326086956522 0.004076086956521739 0.002717391304347826
0 0.7493206521739131 0.15285326086956522 0.0033967391304347825 0.002717391304347826
0 0.875 0.21942934782608695 0.009510869565217392 0.008152173913043478
0 0.8627717391304348 0.2105978260869565 0.008831521739130434 0.006114130434782609
0 0.5400815217391305 0.15625 0.001358695652173913 0.0006793478260869565