0 0.23980978260869565 0.704483695652174 0.025815217391304348 0.02717391304347826
0 0.18885869565217392 0.7078804347826086 0.016304347826086956 0.014945652173913044
0 0.171875 0.7058423913043478 0.014945652173913044 0.012907608695652174
0 0.15828804347826086 0.703125 0.017663043478260868 0.014945652173913044
0 0.12160326086956522 0.7010869565217391 0.025815217391304348 0.025815217391304348
0 0.07948369565217392 0.701766304347826 0.012228260869565218 0.014945652173913044
0 0.26902173913043476 0.703125 0.020380434782608696 0.019021739130434784
0 0.3226902173913043 0.6990489130434783 0.01970108695652174 0.021059782608695652
0 0.3736413043478261 0.6997282608695652 0.014945652173913044 0.017663043478260868
0 0.41508152173913043 0.7010869565217391 0.014945652173913044 0.016304347826086956
0 0.5217391304347826 0.7024456521739131 0.016304347826086956 0.016304347826086956
0 0.5305706521739131 0.703125 0.016304347826086956 0.014945652173913044
0 0.5849184782608695 0.7004076086956522 0.016304347826086956 0.014266304347826086
0 0.8213315217391305 0.6875 0.014945652173913044 0.018342391304347828
0 0.7180706521739131 0.6875 0.017663043478260868 0.018342391304347828
0 0.8865489130434783 0.6942934782608695 0.030570652173913044 0.034646739130434784
0 0.9293478260869565 0.6902173913043478 0.014945652173913044 0.018342391304347828
0 0.9490489130434783 0.6983695652173914 0.012228260869565218 0.012228260869565218
0 0.8328804347826086 0.31589673913043476 0.012907608695652174 0.012228260869565218
0 0.8036684782608695 0.3070652173913043 0.012907608695652174 0.012907608695652174
0 0.8192934782608695 0.27853260869565216 0.007472826086956522 0.007472826086956522
0 0.7792119565217391 0.2758152173913043 0.007472826086956522 0.005434782608695652
0 0.7099184782608695 0.266304347826087 0.007472826086956522 0.006114130434782609
0 0.6603260869565217 0.2873641304347826 0.009510869565217392 0.01154891304347826
0 0.6759510869565217 0.3125 0.012907608695652174 0.012228260869565218
0 0.610733695652174 0.297554347826087 0.012907608695652174 0.012228260869565218
0 0.5808423913043478 0.2703804347826087 0.008831521739130434 0.006114130434782609
0 0.5625 0.2826086956521739 0.007472826086956522 0.007472826086956522
0 0.5040760869565217 0.2873641304347826 0.009510869565217392 0.009510869565217392
0 0.53125 0.27445652173913043 0.008831521739130434 0.007472826086956522
0 0.546875 0.26290760869565216 0.008831521739130434 0.007472826086956522
0 0.516983695652174 0.26290760869565216 0.007472826086956522 0.006114130434782609
0 0.49728260869565216 0.26290760869565216 0.007472826086956522 0.006114130434782609
0 0.46535326086956524 0.27241847826086957 0.007472826086956522 0.008831521739130434
0 0.44089673913043476 0.28804347826086957 0.008831521739130434 0.009510869565217392
0 0.43410326086956524 0.26358695652173914 0.008831521739130434 0.007472826086956522
0 0.4483695652173913 0.25407608695652173 0.007472826086956522 0.007472826086956522
0 0.405570652173913 0.26290760869565216 0.008831521739130434 0.008831521739130434
0 0.37703804347826086 0.25679347826086957 0.007472826086956522 0.007472826086956522
0 0.38315217391304346 0.29008152173913043 0.008831521739130434 0.008831521739130434
0 0.35054347826086957 0.280570652173913 0.009510869565217392 0.008831521739130434
0 0.35190217391304346 0.264945652173913 0.008831521739130434 0.008831521739130434
0 0.34782608695652173 0.25407608695652173 0.007472826086956522 0.007472826086956522
0 0.7914402173913043 0.234375 0.005434782608695652 0.005434782608695652
0 0.8444293478260869 0.23369565217391305 0.005434782608695652 0.005434782608695652
0 0.1331521739130435 0.24796195652173914 0.007472826086956522 0.007472826086956522
0 0.11684782608695653 0.24388586956521738 0.007472826086956522 0.006114130434782609
0 0.20584239130434784 0.25 0.007472826086956522 0.007472826086956522
0 0.22894021739130435 0.2547554347826087 0.008831521739130434 0.008831521739130434
0 0.22078804347826086 0.2418478260869565 0.007472826086956522 0.006114130434782609
0 0.23845108695652173 0.24388586956521738 0.007472826086956522 0.007472826086956522
0 0.2554347826086957 0.24592391304347827 0.007472826086956522 0.007472826086956522
0 0.2758152173913043 0.25339673913043476 0.007472826086956522 0.007472826086956522
0 0.26834239130434784 0.26290760869565216 0.008831521739130434 0.008831521739130434
0 0.24728260869565216 0.25815217391304346 0.007472826086956522 0.007472826086956522
0 0.2914402173913043 0.2703804347826087 0.008831521739130434 0.008831521739130434
0 0.3063858695652174 0.24796195652173914 0.007472826086956522 0.006114130434782609
0 0.3220108695652174 0.25883152173913043 0.008831521739130434 0.008831521739130434
0 0.31589673913043476 0.26834239130434784 0.008831521739130434 0.008831521739130434
0 0.9938858695652174 0.22758152173913043 0.009510869565217392 0.009510869565217392
0 0.9952445652173914 0.24728260869565216 0.009510869565217392 0.010869565217391304
0 0.13790760869565216 0.7010869565217391 0.025815217391304348 0.019021739130434784
0 0.10190217391304347 0.7024456521739131 0.02377717391304348 0.017663043478260868
0 0.28125 0.7024456521739131 0.022418478260869564 0.016304347826086956
0 0.35190217391304346 0.6949728260869565 0.025815217391304348 0.018342391304347828
0 0.39266304347826086 0.703125 0.021739130434782608 0.014945652173913044
0 0.38654891304347827 0.701766304347826 0.021739130434782608 0.016304347826086956
0 0.3811141304347826 0.701766304347826 0.021739130434782608 0.016304347826086956
0 0.453804347826087 0.6949728260869565 0.018342391304347828 0.01358695652173913
0 0.4904891304347826 0.6983695652173914 0.01970108695652174 0.014266304347826086
0 0.5400815217391305 0.701766304347826 0.01970108695652174 0.014945652173913044
0 0.6222826086956522 0.6915760869565217 0.025135869565217392 0.017663043478260868
0 0.8002717391304348 0.6881793478260869 0.021739130434782608 0.016304347826086956
0 0.7072010869565217 0.6895380434782609 0.022418478260869564 0.016304347826086956
0 0.7296195652173914 0.6990489130434783 0.020380434782608696 0.016304347826086956
0 0.7418478260869565 0.6983695652173914 0.021739130434782608 0.016304347826086956
0 0.7567934782608695 0.6990489130434783 0.020380434782608696 0.016304347826086956
0 0.7622282608695652 0.6983695652173914 0.021739130434782608 0.016304347826086956
0 0.8410326086956522 0.6963315217391305 0.025135869565217392 0.018342391304347828
0 0.5625 0.6983695652173914 0.01970108695652174 0.014266304347826086
0 0.20923913043478262 0.701766304347826 0.025815217391304348 0.018342391304347828
0 0.296195652173913 0.7010869565217391 0.022418478260869564 0.016983695652173912
0 0.8620923913043478 0.27853260869565216 0.010869565217391304 0.008831521739130434
0 0.7445652173913043 0.2717391304347826 0.009510869565217392 0.007472826086956522
0 0.7275815217391305 0.2907608695652174 0.012228260869565218 0.008831521739130434
0 0.6725543478260869 0.2608695652173913 0.007472826086956522 0.005434782608695652
0 0.6440217391304348 0.25815217391304346 0.006793478260869565 0.004755434782608696
0 0.6209239130434783 0.27717391304347827 0.010869565217391304 0.007472826086956522
0 0.5516304347826086 0.2866847826086957 0.010869565217391304 0.008831521739130434
0 0.5203804347826086 0.29415760869565216 0.010869565217391304 0.008152173913043478
0 0.4796195652173913 0.25815217391304346 0.008831521739130434 0.005434782608695652
0 0.46467391304347827 0.26290760869565216 0.008831521739130434 0.006114130434782609
0 0.4361413043478261 0.25815217391304346 0.008831521739130434 0.006114130434782609
0 0.41983695652173914 0.24592391304347827 0.007472826086956522 0.006114130434782609
0 0.40964673913043476 0.25407608695652173 0.008831521739130434 0.006114130434782609
0 0.40828804347826086 0.27241847826086957 0.009510869565217392 0.007472826086956522
0 0.40353260869565216 0.2452445652173913 0.007472826086956522 0.006114130434782609
0 0.37839673913043476 0.25 0.008831521739130434 0.007472826086956522
0 0.374320652173913 0.265625 0.009510869565217392 0.007472826086956522
0 0.359375 0.25 0.008831521739130434 0.005434782608695652
0 0.35190217391304346 0.2391304347826087 0.007472826086956522 0.005434782608695652
0 0.37296195652173914 0.24320652173913043 0.007472826086956522 0.006114130434782609
0 0.6684782608695652 0.23641304347826086 0.008831521739130434 0.005434782608695652
0 0.7411684782608695 0.234375 0.004076086956521739 0.002717391304347826
0 0.8743206521739131 0.23165760869565216 0.008831521739130434 0.005434782608695652
0 0.9293478260869565 0.23029891304347827 0.009510869565217392 0.007472826086956522
0 0.1644021739130435 0.20584239130434784 0.004076086956521739 0.002717391304347826
0 0.16983695652173914 0.20516304347826086 0.0033967391304347825 0.0033967391304347825
0 0.15217391304347827 0.23641304347826086 0.007472826086956522 0.005434782608695652
0 0.14266304347826086 0.23573369565217392 0.007472826086956522 0.005434782608695652
0 0.15489130434782608 0.24728260869565216 0.008831521739130434 0.006114130434782609
0 0.1610054347826087 0.2513586956521739 0.008831521739130434 0.006114130434782609
0 0.17255434782608695 0.2425271739130435 0.008831521739130434 0.005434782608695652
0 0.18342391304347827 0.2452445652173913 0.008831521739130434 0.006114130434782609
0 0.18478260869565216 0.25679347826086957 0.009510869565217392 0.007472826086956522
0 0.18342391304347827 0.23709239130434784 0.007472826086956522 0.005434782608695652
0 0.20448369565217392 0.24048913043478262 0.007472826086956522 0.005434782608695652
0 0.20652173913043478 0.26358695652173914 0.009510869565217392 0.007472826086956522
0 0.2235054347826087 0.26766304347826086 0.009510869565217392 0.008152173913043478
0 0.22894021739130435 0.234375 0.006793478260869565 0.004755434782608696
0 0.23505434782608695 0.22486413043478262 0.006793478260869565 0.004755434782608696
0 0.24728260869565216 0.23980978260869565 0.007472826086956522 0.005434782608695652
0 0.25815217391304346 0.22486413043478262 0.006793478260869565 0.004076086956521739
0 0.265625 0.24116847826086957 0.007472826086956522 0.005434782608695652
0 0.24660326086956522 0.2703804347826087 0.009510869565217392 0.007472826086956522
0 0.30434782608695654 0.25679347826086957 0.008831521739130434 0.007472826086956522
0 0.28464673913043476 0.24456521739130435 0.007472826086956522 0.005434782608695652
0 0.27377717391304346 0.23777173913043478 0.007472826086956522 0.005434782608695652
0 0.296195652173913 0.24116847826086957 0.007472826086956522 0.005434782608695652
0 0.3125 0.24048913043478262 0.007472826086956522 0.005434782608695652
0 0.311820652173913 0.234375 0.006793478260869565 0.004755434782608696
0 0.32472826086956524 0.23641304347826086 0.006793478260869565 0.004755434782608696
0 0.33084239130434784 0.24388586956521738 0.007472826086956522 0.005434782608695652
0 0.3267663043478261 0.24796195652173914 0.007472826086956522 0.005434782608695652
0 0.32133152173913043 0.2105978260869565 0.001358695652173913 0.001358695652173913
0 0.3179347826086957 0.21195652173913043 0.0033967391304347825 0.002717391304347826
0 0.30366847826086957 0.20855978260869565 0.0033967391304347825 0.002717391304347826
0 0.28532608695652173 0.20923913043478262 0.0020380434782608695 0.001358695652173913
0 0.2907608695652174 0.1983695652173913 0.007472826086956522 0.006114130434782609
0 0.28125 0.19972826086956522 0.001358695652173913 0.001358695652173913
0 0.27309782608695654 0.19769021739130435 0.0020380434782608695 0.002717391304347826
0 0.265625 0.20040760869565216 0.004076086956521739 0.002717391304347826
0 0.35054347826086957 0.19429347826086957 0.008831521739130434 0.006114130434782609
0 0.35597826086956524 0.1956521739130435 0.008831521739130434 0.006114130434782609
0 0.375679347826087 0.19904891304347827 0.008831521739130434 0.006114130434782609
0 0.3919836956521739 0.1983695652173913 0.008831521739130434 0.006114130434782609
0 0.4014945652173913 0.19769021739130435 0.008831521739130434 0.006114130434782609
0 0.4048913043478261 0.19701086956521738 0.008831521739130434 0.006114130434782609
0 0.4123641304347826 0.19701086956521738 0.005434782608695652 0.0033967391304347825
0 0.41847826086956524 0.19904891304347827 0.004076086956521739 0.0033967391304347825
0 0.42866847826086957 0.19904891304347827 0.0033967391304347825 0.002717391304347826
0 0.436820652173913 0.19701086956521738 0.006793478260869565 0.004755434782608696
0 0.44497282608695654 0.1983695652173913 0.005434782608695652 0.004755434782608696
0 0.453125 0.19904891304347827 0.001358695652173913 0.0006793478260869565
0 0.4796195652173913 0.1949728260869565 0.006793478260869565 0.004076086956521739
0 0.4748641304347826 0.19701086956521738 0.005434782608695652 0.004076086956521739
0 0.483695652173913 0.19633152173913043 0.005434782608695652 0.004076086956521739
0 0.49592391304347827 0.19701086956521738 0.005434782608695652 0.004076086956521739
0 0.5 0.19701086956521738 0.005434782608695652 0.004076086956521739
0 0.5054347826086957 0.19701086956521738 0.005434782608695652 0.004076086956521739
0 0.5108695652173914 0.19633152173913043 0.005434782608695652 0.0033967391304347825
0 0.4904891304347826 0.1983695652173913 0.005434782608695652 0.004076086956521739
0 0.46603260869565216 0.19701086956521738 0.006793478260869565 0.004755434782608696
0 0.46127717391304346 0.19701086956521738 0.005434782608695652 0.004755434782608696
0 0.4476902173913043 0.19904891304347827 0.001358695652173913 0.0006793478260869565
0 0.5203804347826086 0.1983695652173913 0.005434782608695652 0.0033967391304347825
0 0.5258152173913043 0.19701086956521738 0.005434782608695652 0.0033967391304347825
0 0.5332880434782609 0.19701086956521738 0.007472826086956522 0.005434782608695652
0 0.5400815217391305 0.19633152173913043 0.007472826086956522 0.005434782608695652
0 0.546875 0.19701086956521738 0.007472826086956522 0.005434782608695652
0 0.5441576086956522 0.19769021739130435 0.007472826086956522 0.005434782608695652
0 0.5523097826086957 0.19701086956521738 0.007472826086956522 0.005434782608695652
0 0.5550271739130435 0.19701086956521738 0.008831521739130434 0.005434782608695652
0 0.5597826086956522 0.19769021739130435 0.007472826086956522 0.005434782608695652
0 0.5618206521739131 0.1983695652173913 0.007472826086956522 0.005434782608695652
0 0.5672554347826086 0.19701086956521738 0.007472826086956522 0.005434782608695652
0 0.5754076086956522 0.19769021739130435 0.007472826086956522 0.005434782608695652
0 0.5815217391304348 0.1983695652173913 0.007472826086956522 0.005434782608695652
0 0.5896739130434783 0.1983695652173913 0.007472826086956522 0.005434782608695652
0 0.5978260869565217 0.19701086956521738 0.007472826086956522 0.005434782608695652
0 0.6114130434782609 0.1983695652173913 0.009510869565217392 0.006114130434782609
0 0.6243206521739131 0.19904891304347827 0.014266304347826086 0.01154891304347826
0 0.6460597826086957 0.20108695652173914 0.007472826086956522 0.005434782608695652
0 0.6508152173913043 0.20108695652173914 0.007472826086956522 0.005434782608695652
0 0.657608695652174 0.20176630434782608 0.008831521739130434 0.005434782608695652
0 0.6623641304347826 0.20108695652173914 0.007472826086956522 0.006114130434782609
0 0.6725543478260869 0.20176630434782608 0.007472826086956522 0.006114130434782609
0 0.8362771739130435 0.20380434782608695 0.0020380434782608695 0.001358695652173913
0 0.8308423913043478 0.20516304347826086 0.0020380434782608695 0.002717391304347826
0 0.8226902173913043 0.20448369565217392 0.0033967391304347825 0.001358695652173913
0 0.8063858695652174 0.20516304347826086 0.004076086956521739 0.004076086956521739
0 0.811141304347826 0.20516304347826086 0.0033967391304347825 0.001358695652173913
0 0.8627717391304348 0.20448369565217392 0.005434782608695652 0.004076086956521739
0 0.9191576086956522 0.20516304347826086 0.008831521739130434 0.006114130434782609
0 0.10529891304347826 0.2139945652173913 0.005434782608695652 0.004076086956521739
0 0.10597826086956522 0.20720108695652173 0.004076086956521739 0.0033967391304347825
0 0.11345108695652174 0.20720108695652173 0.004076086956521739 0.0033967391304347825
0 0.12432065217391304 0.21671195652173914 0.006793478260869565 0.004076086956521739
0 0.1800271739130435 0.20516304347826086 0.004076086956521739 0.0033967391304347825
0 0.19157608695652173 0.20652173913043478 0.004076086956521739 0.002717391304347826
0 0.19769021739130435 0.20516304347826086 0.0033967391304347825 0.002717391304347826
0 0.20108695652173914 0.20176630434782608 0.0033967391304347825 0.0033967391304347825
0 0.21535326086956522 0.20176630434782608 0.0020380434782608695 0.001358695652173913
0 0.2112771739130435 0.20108695652173914 0.004076086956521739 0.0033967391304347825
0 0.21739130434782608 0.19972826086956522 0.001358695652173913 0.001358695652173913
0 0.22826086956521738 0.20040760869565216 0.001358695652173913 0.0006793478260869565
0 0.234375 0.20040760869565216 0.001358695652173913 0.0006793478260869565
0 0.24728260869565216 0.19701086956521738 0.0020380434782608695 0.002717391304347826
0 0.24660326086956522 0.20380434782608695 0.0033967391304347825 0.001358695652173913
0 0.25339673913043476 0.20176630434782608 0.004076086956521739 0.002717391304347826
0 0.2554347826086957 0.19633152173913043 0.0033967391304347825 0.002717391304347826
0 0.26970108695652173 0.2112771739130435 0.004076086956521739 0.002717391304347826
0 0.27377717391304346 0.20991847826086957 0.004076086956521739 0.002717391304347826
0 0.28125 0.2139945652173913 0.0033967391304347825 0.0033967391304347825
0 0.19089673913043478 0.21263586956521738 0.004076086956521739 0.004076086956521739
0 0.15217391304347827 0.20516304347826086 0.0033967391304347825 0.0033967391304347825
0 0.14673913043478262 0.20380434782608695 0.0033967391304347825 0.0033967391304347825
0 0.15353260869565216 0.2262228260869565 0.006793478260869565 0.004755434782608696
0 0.8756793478260869 0.20380434782608695 0.007472826086956522 0.006114130434782609
0 0.90625 0.203125 0.009510869565217392 0.007472826086956522