0 0.53125 0.5971467391304348 0.021739130434782608 0.021059782608695652
0 0.49320652173913043 0.6175271739130435 0.036684782608695655 0.035326086956521736
0 0.4891304347826087 0.5903532608695652 0.025135869565217392 0.02717391304347826
0 0.3654891304347826 0.608016304347826 0.04483695652173913 0.033967391304347824
0 0.2561141304347826 0.59375 0.03328804347826087 0.033967391304347824
0 0.250679347826087 0.6447010869565217 0.05366847826086957 0.05638586956521739
0 0.42527173913043476 0.7724184782608695 0.14266304347826086 0.13790760869565216
0 0.06385869565217392 0.798233695652174 0.12296195652173914 0.12703804347826086
0 0.7296195652173914 0.7934782608695652 0.12703804347826086 0.12364130434782608
0 0.8097826086956522 0.6834239130434783 0.04891304347826087 0.049592391304347824
0 0.9660326086956522 0.6745923913043478 0.049592391304347824 0.06046195652173913
0 0.9850543478260869 0.639266304347826 0.029211956521739132 0.03736413043478261
0 0.9952445652173914 0.5855978260869565 0.009510869565217392 0.021739130434782608
0 0.9898097826086957 0.5815217391304348 0.017663043478260868 0.020380434782608696
0 0.6949728260869565 0.626358695652174 0.02377717391304348 0.029891304347826088
0 0.6915760869565217 0.576766304347826 0.01358695652173913 0.014945652173913044
0 0.035326086956521736 0.6338315217391305 0.06317934782608696 0.046875
0 0.07472826086956522 0.6270380434782609 0.05638586956521739 0.042798913043478264
0 0.14130434782608695 0.610733695652174 0.03736413043478261 0.028532608695652172
0 0.1800271739130435 0.5686141304347826 0.01154891304347826 0.008152173913043478
0 0.28125 0.5699728260869565 0.014266304347826086 0.010869565217391304
0 0.45108695652173914 0.579483695652174 0.01358695652173913 0.010190217391304348
0 0.532608695652174 0.6141304347826086 0.03872282608695652 0.028532608695652172
0 0.6365489130434783 0.5944293478260869 0.026494565217391304 0.01970108695652174
0 0.6202445652173914 0.5835597826086957 0.020380434782608696 0.014945652173913044
0 0.6019021739130435 0.6752717391304348 0.08695652173913043 0.06521739130434782
0 0.6229619565217391 0.6127717391304348 0.03736413043478261 0.027853260869565216
0 0.40625 0.6086956521739131 0.02717391304347826 0.020380434782608696
0 0.328125 0.6188858695652174 0.04483695652173913 0.03328804347826087
0 0.2982336956521739 0.6188858695652174 0.04823369565217391 0.036005434782608696
0 0.20652173913043478 0.610733695652174 0.03736413043478261 0.028532608695652172
0 0.17798913043478262 0.6025815217391305 0.02309782608695652 0.017663043478260868
0 0.016304347826086956 0.7336956521739131 0.03260869565217391 0.09239130434782608
0 0.7302989130434783 0.6800271739130435 0.08423913043478261 0.06317934782608696
0 0.7989130434782609 0.6596467391304348 0.07336956521739131 0.05502717391304348
0 0.9945652173913043 0.6426630434782609 0.010190217391304348 0.035326086956521736
0 0.9836956521739131 0.5733695652173914 0.005434782608695652 0.004076086956521739
0 0.9442934782608695 0.5910326086956522 0.024456521739130436 0.018342391304347828
0 0.9653532608695652 0.5774456521739131 0.012907608695652174 0.009510869565217392
0 0.938858695652174 0.5658967391304348 0.015625 0.01154891304347826
0 0.9585597826086957 0.5679347826086957 0.014945652173913044 0.01154891304347826
0 0.7764945652173914 0.6066576086956522 0.024456521739130436 0.018342391304347828
0 0.8023097826086957 0.6148097826086957 0.03736413043478261 0.027853260869565216
0 0.8376358695652174 0.6182065217391305 0.036005434782608696 0.02717391304347826
0 0.8525815217391305 0.6005434782608695 0.026494565217391304 0.01970108695652174
0 0.9171195652173914 0.6059782608695652 0.03260869565217391 0.024456521739130436
0 0.967391304347826 0.5971467391304348 0.028532608695652172 0.021059782608695652
0 0.6963315217391305 0.608016304347826 0.025135869565217392 0.018342391304347828
0 0.6698369565217391 0.608016304347826 0.02377717391304348 0.017663043478260868
0 0.6297554347826086 0.5720108695652174 0.006114130434782609 0.005434782608695652
0 0.7316576086956522 0.592391304347826 0.024456521739130436 0.018342391304347828
0 0.6759510869565217 0.5978260869565217 0.027853260869565216 0.020380434782608696
0 0.4544836956521739 0.5658967391304348 0.015625 0.01154891304347826
0 0.8729619565217391 0.6243206521739131 0.03872282608695652 0.029211956521739132
0 0.9211956521739131 0.5849184782608695 0.021059782608695652 0.015625
0 0.8974184782608695 0.5740489130434783 0.009510869565217392 0.006793478260869565
0 0.876358695652174 0.5740489130434783 0.010190217391304348 0.008152173913043478
0 0.8668478260869565 0.5855978260869565 0.014945652173913044 0.010869565217391304
0 0.8498641304347826 0.5692934782608695 0.0033967391304347825 0.002717391304347826
0 0.8369565217391305 0.5828804347826086 0.012228260869565218 0.008831521739130434
0 0.8254076086956522 0.5910326086956522 0.021059782608695652 0.014945652173913044
0 0.8057065217391305 0.5822010869565217 0.010869565217391304 0.008152173913043478
0 0.8165760869565217 0.5726902173913043 0.009510869565217392 0.006793478260869565