0 0.9884510869565217 0.6216032608695652 0.022418478260869564 0.025815217391304348
0 0.9952445652173914 0.5991847826086957 0.009510869565217392 0.02309782608695652
0 0.96875 0.5964673913043478 0.01970108695652174 0.018342391304347828
0 0.9096467391304348 0.5855978260869565 0.015625 0.014945652173913044
0 0.8519021739130435 0.5883152173913043 0.015625 0.016304347826086956
0 0.8301630434782609 0.5849184782608695 0.01358695652173913 0.016304347826086956
0 0.8722826086956522 0.6216032608695652 0.035326086956521736 0.026494565217391304
0 0.8315217391304348 0.6501358695652174 0.044157608695652176 0.036684782608695655
0 0.7676630434782609 0.5903532608695652 0.017663043478260868 0.017663043478260868
0 0.7663043478260869 0.5699728260869565 0.014945652173913044 0.012907608695652174
0 0.7540760869565217 0.6066576086956522 0.020380434782608696 0.020380434782608696
0 0.7289402173913043 0.5822010869565217 0.016304347826086956 0.016983695652173912
0 0.7194293478260869 0.576766304347826 0.01358695652173913 0.014945652173913044
0 0.7119565217391305 0.5822010869565217 0.012907608695652174 0.014945652173913044
0 0.6216032608695652 0.6046195652173914 0.020380434782608696 0.021739130434782608
0 0.6413043478260869 0.6229619565217391 0.025815217391304348 0.030570652173913044
0 0.6168478260869565 0.579483695652174 0.01154891304347826 0.014945652173913044
0 0.5971467391304348 0.6005434782608695 0.018342391304347828 0.01970108695652174
0 0.6168478260869565 0.6304347826086957 0.020380434782608696 0.028532608695652172
0 0.5754076086956522 0.5944293478260869 0.014945652173913044 0.01358695652173913
0 0.576766304347826 0.5754076086956522 0.017663043478260868 0.017663043478260868
0 0.5414402173913043 0.5883152173913043 0.018342391304347828 0.01970108695652174
0 0.5319293478260869 0.5754076086956522 0.01358695652173913 0.014945652173913044
0 0.4789402173913043 0.5842391304347826 0.01358695652173913 0.016304347826086956
0 0.46059782608695654 0.5862771739130435 0.01358695652173913 0.018342391304347828
0 0.41847826086956524 0.5808423913043478 0.016304347826086956 0.016983695652173912
0 0.33695652173913043 0.5740489130434783 0.015625 0.016304347826086956
0 0.26358695652173914 0.5652173913043478 0.012907608695652174 0.01358695652173913
0 0.3077445652173913 0.6528532608695652 0.042119565217391304 0.042119565217391304
0 0.2112771739130435 0.5754076086956522 0.01358695652173913 0.018342391304347828
0 0.0006793478260869565 0.639266304347826 0.001358695652173913 0.03736413043478261
0 0.08016304347826086 0.6066576086956522 0.016304347826086956 0.021739130434782608
0 0.002717391304347826 0.5862771739130435 0.005434782608695652 0.021059782608695652
0 0.08084239130434782 0.5672554347826086 0.017663043478260868 0.020380434782608696
0 0.9470108695652174 0.5713315217391305 0.006114130434782609 0.004076086956521739
0 0.9375 0.6025815217391305 0.025135869565217392 0.018342391304347828
0 0.8879076086956522 0.5889945652173914 0.018342391304347828 0.01358695652173913
0 0.8770380434782609 0.563858695652174 0.012907608695652174 0.009510869565217392
0 0.8369565217391305 0.6100543478260869 0.029211956521739132 0.022418478260869564
0 0.7995923913043478 0.640625 0.03872282608695652 0.029211956521739132
0 0.7411684782608695 0.6610054347826086 0.044157608695652176 0.03260869565217391
0 0.8023097826086957 0.6012228260869565 0.025135869565217392 0.019021739130434784
0 0.78125 0.5930706521739131 0.01970108695652174 0.014945652173913044
0 0.7676630434782609 0.579483695652174 0.016304347826086956 0.012907608695652174
0 0.7520380434782609 0.5815217391304348 0.017663043478260868 0.012907608695652174
0 0.7010869565217391 0.5862771739130435 0.017663043478260868 0.01358695652173913
0 0.6902173913043478 0.5944293478260869 0.021739130434782608 0.015625
0 0.6752717391304348 0.5808423913043478 0.015625 0.01154891304347826
0 0.6596467391304348 0.5788043478260869 0.014266304347826086 0.010869565217391304
0 0.6447010869565217 0.5754076086956522 0.014266304347826086 0.010869565217391304
0 0.6351902173913043 0.5788043478260869 0.015625 0.01154891304347826
0 0.6480978260869565 0.5883152173913043 0.017663043478260868 0.01358695652173913
0 0.6229619565217391 0.5523097826086957 0.008831521739130434 0.006114130434782609
0 0.5978260869565217 0.5523097826086957 0.008152173913043478 0.006114130434782609
0 0.5692934782608695 0.626358695652174 0.029211956521739132 0.021739130434782608
0 0.592391304347826 0.6324728260869565 0.030570652173913044 0.02309782608695652
0 0.5489130434782609 0.609375 0.02377717391304348 0.017663043478260868
0 0.5563858695652174 0.5774456521739131 0.017663043478260868 0.01358695652173913
0 0.5197010869565217 0.579483695652174 0.017663043478260868 0.01358695652173913
0 0.5135869565217391 0.6168478260869565 0.021739130434782608 0.016304347826086956
0 0.46195652173913043 0.609375 0.017663043478260868 0.01358695652173913
0 0.4436141304347826 0.5876358695652174 0.018342391304347828 0.014266304347826086
0 0.46875 0.5862771739130435 0.019021739130434784 0.014266304347826086
0 0.39945652173913043 0.6066576086956522 0.03192934782608696 0.02377717391304348
0 0.3763586956521739 0.5964673913043478 0.02717391304347826 0.020380434782608696
0 0.35733695652173914 0.5910326086956522 0.025135869565217392 0.018342391304347828
0 0.40285326086956524 0.5957880434782609 0.026494565217391304 0.01970108695652174
0 0.39334239130434784 0.5815217391304348 0.018342391304347828 0.01358695652173913
0 0.4110054347826087 0.5740489130434783 0.01154891304347826 0.008831521739130434
0 0.4232336956521739 0.5754076086956522 0.012907608695652174 0.009510869565217392
0 0.375679347826087 0.5754076086956522 0.01358695652173913 0.010190217391304348
0 0.375679347826087 0.5842391304347826 0.020380434782608696 0.014945652173913044
0 0.32404891304347827 0.6073369565217391 0.03260869565217391 0.024456521739130436
0 0.3220108695652174 0.5876358695652174 0.022418478260869564 0.017663043478260868
0 0.32133152173913043 0.5720108695652174 0.009510869565217392 0.007472826086956522
0 0.30978260869565216 0.5774456521739131 0.015625 0.01154891304347826
0 0.3077445652173913 0.5645380434782609 0.014266304347826086 0.010869565217391304
0 0.3023097826086957 0.5740489130434783 0.014266304347826086 0.01154891304347826
0 0.29008152173913043 0.5801630434782609 0.019021739130434784 0.014266304347826086
0 0.27309782608695654 0.5726902173913043 0.01358695652173913 0.010190217391304348
0 0.280570652173913 0.5699728260869565 0.01154891304347826 0.008831521739130434
0 0.25203804347826086 0.5706521739130435 0.01154891304347826 0.008831521739130434
0 0.19904891304347827 0.6059782608695652 0.03125 0.02309782608695652
0 0.23029891304347827 0.6120923913043478 0.03328804347826087 0.024456521739130436
0 0.25 0.5991847826086957 0.027853260869565216 0.021059782608695652
0 0.44904891304347827 0.5828804347826086 0.019021739130434784 0.014266304347826086
0 0.4313858695652174 0.5801630434782609 0.018342391304347828 0.01358695652173913
0 0.265625 0.5876358695652174 0.022418478260869564 0.016983695652173912
0 0.2595108695652174 0.5808423913043478 0.019021739130434784 0.014266304347826086
0 0.2425271739130435 0.5788043478260869 0.017663043478260868 0.01358695652173913
0 0.23573369565217392 0.5692934782608695 0.009510869565217392 0.006793478260869565
0 0.22214673913043478 0.5822010869565217 0.020380434782608696 0.014945652173913044
0 0.20923913043478262 0.5699728260869565 0.01154891304347826 0.008831521739130434
0 0.19429347826086957 0.5692934782608695 0.01154891304347826 0.008831521739130434
0 0.018342391304347828 0.6426630434782609 0.036684782608695655 0.035326086956521736
0 0.10869565217391304 0.6086956521739131 0.033967391304347824 0.025815217391304348
0 0.13790760869565216 0.6148097826086957 0.03328804347826087 0.024456521739130436
0 0.014945652173913044 0.5754076086956522 0.01358695652173913 0.010190217391304348
0 0.03125 0.5699728260869565 0.005434782608695652 0.004076086956521739
0 0.036684782608695655 0.579483695652174 0.017663043478260868 0.012907608695652174
0 0.052309782608695655 0.5788043478260869 0.016983695652173912 0.012907608695652174
0 0.051630434782608696 0.5889945652173914 0.024456521739130436 0.017663043478260868
0 0.04823369565217391 0.5686141304347826 0.014266304347826086 0.010869565217391304
0 0.06521739130434782 0.5733695652173914 0.010869565217391304 0.008152173913043478
0 0.08220108695652174 0.5720108695652174 0.008831521739130434 0.006793478260869565
0 0.09510869565217392 0.5754076086956522 0.01358695652173913 0.010190217391304348
0 0.08627717391304347 0.5842391304347826 0.021739130434782608 0.015625
0 0.12296195652173914 0.5801630434782609 0.01970108695652174 0.014945652173913044
0 0.11209239130434782 0.5747282608695652 0.012228260869565218 0.008831521739130434
0 0.12771739130434784 0.5706521739130435 0.015625 0.01154891304347826
0 0.14470108695652173 0.5692934782608695 0.015625 0.01154891304347826
0 0.15625 0.5822010869565217 0.021059782608695652 0.015625
0 0.171875 0.578125 0.017663043478260868 0.01358695652173913
0 0.17527173913043478 0.5679347826086957 0.010190217391304348 0.008152173913043478
0 0.18342391304347827 0.5917119565217391 0.025135869565217392 0.019021739130434784