0 0.008831521739130434 0.24728260869565216 0.016983695652173912 0.02309782608695652
0 0.029891304347826088 0.2547554347826087 0.030570652173913044 0.02717391304347826
0 0.07472826086956522 0.23845108695652173 0.02717391304347826 0.022418478260869564
0 0.12432065217391304 0.2235054347826087 0.020380434782608696 0.016983695652173912
0 0.1610054347826087 0.20516304347826086 0.021739130434782608 0.017663043478260868
0 0.13654891304347827 0.24388586956521738 0.027853260869565216 0.024456521739130436
0 0.16644021739130435 0.22826086956521738 0.02377717391304348 0.01970108695652174
0 0.18138586956521738 0.24592391304347827 0.029211956521739132 0.025815217391304348
0 0.21603260869565216 0.24592391304347827 0.021059782608695652 0.018342391304347828
0 0.2608695652173913 0.2418478260869565 0.02309782608695652 0.02309782608695652
0 0.29347826086956524 0.23029891304347827 0.021739130434782608 0.02377717391304348
0 0.327445652173913 0.2262228260869565 0.020380434782608696 0.01970108695652174
0 0.33016304347826086 0.24864130434782608 0.025815217391304348 0.024456521739130436
0 0.38790760869565216 0.23029891304347827 0.025135869565217392 0.02377717391304348
0 0.45584239130434784 0.25339673913043476 0.025815217391304348 0.025815217391304348
0 0.4796195652173913 0.24728260869565216 0.029211956521739132 0.027853260869565216
0 0.5149456521739131 0.23641304347826086 0.020380434782608696 0.019021739130434784
0 0.20584239130434784 0.26358695652173914 0.02717391304347826 0.02717391304347826
0 0.26970108695652173 0.26834239130434784 0.025815217391304348 0.02377717391304348
0 0.25747282608695654 0.29008152173913043 0.033967391304347824 0.03125
0 0.20448369565217392 0.30502717391304346 0.04551630434782609 0.04076086956521739
0 0.09646739130434782 0.26902173913043476 0.030570652173913044 0.024456521739130436
0 0.08899456521739131 0.2914402173913043 0.04619565217391304 0.042119565217391304
0 0.025815217391304348 0.30095108695652173 0.050951086956521736 0.051630434782608696
0 0.08220108695652174 0.34714673913043476 0.06725543478260869 0.059782608695652176
0 0.16032608695652173 0.32608695652173914 0.07133152173913043 0.07133152173913043
0 0.25 0.3138586956521739 0.034646739130434784 0.03125
0 0.234375 0.3423913043478261 0.050951086956521736 0.04891304347826087
0 0.33627717391304346 0.3267663043478261 0.04551630434782609 0.043478260869565216
0 0.30570652173913043 0.313179347826087 0.03872282608695652 0.03736413043478261
0 0.38858695652173914 0.3342391304347826 0.04008152173913043 0.03872282608695652
0 0.327445652173913 0.38315217391304346 0.06997282608695653 0.06929347826086957
0 0.4123641304347826 0.37160326086956524 0.07065217391304347 0.06861413043478261
0 0.5591032608695652 0.360054347826087 0.07608695652173914 0.07948369565217392
0 0.5122282608695652 0.328125 0.05502717391304348 0.05502717391304348
0 0.4741847826086957 0.3077445652173913 0.04483695652173913 0.04619565217391304
0 0.5054347826086957 0.29347826086956524 0.033967391304347824 0.028532608695652172
0 0.5067934782608695 0.2710597826086957 0.03260869565217391 0.028532608695652172
0 0.41983695652173914 0.281929347826087 0.03872282608695652 0.03328804347826087
0 0.343070652173913 0.27921195652173914 0.036684782608695655 0.033967391304347824
0 0.5557065217391305 0.26766304347826086 0.02717391304347826 0.025815217391304348
0 0.5645380434782609 0.30095108695652173 0.035326086956521736 0.03736413043478261
0 0.5706521739130435 0.2513586956521739 0.02377717391304348 0.022418478260869564
0 0.6073369565217391 0.24864130434782608 0.025135869565217392 0.021739130434782608
0 0.6365489130434783 0.22282608695652173 0.018342391304347828 0.016304347826086956
0 0.6324728260869565 0.31929347826086957 0.04823369565217391 0.04619565217391304
0 0.6120923913043478 0.2798913043478261 0.04483695652173913 0.042119565217391304
0 0.6766304347826086 0.27377717391304346 0.03872282608695652 0.03736413043478261
0 0.6847826086956522 0.3186141304347826 0.041440217391304345 0.043478260869565216
0 0.7574728260869565 0.30095108695652173 0.03260869565217391 0.035326086956521736
0 0.7146739130434783 0.27241847826086957 0.030570652173913044 0.029891304347826088
0 0.7010869565217391 0.25815217391304346 0.02377717391304348 0.021739130434782608
0 0.6739130434782609 0.24728260869565216 0.021059782608695652 0.018342391304347828
0 0.7934782608695652 0.40353260869565216 0.08152173913043478 0.08220108695652174
0 0.7941576086956522 0.30570652173913043 0.042119565217391304 0.04008152173913043
0 0.8131793478260869 0.33220108695652173 0.050951086956521736 0.04891304347826087
0 0.7595108695652174 0.27445652173913043 0.027853260869565216 0.02309782608695652
0 0.7493206521739131 0.2547554347826087 0.025135869565217392 0.02309782608695652
0 0.7778532608695652 0.23845108695652173 0.021739130434782608 0.019021739130434784
0 0.7595108695652174 0.22894021739130435 0.021739130434782608 0.019021739130434784
0 0.7934782608695652 0.26766304347826086 0.030570652173913044 0.024456521739130436
0 0.8301630434782609 0.2982336956521739 0.03260869565217391 0.030570652173913044
0 0.845108695652174 0.2914402173913043 0.042798913043478264 0.03940217391304348
0 0.8940217391304348 0.2955163043478261 0.035326086956521736 0.034646739130434784
0 0.9245923913043478 0.2914402173913043 0.03940217391304348 0.030570652173913044
0 0.9823369565217391 0.27377717391304346 0.035326086956521736 0.033967391304347824
0 0.9463315217391305 0.35122282608695654 0.059103260869565216 0.057065217391304345
0 0.9796195652173914 0.30910326086956524 0.03940217391304348 0.03804347826086957
0 0.921875 0.25271739130434784 0.03260869565217391 0.028532608695652172
0 0.8953804347826086 0.23641304347826086 0.021739130434782608 0.020380434782608696
0 0.8444293478260869 0.24388586956521738 0.026494565217391304 0.025135869565217392
0 0.967391304347826 0.22758152173913043 0.021739130434782608 0.020380434782608696
0 0.9979619565217391 0.25203804347826086 0.004076086956521739 0.021739130434782608
0 0.6813858695652174 0.21263586956521738 0.017663043478260868 0.016304347826086956
0 0.017663043478260868 0.23709239130434784 0.021739130434782608 0.016304347826086956
0 0.33016304347826086 0.23505434782608695 0.025815217391304348 0.019021739130434784
0 0.37228260869565216 0.2418478260869565 0.029211956521739132 0.021739130434782608
0 0.3953804347826087 0.21739130434782608 0.019021739130434784 0.01358695652173913
0 0.453125 0.22214673913043478 0.02377717391304348 0.017663043478260868
0 0.08763586956521739 0.23097826086956522 0.025815217391304348 0.019021739130434784
0 0.13858695652173914 0.297554347826087 0.05570652173913043 0.042119565217391304
0 0.5414402173913043 0.28125 0.03736413043478261 0.027853260869565216
0 0.6596467391304348 0.2873641304347826 0.042798913043478264 0.03260869565217391
0 0.6650815217391305 0.23641304347826086 0.02377717391304348 0.017663043478260868
0 0.8152173913043478 0.21467391304347827 0.009510869565217392 0.006793478260869565
0 0.8118206521739131 0.2860054347826087 0.03872282608695652 0.029211956521739132
0 0.8756793478260869 0.296875 0.044157608695652176 0.03328804347826087
0 0.9524456521739131 0.2764945652173913 0.036684782608695655 0.027853260869565216
0 0.9680706521739131 0.27241847826086957 0.036684782608695655 0.027853260869565216
0 0.845108695652174 0.23097826086956522 0.02309782608695652 0.016983695652173912
0 0.6351902173913043 0.2798913043478261 0.04076086956521739 0.030570652173913044
0 0.5876358695652174 0.31521739130434784 0.051630434782608696 0.03940217391304348