0 0.30842391304347827 0.6793478260869565 0.18953804347826086 0.15760869565217392
0 0.7527173913043478 0.6569293478260869 0.13383152173913043 0.12160326086956522
0 0.9605978260869565 0.608016304347826 0.07880434782608696 0.09375
0 0.45652173913043476 0.5509510869565217 0.12092391304347826 0.08967391304347826
0 0.01358695652173913 0.5516304347826086 0.02717391304347826 0.11888586956521739
0 0.563858695652174 0.529891304347826 0.08220108695652174 0.07676630434782608
0 0.8009510869565217 0.5380434782608695 0.059103260869565216 0.057744565217391304
0 0.9252717391304348 0.5264945652173914 0.06521739130434782 0.05366847826086957
0 0.14741847826086957 0.41508152173913043 0.07472826086956522 0.06114130434782609
0 0.3138586956521739 0.42595108695652173 0.07744565217391304 0.058423913043478264
0 0.31046195652173914 0.3892663043478261 0.042798913043478264 0.035326086956521736
0 0.15421195652173914 0.3797554347826087 0.059782608695652176 0.04076086956521739
0 0.17730978260869565 0.36616847826086957 0.042798913043478264 0.034646739130434784
0 0.016304347826086956 0.36209239130434784 0.03260869565217391 0.04483695652173913
0 0.06046195652173913 0.3328804347826087 0.049592391304347824 0.03260869565217391
0 0.08967391304347826 0.3186141304347826 0.04551630434782609 0.035326086956521736
0 0.18817934782608695 0.3220108695652174 0.03736413043478261 0.028532608695652172
0 0.328125 0.375 0.033967391304347824 0.027853260869565216
0 0.30366847826086957 0.3294836956521739 0.024456521739130436 0.019021739130434784
0 0.20855978260869565 0.32404891304347827 0.025815217391304348 0.01970108695652174
0 0.21263586956521738 0.3077445652173913 0.024456521739130436 0.019021739130434784
0 0.19157608695652173 0.30027173913043476 0.02377717391304348 0.019021739130434784
0 0.13451086956521738 0.30366847826086957 0.029211956521739132 0.024456521739130436
0 0.15964673913043478 0.2982336956521739 0.02377717391304348 0.017663043478260868
0 0.11345108695652174 0.2955163043478261 0.026494565217391304 0.020380434782608696
0 0.06317934782608696 0.26970108695652173 0.02377717391304348 0.018342391304347828
0 0.041440217391304345 0.25883152173913043 0.018342391304347828 0.015625
0 0.006793478260869565 0.2798913043478261 0.01358695652173913 0.02309782608695652
0 0.12432065217391304 0.2798913043478261 0.022418478260869564 0.018342391304347828
0 0.08627717391304347 0.280570652173913 0.024456521739130436 0.019021739130434784
0 0.09442934782608696 0.26902173913043476 0.020380434782608696 0.016304347826086956
0 0.1453804347826087 0.2710597826086957 0.016983695652173912 0.014945652173913044
0 0.17866847826086957 0.28396739130434784 0.018342391304347828 0.016304347826086956
0 0.19904891304347827 0.28464673913043476 0.020380434782608696 0.016304347826086956
0 0.23233695652173914 0.29891304347826086 0.022418478260869564 0.016983695652173912
0 0.1297554347826087 0.25679347826086957 0.018342391304347828 0.01358695652173913
0 0.10733695652173914 0.24728260869565216 0.014945652173913044 0.012228260869565218
0 0.051630434782608696 0.24456521739130435 0.016983695652173912 0.014945652173913044
0 0.03328804347826087 0.23233695652173914 0.016304347826086956 0.014266304347826086
0 0.016304347826086956 0.23845108695652173 0.016983695652173912 0.014945652173913044
0 0.004076086956521739 0.26290760869565216 0.008152173913043478 0.015625
0 0.05502717391304348 0.21263586956521738 0.014945652173913044 0.01358695652173913
0 0.009510869565217392 0.21603260869565216 0.014945652173913044 0.012228260869565218
0 0.1297554347826087 0.19904891304347827 0.015625 0.012907608695652174
0 0.1875 0.2078804347826087 0.015625 0.01358695652173913
0 0.250679347826087 0.25203804347826086 0.014266304347826086 0.010869565217391304
0 0.31046195652173914 0.2425271739130435 0.010869565217391304 0.008831521739130434
0 0.34375 0.2513586956521739 0.01154891304347826 0.008831521739130434
0 0.3070652173913043 0.25815217391304346 0.014266304347826086 0.010869565217391304
0 0.34035326086956524 0.26222826086956524 0.01358695652173913 0.010190217391304348
0 0.3328804347826087 0.24456521739130435 0.010869565217391304 0.008152173913043478
0 0.296195652173913 0.2758152173913043 0.012907608695652174 0.01154891304347826
0 0.3423913043478261 0.27377717391304346 0.01358695652173913 0.010190217391304348
0 0.35258152173913043 0.2866847826086957 0.016983695652173912 0.014266304347826086
0 0.25883152173913043 0.3070652173913043 0.020380434782608696 0.017663043478260868
0 0.391304347826087 0.2758152173913043 0.014266304347826086 0.012228260869565218
0 0.3797554347826087 0.266304347826087 0.01154891304347826 0.009510869565217392
0 0.40964673913043476 0.26154891304347827 0.01154891304347826 0.009510869565217392
0 0.453125 0.25815217391304346 0.010869565217391304 0.008831521739130434
0 0.4470108695652174 0.27241847826086957 0.012228260869565218 0.010190217391304348
0 0.42595108695652173 0.2751358695652174 0.012907608695652174 0.010869565217391304
0 0.4375 0.2826086956521739 0.012907608695652174 0.010869565217391304
0 0.44904891304347827 0.2873641304347826 0.016304347826086956 0.01358695652173913
0 0.4592391304347826 0.280570652173913 0.01154891304347826 0.009510869565217392
0 0.48165760869565216 0.28328804347826086 0.021739130434782608 0.018342391304347828
0 0.49252717391304346 0.2751358695652174 0.012907608695652174 0.010869565217391304
0 0.484375 0.2669836956521739 0.012228260869565218 0.010190217391304348
0 0.49116847826086957 0.2608695652173913 0.009510869565217392 0.008831521739130434
0 0.5122282608695652 0.26358695652173914 0.009510869565217392 0.008152173913043478
0 0.5176630434782609 0.26902173913043476 0.010869565217391304 0.010190217391304348
0 0.5319293478260869 0.2764945652173913 0.012228260869565218 0.010190217391304348
0 0.40285326086956524 0.2866847826086957 0.016304347826086956 0.01358695652173913
0 0.40285326086956524 0.2955163043478261 0.014266304347826086 0.01154891304347826
0 0.39945652173913043 0.3029891304347826 0.01970108695652174 0.014945652173913044
0 0.390625 0.343070652173913 0.030570652173913044 0.024456521739130436
0 0.38722826086956524 0.33016304347826086 0.024456521739130436 0.018342391304347828
0 0.49116847826086957 0.358695652173913 0.025815217391304348 0.021739130434782608
0 0.468070652173913 0.38790760869565216 0.050271739130434784 0.036005434782608696
0 0.5074728260869565 0.374320652173913 0.026494565217391304 0.024456521739130436
0 0.5033967391304348 0.42934782608695654 0.051630434782608696 0.044157608695652176
0 0.5353260869565217 0.40353260869565216 0.035326086956521736 0.030570652173913044
0 0.592391304347826 0.4110054347826087 0.051630434782608696 0.03940217391304348
0 0.6365489130434783 0.39402173913043476 0.03872282608695652 0.03328804347826087
0 0.5964673913043478 0.3736413043478261 0.030570652173913044 0.02717391304347826
0 0.6711956521739131 0.41508152173913043 0.03940217391304348 0.034646739130434784
0 0.6460597826086957 0.43478260869565216 0.042119565217391304 0.033967391304347824
0 0.7615489130434783 0.4157608695652174 0.033967391304347824 0.030570652173913044
0 0.7350543478260869 0.39741847826086957 0.03260869565217391 0.02717391304347826
0 0.5550271739130435 0.343070652173913 0.01970108695652174 0.016983695652173912
0 0.5271739130434783 0.328125 0.020380434782608696 0.017663043478260868
0 0.5190217391304348 0.2955163043478261 0.016983695652173912 0.012228260869565218
0 0.5550271739130435 0.3125 0.014945652173913044 0.012228260869565218
0 0.5883152173913043 0.33627717391304346 0.020380434782608696 0.016983695652173912
0 0.6195652173913043 0.35258152173913043 0.025815217391304348 0.021059782608695652
0 0.6059782608695652 0.34171195652173914 0.018342391304347828 0.014945652173913044
0 0.6779891304347826 0.35258152173913043 0.02377717391304348 0.021059782608695652
0 0.7160326086956522 0.35665760869565216 0.020380434782608696 0.018342391304347828
0 0.7384510869565217 0.3580163043478261 0.02377717391304348 0.020380434782608696
0 0.7941576086956522 0.36345108695652173 0.021739130434782608 0.018342391304347828
0 0.7438858695652174 0.34714673913043476 0.015625 0.012228260869565218
0 0.7126358695652174 0.33967391304347827 0.016304347826086956 0.014266304347826086
0 0.6542119565217391 0.34646739130434784 0.021739130434782608 0.01970108695652174
0 0.6338315217391305 0.34171195652173914 0.018342391304347828 0.016304347826086956
0 0.6229619565217391 0.32540760869565216 0.016983695652173912 0.014266304347826086
0 0.5978260869565217 0.3220108695652174 0.014266304347826086 0.012228260869565218
0 0.5815217391304348 0.3138586956521739 0.014266304347826086 0.01154891304347826
0 0.5584239130434783 0.297554347826087 0.014945652173913044 0.012907608695652174
0 0.545516304347826 0.2907608695652174 0.01358695652173913 0.01154891304347826
0 0.5516304347826086 0.28125 0.012228260869565218 0.010190217391304348
0 0.5631793478260869 0.28872282608695654 0.010869565217391304 0.010190217391304348
0 0.5706521739130435 0.2866847826086957 0.010869565217391304 0.008831521739130434
0 0.5917119565217391 0.2982336956521739 0.01154891304347826 0.010190217391304348
0 0.6059782608695652 0.29279891304347827 0.009510869565217392 0.008152173913043478
0 0.6175271739130435 0.2907608695652174 0.01154891304347826 0.010190217391304348
0 0.6256793478260869 0.2866847826086957 0.009510869565217392 0.007472826086956522
0 0.6188858695652174 0.3023097826086957 0.012228260869565218 0.008831521739130434
0 0.6195652173913043 0.311820652173913 0.012907608695652174 0.010190217391304348
0 0.6290760869565217 0.3179347826086957 0.014945652173913044 0.012907608695652174
0 0.6426630434782609 0.3077445652173913 0.012907608695652174 0.010869565217391304
0 0.6677989130434783 0.3233695652173913 0.014945652173913044 0.012228260869565218
0 0.6521739130434783 0.32608695652173914 0.015625 0.012907608695652174
0 0.6902173913043478 0.34103260869565216 0.016304347826086956 0.014945652173913044
0 0.7221467391304348 0.3335597826086957 0.01358695652173913 0.012228260869565218
0 0.6929347826086957 0.31589673913043476 0.01154891304347826 0.010190217391304348
0 0.6773097826086957 0.3063858695652174 0.010869565217391304 0.008152173913043478
0 0.6603260869565217 0.31046195652173914 0.01358695652173913 0.010190217391304348
0 0.7336956521739131 0.32065217391304346 0.012907608695652174 0.01154891304347826
0 0.7024456521739131 0.32133152173913043 0.015625 0.012228260869565218
0 0.75 0.33967391304347827 0.01358695652173913 0.012228260869565218
0 0.7581521739130435 0.32608695652173914 0.014266304347826086 0.012907608695652174
0 0.7873641304347826 0.3491847826086957 0.016983695652173912 0.014266304347826086
0 0.8192934782608695 0.3491847826086957 0.014945652173913044 0.012228260869565218
0 0.8471467391304348 0.360054347826087 0.019021739130434784 0.014266304347826086
0 0.8288043478260869 0.39334239130434784 0.022418478260869564 0.02309782608695652
0 0.8444293478260869 0.37703804347826086 0.02377717391304348 0.016983695652173912
0 0.6487771739130435 0.30095108695652173 0.010869565217391304 0.008831521739130434
0 0.6086956521739131 0.27377717391304346 0.008831521739130434 0.007472826086956522
0 0.6134510869565217 0.25271739130434784 0.008831521739130434 0.007472826086956522
0 0.640625 0.27785326086956524 0.007472826086956522 0.006114130434782609
0 0.6480978260869565 0.28464673913043476 0.009510869565217392 0.008152173913043478
0 0.6623641304347826 0.28125 0.009510869565217392 0.007472826086956522
0 0.6589673913043478 0.28940217391304346 0.008831521739130434 0.007472826086956522
0 0.6800271739130435 0.29483695652173914 0.008831521739130434 0.006793478260869565
0 0.6922554347826086 0.29415760869565216 0.008831521739130434 0.006793478260869565
0 0.7024456521739131 0.296195652173913 0.010869565217391304 0.008831521739130434
0 0.7180706521739131 0.2873641304347826 0.008831521739130434 0.006793478260869565
0 0.7228260869565217 0.2955163043478261 0.009510869565217392 0.007472826086956522
0 0.7302989130434783 0.3016304347826087 0.009510869565217392 0.007472826086956522
0 0.7459239130434783 0.2873641304347826 0.008831521739130434 0.007472826086956522
0 0.7710597826086957 0.2907608695652174 0.008831521739130434 0.006793478260869565
0 0.7635869565217391 0.2955163043478261 0.008831521739130434 0.007472826086956522
0 0.7771739130434783 0.3029891304347826 0.010869565217391304 0.008152173913043478
0 0.7425271739130435 0.30842391304347827 0.010869565217391304 0.009510869565217392
0 0.8233695652173914 0.33491847826086957 0.012907608695652174 0.010190217391304348
0 0.8342391304347826 0.343070652173913 0.01358695652173913 0.01154891304347826
0 0.7907608695652174 0.3179347826086957 0.010869565217391304 0.009510869565217392
0 0.8274456521739131 0.31929347826086957 0.010869565217391304 0.008831521739130434
0 0.8172554347826086 0.30978260869565216 0.008831521739130434 0.006114130434782609
0 0.798233695652174 0.29415760869565216 0.007472826086956522 0.006793478260869565
0 0.7873641304347826 0.3077445652173913 0.008831521739130434 0.007472826086956522
0 0.8199728260869565 0.3023097826086957 0.007472826086956522 0.006114130434782609
0 0.8274456521739131 0.27309782608695654 0.008831521739130434 0.007472826086956522
0 0.8552989130434783 0.280570652173913 0.007472826086956522 0.006793478260869565
0 0.845108695652174 0.30095108695652173 0.007472826086956522 0.006793478260869565
0 0.8641304347826086 0.30570652173913043 0.008831521739130434 0.007472826086956522
0 0.8783967391304348 0.31589673913043476 0.008831521739130434 0.006793478260869565
0 0.8627717391304348 0.3179347826086957 0.010869565217391304 0.008831521739130434
0 0.859375 0.34171195652173914 0.01154891304347826 0.010190217391304348
0 0.8403532608695652 0.33016304347826086 0.010869565217391304 0.008831521739130434
0 0.8743206521739131 0.328125 0.009510869565217392 0.008831521739130434
0 0.8851902173913043 0.3491847826086957 0.015625 0.01358695652173913
0 0.8940217391304348 0.35665760869565216 0.015625 0.012907608695652174
0 0.8600543478260869 0.3546195652173913 0.014945652173913044 0.01358695652173913
0 0.8974184782608695 0.37228260869565216 0.022418478260869564 0.016983695652173912
0 0.9103260869565217 0.3532608695652174 0.014945652173913044 0.012228260869565218
0 0.8980978260869565 0.34035326086956524 0.01154891304347826 0.010190217391304348
0 0.9069293478260869 0.33016304347826086 0.010869565217391304 0.008831521739130434
0 0.8913043478260869 0.3125 0.008831521739130434 0.007472826086956522
0 0.858016304347826 0.41779891304347827 0.025815217391304348 0.025135869565217392
0 0.9313858695652174 0.46059782608695654 0.04823369565217391 0.042119565217391304
0 0.9307065217391305 0.43953804347826086 0.030570652173913044 0.029891304347826088
0 0.9490489130434783 0.4110054347826087 0.029211956521739132 0.024456521739130436
0 0.9490489130434783 0.3967391304347826 0.02377717391304348 0.019021739130434784
0 0.8940217391304348 0.38858695652173914 0.025815217391304348 0.02309782608695652
0 0.9952445652173914 0.40217391304347827 0.008831521739130434 0.018342391304347828
0 0.9898097826086957 0.37839673913043476 0.016983695652173912 0.014945652173913044
0 0.9680706521739131 0.37160326086956524 0.015625 0.01358695652173913
0 0.9490489130434783 0.37228260869565216 0.019021739130434784 0.015625
0 0.970108695652174 0.36277173913043476 0.016304347826086956 0.01358695652173913
0 0.9741847826086957 0.358695652173913 0.010869565217391304 0.008831521739130434
0 0.9551630434782609 0.35529891304347827 0.01358695652173913 0.012228260869565218
0 0.9422554347826086 0.35733695652173914 0.014266304347826086 0.01154891304347826
0 0.9966032608695652 0.3580163043478261 0.006793478260869565 0.01154891304347826
0 0.8947010869565217 0.28396739130434784 0.008831521739130434 0.007472826086956522
0 0.9402173913043478 0.3070652173913043 0.008831521739130434 0.006793478260869565
0 0.9660326086956522 0.3077445652173913 0.007472826086956522 0.007472826086956522
0 0.985733695652174 0.3070652173913043 0.005434782608695652 0.005434782608695652
0 0.9952445652173914 0.31046195652173914 0.005434782608695652 0.005434782608695652
0 0.9966032608695652 0.3179347826086957 0.006114130434782609 0.006114130434782609
0 0.9755434782608695 0.31521739130434784 0.008831521739130434 0.007472826086956522
0 0.9395380434782609 0.327445652173913 0.007472826086956522 0.006114130434782609
0 0.9368206521739131 0.3342391304347826 0.009510869565217392 0.008831521739130434
0 0.9273097826086957 0.33491847826086957 0.009510869565217392 0.007472826086956522
0 0.9490489130434783 0.34103260869565216 0.010869565217391304 0.008831521739130434
0 0.9884510869565217 0.3389945652173913 0.010869565217391304 0.008831521739130434
0 0.9809782608695652 0.3491847826086957 0.01154891304347826 0.010190217391304348
0 0.9741847826086957 0.33016304347826086 0.008831521739130434 0.006793478260869565
0 0.9646739130434783 0.33084239130434784 0.008831521739130434 0.007472826086956522
0 0.2873641304347826 0.35258152173913043 0.035326086956521736 0.02377717391304348
0 0.28464673913043476 0.3179347826086957 0.025815217391304348 0.016983695652173912
0 0.2751358695652174 0.33695652173913043 0.03260869565217391 0.022418478260869564
0 0.06861413043478261 0.2955163043478261 0.033967391304347824 0.022418478260869564
0 0.059782608695652176 0.23573369565217392 0.019021739130434784 0.012228260869565218
0 0.009510869565217392 0.3267663043478261 0.019021739130434784 0.030570652173913044
0 0.06589673913043478 0.22214673913043478 0.016983695652173912 0.01154891304347826
0 0.1644021739130435 0.19904891304347827 0.016304347826086956 0.010869565217391304
0 0.22554347826086957 0.24048913043478262 0.015625 0.010869565217391304
0 0.21942934782608695 0.23505434782608695 0.015625 0.010869565217391304
0 0.281929347826087 0.24728260869565216 0.012228260869565218 0.008152173913043478
0 0.27785326086956524 0.2391304347826087 0.012228260869565218 0.008152173913043478
0 0.26766304347826086 0.23709239130434784 0.014945652173913044 0.010190217391304348
0 0.2608695652173913 0.24456521739130435 0.014266304347826086 0.009510869565217392
0 0.3111413043478261 0.2669836956521739 0.015625 0.010190217391304348
0 0.37907608695652173 0.25407608695652173 0.012228260869565218 0.008152173913043478
0 0.41304347826086957 0.25339673913043476 0.010869565217391304 0.006793478260869565
0 0.39741847826086957 0.36820652173913043 0.03872282608695652 0.025815217391304348
0 0.42934782608695654 0.3797554347826087 0.03872282608695652 0.025815217391304348
0 0.5197010869565217 0.30978260869565216 0.018342391304347828 0.012228260869565218
0 0.5658967391304348 0.3226902173913043 0.019021739130434784 0.012228260869565218
0 0.7547554347826086 0.3532608695652174 0.021739130434782608 0.014266304347826086
0 0.5366847826086957 0.28464673913043476 0.014266304347826086 0.009510869565217392
0 0.5557065217391305 0.2751358695652174 0.012228260869565218 0.008152173913043478
0 0.5502717391304348 0.2710597826086957 0.012228260869565218 0.008152173913043478
0 0.5754076086956522 0.26766304347826086 0.010869565217391304 0.007472826086956522
0 0.5876358695652174 0.28464673913043476 0.012228260869565218 0.008152173913043478
0 0.6922554347826086 0.3070652173913043 0.012907608695652174 0.008831521739130434
0 0.7282608695652174 0.30842391304347827 0.01358695652173913 0.008831521739130434
0 0.71875 0.31453804347826086 0.014266304347826086 0.009510869565217392
0 0.8104619565217391 0.32133152173913043 0.01154891304347826 0.007472826086956522
0 0.7995923913043478 0.3186141304347826 0.012228260869565218 0.007472826086956522
0 0.7690217391304348 0.31453804347826086 0.01358695652173913 0.008831521739130434
0 0.8335597826086957 0.3070652173913043 0.010190217391304348 0.006114130434782609
0 0.9245923913043478 0.36616847826086957 0.019021739130434784 0.012907608695652174
0 0.9660326086956522 0.3580163043478261 0.015625 0.010190217391304348
0 0.7975543478260869 0.343070652173913 0.017663043478260868 0.01154891304347826
0 0.7941576086956522 0.31046195652173914 0.010869565217391304 0.006793478260869565
0 0.9110054347826086 0.3070652173913043 0.009510869565217392 0.006793478260869565
0 0.9572010869565217 0.30434782608695654 0.008152173913043478 0.005434782608695652
0 0.9347826086956522 0.29891304347826086 0.009510869565217392 0.006114130434782609
0 0.998641304347826 0.32133152173913043 0.002717391304347826 0.006114130434782609
0 0.9463315217391305 0.32540760869565216 0.010190217391304348 0.006793478260869565
0 0.9504076086956522 0.32133152173913043 0.010190217391304348 0.006793478260869565
0 0.921875 0.34103260869565216 0.012907608695652174 0.008152173913043478
0 0.9164402173913043 0.34646739130434784 0.014945652173913044 0.010190217391304348
0 0.9599184782608695 0.3389945652173913 0.01154891304347826 0.007472826086956522
0 0.9504076086956522 0.3491847826086957 0.01358695652173913 0.008831521739130434
0 0.9925271739130435 0.33559782608695654 0.010869565217391304 0.007472826086956522