0 0.37092391304347827 0.3851902173913043 0.07676630434782608 0.057744565217391304
0 0.07336956521739131 0.21331521739130435 0.05638586956521739 0.057065217391304345
0 0.31589673913043476 0.22486413043478262 0.02377717391304348 0.041440217391304345
0 0.27785326086956524 0.20652173913043478 0.036684782608695655 0.041440217391304345
0 0.9775815217391305 0.343070652173913 0.03804347826086957 0.08695652173913043
0 0.8063858695652174 0.2982336956521739 0.05366847826086957 0.058423913043478264
0 0.9137228260869565 0.10190217391304347 0.026494565217391304 0.03804347826086957
0 0.9904891304347826 0.07608695652173914 0.019021739130434784 0.02377717391304348
0 0.8233695652173914 0.03328804347826087 0.022418478260869564 0.021059782608695652
0 0.07540760869565218 0.6603260869565217 0.10665760869565218 0.08016304347826086
0 0.04891304347826087 0.5760869565217391 0.09782608695652174 0.07336956521739131
0 0.25339673913043476 0.6317934782608695 0.10461956521739131 0.078125
0 0.22418478260869565 0.5652173913043478 0.09782608695652174 0.07336956521739131
0 0.3335597826086957 0.5400815217391305 0.09646739130434782 0.07201086956521739
0 0.20244565217391305 0.3233695652173913 0.07065217391304347 0.05298913043478261
0 0.18410326086956522 0.2513586956521739 0.059782608695652176 0.04483695652173913
0 0.09578804347826086 0.296875 0.06657608695652174 0.050271739130434784
0 0.313179347826087 0.16168478260869565 0.04619565217391304 0.034646739130434784
0 0.19769021739130435 0.14470108695652173 0.03940217391304348 0.029891304347826088
0 0.38858695652173914 0.16304347826086957 0.046875 0.035326086956521736
0 0.4735054347826087 0.3233695652173913 0.06725543478260869 0.050951086956521736
0 0.5244565217391305 0.35529891304347827 0.07133152173913043 0.05366847826086957
0 0.5889945652173914 0.41983695652173914 0.07744565217391304 0.058423913043478264
0 0.5557065217391305 0.483695652173913 0.08423913043478261 0.06317934782608696
0 0.546875 0.5563858695652174 0.09442934782608696 0.07065217391304347
0 0.7622282608695652 0.529891304347826 0.08695652173913043 0.06521739130434782
0 0.8668478260869565 0.5733695652173914 0.09103260869565218 0.06793478260869565
0 0.953125 0.5964673913043478 0.09307065217391304 0.06997282608695653
0 0.9470108695652174 0.5183423913043478 0.08627717391304347 0.06453804347826086
0 0.8885869565217391 0.38315217391304346 0.07269021739130435 0.05434782608695652
0 0.9402173913043478 0.30502717391304346 0.06453804347826086 0.04823369565217391
0 0.8913043478260869 0.2764945652173913 0.06046195652173913 0.04551630434782609
0 0.7887228260869565 0.2418478260869565 0.05638586956521739 0.042119565217391304
0 0.9639945652173914 0.09171195652173914 0.029211956521739132 0.021739130434782608
0 0.9558423913043478 0.06861413043478261 0.022418478260869564 0.016304347826086956
0 0.9429347826086957 0.07744565217391304 0.025135869565217392 0.019021739130434784
0 0.8838315217391305 0.06182065217391304 0.01970108695652174 0.014266304347826086
0 0.813858695652174 0.014945652173913044 0.004755434782608696 0.004076086956521739
0 0.842391304347826 0.016983695652173912 0.007472826086956522 0.006114130434782609
0 0.7819293478260869 0.009510869565217392 0.008152173913043478 0.006114130434782609
0 0.35665760869565216 0.6766304347826086 0.11005434782608696 0.08220108695652174
0 0.8355978260869565 0.26222826086956524 0.059103260869565216 0.044157608695652176