0 0.6372282608695652 0.701766304347826 0.11956521739130435 0.12567934782608695
0 0.9157608695652174 0.7228260869565217 0.10122282608695653 0.11820652173913043
0 0.5930706521739131 0.5407608695652174 0.08559782608695653 0.06861413043478261
0 0.641983695652174 0.47282608695652173 0.08355978260869565 0.078125
0 0.5747282608695652 0.45516304347826086 0.059103260869565216 0.050951086956521736
0 0.6820652173913043 0.44904891304347827 0.06589673913043478 0.06997282608695653
0 0.826766304347826 0.48641304347826086 0.07269021739130435 0.06385869565217392
0 0.4171195652173913 0.4436141304347826 0.06385869565217392 0.06046195652173913
0 0.36820652173913043 0.5081521739130435 0.08967391304347826 0.08355978260869565
0 0.22010869565217392 0.4735054347826087 0.07676630434782608 0.07608695652173914
0 0.3111413043478261 0.47554347826086957 0.09239130434782608 0.078125
0 0.07133152173913043 0.5095108695652174 0.08016304347826086 0.07472826086956522
0 0.03192934782608696 0.48845108695652173 0.06114130434782609 0.07880434782608696
0 0.06521739130434782 0.5665760869565217 0.07676630434782608 0.08152173913043478
0 0.11005434782608696 0.44157608695652173 0.06114130434782609 0.04891304347826087
0 0.018342391304347828 0.41915760869565216 0.036684782608695655 0.05298913043478261
0 0.06317934782608696 0.40353260869565216 0.059103260869565216 0.04823369565217391
0 0.07269021739130435 0.3648097826086957 0.043478260869565216 0.042119565217391304
0 0.08627717391304347 0.3383152173913043 0.043478260869565216 0.036005434782608696
0 0.1644021739130435 0.34646739130434784 0.04483695652173913 0.036684782608695655
0 0.16779891304347827 0.3736413043478261 0.05298913043478261 0.04551630434782609
0 0.23369565217391305 0.3858695652173913 0.05298913043478261 0.04551630434782609
0 0.21195652173913043 0.39877717391304346 0.046875 0.035326086956521736
0 0.1983695652173913 0.43002717391304346 0.046875 0.04551630434782609
0 0.24456521739130435 0.43342391304347827 0.059103260869565216 0.057065217391304345
0 0.34782608695652173 0.4375 0.05502717391304348 0.04755434782608696
0 0.3451086956521739 0.3811141304347826 0.04891304347826087 0.042798913043478264
0 0.3342391304347826 0.35258152173913043 0.042798913043478264 0.03328804347826087
0 0.3858695652173913 0.375 0.052309782608695655 0.04551630434782609
0 0.45652173913043476 0.41372282608695654 0.036684782608695655 0.03804347826086957
0 0.45652173913043476 0.36616847826086957 0.04483695652173913 0.03872282608695652
0 0.4361413043478261 0.3383152173913043 0.043478260869565216 0.042119565217391304
0 0.5027173913043478 0.3953804347826087 0.046875 0.04551630434782609
0 0.5305706521739131 0.4205163043478261 0.06046195652173913 0.051630434782608696
0 0.5631793478260869 0.38179347826086957 0.043478260869565216 0.035326086956521736
0 0.5896739130434783 0.41440217391304346 0.04076086956521739 0.04008152173913043
0 0.6100543478260869 0.375 0.043478260869565216 0.041440217391304345
0 0.7085597826086957 0.41440217391304346 0.06046195652173913 0.04551630434782609
0 0.6929347826086957 0.38179347826086957 0.050951086956521736 0.04008152173913043
0 0.7214673913043478 0.34171195652173914 0.03736413043478261 0.03125
0 0.7445652173913043 0.3485054347826087 0.03125 0.029891304347826088
0 0.7588315217391305 0.3688858695652174 0.043478260869565216 0.03328804347826087
0 0.7554347826086957 0.39266304347826086 0.046875 0.03872282608695652
0 0.7649456521739131 0.4110054347826087 0.050951086956521736 0.04823369565217391
0 0.7846467391304348 0.42934782608695654 0.06793478260869565 0.057065217391304345
0 0.8566576086956522 0.4110054347826087 0.04891304347826087 0.04891304347826087
0 0.9008152173913043 0.41983695652173914 0.059103260869565216 0.04891304347826087
0 0.8396739130434783 0.36684782608695654 0.03260869565217391 0.029891304347826088
0 0.7866847826086957 0.34714673913043476 0.042798913043478264 0.036005434782608696
0 0.845108695652174 0.34578804347826086 0.025135869565217392 0.021059782608695652
0 0.8512228260869565 0.33152173913043476 0.02309782608695652 0.021739130434782608
0 0.9089673913043478 0.36277173913043476 0.035326086956521736 0.03328804347826087
0 0.9483695652173914 0.36277173913043476 0.04076086956521739 0.036005434782608696
0 0.9415760869565217 0.41304347826086957 0.03736413043478261 0.042119565217391304
0 0.12364130434782608 0.8301630434782609 0.1324728260869565 0.09850543478260869
0 0.21671195652173914 0.7323369565217391 0.12092391304347826 0.09035326086956522
0 0.9198369565217391 0.7221467391304348 0.12907608695652173 0.09578804347826086
0 0.9660326086956522 0.5842391304347826 0.06793478260869565 0.07404891304347826
0 0.998641304347826 0.5713315217391305 0.0020380434782608695 0.08152173913043478
0 0.9402173913043478 0.47146739130434784 0.06997282608695653 0.052309782608695655
0 0.5251358695652174 0.5577445652173914 0.10394021739130435 0.07744565217391304
0 0.4782608695652174 0.6005434782608695 0.11752717391304347 0.08831521739130435
0 0.5652173913043478 0.5027173913043478 0.08559782608695653 0.06385869565217392
0 0.7391304347826086 0.5067934782608695 0.08763586956521739 0.06657608695652174
0 0.7941576086956522 0.5190217391304348 0.09171195652173914 0.06929347826086957
0 0.8322010869565217 0.4585597826086957 0.06861413043478261 0.051630434782608696
0 0.4701086956521739 0.49728260869565216 0.08220108695652174 0.06182065217391304
0 0.11956521739130435 0.59375 0.09986413043478261 0.07472826086956522
0 0.26290760869565216 0.5394021739130435 0.10394021739130435 0.078125
0 0.21331521739130435 0.374320652173913 0.04891304347826087 0.036684782608695655
0 0.14334239130434784 0.422554347826087 0.059103260869565216 0.04483695652173913
0 0.1983695652173913 0.44429347826086957 0.06997282608695653 0.052309782608695655
0 0.21942934782608695 0.46603260869565216 0.08016304347826086 0.06046195652173913
0 0.35054347826086957 0.41304347826086957 0.057065217391304345 0.042798913043478264
0 0.4076086956521739 0.40828804347826086 0.05638586956521739 0.042119565217391304
0 0.47622282608695654 0.3858695652173913 0.050951086956521736 0.03804347826086957
0 0.5699728260869565 0.405570652173913 0.050951086956521736 0.03804347826086957
0 0.608016304347826 0.43546195652173914 0.06453804347826086 0.04823369565217391
0 0.8858695652173914 0.46467391304347827 0.06997282608695653 0.052309782608695655
0 0.8654891304347826 0.37771739130434784 0.043478260869565216 0.03328804347826087
0 0.8016304347826086 0.3294836956521739 0.025135869565217392 0.019021739130434784
0 0.7846467391304348 0.3328804347826087 0.02717391304347826 0.020380434782608696
0 0.8226902173913043 0.344429347826087 0.029891304347826088 0.022418478260869564
0 0.8682065217391305 0.35054347826086957 0.03260869565217391 0.025135869565217392
0 0.9266304347826086 0.38790760869565216 0.04483695652173913 0.03328804347826087
0 0.47554347826086957 0.360054347826087 0.04891304347826087 0.036684782608695655
0 0.7622282608695652 0.33967391304347827 0.03125 0.02309782608695652