0 0.3063858695652174 0.7010869565217391 0.052309782608695655 0.049592391304347824
0 0.782608695652174 0.6270380434782609 0.024456521739130436 0.021739130434782608
0 0.7119565217391305 0.6168478260869565 0.021059782608695652 0.017663043478260868
0 0.3186141304347826 0.6487771739130435 0.012907608695652174 0.010869565217391304
0 0.28125 0.6385869565217391 0.010869565217391304 0.009510869565217392
0 0.2595108695652174 0.6474184782608695 0.009510869565217392 0.008831521739130434
0 0.2262228260869565 0.6447010869565217 0.009510869565217392 0.008152173913043478
0 0.17391304347826086 0.6453804347826086 0.016983695652173912 0.015625
0 0.057065217391304345 0.6630434782608695 0.017663043478260868 0.015625
0 0.03940217391304348 0.6596467391304348 0.01358695652173913 0.014945652173913044
0 0.006793478260869565 0.6528532608695652 0.010869565217391304 0.009510869565217392
0 0.12703804347826086 0.6447010869565217 0.008831521739130434 0.006793478260869565
0 0.02377717391304348 0.6535326086956522 0.01154891304347826 0.010869565217391304
0 0.018342391304347828 0.6535326086956522 0.01154891304347826 0.010190217391304348
0 0.28125 0.717391304347826 0.03125 0.024456521739130436
0 0.65625 0.720108695652174 0.04891304347826087 0.03260869565217391
0 0.29279891304347827 0.6413043478260869 0.010869565217391304 0.007472826086956522
0 0.24048913043478262 0.6501358695652174 0.020380434782608696 0.01358695652173913
0 0.21263586956521738 0.6467391304347826 0.017663043478260868 0.01154891304347826
0 0.21331521739130435 0.6677989130434783 0.03125 0.021059782608695652
0 0.4014945652173913 0.6304347826086957 0.012228260869565218 0.008152173913043478
0 0.16304347826086957 0.6759510869565217 0.024456521739130436 0.015625
0 0.014945652173913044 0.6603260869565217 0.018342391304347828 0.012228260869565218
0 0.07948369565217392 0.6610054347826086 0.016304347826086956 0.010869565217391304
0 0.07336956521739131 0.6528532608695652 0.014945652173913044 0.009510869565217392
0 0.11005434782608696 0.654891304347826 0.015625 0.010190217391304348
0 0.09850543478260869 0.6528532608695652 0.014945652173913044 0.009510869565217392
0 0.033967391304347824 0.6514945652173914 0.012228260869565218 0.008831521739130434
0 0.001358695652173913 0.6514945652173914 0.0020380434782608695 0.008831521739130434
0 0.3695652173913043 0.639266304347826 0.008152173913043478 0.005434782608695652
0 0.04755434782608696 0.6508152173913043 0.012228260869565218 0.008152173913043478
0 0.08152173913043478 0.6542119565217391 0.014945652173913044 0.010190217391304348
0 0.280570652173913 0.6936141304347826 0.042798913043478264 0.028532608695652172