0 0.014266304347826086 0.004076086956521739 0.017663043478260868 0.008152173913043478
0 0.057744565217391304 0.021059782608695652 0.016304347826086956 0.015625
0 0.08899456521739131 0.007472826086956522 0.014945652173913044 0.01358695652173913
0 0.11073369565217392 0.007472826086956522 0.015625 0.012907608695652174
0 0.13519021739130435 0.008152173913043478 0.016304347826086956 0.016304347826086956
0 0.14945652173913043 0.012228260869565218 0.014266304347826086 0.014266304347826086
0 0.16983695652173914 0.0033967391304347825 0.016304347826086956 0.006793478260869565
0 0.1827445652173913 0.004076086956521739 0.014266304347826086 0.007472826086956522
0 0.19701086956521738 0.014945652173913044 0.015625 0.015625
0 0.21671195652173914 0.006114130434782609 0.016304347826086956 0.012228260869565218
0 0.24388586956521738 0.004076086956521739 0.014266304347826086 0.007472826086956522
0 0.26154891304347827 0.010190217391304348 0.016983695652173912 0.015625
0 0.27853260869565216 0.007472826086956522 0.016983695652173912 0.014266304347826086
0 0.296195652173913 0.007472826086956522 0.016304347826086956 0.01154891304347826
0 0.313179347826087 0.012228260869565218 0.012228260869565218 0.012228260869565218
0 0.31997282608695654 0.021059782608695652 0.015625 0.014266304347826086
0 0.020380434782608696 0.06453804347826086 0.015625 0.014945652173913044
0 0.033967391304347824 0.06657608695652174 0.016304347826086956 0.014266304347826086
0 0.002717391304347826 0.08288043478260869 0.005434782608695652 0.016304347826086956
0 0.017663043478260868 0.09986413043478261 0.017663043478260868 0.017663043478260868
0 0.06046195652173913 0.08627717391304347 0.016304347826086956 0.015625
0 0.07065217391304347 0.06793478260869565 0.016304347826086956 0.015625
0 0.08559782608695653 0.06657608695652174 0.015625 0.014945652173913044
0 0.10326086956521739 0.08288043478260869 0.017663043478260868 0.016983695652173912
0 0.13519021739130435 0.07201086956521739 0.016304347826086956 0.015625
0 0.15625 0.06453804347826086 0.015625 0.014266304347826086
0 0.1766304347826087 0.06725543478260869 0.016304347826086956 0.014945652173913044
0 0.15692934782608695 0.08899456521739131 0.017663043478260868 0.016983695652173912
0 0.1983695652173913 0.06929347826086957 0.019021739130434784 0.016304347826086956
0 0.22010869565217392 0.06793478260869565 0.017663043478260868 0.014945652173913044
0 0.21942934782608695 0.08423913043478261 0.019021739130434784 0.017663043478260868
0 0.2608695652173913 0.07133152173913043 0.016983695652173912 0.016304347826086956
0 0.27241847826086957 0.08967391304347826 0.016983695652173912 0.015625
0 0.28872282608695654 0.10326086956521739 0.01970108695652174 0.018342391304347828
0 0.31929347826086957 0.08559782608695653 0.018342391304347828 0.016983695652173912
0 0.3172554347826087 0.06385869565217392 0.016983695652173912 0.016304347826086956
0 0.21263586956521738 0.10597826086956522 0.019021739130434784 0.015625
0 0.21535326086956522 0.125 0.018342391304347828 0.017663043478260868
0 0.13858695652173914 0.12432065217391304 0.01970108695652174 0.018342391304347828
0 0.06589673913043478 0.10801630434782608 0.01970108695652174 0.018342391304347828
0 0.06997282608695653 0.1331521739130435 0.019021739130434784 0.016304347826086956
0 0.018342391304347828 0.12160326086956522 0.018342391304347828 0.016304347826086956
0 0.26766304347826086 0.12228260869565218 0.017663043478260868 0.018342391304347828
0 0.07201086956521739 0.171875 0.021059782608695652 0.019021739130434784
0 0.024456521739130436 0.16983695652173914 0.02309782608695652 0.018342391304347828
0 0.008152173913043478 0.1956521739130435 0.016304347826086956 0.020380434782608696
0 0.020380434782608696 0.21263586956521738 0.01970108695652174 0.017663043478260868
0 0.09171195652173914 0.21942934782608695 0.01970108695652174 0.019021739130434784
0 0.13994565217391305 0.22554347826086957 0.021059782608695652 0.020380434782608696
0 0.12703804347826086 0.16915760869565216 0.021059782608695652 0.020380434782608696
0 0.17119565217391305 0.18885869565217392 0.021059782608695652 0.019021739130434784
0 0.17798913043478262 0.16915760869565216 0.021059782608695652 0.019021739130434784
0 0.18682065217391305 0.14741847826086957 0.019021739130434784 0.017663043478260868
0 0.27853260869565216 0.1514945652173913 0.019021739130434784 0.016983695652173912
0 0.2751358695652174 0.17730978260869565 0.019021739130434784 0.017663043478260868
0 0.2907608695652174 0.19429347826086957 0.021739130434782608 0.020380434782608696
0 0.2262228260869565 0.1956521739130435 0.021059782608695652 0.020380434782608696
0 0.20991847826086957 0.21671195652173914 0.02309782608695652 0.021739130434782608
0 0.30978260869565216 0.22078804347826086 0.021059782608695652 0.019021739130434784
0 0.28396739130434784 0.25203804347826086 0.02377717391304348 0.022418478260869564
0 0.17866847826086957 0.25339673913043476 0.021739130434782608 0.021059782608695652
0 0.29483695652173914 0.27309782608695654 0.02377717391304348 0.02309782608695652
0 0.24456521739130435 0.2860054347826087 0.021059782608695652 0.021059782608695652
0 0.2296195652173913 0.3063858695652174 0.02309782608695652 0.021739130434782608
0 0.2669836956521739 0.30027173913043476 0.025135869565217392 0.02377717391304348
0 0.24592391304347827 0.3423913043478261 0.026494565217391304 0.021059782608695652
0 0.23165760869565216 0.374320652173913 0.026494565217391304 0.026494565217391304
0 0.28328804347826086 0.39470108695652173 0.029211956521739132 0.028532608695652172
0 0.30366847826086957 0.37296195652173914 0.024456521739130436 0.02309782608695652
0 0.23097826086956522 0.40828804347826086 0.026494565217391304 0.024456521739130436
0 0.5360054347826086 0.529891304347826 0.028532608695652172 0.026494565217391304
0 0.499320652173913 0.49592391304347827 0.025815217391304348 0.024456521739130436
0 0.3641304347826087 0.48097826086956524 0.028532608695652172 0.028532608695652172
0 0.4673913043478261 0.44972826086956524 0.026494565217391304 0.024456521739130436
0 0.40421195652173914 0.44565217391304346 0.025815217391304348 0.025135869565217392
0 0.39945652173913043 0.41983695652173914 0.02717391304347826 0.020380434782608696
0 0.5292119565217391 0.44021739130434784 0.029211956521739132 0.027853260869565216
0 0.47078804347826086 0.4076086956521739 0.02717391304347826 0.02717391304347826
0 0.5557065217391305 0.40285326086956524 0.025815217391304348 0.02377717391304348
0 0.3804347826086957 0.38179347826086957 0.025815217391304348 0.02309782608695652
0 0.37907608695652173 0.3335597826086957 0.024456521739130436 0.02377717391304348
0 0.44497282608695654 0.33695652173913043 0.02309782608695652 0.021739130434782608
0 0.5190217391304348 0.33967391304347827 0.021739130434782608 0.020380434782608696
0 0.5658967391304348 0.3376358695652174 0.02309782608695652 0.021739130434782608
0 0.5631793478260869 0.297554347826087 0.02309782608695652 0.021739130434782608
0 0.5197010869565217 0.30366847826086957 0.021739130434782608 0.021059782608695652
0 0.44021739130434784 0.3063858695652174 0.02309782608695652 0.021739130434782608
0 0.39266304347826086 0.3063858695652174 0.021059782608695652 0.02309782608695652
0 0.3328804347826087 0.31521739130434784 0.02377717391304348 0.021739130434782608
0 0.34646739130434784 0.25271739130434784 0.02309782608695652 0.024456521739130436
0 0.41915760869565216 0.2798913043478261 0.02309782608695652 0.019021739130434784
0 0.4633152173913043 0.27717391304347827 0.021739130434782608 0.021059782608695652
0 0.5217391304347826 0.2751358695652174 0.02309782608695652 0.021739130434782608
0 0.5536684782608695 0.25 0.021059782608695652 0.019021739130434784
0 0.5067934782608695 0.25 0.01970108695652174 0.020380434782608696
0 0.4422554347826087 0.250679347826087 0.021739130434782608 0.020380434782608696
0 0.3423913043478261 0.19429347826086957 0.021059782608695652 0.021059782608695652
0 0.37160326086956524 0.21942934782608695 0.02309782608695652 0.021739130434782608
0 0.43546195652173914 0.21603260869565216 0.02309782608695652 0.019021739130434784
0 0.49592391304347827 0.22146739130434784 0.02309782608695652 0.021059782608695652
0 0.5563858695652174 0.21807065217391305 0.01970108695652174 0.01970108695652174
0 0.516983695652174 0.1956521739130435 0.01970108695652174 0.019021739130434784
0 0.44972826086956524 0.18953804347826086 0.021739130434782608 0.020380434782608696
0 0.40421195652173914 0.18614130434782608 0.02309782608695652 0.017663043478260868
0 0.3919836956521739 0.16644021739130435 0.01970108695652174 0.018342391304347828
0 0.47078804347826086 0.16847826086956522 0.021059782608695652 0.01970108695652174
0 0.5224184782608695 0.16983695652173914 0.021059782608695652 0.01970108695652174
0 0.5129076086956522 0.15217391304347827 0.021059782608695652 0.018342391304347828
0 0.5366847826086957 0.14198369565217392 0.019021739130434784 0.018342391304347828
0 0.4279891304347826 0.14741847826086957 0.019021739130434784 0.019021739130434784
0 0.37228260869565216 0.1358695652173913 0.018342391304347828 0.018342391304347828
0 0.3532608695652174 0.14673913043478262 0.01970108695652174 0.018342391304347828
0 0.33152173913043476 0.1331521739130435 0.01970108695652174 0.019021739130434784
0 0.5122282608695652 0.12432065217391304 0.017663043478260868 0.017663043478260868
0 0.5672554347826086 0.12635869565217392 0.018342391304347828 0.018342391304347828
0 0.468070652173913 0.12160326086956522 0.018342391304347828 0.017663043478260868
0 0.453804347826087 0.10733695652173914 0.019021739130434784 0.017663043478260868
0 0.4986413043478261 0.10190217391304347 0.018342391304347828 0.019021739130434784
0 0.38315217391304346 0.11141304347826086 0.018342391304347828 0.017663043478260868
0 0.33491847826086957 0.10190217391304347 0.018342391304347828 0.017663043478260868
0 0.3648097826086957 0.07065217391304347 0.017663043478260868 0.016983695652173912
0 0.38790760869565216 0.06182065217391304 0.017663043478260868 0.01358695652173913
0 0.4266304347826087 0.08491847826086957 0.019021739130434784 0.017663043478260868
0 0.4388586956521739 0.06929347826086957 0.016983695652173912 0.016304347826086956
0 0.4735054347826087 0.08423913043478261 0.018342391304347828 0.016983695652173912
0 0.49660326086956524 0.06589673913043478 0.018342391304347828 0.017663043478260868
0 0.548233695652174 0.06521739130434782 0.016304347826086956 0.016304347826086956
0 0.5353260869565217 0.06114130434782609 0.014266304347826086 0.015625
0 0.5713315217391305 0.08084239130434782 0.016983695652173912 0.016304347826086956
0 0.501358695652174 0.012907608695652174 0.014945652173913044 0.014266304347826086
0 0.5176630434782609 0.014945652173913044 0.014266304347826086 0.014266304347826086
0 0.5489130434782609 0.0033967391304347825 0.016304347826086956 0.006793478260869565
0 0.5251358695652174 0.0033967391304347825 0.014266304347826086 0.006114130434782609
0 0.5672554347826086 0.006114130434782609 0.015625 0.01154891304347826
0 0.47690217391304346 0.005434782608695652 0.016304347826086956 0.010869565217391304
0 0.46535326086956524 0.004076086956521739 0.015625 0.007472826086956522
0 0.42527173913043476 0.002717391304347826 0.016304347826086956 0.005434782608695652
0 0.4008152173913043 0.010869565217391304 0.015625 0.014266304347826086
0 0.38722826086956524 0.004076086956521739 0.014266304347826086 0.008152173913043478
0 0.375679347826087 0.010869565217391304 0.017663043478260868 0.014266304347826086
0 0.37092391304347827 0.004755434782608696 0.014266304347826086 0.008831521739130434
0 0.35597826086956524 0.008152173913043478 0.016304347826086956 0.015625
0 0.3389945652173913 0.006793478260869565 0.014945652173913044 0.01358695652173913
0 0.5855978260869565 0.008152173913043478 0.016304347826086956 0.014945652173913044
0 0.6195652173913043 0.006114130434782609 0.015625 0.012228260869565218
0 0.6474184782608695 0.008831521739130434 0.016983695652173912 0.016304347826086956
0 0.688858695652174 0.0033967391304347825 0.016304347826086956 0.006793478260869565
0 0.7567934782608695 0.006114130434782609 0.014945652173913044 0.012228260869565218
0 0.7778532608695652 0.005434782608695652 0.014266304347826086 0.010869565217391304
0 0.7866847826086957 0.0033967391304347825 0.014266304347826086 0.006793478260869565
0 0.8165760869565217 0.004755434782608696 0.016304347826086956 0.009510869565217392
0 0.8125 0.04619565217391304 0.014945652173913044 0.01358695652173913
0 0.8172554347826086 0.057065217391304345 0.015625 0.016304347826086956
0 0.8009510869565217 0.07201086956521739 0.017663043478260868 0.015625
0 0.7846467391304348 0.06317934782608696 0.016983695652173912 0.016304347826086956
0 0.7615489130434783 0.059782608695652176 0.014945652173913044 0.016304347826086956
0 0.7520380434782609 0.06725543478260869 0.017663043478260868 0.017663043478260868
0 0.7269021739130435 0.06182065217391304 0.016983695652173912 0.016304347826086956
0 0.7058423913043478 0.07336956521739131 0.01970108695652174 0.017663043478260868
0 0.7010869565217391 0.059103260869565216 0.015625 0.014945652173913044
0 0.6616847826086957 0.06182065217391304 0.016983695652173912 0.016304347826086956
0 0.657608695652174 0.07880434782608696 0.017663043478260868 0.016983695652173912
0 0.6440217391304348 0.059103260869565216 0.014945652173913044 0.015625
0 0.6114130434782609 0.07880434782608696 0.018342391304347828 0.017663043478260868
0 0.5964673913043478 0.0625 0.017663043478260868 0.016304347826086956
0 0.5855978260869565 0.06317934782608696 0.015625 0.014945652173913044
0 0.641983695652174 0.09646739130434782 0.016983695652173912 0.017663043478260868
0 0.5957880434782609 0.09850543478260869 0.017663043478260868 0.016304347826086956
0 0.610733695652174 0.12024456521739131 0.019021739130434784 0.019021739130434784
0 0.6841032608695652 0.10054347826086957 0.018342391304347828 0.017663043478260868
0 0.7065217391304348 0.11684782608695653 0.01970108695652174 0.017663043478260868
0 0.7404891304347826 0.11684782608695653 0.017663043478260868 0.017663043478260868
0 0.7724184782608695 0.09646739130434782 0.018342391304347828 0.019021739130434784
0 0.7989130434782609 0.09918478260869565 0.019021739130434784 0.018342391304347828
0 0.8084239130434783 0.11345108695652174 0.01970108695652174 0.019021739130434784
0 0.7819293478260869 0.13383152173913043 0.01970108695652174 0.018342391304347828
0 0.7472826086956522 0.1358695652173913 0.019021739130434784 0.017663043478260868
0 0.7112771739130435 0.1358695652173913 0.021059782608695652 0.019021739130434784
0 0.6542119565217391 0.1358695652173913 0.021059782608695652 0.020380434782608696
0 0.608016304347826 0.14266304347826086 0.019021739130434784 0.019021739130434784
0 0.7452445652173914 0.16236413043478262 0.021059782608695652 0.015625
0 0.7472826086956522 0.17866847826086957 0.02309782608695652 0.020380434782608696
0 0.7214673913043478 0.17051630434782608 0.01970108695652174 0.019021739130434784
0 0.6956521739130435 0.18206521739130435 0.02309782608695652 0.020380434782608696
0 0.6773097826086957 0.16644021739130435 0.019021739130434784 0.018342391304347828
0 0.6426630434782609 0.1793478260869565 0.021059782608695652 0.01970108695652174
0 0.5862771739130435 0.18885869565217392 0.021059782608695652 0.021739130434782608
0 0.6148097826086957 0.20923913043478262 0.02309782608695652 0.021059782608695652
0 0.610733695652174 0.2418478260869565 0.02309782608695652 0.021739130434782608
0 0.6698369565217391 0.22078804347826086 0.021059782608695652 0.020380434782608696
0 0.6759510869565217 0.23845108695652173 0.02309782608695652 0.021739130434782608
0 0.7126358695652174 0.21603260869565216 0.021059782608695652 0.020380434782608696
0 0.7309782608695652 0.23845108695652173 0.02309782608695652 0.021739130434782608
0 0.7764945652173914 0.21195652173913043 0.01970108695652174 0.020380434782608696
0 0.8009510869565217 0.234375 0.02377717391304348 0.022418478260869564
0 0.8084239130434783 0.18410326086956522 0.021739130434782608 0.020380434782608696
0 0.782608695652174 0.2764945652173913 0.021059782608695652 0.020380434782608696
0 0.8165760869565217 0.2669836956521739 0.02309782608695652 0.020380434782608696
0 0.7235054347826086 0.2710597826086957 0.021739130434782608 0.021739130434782608
0 0.6385869565217391 0.2751358695652174 0.021059782608695652 0.017663043478260868
0 0.5876358695652174 0.2751358695652174 0.02309782608695652 0.020380434782608696
0 0.6766304347826086 0.3016304347826087 0.025135869565217392 0.024456521739130436
0 0.7221467391304348 0.3063858695652174 0.021059782608695652 0.01970108695652174
0 0.7160326086956522 0.32608695652173914 0.02377717391304348 0.02309782608695652
0 0.8009510869565217 0.30570652173913043 0.025135869565217392 0.025135869565217392
0 0.7004076086956522 0.4001358695652174 0.026494565217391304 0.02377717391304348
0 0.6311141304347826 0.39809782608695654 0.025815217391304348 0.022418478260869564
0 0.6277173913043478 0.3695652173913043 0.024456521739130436 0.02309782608695652
0 0.8016304347826086 0.40828804347826086 0.02717391304347826 0.021739130434782608
0 0.8029891304347826 0.4436141304347826 0.026494565217391304 0.026494565217391304
0 0.7336956521739131 0.44021739130434784 0.025815217391304348 0.02309782608695652
0 0.6589673913043478 0.4436141304347826 0.026494565217391304 0.021739130434782608
0 0.6195652173913043 0.4436141304347826 0.025815217391304348 0.025135869565217392
0 0.5855978260869565 0.49320652173913043 0.026494565217391304 0.026494565217391304
0 0.6345108695652174 0.4898097826086957 0.02717391304347826 0.027853260869565216
0 0.6779891304347826 0.48641304347826086 0.029211956521739132 0.028532608695652172
0 0.8192934782608695 0.48097826086956524 0.028532608695652172 0.026494565217391304
0 0.6773097826086957 0.5394021739130435 0.028532608695652172 0.028532608695652172
0 0.688858695652174 0.5726902173913043 0.03192934782608696 0.03125
0 0.6188858695652174 0.5394021739130435 0.029211956521739132 0.028532608695652172
0 0.6175271739130435 0.5849184782608695 0.029211956521739132 0.027853260869565216
0 0.6311141304347826 0.639266304347826 0.029211956521739132 0.030570652173913044
0 0.5964673913043478 0.6413043478260869 0.029211956521739132 0.028532608695652172
0 0.6480978260869565 0.6433423913043478 0.02717391304347826 0.03192934782608696
0 0.7839673913043478 0.579483695652174 0.03192934782608696 0.04008152173913043
0 0.8770380434782609 0.43342391304347827 0.029891304347826088 0.02309782608695652
0 0.9184782608695652 0.40353260869565216 0.025135869565217392 0.021739130434782608
0 0.8695652173913043 0.405570652173913 0.024456521739130436 0.021739130434782608
0 0.9680706521739131 0.40217391304347827 0.021059782608695652 0.02309782608695652
0 0.9680706521739131 0.35190217391304346 0.028532608695652172 0.026494565217391304
0 0.9123641304347826 0.36141304347826086 0.024456521739130436 0.02309782608695652
0 0.8566576086956522 0.35529891304347827 0.025135869565217392 0.025135869565217392
0 0.8627717391304348 0.32608695652173914 0.02717391304347826 0.021739130434782608
0 0.9402173913043478 0.328125 0.028532608695652172 0.021059782608695652
0 0.9762228260869565 0.264945652173913 0.02309782608695652 0.020380434782608696
0 0.938858695652174 0.28940217391304346 0.02309782608695652 0.021739130434782608
0 0.8566576086956522 0.297554347826087 0.02377717391304348 0.020380434782608696
0 0.8722826086956522 0.2595108695652174 0.02377717391304348 0.022418478260869564
0 0.9748641304347826 0.22486413043478262 0.021739130434782608 0.019021739130434784
0 0.889266304347826 0.20584239130434784 0.021059782608695652 0.019021739130434784
0 0.8532608695652174 0.20244565217391305 0.021059782608695652 0.01970108695652174
0 0.8824728260869565 0.18206521739130435 0.01970108695652174 0.01970108695652174
0 0.9327445652173914 0.1793478260869565 0.021059782608695652 0.01970108695652174
0 0.9993206521739131 0.17527173913043478 0.001358695652173913 0.01970108695652174
0 0.9898097826086957 0.15828804347826086 0.01970108695652174 0.020380434782608696
0 0.9966032608695652 0.1324728260869565 0.006793478260869565 0.016983695652173912
0 0.9497282608695652 0.1324728260869565 0.01970108695652174 0.017663043478260868
0 0.9877717391304348 0.11141304347826086 0.02309782608695652 0.019021739130434784
0 0.9599184782608695 0.11209239130434782 0.018342391304347828 0.016304347826086956
0 0.8987771739130435 0.11413043478260869 0.01970108695652174 0.016304347826086956
0 0.8831521739130435 0.13519021739130435 0.01970108695652174 0.016304347826086956
0 0.8716032608695652 0.11616847826086957 0.018342391304347828 0.016304347826086956
0 0.891983695652174 0.16236413043478262 0.018342391304347828 0.016983695652173912
0 0.921875 0.16032608695652173 0.019021739130434784 0.016304347826086956
0 0.8274456521739131 0.13519021739130435 0.01970108695652174 0.018342391304347828
0 0.9877717391304348 0.06589673913043478 0.018342391304347828 0.017663043478260868
0 0.9735054347826086 0.050271739130434784 0.016983695652173912 0.014945652173913044
0 0.9572010869565217 0.07948369565217392 0.021059782608695652 0.019021739130434784
0 0.9429347826086957 0.06657608695652174 0.018342391304347828 0.014945652173913044
0 0.9341032608695652 0.052309782608695655 0.016983695652173912 0.016304347826086956
0 0.9157608695652174 0.04619565217391304 0.017663043478260868 0.016983695652173912
0 0.9130434782608695 0.08831521739130435 0.018342391304347828 0.016304347826086956
0 0.8987771739130435 0.07404891304347826 0.017663043478260868 0.016304347826086956
0 0.8872282608695652 0.06317934782608696 0.016983695652173912 0.016304347826086956
0 0.8512228260869565 0.07404891304347826 0.017663043478260868 0.016983695652173912
0 0.8688858695652174 0.09103260869565218 0.017663043478260868 0.016983695652173912
0 0.8403532608695652 0.058423913043478264 0.017663043478260868 0.016304347826086956
0 0.8301630434782609 0.009510869565217392 0.015625 0.014945652173913044
0 0.9802989130434783 0.004076086956521739 0.017663043478260868 0.008152173913043478
0 0.9952445652173914 0.0033967391304347825 0.009510869565217392 0.006793478260869565
0 0.14266304347826086 0.36141304347826086 0.1922554347826087 0.28396739130434784
0 0.422554347826087 0.5400815217391305 0.11956521739130435 0.11820652173913043
0 0.7024456521739131 0.6467391304347826 0.034646739130434784 0.025815217391304348
0 0.8953804347826086 0.5896739130434783 0.20923913043478262 0.375679347826087
0 0.7554347826086957 0.6569293478260869 0.035326086956521736 0.025815217391304348
0 0.234375 0.008152173913043478 0.016983695652173912 0.012228260869565218
0 0.25203804347826086 0.008831521739130434 0.016983695652173912 0.012228260869565218
0 0.26970108695652173 0.004076086956521739 0.016983695652173912 0.007472826086956522
0 0.10869565217391304 0.07065217391304347 0.018342391304347828 0.01358695652173913
0 0.024456521739130436 0.14673913043478262 0.021059782608695652 0.016304347826086956
0 0.23777173913043478 0.1480978260869565 0.021059782608695652 0.016304347826086956
0 0.3179347826086957 0.43342391304347827 0.030570652173913044 0.022418478260869564
0 0.2513586956521739 0.468070652173913 0.03125 0.02377717391304348
0 0.4857336956521739 0.5190217391304348 0.03125 0.02377717391304348
0 0.421195652173913 0.484375 0.030570652173913044 0.02309782608695652
0 0.33491847826086957 0.17866847826086957 0.02309782608695652 0.017663043478260868
0 0.4592391304347826 0.004076086956521739 0.014945652173913044 0.008152173913043478
0 0.405570652173913 0.0033967391304347825 0.014945652173913044 0.006793478260869565
0 0.3491847826086957 0.010190217391304348 0.016983695652173912 0.012228260869565218
0 0.592391304347826 0.0020380434782608695 0.015625 0.0033967391304347825
0 0.6100543478260869 0.002717391304347826 0.016304347826086956 0.005434782608695652
0 0.6623641304347826 0.002717391304347826 0.016983695652173912 0.005434782608695652
0 0.6759510869565217 0.004076086956521739 0.017663043478260868 0.008152173913043478
0 0.720108695652174 0.004076086956521739 0.016304347826086956 0.007472826086956522
0 0.6480978260869565 0.3294836956521739 0.026494565217391304 0.01970108695652174
0 0.765625 0.32540760869565216 0.02717391304347826 0.020380434782608696
0 0.7438858695652174 0.4952445652173913 0.03192934782608696 0.02377717391304348
0 0.8634510869565217 0.002717391304347826 0.015625 0.004755434782608696
0 0.9463315217391305 0.001358695652173913 0.014266304347826086 0.002717391304347826