0 0.002717391304347826 0.7459239130434783 0.005434782608695652 0.016304347826086956
0 0.010869565217391304 0.8131793478260869 0.01358695652173913 0.022418478260869564
0 0.1331521739130435 0.9558423913043478 0.02717391304347826 0.03260869565217391
0 0.09035326086956522 0.9211956521739131 0.021059782608695652 0.034646739130434784
0 0.046875 0.7887228260869565 0.010190217391304348 0.017663043478260868
0 0.018342391304347828 0.7717391304347826 0.008831521739130434 0.019021739130434784
0 0.036684782608695655 0.7533967391304348 0.008831521739130434 0.01358695652173913
0 0.06793478260869565 0.7533967391304348 0.008831521739130434 0.012228260869565218
0 0.078125 0.7146739130434783 0.008831521739130434 0.012228260869565218
0 0.16032608695652173 0.7139945652173914 0.008831521739130434 0.010190217391304348
0 0.18682065217391305 0.7126358695652174 0.006793478260869565 0.008831521739130434
0 0.2595108695652174 0.7391304347826086 0.008152173913043478 0.012228260869565218
0 0.24320652173913043 0.7561141304347826 0.012228260869565218 0.016304347826086956
0 0.15760869565217392 0.7547554347826086 0.008831521739130434 0.01358695652173913
0 0.18070652173913043 0.7697010869565217 0.01358695652173913 0.018342391304347828
0 0.21195652173913043 0.7737771739130435 0.010869565217391304 0.014945652173913044
0 0.23709239130434784 0.78125 0.012228260869565218 0.017663043478260868
0 0.23845108695652173 0.7676630434782609 0.010869565217391304 0.015625
0 0.18138586956521738 0.7887228260869565 0.015625 0.021059782608695652
0 0.16983695652173914 0.8009510869565217 0.016304347826086956 0.02309782608695652
0 0.14198369565217392 0.8104619565217391 0.012228260869565218 0.020380434782608696
0 0.20176630434782608 0.8661684782608695 0.019021739130434784 0.025815217391304348
0 0.20516304347826086 0.9245923913043478 0.020380434782608696 0.03125
0 0.24728260869565216 0.983016304347826 0.025135869565217392 0.028532608695652172
0 0.33084239130434784 0.6956521739130435 0.004755434782608696 0.006793478260869565
0 0.35190217391304346 0.6949728260869565 0.006793478260869565 0.009510869565217392
0 0.3328804347826087 0.7214673913043478 0.008152173913043478 0.010869565217391304
0 0.3125 0.7235054347826086 0.007472826086956522 0.010190217391304348
0 0.2860054347826087 0.7167119565217391 0.008152173913043478 0.009510869565217392
0 0.2866847826086957 0.735733695652174 0.010869565217391304 0.01358695652173913
0 0.31453804347826086 0.7350543478260869 0.010190217391304348 0.01358695652173913
0 0.328125 0.7432065217391305 0.008831521739130434 0.012228260869565218
0 0.36752717391304346 0.703125 0.006114130434782609 0.007472826086956522
0 0.3654891304347826 0.6929347826086957 0.005434782608695652 0.007472826086956522
0 0.2798913043478261 0.8165760869565217 0.01970108695652174 0.025815217391304348
0 0.35733695652173914 0.7697010869565217 0.012907608695652174 0.014266304347826086
0 0.28872282608695654 0.7608695652173914 0.012228260869565218 0.016304347826086956
0 0.3016304347826087 0.9164402173913043 0.02309782608695652 0.029211956521739132
0 0.35665760869565216 0.9381793478260869 0.021739130434782608 0.02717391304347826
0 0.39402173913043476 0.6813858695652174 0.005434782608695652 0.006793478260869565
0 0.468070652173913 0.7092391304347826 0.008152173913043478 0.010190217391304348
0 0.47622282608695654 0.703125 0.005434782608695652 0.007472826086956522
0 0.5 0.7105978260869565 0.006793478260869565 0.008831521739130434
0 0.4782608695652174 0.7133152173913043 0.006793478260869565 0.009510869565217392
0 0.4701086956521739 0.717391304347826 0.007472826086956522 0.009510869565217392
0 0.452445652173913 0.7289402173913043 0.008831521739130434 0.010190217391304348
0 0.483695652173913 0.7248641304347826 0.008152173913043478 0.010190217391304348
0 0.3858695652173913 0.7099184782608695 0.006793478260869565 0.008831521739130434
0 0.38654891304347827 0.6902173913043478 0.005434782608695652 0.007472826086956522
0 0.38858695652173914 0.7459239130434783 0.008831521739130434 0.010190217391304348
0 0.4320652173913043 0.7384510869565217 0.008831521739130434 0.010869565217391304
0 0.4110054347826087 0.8091032608695652 0.012907608695652174 0.016304347826086956
0 0.44565217391304346 0.8417119565217391 0.01970108695652174 0.021739130434782608
0 0.41304347826086957 0.860733695652174 0.019021739130434784 0.022418478260869564
0 0.5095108695652174 0.9694293478260869 0.025135869565217392 0.029211956521739132
0 0.49592391304347827 0.8328804347826086 0.015625 0.018342391304347828
0 0.4952445652173913 0.7805706521739131 0.010869565217391304 0.01358695652173913
0 0.5475543478260869 0.7221467391304348 0.008831521739130434 0.012228260869565218
0 0.516983695652174 0.7214673913043478 0.008831521739130434 0.010190217391304348
0 0.49320652173913043 0.7024456521739131 0.006114130434782609 0.008831521739130434
0 0.5305706521739131 0.701766304347826 0.006114130434782609 0.007472826086956522
0 0.5353260869565217 0.7398097826086957 0.008831521739130434 0.012228260869565218
0 0.5197010869565217 0.7459239130434783 0.012228260869565218 0.01358695652173913
0 0.546875 0.7547554347826086 0.012907608695652174 0.016983695652173912
0 0.5625 0.7404891304347826 0.010869565217391304 0.012228260869565218
0 0.5991847826086957 0.7561141304347826 0.010869565217391304 0.01358695652173913
0 0.6134510869565217 0.8389945652173914 0.01970108695652174 0.025815217391304348
0 0.6209239130434783 0.9137228260869565 0.02309782608695652 0.02377717391304348
0 0.7085597826086957 0.921875 0.027853260869565216 0.021739130434782608
0 0.7289402173913043 0.8804347826086957 0.026494565217391304 0.029891304347826088
0 0.6773097826086957 0.8471467391304348 0.022418478260869564 0.020380434782608696
0 0.8498641304347826 0.7214673913043478 0.012228260869565218 0.01358695652173913
0 0.7737771739130435 0.9137228260869565 0.026494565217391304 0.028532608695652172
0 0.8960597826086957 0.9510869565217391 0.026494565217391304 0.03804347826086957
0 0.9925271739130435 0.8362771739130435 0.014945652173913044 0.029211956521739132
0 0.4116847826086957 0.75 0.010190217391304348 0.01358695652173913
0 0.004076086956521739 0.8247282608695652 0.008152173913043478 0.016983695652173912
0 0.004755434782608696 0.7533967391304348 0.008831521739130434 0.012228260869565218
0 0.006793478260869565 0.7676630434782609 0.01358695652173913 0.012907608695652174
0 0.005434782608695652 0.782608695652174 0.010869565217391304 0.01358695652173913
0 0.0625 0.7758152173913043 0.014266304347826086 0.01358695652173913
0 0.027853260869565216 0.7785326086956522 0.014266304347826086 0.01358695652173913
0 0.11752717391304347 0.7887228260869565 0.015625 0.015625
0 0.057065217391304345 0.733016304347826 0.010869565217391304 0.010869565217391304
0 0.03872282608695652 0.7316576086956522 0.010869565217391304 0.010190217391304348
0 0.08423913043478261 0.6813858695652174 0.006793478260869565 0.006793478260869565
0 0.14402173913043478 0.7180706521739131 0.009510869565217392 0.008831521739130434
0 0.12296195652173914 0.7269021739130435 0.010190217391304348 0.009510869565217392
0 0.13994565217391305 0.7289402173913043 0.010869565217391304 0.010869565217391304
0 0.15489130434782608 0.7282608695652174 0.010869565217391304 0.010190217391304348
0 0.1671195652173913 0.7146739130434783 0.008152173913043478 0.008152173913043478
0 0.1793478260869565 0.7092391304347826 0.007472826086956522 0.008152173913043478
0 0.1949728260869565 0.7119565217391305 0.008152173913043478 0.008152173913043478
0 0.21263586956521738 0.7099184782608695 0.007472826086956522 0.007472826086956522
0 0.2269021739130435 0.6970108695652174 0.006793478260869565 0.006793478260869565
0 0.2452445652173913 0.720108695652174 0.008831521739130434 0.008831521739130434
0 0.23573369565217392 0.7364130434782609 0.010869565217391304 0.010869565217391304
0 0.24660326086956522 0.7452445652173914 0.012228260869565218 0.01154891304347826
0 0.19021739130434784 0.7717391304347826 0.014945652173913044 0.014266304347826086
0 0.2391304347826087 0.8716032608695652 0.02309782608695652 0.02309782608695652
0 0.3016304347826087 0.6942934782608695 0.006793478260869565 0.006793478260869565
0 0.31589673913043476 0.7010869565217391 0.007472826086956522 0.007472826086956522
0 0.3186141304347826 0.6963315217391305 0.006793478260869565 0.006793478260869565
0 0.3451086956521739 0.6827445652173914 0.006114130434782609 0.005434782608695652
0 0.35665760869565216 0.6915760869565217 0.006793478260869565 0.006793478260869565
0 0.35054347826086957 0.7105978260869565 0.008152173913043478 0.008152173913043478
0 0.31453804347826086 0.7119565217391305 0.008831521739130434 0.008831521739130434
0 0.26902173913043476 0.7302989130434783 0.010190217391304348 0.009510869565217392
0 0.2717391304347826 0.7289402173913043 0.010190217391304348 0.009510869565217392
0 0.296875 0.7316576086956522 0.010869565217391304 0.009510869565217392
0 0.35529891304347827 0.6936141304347826 0.006793478260869565 0.006793478260869565
0 0.296195652173913 0.779891304347826 0.017663043478260868 0.017663043478260868
0 0.33220108695652173 0.7873641304347826 0.019021739130434784 0.018342391304347828
0 0.30502717391304346 0.764266304347826 0.01358695652173913 0.01358695652173913
0 0.265625 0.7554347826086957 0.012907608695652174 0.012228260869565218
0 0.3376358695652174 0.7404891304347826 0.01154891304347826 0.010869565217391304
0 0.46875 0.6596467391304348 0.006114130434782609 0.006114130434782609
0 0.48233695652173914 0.6677989130434783 0.001358695652173913 0.001358695652173913
0 0.4741847826086957 0.6698369565217391 0.0006793478260869565 0.0006793478260869565
0 0.46603260869565216 0.6698369565217391 0.002717391304347826 0.002717391304347826
0 0.44972826086956524 0.6759510869565217 0.004755434782608696 0.004755434782608696
0 0.4483695652173913 0.6786684782608695 0.005434782608695652 0.004755434782608696
0 0.4388586956521739 0.6773097826086957 0.004755434782608696 0.004755434782608696
0 0.4171195652173913 0.6807065217391305 0.005434782608695652 0.005434782608695652
0 0.389945652173913 0.6813858695652174 0.006114130434782609 0.006114130434782609
0 0.48709239130434784 0.6908967391304348 0.005434782608695652 0.005434782608695652
0 0.4735054347826087 0.6956521739130435 0.006114130434782609 0.006114130434782609
0 0.46671195652173914 0.6970108695652174 0.006114130434782609 0.006793478260869565
0 0.4157608695652174 0.7004076086956522 0.007472826086956522 0.007472826086956522
0 0.4273097826086957 0.7024456521739131 0.007472826086956522 0.007472826086956522
0 0.43478260869565216 0.7119565217391305 0.008152173913043478 0.008152173913043478
0 0.45040760869565216 0.7099184782608695 0.007472826086956522 0.007472826086956522
0 0.4857336956521739 0.7004076086956522 0.006793478260869565 0.006793478260869565
0 0.468070652173913 0.7275815217391305 0.009510869565217392 0.008831521739130434
0 0.39334239130434784 0.7139945652173914 0.008152173913043478 0.008831521739130434
0 0.3763586956521739 0.7255434782608695 0.009510869565217392 0.009510869565217392
0 0.40421195652173914 0.7350543478260869 0.010190217391304348 0.009510869565217392
0 0.4327445652173913 0.748641304347826 0.010869565217391304 0.010190217391304348
0 0.44497282608695654 0.735733695652174 0.010869565217391304 0.009510869565217392
0 0.44972826086956524 0.7438858695652174 0.010869565217391304 0.010869565217391304
0 0.4592391304347826 0.7554347826086957 0.010869565217391304 0.010869565217391304
0 0.499320652173913 0.7432065217391305 0.012228260869565218 0.01154891304347826
0 0.41508152173913043 0.7744565217391305 0.014266304347826086 0.01358695652173913
0 0.5047554347826086 0.7024456521739131 0.007472826086956522 0.007472826086956522
0 0.515625 0.704483695652174 0.006793478260869565 0.006793478260869565
0 0.5502717391304348 0.733016304347826 0.010869565217391304 0.010869565217391304
0 0.5108695652173914 0.7459239130434783 0.012228260869565218 0.010869565217391304
0 0.5387228260869565 0.6779891304347826 0.006114130434782609 0.006793478260869565
0 0.5543478260869565 0.6793478260869565 0.0020380434782608695 0.0020380434782608695
0 0.5645380434782609 0.6779891304347826 0.001358695652173913 0.001358695652173913
0 0.5686141304347826 0.6779891304347826 0.0020380434782608695 0.001358695652173913
0 0.563858695652174 0.6847826086956522 0.004755434782608696 0.004076086956521739
0 0.5523097826086957 0.6847826086956522 0.004076086956521739 0.004076086956521739
0 0.5292119565217391 0.6793478260869565 0.004076086956521739 0.0033967391304347825
0 0.5536684782608695 0.671875 0.006793478260869565 0.006793478260869565
0 0.5394021739130435 0.7690217391304348 0.012907608695652174 0.012228260869565218
0 0.751358695652174 0.9245923913043478 0.027853260869565216 0.02717391304347826
0 0.8505434782608695 0.9592391304347826 0.029211956521739132 0.029211956521739132
0 0.8661684782608695 0.9646739130434783 0.029891304347826088 0.029211956521739132
0 0.9762228260869565 0.9442934782608695 0.028532608695652172 0.028532608695652172
0 0.9660326086956522 0.8240489130434783 0.021739130434782608 0.021739130434782608
0 0.9605978260869565 0.7934782608695652 0.01970108695652174 0.019021739130434784
0 0.953125 0.7737771739130435 0.018342391304347828 0.017663043478260868
0 0.9415760869565217 0.766983695652174 0.017663043478260868 0.016983695652173912
0 0.9144021739130435 0.8247282608695652 0.021739130434782608 0.021739130434782608
0 0.8688858695652174 0.717391304347826 0.009510869565217392 0.009510869565217392
0 0.9870923913043478 0.7941576086956522 0.01970108695652174 0.019021739130434784