0 0.8288043478260869 0.8811141304347826 0.03192934782608696 0.046875
0 0.46127717391304346 0.7527173913043478 0.016983695652173912 0.021739130434782608
0 0.6256793478260869 0.7092391304347826 0.014945652173913044 0.014945652173913044
0 0.6120923913043478 0.7010869565217391 0.016304347826086956 0.016983695652173912
0 0.5842391304347826 0.688858695652174 0.014266304347826086 0.01358695652173913
0 0.5020380434782609 0.6922554347826086 0.01358695652173913 0.012907608695652174
0 0.36209239130434784 0.7058423913043478 0.014266304347826086 0.01358695652173913
0 0.25271739130434784 0.7160326086956522 0.010869565217391304 0.014266304347826086
0 0.15421195652173914 0.6773097826086957 0.01154891304347826 0.010869565217391304
0 0.3226902173913043 0.6915760869565217 0.010869565217391304 0.010869565217391304
0 0.3845108695652174 0.6841032608695652 0.010869565217391304 0.012228260869565218
0 0.4782608695652174 0.6847826086956522 0.014266304347826086 0.012907608695652174
0 0.04008152173913043 0.6752717391304348 0.008152173913043478 0.008831521739130434
0 0.03192934782608696 0.6691576086956522 0.006793478260869565 0.006793478260869565
0 0.03192934782608696 0.6644021739130435 0.006114130434782609 0.006114130434782609
0 0.029211956521739132 0.6494565217391305 0.005434782608695652 0.004755434782608696
0 0.044157608695652176 0.6379076086956522 0.005434782608695652 0.004755434782608696
0 0.02377717391304348 0.6433423913043478 0.006114130434782609 0.004755434782608696
0 0.04483695652173913 0.6514945652173914 0.005434782608695652 0.004755434782608696
0 0.04619565217391304 0.6447010869565217 0.005434782608695652 0.004755434782608696
0 0.05570652173913043 0.6331521739130435 0.005434782608695652 0.004755434782608696
0 0.0625 0.6385869565217391 0.005434782608695652 0.004755434782608696
0 0.06521739130434782 0.6460597826086957 0.005434782608695652 0.004755434782608696
0 0.06182065217391304 0.6596467391304348 0.006793478260869565 0.006793478260869565
0 0.057065217391304345 0.6637228260869565 0.006114130434782609 0.006114130434782609
0 0.06453804347826086 0.6752717391304348 0.006793478260869565 0.007472826086956522
0 0.0020380434782608695 0.7160326086956522 0.0033967391304347825 0.010869565217391304
0 0.006793478260869565 0.6175271739130435 0.0033967391304347825 0.004076086956521739
0 0.027853260869565216 0.6066576086956522 0.0033967391304347825 0.004076086956521739
0 0.16644021739130435 0.6358695652173914 0.006114130434782609 0.004755434782608696
0 0.15760869565217392 0.610733695652174 0.0033967391304347825 0.004076086956521739
0 0.17798913043478262 0.6229619565217391 0.005434782608695652 0.004755434782608696
0 0.19904891304347827 0.6202445652173914 0.005434782608695652 0.004076086956521739
0 0.17527173913043478 0.6127717391304348 0.0033967391304347825 0.004076086956521739
0 0.18953804347826086 0.6012228260869565 0.0033967391304347825 0.004076086956521739
0 0.23097826086956522 0.6222826086956522 0.005434782608695652 0.004076086956521739
0 0.23709239130434784 0.6256793478260869 0.005434782608695652 0.004755434782608696
0 0.23980978260869565 0.6338315217391305 0.005434782608695652 0.004755434782608696
0 0.22146739130434784 0.6046195652173914 0.0033967391304347825 0.004076086956521739
0 0.2642663043478261 0.6324728260869565 0.005434782608695652 0.004755434782608696
0 0.2642663043478261 0.6351902173913043 0.005434782608695652 0.004755434782608696
0 0.27445652173913043 0.6351902173913043 0.005434782608695652 0.004755434782608696
0 0.2513586956521739 0.6379076086956522 0.005434782608695652 0.004755434782608696
0 0.24660326086956522 0.6372282608695652 0.005434782608695652 0.004755434782608696
0 0.2112771739130435 0.6501358695652174 0.006114130434782609 0.006114130434782609
0 0.20380434782608695 0.6460597826086957 0.005434782608695652 0.004755434782608696
0 0.20380434782608695 0.640625 0.006114130434782609 0.004755434782608696
0 0.19429347826086957 0.6426630434782609 0.005434782608695652 0.004755434782608696
0 0.19157608695652173 0.6399456521739131 0.006114130434782609 0.004755434782608696
0 0.18817934782608695 0.6460597826086957 0.006114130434782609 0.004755434782608696
0 0.1956521739130435 0.6535326086956522 0.006114130434782609 0.006114130434782609
0 0.203125 0.6555706521739131 0.006114130434782609 0.006793478260869565
0 0.20991847826086957 0.6596467391304348 0.006793478260869565 0.006793478260869565
0 0.21331521739130435 0.6644021739130435 0.008152173913043478 0.008152173913043478
0 0.1983695652173913 0.6684782608695652 0.008831521739130434 0.008831521739130434
0 0.17323369565217392 0.6494565217391305 0.005434782608695652 0.004755434782608696
0 0.16168478260869565 0.6460597826086957 0.006114130434782609 0.006114130434782609
0 0.23845108695652173 0.6684782608695652 0.006793478260869565 0.006793478260869565
0 0.23301630434782608 0.6644021739130435 0.006793478260869565 0.006114130434782609
0 0.24388586956521738 0.65625 0.006793478260869565 0.006114130434782609
0 0.22826086956521738 0.6521739130434783 0.006114130434782609 0.006114130434782609
0 0.22146739130434784 0.6480978260869565 0.005434782608695652 0.004755434782608696
0 0.234375 0.6440217391304348 0.005434782608695652 0.004755434782608696
0 0.23165760869565216 0.6372282608695652 0.005434782608695652 0.004755434782608696
0 0.2561141304347826 0.6460597826086957 0.006114130434782609 0.004755434782608696
0 0.2561141304347826 0.6514945652173914 0.006793478260869565 0.006793478260869565
0 0.26970108695652173 0.6474184782608695 0.005434782608695652 0.004755434782608696
0 0.26766304347826086 0.640625 0.006114130434782609 0.006114130434782609
0 0.2758152173913043 0.6630434782608695 0.008152173913043478 0.006793478260869565
0 0.28464673913043476 0.6603260869565217 0.006793478260869565 0.006114130434782609
0 0.28125 0.6691576086956522 0.006793478260869565 0.007472826086956522
0 0.25815217391304346 0.6793478260869565 0.009510869565217392 0.010190217391304348
0 0.07948369565217392 0.623641304347826 0.0033967391304347825 0.004755434782608696
0 0.04755434782608696 0.6283967391304348 0.005434782608695652 0.004755434782608696
0 0.08899456521739131 0.6582880434782609 0.006793478260869565 0.006793478260869565
0 0.09714673913043478 0.6671195652173914 0.006793478260869565 0.006114130434782609
0 0.09986413043478261 0.6739130434782609 0.006793478260869565 0.007472826086956522
0 0.10801630434782608 0.6773097826086957 0.006793478260869565 0.007472826086956522
0 0.10733695652173914 0.6854619565217391 0.008152173913043478 0.007472826086956522
0 0.06929347826086957 0.6596467391304348 0.006114130434782609 0.006114130434782609
0 0.12364130434782608 0.688858695652174 0.008831521739130434 0.008831521739130434
0 0.12364130434782608 0.6956521739130435 0.009510869565217392 0.010190217391304348
0 0.12771739130434784 0.673233695652174 0.008152173913043478 0.008831521739130434
0 0.11548913043478261 0.6616847826086957 0.006793478260869565 0.007472826086956522
0 0.10597826086956522 0.6535326086956522 0.006793478260869565 0.006114130434782609
0 0.10122282608695653 0.6494565217391305 0.006114130434782609 0.006114130434782609
0 0.2921195652173913 0.6365489130434783 0.006114130434782609 0.004755434782608696
0 0.29008152173913043 0.641983695652174 0.006114130434782609 0.004755434782608696
0 0.2873641304347826 0.6467391304347826 0.006114130434782609 0.004755434782608696
0 0.30910326086956524 0.641983695652174 0.005434782608695652 0.004755434782608696
0 0.30570652173913043 0.6480978260869565 0.006114130434782609 0.006114130434782609
0 0.28872282608695654 0.6555706521739131 0.006114130434782609 0.006793478260869565
0 0.2921195652173913 0.6630434782608695 0.006793478260869565 0.006793478260869565
0 0.31929347826086957 0.641983695652174 0.005434782608695652 0.004755434782608696
0 0.33016304347826086 0.641983695652174 0.006114130434782609 0.004755434782608696
0 0.328804347826087 0.6644021739130435 0.006793478260869565 0.006793478260869565
0 0.3294836956521739 0.6725543478260869 0.008152173913043478 0.008152173913043478
0 0.34375 0.6596467391304348 0.006114130434782609 0.006793478260869565
0 0.36616847826086957 0.6630434782608695 0.006793478260869565 0.006793478260869565
0 0.359375 0.6691576086956522 0.006793478260869565 0.006793478260869565
0 0.3389945652173913 0.6773097826086957 0.008152173913043478 0.007472826086956522
0 0.328804347826087 0.6820652173913043 0.008152173913043478 0.008152173913043478
0 0.3383152173913043 0.6895380434782609 0.008831521739130434 0.008831521739130434
0 0.3648097826086957 0.6847826086956522 0.008152173913043478 0.008831521739130434
0 0.36684782608695654 0.6759510869565217 0.008152173913043478 0.007472826086956522
0 0.3858695652173913 0.6623641304347826 0.008152173913043478 0.007472826086956522
0 0.40217391304347827 0.6650815217391305 0.008152173913043478 0.007472826086956522
0 0.44904891304347827 0.44497282608695654 0.008152173913043478 0.007472826086956522
0 0.4986413043478261 0.4388586956521739 0.008152173913043478 0.007472826086956522
0 0.42866847826086957 0.5278532608695652 0.006793478260869565 0.006114130434782609
0 0.45720108695652173 0.5285326086956522 0.008152173913043478 0.008831521739130434
0 0.4857336956521739 0.5264945652173914 0.009510869565217392 0.010190217391304348
0 0.49116847826086957 0.5197010869565217 0.009510869565217392 0.010869565217391304
0 0.42527173913043476 0.6677989130434783 0.008831521739130434 0.008152173913043478
0 0.4375 0.6854619565217391 0.009510869565217392 0.010190217391304348
0 0.44089673913043476 0.6908967391304348 0.010869565217391304 0.010190217391304348
0 0.4544836956521739 0.6752717391304348 0.008152173913043478 0.006793478260869565
0 0.49184782608695654 0.6997282608695652 0.014945652173913044 0.014945652173913044
0 0.5434782608695652 0.42527173913043476 0.008152173913043478 0.007472826086956522
0 0.6161684782608695 0.40964673913043476 0.008831521739130434 0.008831521739130434
0 0.6222826086956522 0.40964673913043476 0.009510869565217392 0.008831521739130434
0 0.654891304347826 0.39809782608695654 0.01154891304347826 0.010869565217391304
0 0.5366847826086957 0.5210597826086957 0.009510869565217392 0.010190217391304348
0 0.5631793478260869 0.5135869565217391 0.009510869565217392 0.010869565217391304
0 0.5726902173913043 0.5149456521739131 0.009510869565217392 0.010190217391304348
0 0.5828804347826086 0.516983695652174 0.010869565217391304 0.010190217391304348
0 0.6086956521739131 0.5095108695652174 0.009510869565217392 0.010190217391304348
0 0.6317934782608695 0.5163043478260869 0.01154891304347826 0.010869565217391304
0 0.6379076086956522 0.5067934782608695 0.01154891304347826 0.010869565217391304
0 0.6616847826086957 0.5074728260869565 0.010869565217391304 0.010869565217391304
0 0.7934782608695652 0.37296195652173914 0.014266304347826086 0.010869565217391304
0 0.7459239130434783 0.38179347826086957 0.014266304347826086 0.012228260869565218
0 0.7873641304347826 0.5047554347826086 0.016983695652173912 0.01358695652173913
0 0.7567934782608695 0.5027173913043478 0.01358695652173913 0.012907608695652174
0 0.670516304347826 0.5101902173913043 0.01358695652173913 0.010869565217391304
0 0.7004076086956522 0.501358695652174 0.010869565217391304 0.010190217391304348
0 0.7010869565217391 0.3919836956521739 0.01358695652173913 0.012228260869565218
0 0.6671195652173914 0.3960597826086957 0.010869565217391304 0.010869565217391304
0 0.9422554347826086 0.8179347826086957 0.03125 0.02309782608695652
0 0.8077445652173914 0.8097826086956522 0.034646739130434784 0.026494565217391304
0 0.65625 0.8125 0.035326086956521736 0.025815217391304348
0 0.43410326086956524 0.8050271739130435 0.026494565217391304 0.01970108695652174
0 0.6521739130434783 0.720108695652174 0.019021739130434784 0.014266304347826086
0 0.7112771739130435 0.7391304347826086 0.025135869565217392 0.018342391304347828
0 0.5074728260869565 0.7099184782608695 0.016983695652173912 0.012907608695652174
0 0.4789402173913043 0.6990489130434783 0.015625 0.01154891304347826
0 0.4232336956521739 0.6908967391304348 0.01358695652173913 0.010869565217391304
0 0.38858695652173914 0.7635869565217391 0.02377717391304348 0.017663043478260868
0 0.39741847826086957 0.7282608695652174 0.018342391304347828 0.014266304347826086
0 0.390625 0.7126358695652174 0.015625 0.01154891304347826
0 0.38654891304347827 0.6983695652173914 0.01358695652173913 0.010190217391304348
0 0.3688858695652174 0.6922554347826086 0.01154891304347826 0.009510869565217392
0 0.09307065217391304 0.8838315217391305 0.024456521739130436 0.018342391304347828
0 0.29415760869565216 0.8702445652173914 0.03192934782608696 0.024456521739130436
0 0.33084239130434784 0.8057065217391305 0.026494565217391304 0.020380434782608696
0 0.2112771739130435 0.8165760869565217 0.021059782608695652 0.015625
0 0.234375 0.7853260869565217 0.021739130434782608 0.015625
0 0.33559782608695654 0.7839673913043478 0.025135869565217392 0.018342391304347828
0 0.25339673913043476 0.7438858695652174 0.017663043478260868 0.012907608695652174
0 0.1297554347826087 0.7697010869565217 0.016983695652173912 0.012228260869565218
0 0.14605978260869565 0.7316576086956522 0.014266304347826086 0.010869565217391304
0 0.09578804347826086 0.7418478260869565 0.014945652173913044 0.010869565217391304
0 0.09442934782608696 0.7588315217391305 0.016983695652173912 0.012907608695652174
0 0.06657608695652174 0.8023097826086957 0.019021739130434784 0.014266304347826086
0 0.035326086956521736 0.764266304347826 0.016304347826086956 0.012907608695652174
0 0.018342391304347828 0.7377717391304348 0.014945652173913044 0.010869565217391304
0 0.07880434782608696 0.7126358695652174 0.012907608695652174 0.009510869565217392
0 0.13383152173913043 0.7051630434782609 0.01154891304347826 0.008831521739130434
0 0.02309782608695652 0.7146739130434783 0.012907608695652174 0.009510869565217392
0 0.15692934782608695 0.7010869565217391 0.010869565217391304 0.008152173913043478
0 0.14673913043478262 0.6936141304347826 0.01154891304347826 0.008152173913043478
0 0.19293478260869565 0.720108695652174 0.014945652173913044 0.010869565217391304
0 0.26290760869565216 0.7024456521739131 0.01358695652173913 0.010869565217391304
0 0.2513586956521739 0.6929347826086957 0.01154891304347826 0.009510869565217392
0 0.23573369565217392 0.6834239130434783 0.01154891304347826 0.008831521739130434
0 0.1644021739130435 0.688858695652174 0.010869565217391304 0.008152173913043478
0 0.08559782608695653 0.6800271739130435 0.008152173913043478 0.006793478260869565
0 0.001358695652173913 0.6582880434782609 0.0020380434782608695 0.005434782608695652
0 0.30910326086956524 0.6929347826086957 0.01154891304347826 0.008831521739130434
0 0.3077445652173913 0.6766304347826086 0.009510869565217392 0.007472826086956522
0 0.059103260869565216 0.6813858695652174 0.009510869565217392 0.007472826086956522
0 0.029891304347826088 0.6603260869565217 0.007472826086956522 0.005434782608695652
0 0.03192934782608696 0.6555706521739131 0.007472826086956522 0.004755434782608696
0 0.02309782608695652 0.6345108695652174 0.006114130434782609 0.004755434782608696
0 0.010869565217391304 0.6385869565217391 0.006114130434782609 0.004755434782608696
0 0.0020380434782608695 0.641983695652174 0.0033967391304347825 0.004755434782608696
0 0.007472826086956522 0.6324728260869565 0.005434782608695652 0.004076086956521739
0 0.009510869565217392 0.6304347826086957 0.006114130434782609 0.004755434782608696
0 0.01970108695652174 0.626358695652174 0.006114130434782609 0.004755434782608696
0 0.03736413043478261 0.6311141304347826 0.005434782608695652 0.004076086956521739
0 0.03736413043478261 0.6351902173913043 0.006114130434782609 0.004755434782608696
0 0.05366847826086957 0.640625 0.006114130434782609 0.004755434782608696
0 0.06861413043478261 0.6542119565217391 0.007472826086956522 0.004755434782608696
0 0.06929347826086957 0.6854619565217391 0.009510869565217392 0.006793478260869565
0 0.001358695652173913 0.608016304347826 0.0020380434782608695 0.0033967391304347825
0 0.005434782608695652 0.5964673913043478 0.002717391304347826 0.001358695652173913
0 0.0033967391304347825 0.6005434782608695 0.0033967391304347825 0.0020380434782608695
0 0.01154891304347826 0.6005434782608695 0.0033967391304347825 0.002717391304347826
0 0.014266304347826086 0.6039402173913043 0.0033967391304347825 0.0033967391304347825
0 0.019021739130434784 0.5964673913043478 0.002717391304347826 0.0020380434782608695
0 0.028532608695652172 0.5957880434782609 0.002717391304347826 0.0020380434782608695
0 0.03192934782608696 0.6046195652173914 0.0033967391304347825 0.002717391304347826
0 0.016983695652173912 0.6229619565217391 0.005434782608695652 0.004076086956521739
0 0.006114130434782609 0.6256793478260869 0.005434782608695652 0.004076086956521739
0 0.0033967391304347825 0.6277173913043478 0.006114130434782609 0.004755434782608696
0 0.001358695652173913 0.5387228260869565 0.0020380434782608695 0.0033967391304347825
0 0.01154891304347826 0.5407608695652174 0.004755434782608696 0.0033967391304347825
0 0.01970108695652174 0.5394021739130435 0.004755434782608696 0.0033967391304347825
0 0.030570652173913044 0.5400815217391305 0.004755434782608696 0.0033967391304347825
0 0.014945652173913044 0.4945652173913043 0.004755434782608696 0.0033967391304347825
0 0.010869565217391304 0.49116847826086957 0.004755434782608696 0.0033967391304347825
0 0.033967391304347824 0.49320652173913043 0.004755434782608696 0.0033967391304347825
0 0.001358695652173913 0.4945652173913043 0.0020380434782608695 0.0033967391304347825
0 0.001358695652173913 0.49116847826086957 0.0020380434782608695 0.004076086956521739
0 0.0006793478260869565 0.34035326086956524 0.001358695652173913 0.0033967391304347825
0 0.0033967391304347825 0.343070652173913 0.004755434782608696 0.0033967391304347825
0 0.005434782608695652 0.34035326086956524 0.004755434782608696 0.0033967391304347825
0 0.010190217391304348 0.34103260869565216 0.004755434782608696 0.0033967391304347825
0 0.01358695652173913 0.34171195652173914 0.004755434782608696 0.0033967391304347825
0 0.018342391304347828 0.34171195652173914 0.004755434782608696 0.0033967391304347825
0 0.022418478260869564 0.34103260869565216 0.004755434782608696 0.0033967391304347825
0 0.026494565217391304 0.3423913043478261 0.004755434782608696 0.0033967391304347825
0 0.029211956521739132 0.33967391304347827 0.004755434782608696 0.0033967391304347825
0 0.005434782608695652 0.36277173913043476 0.004755434782608696 0.0033967391304347825
0 0.01154891304347826 0.359375 0.004755434782608696 0.0033967391304347825
0 0.01970108695652174 0.360054347826087 0.004755434782608696 0.0033967391304347825
0 0.008831521739130434 0.344429347826087 0.004755434782608696 0.004076086956521739
0 0.01358695652173913 0.34646739130434784 0.004755434782608696 0.0033967391304347825
0 0.022418478260869564 0.34646739130434784 0.004755434782608696 0.0033967391304347825
0 0.025135869565217392 0.34646739130434784 0.004755434782608696 0.0033967391304347825
0 0.014945652173913044 0.36752717391304346 0.004755434782608696 0.0033967391304347825
0 0.014945652173913044 0.37296195652173914 0.004755434782608696 0.0033967391304347825
0 0.012907608695652174 0.37907608695652173 0.004755434782608696 0.0033967391304347825
0 0.009510869565217392 0.3811141304347826 0.004755434782608696 0.0033967391304347825
0 0.006114130434782609 0.3811141304347826 0.004755434782608696 0.0033967391304347825
0 0.0020380434782608695 0.38315217391304346 0.004076086956521739 0.002717391304347826
0 0.0033967391304347825 0.375 0.004755434782608696 0.0033967391304347825
0 0.004755434782608696 0.3688858695652174 0.004755434782608696 0.0033967391304347825
0 0.005434782608695652 0.3648097826086957 0.004755434782608696 0.0033967391304347825
0 0.026494565217391304 0.36616847826086957 0.004755434782608696 0.0033967391304347825
0 0.03328804347826087 0.36345108695652173 0.004755434782608696 0.0033967391304347825
0 0.030570652173913044 0.358695652173913 0.004755434782608696 0.0033967391304347825
0 0.026494565217391304 0.3607336956521739 0.004755434782608696 0.0033967391304347825
0 0.03328804347826087 0.3702445652173913 0.004755434782608696 0.0033967391304347825
0 0.026494565217391304 0.37092391304347827 0.004755434782608696 0.0033967391304347825
0 0.020380434782608696 0.37703804347826086 0.005434782608695652 0.0033967391304347825
0 0.030570652173913044 0.37771739130434784 0.004755434782608696 0.0033967391304347825
0 0.025135869565217392 0.38383152173913043 0.004755434782608696 0.0033967391304347825
0 0.020380434782608696 0.38315217391304346 0.005434782608695652 0.004076086956521739
0 0.015625 0.3851902173913043 0.004755434782608696 0.0033967391304347825
0 0.025135869565217392 0.3858695652173913 0.004755434782608696 0.0033967391304347825
0 0.007472826086956522 0.43953804347826086 0.004755434782608696 0.0033967391304347825
0 0.007472826086956522 0.43070652173913043 0.004755434782608696 0.0033967391304347825
0 0.014945652173913044 0.43002717391304346 0.004755434782608696 0.0033967391304347825
0 0.027853260869565216 0.42866847826086957 0.004755434782608696 0.0033967391304347825
0 0.021059782608695652 0.43953804347826086 0.004755434782608696 0.0033967391304347825
0 0.02309782608695652 0.4483695652173913 0.004755434782608696 0.0033967391304347825
0 0.015625 0.4476902173913043 0.004755434782608696 0.0033967391304347825
0 0.001358695652173913 0.4483695652173913 0.002717391304347826 0.0033967391304347825
0 0.052309782608695655 0.33967391304347827 0.004755434782608696 0.0033967391304347825
0 0.06114130434782609 0.33967391304347827 0.005434782608695652 0.0033967391304347825
0 0.06657608695652174 0.33967391304347827 0.004755434782608696 0.0033967391304347825
0 0.07336956521739131 0.3389945652173913 0.004755434782608696 0.0033967391304347825
0 0.07948369565217392 0.3383152173913043 0.004755434782608696 0.0033967391304347825
0 0.08491847826086957 0.3376358695652174 0.004755434782608696 0.0033967391304347825
0 0.10190217391304347 0.33627717391304346 0.010869565217391304 0.008152173913043478
0 0.10869565217391304 0.33695652173913043 0.010869565217391304 0.007472826086956522
0 0.12024456521739131 0.33559782608695654 0.010190217391304348 0.008152173913043478
0 0.12839673913043478 0.3342391304347826 0.010190217391304348 0.008152173913043478
0 0.1487771739130435 0.33220108695652173 0.010190217391304348 0.008152173913043478
0 0.1480978260869565 0.33559782608695654 0.010190217391304348 0.008152173913043478
0 0.13994565217391305 0.3423913043478261 0.010190217391304348 0.008152173913043478
0 0.1324728260869565 0.3423913043478261 0.010869565217391304 0.007472826086956522
0 0.15353260869565216 0.33084239130434784 0.010869565217391304 0.008152173913043478
0 0.14673913043478262 0.3491847826086957 0.010190217391304348 0.008152173913043478
0 0.15421195652173914 0.3498641304347826 0.010869565217391304 0.007472826086956522
0 0.15421195652173914 0.35529891304347827 0.010869565217391304 0.007472826086956522
0 0.14470108695652173 0.35597826086956524 0.010190217391304348 0.007472826086956522
0 0.13790760869565216 0.35122282608695654 0.010190217391304348 0.007472826086956522
0 0.13451086956521738 0.35665760869565216 0.010190217391304348 0.007472826086956522
0 0.1324728260869565 0.35054347826086957 0.010190217391304348 0.007472826086956522
0 0.1297554347826087 0.3546195652173913 0.010869565217391304 0.007472826086956522
0 0.12160326086956522 0.34646739130434784 0.010190217391304348 0.007472826086956522
0 0.12092391304347826 0.360054347826087 0.010190217391304348 0.007472826086956522
0 0.11752717391304347 0.3607336956521739 0.010190217391304348 0.007472826086956522
0 0.12228260869565218 0.3539402173913043 0.010190217391304348 0.007472826086956522
0 0.09171195652173914 0.35529891304347827 0.004755434782608696 0.0033967391304347825
0 0.08016304347826086 0.35597826086956524 0.004755434782608696 0.0033967391304347825
0 0.07065217391304347 0.35665760869565216 0.004755434782608696 0.0033967391304347825
0 0.06317934782608696 0.35665760869565216 0.004755434782608696 0.0033967391304347825
0 0.050951086956521736 0.35733695652173914 0.004755434782608696 0.0033967391304347825
0 0.058423913043478264 0.36345108695652173 0.004755434782608696 0.0033967391304347825
0 0.06453804347826086 0.36277173913043476 0.004755434782608696 0.0033967391304347825
0 0.06182065217391304 0.36345108695652173 0.004755434782608696 0.0033967391304347825
0 0.04008152173913043 0.3688858695652174 0.004755434782608696 0.0033967391304347825
0 0.04891304347826087 0.36684782608695654 0.004755434782608696 0.0033967391304347825
0 0.04008152173913043 0.36141304347826086 0.004755434782608696 0.0033967391304347825
0 0.042119565217391304 0.36141304347826086 0.004755434782608696 0.0033967391304347825
0 0.05366847826086957 0.37228260869565216 0.004755434782608696 0.0033967391304347825
0 0.04551630434782609 0.374320652173913 0.004755434782608696 0.0033967391304347825
0 0.057744565217391304 0.37771739130434784 0.004755434782608696 0.0033967391304347825
0 0.06725543478260869 0.37839673913043476 0.004755434782608696 0.0033967391304347825
0 0.041440217391304345 0.38247282608695654 0.004755434782608696 0.0033967391304347825
0 0.07336956521739131 0.37296195652173914 0.005434782608695652 0.0033967391304347825
0 0.07608695652173914 0.36820652173913043 0.004755434782608696 0.0033967391304347825
0 0.07880434782608696 0.36684782608695654 0.004755434782608696 0.0033967391304347825
0 0.08355978260869565 0.3641304347826087 0.004755434782608696 0.0033967391304347825
0 0.09714673913043478 0.37771739130434784 0.004755434782608696 0.0033967391304347825
0 0.10122282608695653 0.374320652173913 0.004755434782608696 0.0033967391304347825
0 0.10529891304347826 0.375679347826087 0.004755434782608696 0.0033967391304347825
0 0.10529891304347826 0.37228260869565216 0.004755434782608696 0.0033967391304347825
0 0.11073369565217392 0.3688858695652174 0.004755434782608696 0.0033967391304347825
0 0.11752717391304347 0.36616847826086957 0.010190217391304348 0.007472826086956522
0 0.1331521739130435 0.36277173913043476 0.010190217391304348 0.007472826086956522
0 0.06385869565217392 0.42459239130434784 0.004755434782608696 0.0033967391304347825
0 0.07336956521739131 0.4232336956521739 0.005434782608695652 0.0033967391304347825
0 0.08423913043478261 0.42391304347826086 0.005434782608695652 0.0033967391304347825
0 0.09239130434782608 0.421195652173913 0.004755434782608696 0.0033967391304347825
0 0.10122282608695653 0.422554347826087 0.004755434782608696 0.0033967391304347825
0 0.109375 0.421875 0.004755434782608696 0.0033967391304347825
0 0.11820652173913043 0.4205163043478261 0.004755434782608696 0.0033967391304347825
0 0.125 0.4205163043478261 0.004755434782608696 0.0033967391304347825
0 0.13858695652173914 0.41915760869565216 0.004755434782608696 0.0033967391304347825
0 0.14402173913043478 0.41915760869565216 0.005434782608695652 0.0033967391304347825
0 0.15421195652173914 0.41779891304347827 0.004755434782608696 0.0033967391304347825
0 0.1610054347826087 0.41779891304347827 0.004755434782608696 0.0033967391304347825
0 0.10733695652173914 0.38383152173913043 0.004755434782608696 0.0033967391304347825
0 0.10801630434782608 0.3797554347826087 0.004755434782608696 0.0033967391304347825
0 0.11141304347826086 0.3811141304347826 0.004755434782608696 0.0033967391304347825
0 0.11141304347826086 0.38179347826086957 0.004755434782608696 0.0033967391304347825
0 0.11684782608695653 0.375679347826087 0.004755434782608696 0.004076086956521739
0 0.10394021739130435 0.3811141304347826 0.004755434782608696 0.0033967391304347825
0 0.10122282608695653 0.3845108695652174 0.004755434782608696 0.0033967391304347825
0 0.10394021739130435 0.38315217391304346 0.004755434782608696 0.0033967391304347825
0 0.09646739130434782 0.3811141304347826 0.004755434782608696 0.0033967391304347825
0 0.09171195652173914 0.3851902173913043 0.004755434782608696 0.0033967391304347825
0 0.13179347826086957 0.37228260869565216 0.010190217391304348 0.007472826086956522
0 0.12567934782608695 0.37228260869565216 0.009510869565217392 0.007472826086956522
0 0.1297554347826087 0.36820652173913043 0.010190217391304348 0.007472826086956522
0 0.14266304347826086 0.3607336956521739 0.010190217391304348 0.007472826086956522
0 0.13722826086956522 0.3648097826086957 0.010190217391304348 0.007472826086956522
0 0.1487771739130435 0.3607336956521739 0.010190217391304348 0.007472826086956522
0 0.15217391304347827 0.35733695652173914 0.010869565217391304 0.007472826086956522
0 0.15625 0.36141304347826086 0.010190217391304348 0.007472826086956522
0 0.15625 0.3648097826086957 0.010190217391304348 0.007472826086956522
0 0.15557065217391305 0.36616847826086957 0.010190217391304348 0.007472826086956522
0 0.1514945652173913 0.36820652173913043 0.009510869565217392 0.007472826086956522
0 0.15489130434782608 0.3695652173913043 0.010190217391304348 0.007472826086956522
0 0.15285326086956522 0.37160326086956524 0.009510869565217392 0.007472826086956522
0 0.14470108695652173 0.3763586956521739 0.010190217391304348 0.007472826086956522
0 0.13858695652173914 0.37771739130434784 0.010190217391304348 0.007472826086956522
0 0.13790760869565216 0.37296195652173914 0.010190217391304348 0.007472826086956522
0 0.1297554347826087 0.37771739130434784 0.004755434782608696 0.0033967391304347825
0 0.11956521739130435 0.3811141304347826 0.004755434782608696 0.0033967391304347825
0 0.12432065217391304 0.3763586956521739 0.004755434782608696 0.0033967391304347825
0 0.14470108695652173 0.36684782608695654 0.009510869565217392 0.007472826086956522
0 0.12228260869565218 0.3695652173913043 0.010190217391304348 0.007472826086956522
0 0.11548913043478261 0.37228260869565216 0.004755434782608696 0.0033967391304347825
0 0.08899456521739131 0.44565217391304346 0.004755434782608696 0.004076086956521739
0 0.08763586956521739 0.45040760869565216 0.004755434782608696 0.0033967391304347825
0 0.09171195652173914 0.44021739130434784 0.004755434782608696 0.0033967391304347825
0 0.09239130434782608 0.4361413043478261 0.004755434782608696 0.0033967391304347825
0 0.09510869565217392 0.4327445652173913 0.004755434782608696 0.0033967391304347825
0 0.09307065217391304 0.42934782608695654 0.004755434782608696 0.0033967391304347825
0 0.07880434782608696 0.44633152173913043 0.004755434782608696 0.0033967391304347825
0 0.07948369565217392 0.44157608695652173 0.004755434782608696 0.0033967391304347825
0 0.06725543478260869 0.4483695652173913 0.004755434782608696 0.0033967391304347825
0 0.06725543478260869 0.4436141304347826 0.004755434782608696 0.0033967391304347825
0 0.06589673913043478 0.4388586956521739 0.004755434782608696 0.0033967391304347825
0 0.06521739130434782 0.43478260869565216 0.004755434782608696 0.0033967391304347825
0 0.10733695652173914 0.4436141304347826 0.004755434782608696 0.0033967391304347825
0 0.10801630434782608 0.44021739130434784 0.004755434782608696 0.0033967391304347825
0 0.10054347826086957 0.44089673913043476 0.004755434782608696 0.0033967391304347825
0 0.09714673913043478 0.44565217391304346 0.004755434782608696 0.0033967391304347825
0 0.09986413043478261 0.44972826086956524 0.004755434782608696 0.0033967391304347825
0 0.11684782608695653 0.4429347826086957 0.004755434782608696 0.0033967391304347825
0 0.11820652173913043 0.436820652173913 0.004755434782608696 0.0033967391304347825
0 0.12296195652173914 0.438179347826087 0.004755434782608696 0.0033967391304347825
0 0.12635869565217392 0.44089673913043476 0.004755434782608696 0.0033967391304347825
0 0.12635869565217392 0.44565217391304346 0.004755434782608696 0.0033967391304347825
0 0.13043478260869565 0.4429347826086957 0.004755434782608696 0.0033967391304347825
0 0.13111413043478262 0.438179347826087 0.004755434782608696 0.0033967391304347825
0 0.13043478260869565 0.4375 0.004755434782608696 0.0033967391304347825
0 0.12567934782608695 0.43478260869565216 0.004755434782608696 0.0033967391304347825
0 0.13451086956521738 0.4320652173913043 0.004755434782608696 0.0033967391304347825
0 0.1453804347826087 0.44497282608695654 0.004755434782608696 0.0033967391304347825
0 0.15013586956521738 0.4429347826086957 0.004755434782608696 0.0033967391304347825
0 0.14673913043478262 0.43953804347826086 0.004755434782608696 0.0033967391304347825
0 0.15217391304347827 0.43953804347826086 0.004755434782608696 0.0033967391304347825
0 0.15489130434782608 0.44429347826086957 0.004755434782608696 0.0033967391304347825
0 0.14605978260869565 0.4361413043478261 0.004755434782608696 0.0033967391304347825
0 0.140625 0.43546195652173914 0.004755434782608696 0.0033967391304347825
0 0.1453804347826087 0.43342391304347827 0.004755434782608696 0.0033967391304347825
0 0.14741847826086957 0.43002717391304346 0.004755434782608696 0.004076086956521739
0 0.07472826086956522 0.4388586956521739 0.004755434782608696 0.0033967391304347825
0 0.07404891304347826 0.44157608695652173 0.004755434782608696 0.0033967391304347825
0 0.08084239130434782 0.436820652173913 0.004755434782608696 0.0033967391304347825
0 0.07269021739130435 0.4375 0.004755434782608696 0.0033967391304347825
0 0.07472826086956522 0.43342391304347827 0.004755434782608696 0.0033967391304347825
0 0.08152173913043478 0.42934782608695654 0.004755434782608696 0.0033967391304347825
0 0.10597826086956522 0.438179347826087 0.004755434782608696 0.0033967391304347825
0 0.10597826086956522 0.43478260869565216 0.004755434782608696 0.0033967391304347825
0 0.10529891304347826 0.43002717391304346 0.004755434782608696 0.0033967391304347825
0 0.10394021739130435 0.4327445652173913 0.004755434782608696 0.0033967391304347825
0 0.09850543478260869 0.4375 0.004755434782608696 0.0033967391304347825
0 0.09714673913043478 0.43546195652173914 0.004755434782608696 0.0033967391304347825
0 0.09986413043478261 0.4320652173913043 0.004755434782608696 0.0033967391304347825
0 0.11956521739130435 0.4279891304347826 0.004755434782608696 0.0033967391304347825
0 0.11956521739130435 0.4313858695652174 0.004755434782608696 0.0033967391304347825
0 0.11548913043478261 0.43478260869565216 0.005434782608695652 0.0033967391304347825
0 0.11141304347826086 0.43002717391304346 0.004755434782608696 0.0033967391304347825
0 0.12364130434782608 0.4266304347826087 0.004755434782608696 0.0033967391304347825
0 0.12567934782608695 0.43002717391304346 0.004755434782608696 0.0033967391304347825
0 0.1453804347826087 0.4266304347826087 0.004755434782608696 0.0033967391304347825
0 0.14470108695652173 0.43002717391304346 0.004755434782608696 0.0033967391304347825
0 0.13179347826086957 0.42934782608695654 0.004755434782608696 0.0033967391304347825
0 0.15081521739130435 0.43546195652173914 0.004755434782608696 0.0033967391304347825
0 0.15692934782608695 0.438179347826087 0.004755434782608696 0.0033967391304347825
0 0.1358695652173913 0.4476902173913043 0.004755434782608696 0.0033967391304347825
0 0.13926630434782608 0.4483695652173913 0.004755434782608696 0.0033967391304347825
0 0.14402173913043478 0.4476902173913043 0.004755434782608696 0.0033967391304347825
0 0.11277173913043478 0.4483695652173913 0.005434782608695652 0.0033967391304347825
0 0.12296195652173914 0.4483695652173913 0.004755434782608696 0.0033967391304347825
0 0.07744565217391304 0.452445652173913 0.004755434782608696 0.0033967391304347825
0 0.06521739130434782 0.4904891304347826 0.004755434782608696 0.0033967391304347825
0 0.06182065217391304 0.4904891304347826 0.004755434782608696 0.0033967391304347825
0 0.05366847826086957 0.49320652173913043 0.004755434782608696 0.0033967391304347825
0 0.04823369565217391 0.4945652173913043 0.004755434782608696 0.0033967391304347825
0 0.04619565217391304 0.4904891304347826 0.004755434782608696 0.0033967391304347825
0 0.06589673913043478 0.4938858695652174 0.004755434782608696 0.0033967391304347825
0 0.07540760869565218 0.49116847826086957 0.004755434782608696 0.0033967391304347825
0 0.08695652173913043 0.49116847826086957 0.001358695652173913 0.0006793478260869565
0 0.09035326086956522 0.49252717391304346 0.001358695652173913 0.001358695652173913
0 0.09510869565217392 0.49252717391304346 0.0006793478260869565 0.001358695652173913
0 0.10190217391304347 0.49116847826086957 0.004755434782608696 0.0033967391304347825
0 0.10326086956521739 0.48777173913043476 0.004755434782608696 0.0033967391304347825
0 0.109375 0.49252717391304346 0.004755434782608696 0.0033967391304347825
0 0.11345108695652174 0.49252717391304346 0.004755434782608696 0.0033967391304347825
0 0.11752717391304347 0.49252717391304346 0.004755434782608696 0.0033967391304347825
0 0.13043478260869565 0.49184782608695654 0.004755434782608696 0.0033967391304347825
0 0.1324728260869565 0.48777173913043476 0.004755434782608696 0.0033967391304347825
0 0.1358695652173913 0.4898097826086957 0.004755434782608696 0.0033967391304347825
0 0.14605978260869565 0.4904891304347826 0.004755434782608696 0.0033967391304347825
0 0.15217391304347827 0.4891304347826087 0.004755434782608696 0.0033967391304347825
0 0.15760869565217392 0.4904891304347826 0.004755434782608696 0.0033967391304347825
0 0.16508152173913043 0.34782608695652173 0.010869565217391304 0.007472826086956522
0 0.16915760869565216 0.34578804347826086 0.010869565217391304 0.008152173913043478
0 0.17119565217391305 0.34782608695652173 0.010869565217391304 0.008152173913043478
0 0.1800271739130435 0.3485054347826087 0.010190217391304348 0.008152173913043478
0 0.17866847826086957 0.35190217391304346 0.010869565217391304 0.007472826086956522
0 0.17051630434782608 0.3539402173913043 0.010190217391304348 0.008152173913043478
0 0.16644021739130435 0.35190217391304346 0.010869565217391304 0.007472826086956522
0 0.16168478260869565 0.3539402173913043 0.010869565217391304 0.008152173913043478
0 0.17051630434782608 0.359375 0.010190217391304348 0.007472826086956522
0 0.171875 0.36141304347826086 0.010190217391304348 0.007472826086956522
0 0.17595108695652173 0.3648097826086957 0.010190217391304348 0.007472826086956522
0 0.16915760869565216 0.36752717391304346 0.010190217391304348 0.007472826086956522
0 0.17798913043478262 0.3695652173913043 0.010190217391304348 0.007472826086956522
0 0.18546195652173914 0.37228260869565216 0.009510869565217392 0.007472826086956522
0 0.18206521739130435 0.3654891304347826 0.010190217391304348 0.007472826086956522
0 0.19972826086956522 0.36345108695652173 0.010869565217391304 0.008152173913043478
0 0.20040760869565216 0.36141304347826086 0.010869565217391304 0.008152173913043478
0 0.20244565217391305 0.35665760869565216 0.010869565217391304 0.008152173913043478
0 0.20448369565217392 0.3532608695652174 0.010869565217391304 0.008152173913043478
0 0.2112771739130435 0.3498641304347826 0.010869565217391304 0.008152173913043478
0 0.20448369565217392 0.34578804347826086 0.010190217391304348 0.008152173913043478
0 0.19972826086956522 0.344429347826087 0.010869565217391304 0.008152173913043478
0 0.20040760869565216 0.3383152173913043 0.010869565217391304 0.008152173913043478
0 0.19293478260869565 0.33967391304347827 0.010869565217391304 0.008831521739130434
0 0.19021739130434784 0.343070652173913 0.010869565217391304 0.008831521739130434
0 0.19769021739130435 0.35529891304347827 0.010869565217391304 0.008152173913043478
0 0.1956521739130435 0.36141304347826086 0.010190217391304348 0.007472826086956522
0 0.18885869565217392 0.35665760869565216 0.010190217391304348 0.007472826086956522
0 0.18885869565217392 0.3539402173913043 0.010190217391304348 0.008152173913043478
0 0.20991847826086957 0.36141304347826086 0.010869565217391304 0.007472826086956522
0 0.21807065217391305 0.359375 0.010190217391304348 0.008152173913043478
0 0.22146739130434784 0.35733695652173914 0.010190217391304348 0.007472826086956522
0 0.22214673913043478 0.34782608695652173 0.010869565217391304 0.008152173913043478
0 0.2262228260869565 0.35190217391304346 0.010869565217391304 0.008152173913043478
0 0.22826086956521738 0.35054347826086957 0.010869565217391304 0.007472826086956522
0 0.2296195652173913 0.34782608695652173 0.010869565217391304 0.007472826086956522
0 0.22758152173913043 0.3423913043478261 0.010869565217391304 0.008152173913043478
0 0.2262228260869565 0.3389945652173913 0.010869565217391304 0.008152173913043478
0 0.23233695652173914 0.33627717391304346 0.010869565217391304 0.008152173913043478
0 0.23845108695652173 0.343070652173913 0.010190217391304348 0.007472826086956522
0 0.24320652173913043 0.33559782608695654 0.010190217391304348 0.007472826086956522
0 0.24660326086956522 0.3423913043478261 0.010190217391304348 0.008152173913043478
0 0.24864130434782608 0.33967391304347827 0.010190217391304348 0.007472826086956522
0 0.2513586956521739 0.33559782608695654 0.010190217391304348 0.007472826086956522
0 0.2547554347826087 0.34035326086956524 0.010190217391304348 0.007472826086956522
0 0.2561141304347826 0.33491847826086957 0.010190217391304348 0.008152173913043478
0 0.25883152173913043 0.3335597826086957 0.010869565217391304 0.007472826086956522
0 0.265625 0.3376358695652174 0.010190217391304348 0.007472826086956522
0 0.26970108695652173 0.3342391304347826 0.008831521739130434 0.006114130434782609
0 0.2595108695652174 0.3423913043478261 0.010190217391304348 0.007472826086956522
0 0.26834239130434784 0.344429347826087 0.010190217391304348 0.007472826086956522
0 0.27309782608695654 0.3423913043478261 0.008831521739130434 0.006793478260869565
0 0.2758152173913043 0.33627717391304346 0.008831521739130434 0.006114130434782609
0 0.27717391304347827 0.34646739130434784 0.008831521739130434 0.006793478260869565
0 0.28125 0.3491847826086957 0.008831521739130434 0.006793478260869565
0 0.28125 0.344429347826087 0.008831521739130434 0.006114130434782609
0 0.26902173913043476 0.35122282608695654 0.010190217391304348 0.007472826086956522
0 0.266304347826087 0.34782608695652173 0.010190217391304348 0.007472826086956522
0 0.2642663043478261 0.3491847826086957 0.010190217391304348 0.007472826086956522
0 0.2595108695652174 0.35190217391304346 0.010190217391304348 0.007472826086956522
0 0.25883152173913043 0.34646739130434784 0.010190217391304348 0.007472826086956522
0 0.25339673913043476 0.35054347826086957 0.010190217391304348 0.007472826086956522
0 0.25339673913043476 0.34578804347826086 0.010869565217391304 0.008152173913043478
0 0.24796195652173914 0.34646739130434784 0.010190217391304348 0.007472826086956522
0 0.24796195652173914 0.35054347826086957 0.010190217391304348 0.007472826086956522
0 0.24320652173913043 0.3539402173913043 0.010869565217391304 0.007472826086956522
0 0.23845108695652173 0.3491847826086957 0.010869565217391304 0.008152173913043478
0 0.2513586956521739 0.35597826086956524 0.010190217391304348 0.007472826086956522
0 0.24320652173913043 0.359375 0.010190217391304348 0.008152173913043478
0 0.23505434782608695 0.36141304347826086 0.010190217391304348 0.007472826086956522
0 0.22418478260869565 0.36141304347826086 0.010190217391304348 0.007472826086956522
0 0.21807065217391305 0.33016304347826086 0.010869565217391304 0.008152173913043478
0 0.20923913043478262 0.328125 0.010869565217391304 0.008152173913043478
0 0.20380434782608695 0.328804347826087 0.010869565217391304 0.008152173913043478
0 0.19972826086956522 0.32608695652173914 0.010869565217391304 0.008152173913043478
0 0.19972826086956522 0.3226902173913043 0.010869565217391304 0.008831521739130434
0 0.20991847826086957 0.32472826086956524 0.010869565217391304 0.008831521739130434
0 0.2112771739130435 0.3226902173913043 0.010869565217391304 0.008152173913043478
0 0.21603260869565216 0.32540760869565216 0.010869565217391304 0.008152173913043478
0 0.19361413043478262 0.33559782608695654 0.010869565217391304 0.008152173913043478
0 0.19633152173913043 0.3342391304347826 0.010869565217391304 0.008152173913043478
0 0.19972826086956522 0.3335597826086957 0.010869565217391304 0.008152173913043478
0 0.20176630434782608 0.33559782608695654 0.010869565217391304 0.008152173913043478
0 0.20720108695652173 0.3342391304347826 0.010869565217391304 0.008152173913043478
0 0.21195652173913043 0.3342391304347826 0.010869565217391304 0.007472826086956522
0 0.21535326086956522 0.3328804347826087 0.010869565217391304 0.008152173913043478
0 0.1983695652173913 0.33220108695652173 0.010869565217391304 0.007472826086956522
0 0.1922554347826087 0.3328804347826087 0.010869565217391304 0.008152173913043478
0 0.19021739130434784 0.33152173913043476 0.010869565217391304 0.007472826086956522
0 0.18682065217391305 0.33152173913043476 0.010869565217391304 0.007472826086956522
0 0.18614130434782608 0.328125 0.010869565217391304 0.007472826086956522
0 0.18614130434782608 0.33695652173913043 0.010869565217391304 0.008831521739130434
0 0.15896739130434784 0.3294836956521739 0.010869565217391304 0.008152173913043478
0 0.16508152173913043 0.33016304347826086 0.010869565217391304 0.008152173913043478
0 0.17051630434782608 0.327445652173913 0.010869565217391304 0.008152173913043478
0 0.17527173913043478 0.328804347826087 0.010869565217391304 0.007472826086956522
0 0.1922554347826087 0.4375 0.004755434782608696 0.0033967391304347825
0 0.20108695652173914 0.4375 0.008831521739130434 0.006793478260869565
0 0.20244565217391305 0.4361413043478261 0.008831521739130434 0.006793478260869565
0 0.19904891304347827 0.43410326086956524 0.008831521739130434 0.007472826086956522
0 0.18682065217391305 0.4375 0.004755434782608696 0.0033967391304347825
0 0.1827445652173913 0.438179347826087 0.004755434782608696 0.0033967391304347825
0 0.171875 0.438179347826087 0.004755434782608696 0.0033967391304347825
0 0.1793478260869565 0.4388586956521739 0.004755434782608696 0.0033967391304347825
0 0.17866847826086957 0.4361413043478261 0.004755434782608696 0.0033967391304347825
0 0.17730978260869565 0.43410326086956524 0.004755434782608696 0.0033967391304347825
0 0.1766304347826087 0.436820652173913 0.004755434782608696 0.0033967391304347825
0 0.18342391304347827 0.43342391304347827 0.004755434782608696 0.0033967391304347825
0 0.18546195652173914 0.43478260869565216 0.004755434782608696 0.0033967391304347825
0 0.1875 0.4327445652173913 0.004755434782608696 0.0033967391304347825
0 0.19361413043478262 0.4320652173913043 0.008831521739130434 0.006793478260869565
0 0.21535326086956522 0.43002717391304346 0.009510869565217392 0.007472826086956522
0 0.22010869565217392 0.4320652173913043 0.008831521739130434 0.006793478260869565
0 0.22214673913043478 0.42595108695652173 0.009510869565217392 0.007472826086956522
0 0.24864130434782608 0.40828804347826086 0.010190217391304348 0.007472826086956522
0 0.25407608695652173 0.4116847826086957 0.010190217391304348 0.007472826086956522
0 0.22282608695652173 0.41032608695652173 0.009510869565217392 0.007472826086956522
0 0.2296195652173913 0.41032608695652173 0.010190217391304348 0.007472826086956522
0 0.21195652173913043 0.4116847826086957 0.009510869565217392 0.007472826086956522
0 0.19972826086956522 0.41304347826086957 0.009510869565217392 0.007472826086956522
0 0.24796195652173914 0.4313858695652174 0.009510869565217392 0.007472826086956522
0 0.24048913043478262 0.43478260869565216 0.008831521739130434 0.006793478260869565
0 0.23980978260869565 0.43002717391304346 0.010190217391304348 0.007472826086956522
0 0.23029891304347827 0.436820652173913 0.009510869565217392 0.006793478260869565
0 0.2269021739130435 0.4327445652173913 0.008831521739130434 0.007472826086956522
0 0.2554347826086957 0.42934782608695654 0.009510869565217392 0.007472826086956522
0 0.2642663043478261 0.42934782608695654 0.010190217391304348 0.007472826086956522
0 0.2642663043478261 0.421195652173913 0.010869565217391304 0.008152173913043478
0 0.2601902173913043 0.42527173913043476 0.009510869565217392 0.007472826086956522
0 0.25815217391304346 0.4205163043478261 0.010190217391304348 0.007472826086956522
0 0.25203804347826086 0.421195652173913 0.010190217391304348 0.007472826086956522
0 0.26290760869565216 0.4171195652173913 0.010190217391304348 0.007472826086956522
0 0.26834239130434784 0.41372282608695654 0.010190217391304348 0.008152173913043478
0 0.26766304347826086 0.41032608695652173 0.010869565217391304 0.008152173913043478
0 0.2710597826086957 0.40896739130434784 0.010869565217391304 0.008152173913043478
0 0.27309782608695654 0.41372282608695654 0.010190217391304348 0.007472826086956522
0 0.2764945652173913 0.41508152173913043 0.010869565217391304 0.008152173913043478
0 0.27785326086956524 0.421875 0.010190217391304348 0.007472826086956522
0 0.27309782608695654 0.421875 0.010869565217391304 0.007472826086956522
0 0.27377717391304346 0.43002717391304346 0.010190217391304348 0.008152173913043478
0 0.2669836956521739 0.421875 0.010869565217391304 0.008152173913043478
0 0.27785326086956524 0.42866847826086957 0.010869565217391304 0.008152173913043478
0 0.28396739130434784 0.4266304347826087 0.010190217391304348 0.007472826086956522
0 0.16304347826086957 0.4891304347826087 0.004755434782608696 0.0033967391304347825
0 0.16915760869565216 0.48777173913043476 0.004755434782608696 0.0033967391304347825
0 0.17323369565217392 0.4904891304347826 0.004755434782608696 0.0033967391304347825
0 0.1793478260869565 0.48641304347826086 0.004755434782608696 0.0033967391304347825
0 0.1875 0.48709239130434784 0.004755434782608696 0.0033967391304347825
0 0.1922554347826087 0.48777173913043476 0.004755434782608696 0.0033967391304347825
0 0.1983695652173913 0.4857336956521739 0.004755434782608696 0.0033967391304347825
0 0.20040760869565216 0.48845108695652173 0.004755434782608696 0.0033967391304347825
0 0.2078804347826087 0.485054347826087 0.004755434782608696 0.0033967391304347825
0 0.21535326086956522 0.484375 0.004755434782608696 0.0033967391304347825
0 0.2235054347826087 0.483695652173913 0.004755434782608696 0.0033967391304347825
0 0.2269021739130435 0.48641304347826086 0.004755434782608696 0.0033967391304347825
0 0.23233695652173914 0.483695652173913 0.004755434782608696 0.0033967391304347825
0 0.24388586956521738 0.4830163043478261 0.008152173913043478 0.006114130434782609
0 0.25747282608695654 0.48233695652173914 0.008152173913043478 0.006793478260869565
0 0.26970108695652173 0.48029891304347827 0.008831521739130434 0.006793478260869565
0 0.28396739130434784 0.47690217391304346 0.008831521739130434 0.006793478260869565
0 0.09782608695652174 0.5414402173913043 0.002717391304347826 0.0020380434782608695
0 0.10190217391304347 0.5400815217391305 0.002717391304347826 0.0020380434782608695
0 0.11073369565217392 0.5366847826086957 0.0020380434782608695 0.001358695652173913
0 0.109375 0.5414402173913043 0.0020380434782608695 0.0020380434782608695
0 0.11548913043478261 0.5414402173913043 0.002717391304347826 0.0020380434782608695
0 0.12092391304347826 0.5394021739130435 0.002717391304347826 0.001358695652173913
0 0.12567934782608695 0.5421195652173914 0.002717391304347826 0.001358695652173913
0 0.1297554347826087 0.5353260869565217 0.004755434782608696 0.0033967391304347825
0 0.14402173913043478 0.5394021739130435 0.004755434782608696 0.0033967391304347825
0 0.15557065217391305 0.5414402173913043 0.004755434782608696 0.0033967391304347825
0 0.16644021739130435 0.5407608695652174 0.001358695652173913 0.001358695652173913
0 0.17798913043478262 0.5360054347826086 0.001358695652173913 0.0006793478260869565
0 0.18206521739130435 0.5400815217391305 0.001358695652173913 0.001358695652173913
0 0.18817934782608695 0.5366847826086957 0.001358695652173913 0.001358695652173913
0 0.19633152173913043 0.5373641304347826 0.001358695652173913 0.001358695652173913
0 0.21263586956521738 0.5373641304347826 0.001358695652173913 0.0006793478260869565
0 0.21535326086956522 0.5346467391304348 0.0006793478260869565 0.001358695652173913
0 0.21807065217391305 0.5380434782608695 0.0006793478260869565 0.0006793478260869565
0 0.22554347826086957 0.5387228260869565 0.0006793478260869565 0.0006793478260869565
0 0.22758152173913043 0.5373641304347826 0.0006793478260869565 0.0006793478260869565
0 0.2391304347826087 0.5353260869565217 0.0006793478260869565 0.0006793478260869565
0 0.2418478260869565 0.5373641304347826 0.0006793478260869565 0.001358695652173913
0 0.24796195652173914 0.5373641304347826 0.001358695652173913 0.001358695652173913
0 0.2561141304347826 0.5387228260869565 0.0020380434782608695 0.001358695652173913
0 0.25883152173913043 0.5373641304347826 0.001358695652173913 0.001358695652173913
0 0.26154891304347827 0.5387228260869565 0.0020380434782608695 0.001358695652173913
0 0.266304347826087 0.53125 0.0006793478260869565 0.001358695652173913
0 0.266304347826087 0.5427989130434783 0.0020380434782608695 0.001358695652173913
0 0.27785326086956524 0.5366847826086957 0.001358695652173913 0.001358695652173913
0 0.280570652173913 0.5285326086956522 0.0006793478260869565 0.0006793478260869565
0 0.17255434782608695 0.6025815217391305 0.004755434782608696 0.002717391304347826
0 0.1671195652173913 0.6046195652173914 0.004755434782608696 0.0033967391304347825
0 0.16236413043478262 0.6019021739130435 0.0033967391304347825 0.0033967391304347825
0 0.1480978260869565 0.6019021739130435 0.0033967391304347825 0.002717391304347826
0 0.1514945652173913 0.6052989130434783 0.0033967391304347825 0.0033967391304347825
0 0.13926630434782608 0.6039402173913043 0.004755434782608696 0.002717391304347826
0 0.12567934782608695 0.5944293478260869 0.002717391304347826 0.0020380434782608695
0 0.13451086956521738 0.6039402173913043 0.0033967391304347825 0.002717391304347826
0 0.1331521739130435 0.609375 0.004755434782608696 0.0033967391304347825
0 0.12907608695652173 0.6052989130434783 0.004755434782608696 0.002717391304347826
0 0.12839673913043478 0.6032608695652174 0.004755434782608696 0.0033967391304347825
0 0.125 0.6066576086956522 0.0033967391304347825 0.0033967391304347825
0 0.11956521739130435 0.6046195652173914 0.0033967391304347825 0.002717391304347826
0 0.11277173913043478 0.6039402173913043 0.0033967391304347825 0.002717391304347826
0 0.11480978260869565 0.6073369565217391 0.004755434782608696 0.002717391304347826
0 0.1358695652173913 0.6134510869565217 0.005434782608695652 0.004076086956521739
0 0.13858695652173914 0.6141304347826086 0.005434782608695652 0.004076086956521739
0 0.14198369565217392 0.6182065217391305 0.005434782608695652 0.004076086956521739
0 0.14470108695652173 0.6195652173913043 0.005434782608695652 0.004076086956521739
0 0.15081521739130435 0.623641304347826 0.006114130434782609 0.004076086956521739
0 0.13858695652173914 0.6229619565217391 0.005434782608695652 0.004076086956521739
0 0.13722826086956522 0.6202445652173914 0.005434782608695652 0.004076086956521739
0 0.13043478260869565 0.6195652173913043 0.005434782608695652 0.004076086956521739
0 0.12907608695652173 0.6168478260869565 0.004755434782608696 0.0033967391304347825
0 0.14673913043478262 0.6277173913043478 0.006114130434782609 0.004076086956521739
0 0.14945652173913043 0.6338315217391305 0.006114130434782609 0.004755434782608696
0 0.13790760869565216 0.6311141304347826 0.006114130434782609 0.004755434782608696
0 0.140625 0.6358695652173914 0.006114130434782609 0.004755434782608696
0 0.16236413043478262 0.6317934782608695 0.006114130434782609 0.004076086956521739
0 0.16304347826086957 0.623641304347826 0.005434782608695652 0.004076086956521739
0 0.15896739130434784 0.6188858695652174 0.005434782608695652 0.004076086956521739
0 0.15217391304347827 0.6141304347826086 0.005434782608695652 0.0033967391304347825
0 0.15013586956521738 0.6114130434782609 0.004755434782608696 0.0033967391304347825
0 0.1610054347826087 0.6141304347826086 0.005434782608695652 0.004076086956521739
0 0.17119565217391305 0.6202445652173914 0.005434782608695652 0.004076086956521739
0 0.18682065217391305 0.626358695652174 0.006114130434782609 0.004755434782608696
0 0.1875 0.6311141304347826 0.006114130434782609 0.004755434782608696
0 0.18070652173913043 0.6304347826086957 0.006114130434782609 0.004755434782608696
0 0.19972826086956522 0.6358695652173914 0.006114130434782609 0.004755434782608696
0 0.20923913043478262 0.6331521739130435 0.005434782608695652 0.004755434782608696
0 0.2139945652173913 0.6358695652173914 0.006114130434782609 0.004755434782608696
0 0.20991847826086957 0.626358695652174 0.005434782608695652 0.004755434782608696
0 0.20516304347826086 0.623641304347826 0.005434782608695652 0.004755434782608696
0 0.19021739130434784 0.6229619565217391 0.005434782608695652 0.004076086956521739
0 0.1922554347826087 0.6175271739130435 0.005434782608695652 0.004076086956521739
0 0.18953804347826086 0.6127717391304348 0.005434782608695652 0.0033967391304347825
0 0.18342391304347827 0.6161684782608695 0.004755434782608696 0.0033967391304347825
0 0.18070652173913043 0.610733695652174 0.004755434782608696 0.0033967391304347825
0 0.18070652173913043 0.6039402173913043 0.004755434782608696 0.0033967391304347825
0 0.1922554347826087 0.6073369565217391 0.005434782608695652 0.0033967391304347825
0 0.19633152173913043 0.6114130434782609 0.005434782608695652 0.0033967391304347825
0 0.19972826086956522 0.6066576086956522 0.004755434782608696 0.0033967391304347825
0 0.20108695652173914 0.610733695652174 0.005434782608695652 0.0033967391304347825
0 0.20380434782608695 0.6086956521739131 0.005434782608695652 0.004076086956521739
0 0.20720108695652173 0.6141304347826086 0.004755434782608696 0.004076086956521739
0 0.20991847826086957 0.610733695652174 0.004755434782608696 0.0033967391304347825
0 0.21195652173913043 0.6175271739130435 0.005434782608695652 0.004076086956521739
0 0.21263586956521738 0.6141304347826086 0.004755434782608696 0.004076086956521739
0 0.21535326086956522 0.6202445652173914 0.005434782608695652 0.004076086956521739
0 0.21942934782608695 0.6175271739130435 0.005434782608695652 0.004076086956521739
0 0.21875 0.6256793478260869 0.005434782608695652 0.004076086956521739
0 0.22214673913043478 0.623641304347826 0.005434782608695652 0.004076086956521739
0 0.2262228260869565 0.6283967391304348 0.006114130434782609 0.004755434782608696
0 0.22758152173913043 0.626358695652174 0.006114130434782609 0.004076086956521739
0 0.22758152173913043 0.6304347826086957 0.005434782608695652 0.004755434782608696
0 0.23777173913043478 0.6290760869565217 0.006114130434782609 0.004076086956521739
0 0.23573369565217392 0.6311141304347826 0.005434782608695652 0.004076086956521739
0 0.25 0.6324728260869565 0.005434782608695652 0.004755434782608696
0 0.24660326086956522 0.6270380434782609 0.005434782608695652 0.004076086956521739
0 0.2391304347826087 0.6195652173913043 0.005434782608695652 0.004076086956521739
0 0.22758152173913043 0.6127717391304348 0.005434782608695652 0.0033967391304347825
0 0.24116847826086957 0.6141304347826086 0.005434782608695652 0.0033967391304347825
0 0.24456521739130435 0.6161684782608695 0.005434782608695652 0.004076086956521739
0 0.24796195652173914 0.6114130434782609 0.004755434782608696 0.0033967391304347825
0 0.25203804347826086 0.6182065217391305 0.005434782608695652 0.004076086956521739
0 0.2547554347826087 0.6161684782608695 0.005434782608695652 0.0033967391304347825
0 0.2595108695652174 0.6195652173913043 0.004755434782608696 0.0033967391304347825
0 0.2595108695652174 0.6222826086956522 0.005434782608695652 0.0033967391304347825
0 0.26290760869565216 0.6182065217391305 0.004755434782608696 0.0033967391304347825
0 0.2642663043478261 0.6222826086956522 0.004755434782608696 0.004076086956521739
0 0.26834239130434784 0.6161684782608695 0.0033967391304347825 0.002717391304347826
0 0.264945652173913 0.6114130434782609 0.0033967391304347825 0.0033967391304347825
0 0.27717391304347827 0.6188858695652174 0.004755434782608696 0.0033967391304347825
0 0.2798913043478261 0.6229619565217391 0.005434782608695652 0.004076086956521739
0 0.27309782608695654 0.6270380434782609 0.006114130434782609 0.004755434782608696
0 0.26766304347826086 0.6277173913043478 0.005434782608695652 0.004076086956521739
0 0.25339673913043476 0.6290760869565217 0.005434782608695652 0.004755434782608696
0 0.25679347826086957 0.6338315217391305 0.005434782608695652 0.004755434782608696
0 0.28464673913043476 0.6311141304347826 0.006114130434782609 0.004755434782608696
0 0.28532608695652173 0.625 0.005434782608695652 0.004076086956521739
0 0.2105978260869565 0.6399456521739131 0.006114130434782609 0.004755434782608696
0 0.20991847826086957 0.6433423913043478 0.006114130434782609 0.004755434782608696
0 0.1800271739130435 0.640625 0.006114130434782609 0.004755434782608696
0 0.21875 0.6589673913043478 0.007472826086956522 0.005434782608695652
0 0.18342391304347827 0.6596467391304348 0.008152173913043478 0.006114130434782609
0 0.17323369565217392 0.657608695652174 0.008152173913043478 0.006114130434782609
0 0.15760869565217392 0.6399456521739131 0.006114130434782609 0.004755434782608696
0 0.21195652173913043 0.6773097826086957 0.010190217391304348 0.007472826086956522
0 0.22010869565217392 0.6725543478260869 0.010190217391304348 0.007472826086956522
0 0.23165760869565216 0.6725543478260869 0.009510869565217392 0.007472826086956522
0 0.21467391304347827 0.686141304347826 0.01154891304347826 0.008831521739130434
0 0.24320652173913043 0.6501358695652174 0.007472826086956522 0.004755434782608696
0 0.22078804347826086 0.6433423913043478 0.006114130434782609 0.004755434782608696
0 0.21807065217391305 0.6433423913043478 0.006114130434782609 0.004755434782608696
0 0.27717391304347827 0.6399456521739131 0.006114130434782609 0.004755434782608696
0 0.28464673913043476 0.6521739130434783 0.007472826086956522 0.004755434782608696
0 0.2608695652173913 0.65625 0.007472826086956522 0.006114130434782609
0 0.26290760869565216 0.6657608695652174 0.008831521739130434 0.006793478260869565
0 0.266304347826087 0.6616847826086957 0.008152173913043478 0.006114130434782609
0 0.2798913043478261 0.673233695652174 0.009510869565217392 0.007472826086956522
0 0.2642663043478261 0.6895380434782609 0.01154891304347826 0.008831521739130434
0 0.05434782608695652 0.6127717391304348 0.004755434782608696 0.004076086956521739
0 0.05366847826086957 0.6073369565217391 0.004755434782608696 0.0033967391304347825
0 0.050271739130434784 0.6019021739130435 0.004755434782608696 0.0033967391304347825
0 0.050271739130434784 0.5971467391304348 0.0033967391304347825 0.002717391304347826
0 0.0625 0.5985054347826086 0.0033967391304347825 0.002717391304347826
0 0.0625 0.6019021739130435 0.0033967391304347825 0.002717391304347826
0 0.06521739130434782 0.6073369565217391 0.005434782608695652 0.0033967391304347825
0 0.06861413043478261 0.6127717391304348 0.005434782608695652 0.004076086956521739
0 0.08016304347826086 0.626358695652174 0.005434782608695652 0.004076086956521739
0 0.06521739130434782 0.6277173913043478 0.006114130434782609 0.004755434782608696
0 0.07065217391304347 0.6311141304347826 0.005434782608695652 0.004076086956521739
0 0.059782608695652176 0.6222826086956522 0.005434782608695652 0.004076086956521739
0 0.04619565217391304 0.6222826086956522 0.004755434782608696 0.004076086956521739
0 0.041440217391304345 0.6141304347826086 0.004755434782608696 0.0033967391304347825
0 0.04008152173913043 0.6100543478260869 0.0033967391304347825 0.0033967391304347825
0 0.041440217391304345 0.6066576086956522 0.004755434782608696 0.002717391304347826
0 0.036005434782608696 0.6032608695652174 0.0033967391304347825 0.002717391304347826
0 0.036684782608695655 0.6019021739130435 0.0033967391304347825 0.002717391304347826
0 0.029211956521739132 0.6141304347826086 0.005434782608695652 0.0033967391304347825
0 0.08355978260869565 0.6501358695652174 0.007472826086956522 0.004755434782608696
0 0.10190217391304347 0.6895380434782609 0.010190217391304348 0.007472826086956522
0 0.07336956521739131 0.6657608695652174 0.007472826086956522 0.005434782608695652
0 0.13994565217391305 0.6868206521739131 0.010869565217391304 0.007472826086956522
0 0.11956521739130435 0.6677989130434783 0.008831521739130434 0.006793478260869565
0 0.09850543478260869 0.641983695652174 0.006114130434782609 0.004755434782608696
0 0.2866847826086957 0.34035326086956524 0.008831521739130434 0.006114130434782609
0 0.2826086956521739 0.3376358695652174 0.008152173913043478 0.006114130434782609
0 0.29415760869565216 0.33559782608695654 0.008831521739130434 0.006793478260869565
0 0.2982336956521739 0.33695652173913043 0.008831521739130434 0.006793478260869565
0 0.30027173913043476 0.33491847826086957 0.008831521739130434 0.006114130434782609
0 0.30570652173913043 0.33627717391304346 0.008152173913043478 0.006793478260869565
0 0.3111413043478261 0.33559782608695654 0.008831521739130434 0.006114130434782609
0 0.3138586956521739 0.3389945652173913 0.008831521739130434 0.006793478260869565
0 0.31657608695652173 0.33491847826086957 0.008831521739130434 0.006793478260869565
0 0.3226902173913043 0.33084239130434784 0.008831521739130434 0.006793478260869565
0 0.327445652173913 0.33559782608695654 0.008152173913043478 0.006793478260869565
0 0.33152173913043476 0.3335597826086957 0.008831521739130434 0.006793478260869565
0 0.34035326086956524 0.3342391304347826 0.008831521739130434 0.006114130434782609
0 0.34103260869565216 0.328125 0.008831521739130434 0.006114130434782609
0 0.34578804347826086 0.327445652173913 0.010190217391304348 0.007472826086956522
0 0.33016304347826086 0.3376358695652174 0.008831521739130434 0.006793478260869565
0 0.35258152173913043 0.327445652173913 0.010190217391304348 0.007472826086956522
0 0.358695652173913 0.32540760869565216 0.009510869565217392 0.007472826086956522
0 0.3648097826086957 0.327445652173913 0.009510869565217392 0.007472826086956522
0 0.30366847826086957 0.41915760869565216 0.010190217391304348 0.007472826086956522
0 0.3077445652173913 0.422554347826087 0.009510869565217392 0.007472826086956522
0 0.311820652173913 0.41779891304347827 0.008831521739130434 0.006114130434782609
0 0.31453804347826086 0.422554347826087 0.008831521739130434 0.006793478260869565
0 0.29483695652173914 0.42595108695652173 0.009510869565217392 0.007472826086956522
0 0.280570652173913 0.4008152173913043 0.010190217391304348 0.007472826086956522
0 0.28532608695652173 0.405570652173913 0.010190217391304348 0.007472826086956522
0 0.30842391304347827 0.3919836956521739 0.008152173913043478 0.006114130434782609
0 0.33152173913043476 0.38722826086956524 0.008152173913043478 0.005434782608695652
0 0.344429347826087 0.38383152173913043 0.008152173913043478 0.006114130434782609
0 0.3383152173913043 0.4123641304347826 0.008152173913043478 0.006793478260869565
0 0.3423913043478261 0.4123641304347826 0.008152173913043478 0.006793478260869565
0 0.35054347826086957 0.41372282608695654 0.008831521739130434 0.006793478260869565
0 0.36209239130434784 0.40285326086956524 0.008831521739130434 0.006793478260869565
0 0.3641304347826087 0.40964673913043476 0.008831521739130434 0.006793478260869565
0 0.3688858695652174 0.39809782608695654 0.008831521739130434 0.006793478260869565
0 0.375679347826087 0.405570652173913 0.008152173913043478 0.006114130434782609
0 0.296195652173913 0.47554347826086957 0.010869565217391304 0.007472826086956522
0 0.30366847826086957 0.4789402173913043 0.009510869565217392 0.007472826086956522
0 0.3070652173913043 0.47282608695652173 0.009510869565217392 0.007472826086956522
0 0.31657608695652173 0.47282608695652173 0.009510869565217392 0.007472826086956522
0 0.33084239130434784 0.47078804347826086 0.010190217391304348 0.007472826086956522
0 0.34171195652173914 0.47146739130434784 0.009510869565217392 0.007472826086956522
0 0.34578804347826086 0.46671195652173914 0.009510869565217392 0.007472826086956522
0 0.35190217391304346 0.4701086956521739 0.009510869565217392 0.007472826086956522
0 0.3641304347826087 0.46603260869565216 0.009510869565217392 0.007472826086956522
0 0.3736413043478261 0.468070652173913 0.009510869565217392 0.007472826086956522
0 0.37703804347826086 0.4633152173913043 0.008831521739130434 0.007472826086956522
0 0.374320652173913 0.46059782608695654 0.009510869565217392 0.007472826086956522
0 0.3811141304347826 0.46195652173913043 0.009510869565217392 0.007472826086956522
0 0.3892663043478261 0.4585597826086957 0.009510869565217392 0.006793478260869565
0 0.3953804347826087 0.45991847826086957 0.009510869565217392 0.007472826086956522
0 0.29279891304347827 0.5339673913043478 0.006793478260869565 0.004755434782608696
0 0.3016304347826087 0.5373641304347826 0.006793478260869565 0.004755434782608696
0 0.30842391304347827 0.5305706521739131 0.007472826086956522 0.004755434782608696
0 0.3186141304347826 0.5332880434782609 0.008152173913043478 0.006114130434782609
0 0.32133152173913043 0.5319293478260869 0.008831521739130434 0.006793478260869565
0 0.3267663043478261 0.532608695652174 0.008152173913043478 0.006114130434782609
0 0.327445652173913 0.5366847826086957 0.008152173913043478 0.006114130434782609
0 0.3389945652173913 0.5319293478260869 0.009510869565217392 0.007472826086956522
0 0.34782608695652173 0.5285326086956522 0.009510869565217392 0.007472826086956522
0 0.35190217391304346 0.53125 0.008831521739130434 0.007472826086956522
0 0.36752717391304346 0.5271739130434783 0.009510869565217392 0.007472826086956522
0 0.3702445652173913 0.5319293478260869 0.009510869565217392 0.006793478260869565
0 0.3736413043478261 0.5285326086956522 0.009510869565217392 0.007472826086956522
0 0.3804347826086957 0.5271739130434783 0.009510869565217392 0.007472826086956522
0 0.3845108695652174 0.5332880434782609 0.009510869565217392 0.007472826086956522
0 0.391304347826087 0.53125 0.009510869565217392 0.007472826086956522
0 0.39809782608695654 0.5251358695652174 0.010190217391304348 0.007472826086956522
0 0.4048913043478261 0.5251358695652174 0.010869565217391304 0.008152173913043478
0 0.40896739130434784 0.5292119565217391 0.010190217391304348 0.007472826086956522
0 0.2921195652173913 0.6338315217391305 0.005434782608695652 0.004076086956521739
0 0.296875 0.6270380434782609 0.005434782608695652 0.0033967391304347825
0 0.30910326086956524 0.6304347826086957 0.005434782608695652 0.004076086956521739
0 0.297554347826087 0.6514945652173914 0.006793478260869565 0.004755434782608696
0 0.30366847826086957 0.65625 0.007472826086956522 0.005434782608695652
0 0.30027173913043476 0.6596467391304348 0.008152173913043478 0.006114130434782609
0 0.31521739130434784 0.6644021739130435 0.008152173913043478 0.006114130434782609
0 0.31521739130434784 0.6521739130434783 0.006793478260869565 0.004755434782608696
0 0.33559782608695654 0.641983695652174 0.006114130434782609 0.004755434782608696
0 0.3498641304347826 0.6494565217391305 0.006793478260869565 0.004755434782608696
0 0.3498641304347826 0.641983695652174 0.006793478260869565 0.004755434782608696
0 0.33491847826086957 0.6528532608695652 0.007472826086956522 0.005434782608695652
0 0.3383152173913043 0.6671195652173914 0.008831521739130434 0.006114130434782609
0 0.35597826086956524 0.6528532608695652 0.007472826086956522 0.005434782608695652
0 0.3695652173913043 0.6494565217391305 0.007472826086956522 0.004755434782608696
0 0.36345108695652173 0.657608695652174 0.008152173913043478 0.005434782608695652
0 0.3491847826086957 0.6637228260869565 0.007472826086956522 0.006114130434782609
0 0.34782608695652173 0.6752717391304348 0.008831521739130434 0.006793478260869565
0 0.374320652173913 0.6725543478260869 0.009510869565217392 0.007472826086956522
0 0.38247282608695654 0.6528532608695652 0.006114130434782609 0.004755434782608696
0 0.39470108695652173 0.6623641304347826 0.008152173913043478 0.006114130434782609
0 0.39470108695652173 0.6766304347826086 0.010190217391304348 0.007472826086956522
0 0.46467391304347827 0.3648097826086957 0.010869565217391304 0.008152173913043478
0 0.4789402173913043 0.3702445652173913 0.010869565217391304 0.008152173913043478
0 0.4945652173913043 0.36141304347826086 0.015625 0.01154891304347826
0 0.4361413043478261 0.38247282608695654 0.010190217391304348 0.007472826086956522
0 0.422554347826087 0.3851902173913043 0.009510869565217392 0.006793478260869565
0 0.41304347826086957 0.38858695652173914 0.009510869565217392 0.006793478260869565
0 0.40625 0.39402173913043476 0.008831521739130434 0.006793478260869565
0 0.41915760869565216 0.452445652173913 0.008831521739130434 0.007472826086956522
0 0.42527173913043476 0.453125 0.009510869565217392 0.006793478260869565
0 0.438179347826087 0.45108695652173914 0.009510869565217392 0.007472826086956522
0 0.46535326086956524 0.44633152173913043 0.009510869565217392 0.006793478260869565
0 0.47690217391304346 0.44089673913043476 0.008831521739130434 0.006793478260869565
0 0.5129076086956522 0.43478260869565216 0.009510869565217392 0.007472826086956522
0 0.5285326086956522 0.43002717391304346 0.009510869565217392 0.007472826086956522
0 0.44089673913043476 0.5285326086956522 0.010869565217391304 0.008152173913043478
0 0.46875 0.5305706521739131 0.010869565217391304 0.007472826086956522
0 0.5088315217391305 0.5251358695652174 0.010190217391304348 0.007472826086956522
0 0.515625 0.5176630434782609 0.01154891304347826 0.008831521739130434
0 0.422554347826087 0.6739130434782609 0.010869565217391304 0.007472826086956522
0 0.41372282608695654 0.6650815217391305 0.008831521739130434 0.006793478260869565
0 0.421195652173913 0.6800271739130435 0.010869565217391304 0.008152173913043478
0 0.44565217391304346 0.6793478260869565 0.010869565217391304 0.008831521739130434
0 0.46127717391304346 0.6752717391304348 0.010869565217391304 0.007472826086956522
0 0.5577445652173914 0.42391304347826086 0.010869565217391304 0.008152173913043478
0 0.5733695652173914 0.4205163043478261 0.010869565217391304 0.008152173913043478
0 0.5434782608695652 0.5135869565217391 0.01154891304347826 0.008831521739130434
0 0.5495923913043478 0.5176630434782609 0.01154891304347826 0.008831521739130434
0 0.5896739130434783 0.5101902173913043 0.012907608695652174 0.008831521739130434
0 0.609375 0.5135869565217391 0.01154891304347826 0.008831521739130434
0 0.6494565217391305 0.5244565217391305 0.012907608695652174 0.009510869565217392
0 0.7506793478260869 0.37907608695652173 0.01358695652173913 0.009510869565217392
0 0.7832880434782609 0.49660326086956524 0.014266304347826086 0.010869565217391304
0 0.7398097826086957 0.499320652173913 0.014945652173913044 0.01154891304347826
0 0.8226902173913043 0.49660326086956524 0.014266304347826086 0.010869565217391304
0 0.6841032608695652 0.5027173913043478 0.014945652173913044 0.010869565217391304
0 0.7072010869565217 0.5088315217391305 0.014266304347826086 0.010190217391304348
0 0.6902173913043478 0.39402173913043476 0.01358695652173913 0.010190217391304348