0 0.30095108695652173 0.43478260869565216 0.06861413043478261 0.029891304347826088
0 0.20991847826086957 0.45108695652173914 0.04076086956521739 0.02309782608695652
0 0.11548913043478261 0.40896739130434784 0.044157608695652176 0.014945652173913044
0 0.02717391304347826 0.4483695652173913 0.05366847826086957 0.036005434782608696
0 0.453125 0.37092391304347827 0.017663043478260868 0.010190217391304348
0 0.515625 0.3702445652173913 0.014945652173913044 0.009510869565217392
0 0.5713315217391305 0.374320652173913 0.025815217391304348 0.012228260869565218
0 0.5563858695652174 0.374320652173913 0.017663043478260868 0.009510869565217392
0 0.6433423913043478 0.37296195652173914 0.021059782608695652 0.010869565217391304
0 0.6256793478260869 0.3688858695652174 0.018342391304347828 0.008831521739130434
0 0.6623641304347826 0.37092391304347827 0.017663043478260868 0.008831521739130434
0 0.7180706521739131 0.3607336956521739 0.024456521739130436 0.012907608695652174
0 0.5869565217391305 0.4014945652173913 0.03804347826086957 0.01358695652173913
0 0.5509510869565217 0.4001358695652174 0.02377717391304348 0.010869565217391304
0 0.9877717391304348 0.43070652173913043 0.024456521739130436 0.043478260869565216
0 0.7391304347826086 0.39266304347826086 0.020380434782608696 0.014945652173913044
0 0.6603260869565217 0.39945652173913043 0.024456521739130436 0.010869565217391304
0 0.9680706521739131 0.3919836956521739 0.028532608695652172 0.014266304347826086
0 0.9082880434782609 0.37160326086956524 0.017663043478260868 0.008152173913043478
0 0.9966032608695652 0.38654891304347827 0.006793478260869565 0.009510869565217392
0 0.44089673913043476 0.406929347826087 0.03328804347826087 0.015625
0 0.48641304347826086 0.44021739130434784 0.04076086956521739 0.014945652173913044
0 0.405570652173913 0.436820652173913 0.05434782608695652 0.020380434782608696
0 0.09986413043478261 0.37296195652173914 0.018342391304347828 0.006793478260869565
0 0.20923913043478262 0.3736413043478261 0.019021739130434784 0.007472826086956522
0 0.20108695652173914 0.406929347826087 0.042119565217391304 0.016304347826086956
0 0.06453804347826086 0.4388586956521739 0.058423913043478264 0.021739130434782608
0 0.33084239130434784 0.37160326086956524 0.009510869565217392 0.0033967391304347825
0 0.3851902173913043 0.3736413043478261 0.012907608695652174 0.004755434782608696
0 0.5889945652173914 0.3702445652173913 0.021739130434782608 0.008152173913043478
0 0.6786684782608695 0.3695652173913043 0.025135869565217392 0.008831521739130434
0 0.6990489130434783 0.39945652173913043 0.030570652173913044 0.01154891304347826
0 0.6277173913043478 0.3967391304347826 0.029211956521739132 0.010869565217391304
0 0.8029891304347826 0.44565217391304346 0.09035326086956522 0.033967391304347824
0 0.9341032608695652 0.4544836956521739 0.09918478260869565 0.03736413043478261
0 0.8675271739130435 0.4123641304347826 0.06793478260869565 0.025135869565217392
0 0.8057065217391305 0.405570652173913 0.029211956521739132 0.010869565217391304
0 0.78125 0.3892663043478261 0.02717391304347826 0.010190217391304348
0 0.90625 0.391304347826087 0.051630434782608696 0.01970108695652174
0 0.8722826086956522 0.3919836956521739 0.046875 0.017663043478260868
0 0.8532608695652174 0.3648097826086957 0.022418478260869564 0.008152173913043478
0 0.8790760869565217 0.3688858695652174 0.02377717391304348 0.008831521739130434
0 0.9442934782608695 0.36684782608695654 0.021059782608695652 0.008152173913043478
0 0.9375 0.36752717391304346 0.021739130434782608 0.008152173913043478
0 0.9680706521739131 0.3688858695652174 0.016304347826086956 0.006114130434782609
0 0.9925271739130435 0.3695652173913043 0.014945652173913044 0.006793478260869565
0 0.6114130434782609 0.375 0.024456521739130436 0.008831521739130434
0 0.5645380434782609 0.375679347826087 0.02377717391304348 0.008831521739130434
0 0.3220108695652174 0.4076086956521739 0.04076086956521739 0.015625
0 0.08695652173913043 0.38722826086956524 0.03192934782608696 0.012228260869565218