0 0.23505434782608695 0.7418478260869565 0.07472826086956522 0.08220108695652174
0 0.6331521739130435 0.48029891304347827 0.050951086956521736 0.06657608695652174
0 0.9123641304347826 0.6929347826086957 0.07269021739130435 0.10461956521739131
0 0.8756793478260869 0.47554347826086957 0.035326086956521736 0.04619565217391304
0 0.7296195652173914 0.39266304347826086 0.043478260869565216 0.049592391304347824
0 0.7866847826086957 0.33559782608695654 0.025815217391304348 0.03125
0 0.7235054347826086 0.3125 0.016983695652173912 0.025135869565217392
0 0.6433423913043478 0.31453804347826086 0.019021739130434784 0.02309782608695652
0 0.5115489130434783 0.26290760869565216 0.008152173913043478 0.014266304347826086
0 0.9341032608695652 0.26834239130434784 0.014266304347826086 0.015625
0 0.8355978260869565 0.280570652173913 0.014266304347826086 0.015625
0 0.7751358695652174 0.26222826086956524 0.009510869565217392 0.01154891304347826
0 0.07608695652173914 0.29279891304347827 0.016983695652173912 0.024456521739130436
0 0.1480978260869565 0.27853260869565216 0.01154891304347826 0.015625
0 0.059103260869565216 0.26290760869565216 0.012907608695652174 0.01970108695652174
0 0.01154891304347826 0.2561141304347826 0.01358695652173913 0.014945652173913044
0 0.035326086956521736 0.24932065217391305 0.01358695652173913 0.016304347826086956
0 0.058423913043478264 0.25203804347826086 0.010869565217391304 0.014266304347826086
0 0.08084239130434782 0.25407608695652173 0.009510869565217392 0.014945652173913044
0 0.10529891304347826 0.2391304347826087 0.012228260869565218 0.015625
0 0.12092391304347826 0.2418478260869565 0.008831521739130434 0.012228260869565218
0 0.13179347826086957 0.25339673913043476 0.009510869565217392 0.012228260869565218
0 0.1766304347826087 0.24592391304347827 0.01154891304347826 0.014266304347826086
0 0.20720108695652173 0.24728260869565216 0.009510869565217392 0.012228260869565218
0 0.22554347826086957 0.24592391304347827 0.008831521739130434 0.010190217391304348
0 0.23980978260869565 0.23845108695652173 0.008831521739130434 0.01154891304347826
0 0.2764945652173913 0.296195652173913 0.008152173913043478 0.010869565217391304
0 0.2751358695652174 0.24932065217391305 0.009510869565217392 0.01154891304347826
0 0.37703804347826086 0.266304347826087 0.01154891304347826 0.01358695652173913
0 0.4014945652173913 0.26970108695652173 0.012228260869565218 0.014945652173913044
0 0.374320652173913 0.33695652173913043 0.025135869565217392 0.029891304347826088
0 0.3845108695652174 0.24388586956521738 0.008831521739130434 0.01154891304347826
0 0.3967391304347826 0.2418478260869565 0.009510869565217392 0.010190217391304348
0 0.46535326086956524 0.24592391304347827 0.009510869565217392 0.01154891304347826
0 0.453804347826087 0.25 0.007472826086956522 0.009510869565217392
0 0.6514945652173914 0.25679347826086957 0.009510869565217392 0.012228260869565218
0 0.6820652173913043 0.25271739130434784 0.010190217391304348 0.012907608695652174
0 0.7323369565217391 0.24796195652173914 0.008152173913043478 0.010190217391304348
0 0.8389945652173914 0.24388586956521738 0.006793478260869565 0.008831521739130434
0 0.891983695652174 0.2601902173913043 0.009510869565217392 0.01154891304347826
0 0.8756793478260869 0.250679347826087 0.006793478260869565 0.008152173913043478
0 0.9307065217391305 0.2595108695652174 0.010869565217391304 0.012228260869565218
0 0.985733695652174 0.25815217391304346 0.010190217391304348 0.01154891304347826
0 0.0006793478260869565 0.24728260869565216 0.001358695652173913 0.01358695652173913
0 0.022418478260869564 0.22554347826086957 0.010190217391304348 0.012907608695652174
0 0.028532608695652172 0.20991847826086957 0.005434782608695652 0.007472826086956522
0 0.07133152173913043 0.21331521739130435 0.004755434782608696 0.006793478260869565
0 0.078125 0.21331521739130435 0.005434782608695652 0.006793478260869565
0 0.07540760869565218 0.2262228260869565 0.007472826086956522 0.010190217391304348
0 0.08491847826086957 0.22826086956521738 0.008831521739130434 0.01154891304347826
0 0.10054347826086957 0.21331521739130435 0.005434782608695652 0.006114130434782609
0 0.11209239130434782 0.2235054347826087 0.008831521739130434 0.010190217391304348
0 0.14198369565217392 0.2296195652173913 0.009510869565217392 0.012228260869565218
0 0.1827445652173913 0.22486413043478262 0.006793478260869565 0.008831521739130434
0 0.19157608695652173 0.20855978260869565 0.005434782608695652 0.006793478260869565
0 0.1922554347826087 0.22282608695652173 0.007472826086956522 0.008831521739130434
0 0.21467391304347827 0.21331521739130435 0.006114130434782609 0.006793478260869565
0 0.23029891304347827 0.21807065217391305 0.006114130434782609 0.008152173913043478
0 0.19701086956521738 0.23777173913043478 0.009510869565217392 0.010869565217391304
0 0.28125 0.22146739130434784 0.004076086956521739 0.005434782608695652
0 0.27921195652173914 0.20991847826086957 0.0033967391304347825 0.004755434782608696
0 0.29279891304347827 0.23029891304347827 0.006793478260869565 0.008831521739130434
0 0.34578804347826086 0.20991847826086957 0.0033967391304347825 0.004755434782608696
0 0.360054347826087 0.20991847826086957 0.004076086956521739 0.004755434782608696
0 0.37703804347826086 0.21263586956521738 0.004076086956521739 0.005434782608695652
0 0.38654891304347827 0.21195652173913043 0.004076086956521739 0.005434782608695652
0 0.39741847826086957 0.21875 0.004076086956521739 0.006114130434782609
0 0.422554347826087 0.21331521739130435 0.004755434782608696 0.006114130434782609
0 0.4904891304347826 0.23573369565217392 0.006114130434782609 0.008831521739130434
0 0.6501358695652174 0.24116847826086957 0.005434782608695652 0.006793478260869565
0 0.7248641304347826 0.2425271739130435 0.006114130434782609 0.008152173913043478
0 0.7588315217391305 0.24320652173913043 0.006793478260869565 0.008831521739130434
0 0.9483695652173914 0.23301630434782608 0.004755434782608696 0.006114130434782609
0 0.11752717391304347 0.42459239130434784 0.029211956521739132 0.028532608695652172
0 0.2105978260869565 0.452445652173913 0.036005434782608696 0.036005434782608696
0 0.1875 0.9680706521739131 0.09510869565217392 0.06385869565217392
0 0.9368206521739131 0.36209239130434784 0.029211956521739132 0.029211956521739132
0 0.9069293478260869 0.35733695652173914 0.028532608695652172 0.028532608695652172
0 0.7296195652173914 0.34375 0.03328804347826087 0.033967391304347824
0 0.7472826086956522 0.34782608695652173 0.033967391304347824 0.033967391304347824
0 0.609375 0.3267663043478261 0.03192934782608696 0.03125
0 0.5319293478260869 0.296195652173913 0.018342391304347828 0.018342391304347828
0 0.5855978260869565 0.2764945652173913 0.014945652173913044 0.014945652173913044
0 0.9721467391304348 0.30027173913043476 0.017663043478260868 0.017663043478260868
0 0.8152173913043478 0.2758152173913043 0.016304347826086956 0.016304347826086956
0 0.9918478260869565 0.2764945652173913 0.014945652173913044 0.014266304347826086
0 0.08627717391304347 0.3335597826086957 0.021739130434782608 0.021739130434782608
0 0.050271739130434784 0.29008152173913043 0.019021739130434784 0.019021739130434784
0 0.11073369565217392 0.2717391304347826 0.014945652173913044 0.014945652173913044
0 0.07608695652173914 0.24388586956521738 0.012228260869565218 0.012228260869565218
0 0.14470108695652173 0.2418478260869565 0.010869565217391304 0.010869565217391304
0 0.15421195652173914 0.24456521739130435 0.010869565217391304 0.010869565217391304
0 0.1949728260869565 0.250679347826087 0.01154891304347826 0.01154891304347826
0 0.2907608695652174 0.25 0.008831521739130434 0.008831521739130434
0 0.35054347826086957 0.2561141304347826 0.01154891304347826 0.01154891304347826
0 0.4470108695652174 0.26222826086956524 0.01154891304347826 0.01154891304347826
0 0.484375 0.2710597826086957 0.012907608695652174 0.012907608695652174
0 0.7051630434782609 0.2513586956521739 0.009510869565217392 0.009510869565217392
0 0.6942934782608695 0.25 0.008831521739130434 0.009510869565217392
0 0.6834239130434783 0.2425271739130435 0.006793478260869565 0.006793478260869565
0 0.8179347826086957 0.24932065217391305 0.008152173913043478 0.008831521739130434
0 0.8573369565217391 0.2425271739130435 0.006793478260869565 0.006793478260869565
0 0.8641304347826086 0.25747282608695654 0.010869565217391304 0.010869565217391304
0 0.876358695652174 0.25883152173913043 0.010869565217391304 0.010869565217391304
0 0.9483695652173914 0.2601902173913043 0.01154891304347826 0.01154891304347826
0 0.9375 0.2561141304347826 0.010190217391304348 0.010869565217391304
0 0.9864130434782609 0.2418478260869565 0.006793478260869565 0.006793478260869565
0 0.22282608695652173 0.11888586956521739 0.006114130434782609 0.006114130434782609
0 0.20380434782608695 0.11820652173913043 0.006114130434782609 0.006114130434782609
0 0.15964673913043478 0.11684782608695653 0.006114130434782609 0.006114130434782609
0 0.15217391304347827 0.11820652173913043 0.012228260869565218 0.012228260869565218
0 0.11413043478260869 0.11752717391304347 0.010869565217391304 0.010869565217391304
0 0.0020380434782608695 0.20720108695652173 0.004076086956521739 0.006793478260869565
0 0.008831521739130434 0.1827445652173913 0.001358695652173913 0.001358695652173913
0 0.012907608695652174 0.18682065217391305 0.0033967391304347825 0.0033967391304347825
0 0.018342391304347828 0.18138586956521738 0.006114130434782609 0.006793478260869565
0 0.008152173913043478 0.19157608695652173 0.004755434782608696 0.004755434782608696
0 0.0020380434782608695 0.1922554347826087 0.0033967391304347825 0.005434782608695652
0 0.008831521739130434 0.1983695652173913 0.004076086956521739 0.004076086956521739
0 0.004076086956521739 0.19701086956521738 0.004755434782608696 0.004755434782608696
0 0.021739130434782608 0.1983695652173913 0.0033967391304347825 0.0033967391304347825
0 0.025815217391304348 0.1956521739130435 0.006114130434782609 0.006793478260869565
0 0.020380434782608696 0.18885869565217392 0.006114130434782609 0.006793478260869565
0 0.019021739130434784 0.20244565217391305 0.0020380434782608695 0.0020380434782608695
0 0.033967391304347824 0.20040760869565216 0.006114130434782609 0.006793478260869565
0 0.04483695652173913 0.20923913043478262 0.005434782608695652 0.004755434782608696
0 0.04551630434782609 0.19429347826086957 0.007472826086956522 0.008152173913043478
0 0.049592391304347824 0.19157608695652173 0.008152173913043478 0.008152173913043478
0 0.05638586956521739 0.19972826086956522 0.0006793478260869565 0.0006793478260869565
0 0.052309782608695655 0.20720108695652173 0.004755434782608696 0.004755434782608696
0 0.059103260869565216 0.20516304347826086 0.004755434782608696 0.004076086956521739
0 0.0625 0.19157608695652173 0.008831521739130434 0.008831521739130434
0 0.06385869565217392 0.21263586956521738 0.006114130434782609 0.006114130434782609
0 0.07336956521739131 0.20108695652173914 0.002717391304347826 0.002717391304347826
0 0.08152173913043478 0.19904891304347827 0.006793478260869565 0.006793478260869565
0 0.08763586956521739 0.203125 0.006793478260869565 0.006793478260869565
0 0.08288043478260869 0.2105978260869565 0.005434782608695652 0.005434782608695652
0 0.08967391304347826 0.22758152173913043 0.009510869565217392 0.009510869565217392
0 0.09307065217391304 0.22282608695652173 0.008831521739130434 0.008831521739130434
0 0.09239130434782608 0.21331521739130435 0.006114130434782609 0.006114130434782609
0 0.09782608695652174 0.20176630434782608 0.005434782608695652 0.005434782608695652
0 0.10394021739130435 0.203125 0.005434782608695652 0.005434782608695652
0 0.09986413043478261 0.20108695652173914 0.005434782608695652 0.005434782608695652
0 0.09239130434782608 0.20108695652173914 0.006793478260869565 0.006793478260869565
0 0.11005434782608696 0.20855978260869565 0.004076086956521739 0.004076086956521739
0 0.11277173913043478 0.21535326086956522 0.006793478260869565 0.006793478260869565
0 0.13043478260869565 0.2078804347826087 0.006114130434782609 0.006114130434782609
0 0.1487771739130435 0.22554347826086957 0.008831521739130434 0.008831521739130434
0 0.15217391304347827 0.20923913043478262 0.006793478260869565 0.006793478260869565
0 0.16032608695652173 0.20923913043478262 0.004755434782608696 0.004755434782608696
0 0.1671195652173913 0.20923913043478262 0.004755434782608696 0.004755434782608696
0 0.1766304347826087 0.22554347826086957 0.008831521739130434 0.008831521739130434
0 0.17798913043478262 0.21263586956521738 0.006114130434782609 0.006114130434782609
0 0.17866847826086957 0.20176630434782608 0.002717391304347826 0.002717391304347826
0 0.20516304347826086 0.2078804347826087 0.005434782608695652 0.005434782608695652
0 0.20380434782608695 0.20244565217391305 0.004755434782608696 0.004076086956521739
0 0.21671195652173914 0.20652173913043478 0.005434782608695652 0.005434782608695652
0 0.21942934782608695 0.21671195652173914 0.006793478260869565 0.006793478260869565
0 0.22554347826086957 0.2078804347826087 0.005434782608695652 0.006114130434782609
0 0.23505434782608695 0.203125 0.0033967391304347825 0.0033967391304347825
0 0.250679347826087 0.20516304347826086 0.002717391304347826 0.002717391304347826
0 0.25679347826086957 0.20991847826086957 0.004076086956521739 0.004076086956521739
0 0.2595108695652174 0.20652173913043478 0.002717391304347826 0.002717391304347826
0 0.26358695652173914 0.20652173913043478 0.002717391304347826 0.002717391304347826
0 0.26766304347826086 0.20652173913043478 0.002717391304347826 0.002717391304347826
0 0.26834239130434784 0.2112771739130435 0.004755434782608696 0.004076086956521739
0 0.2717391304347826 0.20991847826086957 0.004076086956521739 0.004076086956521739
0 0.2860054347826087 0.21195652173913043 0.004076086956521739 0.004755434782608696
0 0.29891304347826086 0.2078804347826087 0.002717391304347826 0.002717391304347826
0 0.3029891304347826 0.2078804347826087 0.002717391304347826 0.002717391304347826
0 0.27241847826086957 0.22758152173913043 0.007472826086956522 0.007472826086956522
0 0.27445652173913043 0.23505434782608695 0.008152173913043478 0.008152173913043478
0 0.265625 0.22826086956521738 0.008152173913043478 0.008152173913043478
0 0.3220108695652174 0.21807065217391305 0.005434782608695652 0.005434782608695652
0 0.30910326086956524 0.22010869565217392 0.006114130434782609 0.006114130434782609
0 0.32404891304347827 0.2078804347826087 0.002717391304347826 0.002717391304347826
0 0.32608695652173914 0.20991847826086957 0.0033967391304347825 0.0033967391304347825
0 0.33491847826086957 0.20720108695652173 0.002717391304347826 0.002717391304347826
0 0.33559782608695654 0.22010869565217392 0.006114130434782609 0.006114130434782609
0 0.3451086956521739 0.22146739130434784 0.006793478260869565 0.006114130434782609
0 0.3389945652173913 0.21671195652173914 0.005434782608695652 0.005434782608695652
0 0.343070652173913 0.21263586956521738 0.004755434782608696 0.004755434782608696
0 0.3532608695652174 0.21195652173913043 0.004755434782608696 0.004755434782608696
0 0.3797554347826087 0.22146739130434784 0.006793478260869565 0.006793478260869565
0 0.390625 0.20991847826086957 0.004076086956521739 0.004076086956521739
0 0.38790760869565216 0.21875 0.006114130434782609 0.006114130434782609
0 0.37839673913043476 0.23709239130434784 0.008831521739130434 0.008831521739130434
0 0.4076086956521739 0.2139945652173913 0.004755434782608696 0.004755434782608696
0 0.4048913043478261 0.2105978260869565 0.0033967391304347825 0.004076086956521739
0 0.40828804347826086 0.20855978260869565 0.002717391304347826 0.002717391304347826
0 0.41915760869565216 0.20991847826086957 0.004076086956521739 0.004076086956521739
0 0.41779891304347827 0.21739130434782608 0.005434782608695652 0.005434782608695652
0 0.43342391304347827 0.21331521739130435 0.004755434782608696 0.004755434782608696
0 0.436820652173913 0.2139945652173913 0.004755434782608696 0.004755434782608696
0 0.44021739130434784 0.21263586956521738 0.004755434782608696 0.004755434782608696
0 0.452445652173913 0.2235054347826087 0.006793478260869565 0.006793478260869565
0 0.4483695652173913 0.22214673913043478 0.006114130434782609 0.006114130434782609
0 0.45991847826086957 0.21467391304347827 0.004755434782608696 0.004755434782608696
0 0.4639945652173913 0.20176630434782608 0.0006793478260869565 0.0006793478260869565
0 0.47214673913043476 0.203125 0.0020380434782608695 0.0020380434782608695
0 0.47690217391304346 0.203125 0.0020380434782608695 0.0020380434782608695
0 0.4701086956521739 0.2105978260869565 0.004755434782608696 0.004076086956521739
0 0.48233695652173914 0.21603260869565216 0.004755434782608696 0.005434782608695652
0 0.4938858695652174 0.21467391304347827 0.004076086956521739 0.004755434782608696
0 0.49728260869565216 0.21875 0.004755434782608696 0.004755434782608696
0 0.5027173913043478 0.21535326086956522 0.004755434782608696 0.004076086956521739
0 0.5108695652173914 0.21535326086956522 0.004755434782608696 0.004755434782608696
0 0.5237771739130435 0.22894021739130435 0.006793478260869565 0.006793478260869565
0 0.5203804347826086 0.22554347826086957 0.006793478260869565 0.006793478260869565
0 0.5108695652173914 0.2425271739130435 0.008831521739130434 0.009510869565217392
0 0.5040760869565217 0.26290760869565216 0.01154891304347826 0.01154891304347826
0 0.5366847826086957 0.22078804347826086 0.005434782608695652 0.005434782608695652
0 0.5427989130434783 0.2262228260869565 0.0020380434782608695 0.0020380434782608695
0 0.5285326086956522 0.22554347826086957 0.006793478260869565 0.006114130434782609
0 0.5591032608695652 0.22758152173913043 0.004755434782608696 0.004755434782608696
0 0.5706521739130435 0.22486413043478262 0.004755434782608696 0.004755434782608696
0 0.5774456521739131 0.22146739130434784 0.006114130434782609 0.006114130434782609
0 0.5815217391304348 0.22146739130434784 0.006114130434782609 0.006114130434782609
0 0.5917119565217391 0.22078804347826086 0.006114130434782609 0.006114130434782609
0 0.5978260869565217 0.22146739130434784 0.006793478260869565 0.006114130434782609
0 0.6141304347826086 0.22554347826086957 0.006114130434782609 0.006114130434782609
0 0.6195652173913043 0.22418478260869565 0.006114130434782609 0.006114130434782609
0 0.6229619565217391 0.23233695652173914 0.006793478260869565 0.006114130434782609
0 0.6297554347826086 0.2235054347826087 0.006114130434782609 0.006114130434782609
0 0.6270380434782609 0.22078804347826086 0.006114130434782609 0.006114130434782609
0 0.6487771739130435 0.2235054347826087 0.006114130434782609 0.006114130434782609
0 0.6637228260869565 0.2418478260869565 0.006793478260869565 0.006793478260869565
0 0.6358695652173914 0.2391304347826087 0.005434782608695652 0.005434782608695652
0 0.6949728260869565 0.24116847826086957 0.006114130434782609 0.006114130434782609
0 0.6745923913043478 0.20991847826086957 0.006114130434782609 0.006114130434782609
0 0.6847826086956522 0.22214673913043478 0.01154891304347826 0.01154891304347826
0 0.688858695652174 0.2235054347826087 0.010869565217391304 0.01154891304347826
0 0.6936141304347826 0.21875 0.01154891304347826 0.01154891304347826
0 0.6970108695652174 0.22146739130434784 0.01154891304347826 0.01154891304347826
0 0.7275815217391305 0.2235054347826087 0.006793478260869565 0.006793478260869565
0 0.7336956521739131 0.22486413043478262 0.001358695652173913 0.001358695652173913
0 0.7404891304347826 0.2235054347826087 0.006793478260869565 0.006793478260869565
0 0.7479619565217391 0.2235054347826087 0.007472826086956522 0.007472826086956522
0 0.7567934782608695 0.22486413043478262 0.0020380434782608695 0.0020380434782608695
0 0.7622282608695652 0.2269021739130435 0.002717391304347826 0.002717391304347826
0 0.7676630434782609 0.22418478260869565 0.001358695652173913 0.001358695652173913
0 0.7710597826086957 0.22826086956521738 0.0033967391304347825 0.004076086956521739
0 0.7764945652173914 0.23369565217391305 0.004076086956521739 0.004755434782608696
0 0.7676630434782609 0.2425271739130435 0.006793478260869565 0.006793478260869565
0 0.8002717391304348 0.22758152173913043 0.004076086956521739 0.004076086956521739
0 0.8057065217391305 0.22078804347826086 0.007472826086956522 0.007472826086956522
0 0.8097826086956522 0.21875 0.007472826086956522 0.007472826086956522
0 0.8063858695652174 0.2235054347826087 0.0020380434782608695 0.0020380434782608695
0 0.8131793478260869 0.22282608695652173 0.0006793478260869565 0.0006793478260869565
0 0.8233695652173914 0.22214673913043478 0.007472826086956522 0.007472826086956522
0 0.8260869565217391 0.22282608695652173 0.008831521739130434 0.008152173913043478
0 0.826766304347826 0.2269021739130435 0.007472826086956522 0.007472826086956522
0 0.829483695652174 0.2269021739130435 0.008152173913043478 0.008831521739130434
0 0.8349184782608695 0.2262228260869565 0.008831521739130434 0.008152173913043478
0 0.8383152173913043 0.22146739130434784 0.008831521739130434 0.008152173913043478
0 0.8118206521739131 0.23845108695652173 0.004755434782608696 0.004755434782608696
0 0.8376358695652174 0.23097826086956522 0.008152173913043478 0.008152173913043478
0 0.84375 0.2269021739130435 0.008831521739130434 0.008831521739130434
0 0.8573369565217391 0.22078804347826086 0.008831521739130434 0.008831521739130434
0 0.8546195652173914 0.22554347826086957 0.008831521739130434 0.008831521739130434
0 0.8688858695652174 0.2235054347826087 0.008831521739130434 0.008831521739130434
0 0.8702445652173914 0.21807065217391305 0.008831521739130434 0.008831521739130434
0 0.8824728260869565 0.2235054347826087 0.007472826086956522 0.007472826086956522
0 0.8845108695652174 0.22894021739130435 0.0020380434782608695 0.0020380434782608695
0 0.8797554347826086 0.23233695652173914 0.0020380434782608695 0.001358695652173913
0 0.9014945652173914 0.22758152173913043 0.007472826086956522 0.007472826086956522
0 0.8960597826086957 0.22758152173913043 0.007472826086956522 0.007472826086956522
0 0.9001358695652174 0.22418478260869565 0.007472826086956522 0.007472826086956522
0 0.9082880434782609 0.22214673913043478 0.005434782608695652 0.005434782608695652
0 0.9164402173913043 0.22554347826086957 0.005434782608695652 0.005434782608695652
0 0.9069293478260869 0.2296195652173913 0.0020380434782608695 0.0020380434782608695
0 0.9137228260869565 0.23165760869565216 0.002717391304347826 0.002717391304347826
0 0.9266304347826086 0.23029891304347827 0.0020380434782608695 0.0020380434782608695
0 0.9334239130434783 0.22486413043478262 0.005434782608695652 0.005434782608695652
0 0.9293478260869565 0.22146739130434784 0.005434782608695652 0.004755434782608696
0 0.9334239130434783 0.22078804347826086 0.005434782608695652 0.005434782608695652
0 0.9327445652173914 0.24728260869565216 0.008152173913043478 0.008152173913043478
0 0.907608695652174 0.24320652173913043 0.006793478260869565 0.006793478260869565
0 0.8926630434782609 0.23369565217391305 0.0020380434782608695 0.0020380434782608695
0 0.8240489130434783 0.23029891304347827 0.007472826086956522 0.008152173913043478
0 0.7887228260869565 0.2425271739130435 0.002717391304347826 0.002717391304347826
0 0.7989130434782609 0.24388586956521738 0.006793478260869565 0.006793478260869565
0 0.8050271739130435 0.24388586956521738 0.006793478260869565 0.006793478260869565
0 0.8240489130434783 0.24048913043478262 0.006114130434782609 0.005434782608695652
0 0.9585597826086957 0.23097826086956522 0.0006793478260869565 0.0006793478260869565
0 0.9735054347826086 0.23709239130434784 0.004076086956521739 0.004076086956521739
0 0.9809782608695652 0.23709239130434784 0.004755434782608696 0.004755434782608696
0 0.9850543478260869 0.23505434782608695 0.0033967391304347825 0.002717391304347826
0 0.9639945652173914 0.22758152173913043 0.002717391304347826 0.0020380434782608695
0 0.970108695652174 0.22554347826086957 0.005434782608695652 0.005434782608695652
0 0.9762228260869565 0.22078804347826086 0.005434782608695652 0.005434782608695652
0 0.9769021739130435 0.2262228260869565 0.0006793478260869565 0.001358695652173913
0 0.984375 0.22078804347826086 0.005434782608695652 0.004755434782608696
0 0.9945652173913043 0.2235054347826087 0.010190217391304348 0.010869565217391304
0 0.8614130434782609 0.22010869565217392 0.008831521739130434 0.008831521739130434
0 0.9551630434782609 0.2235054347826087 0.005434782608695652 0.005434782608695652
0 0.9721467391304348 0.23369565217391305 0.0020380434782608695 0.0020380434782608695