0 0.250679347826087 0.5387228260869565 0.07540760869565218 0.10665760869565218
0 0.6474184782608695 0.47758152173913043 0.03736413043478261 0.05570652173913043
0 0.9966032608695652 0.24728260869565216 0.006793478260869565 0.01358695652173913
0 0.9578804347826086 0.24116847826086957 0.010869565217391304 0.014266304347826086
0 0.9286684782608695 0.25271739130434784 0.014945652173913044 0.016983695652173912
0 0.875 0.2561141304347826 0.01358695652173913 0.014945652173913044
0 0.7832880434782609 0.24592391304347827 0.016983695652173912 0.021739130434782608
0 0.005434782608695652 0.31657608695652173 0.010869565217391304 0.03872282608695652
0 0.04076086956521739 0.2914402173913043 0.03328804347826087 0.03328804347826087
0 0.027853260869565216 0.26970108695652173 0.01970108695652174 0.02309782608695652
0 0.13722826086956522 0.30095108695652173 0.03804347826086957 0.034646739130434784
0 0.23709239130434784 0.2873641304347826 0.026494565217391304 0.026494565217391304
0 0.26902173913043476 0.31046195652173914 0.033967391304347824 0.03872282608695652
0 0.31046195652173914 0.2860054347826087 0.014945652173913044 0.021739130434782608
0 0.328804347826087 0.29008152173913043 0.02377717391304348 0.029891304347826088
0 0.35258152173913043 0.27377717391304346 0.021739130434782608 0.029211956521739132
0 0.37296195652173914 0.266304347826087 0.01970108695652174 0.024456521739130436
0 0.38722826086956524 0.26970108695652173 0.019021739130434784 0.022418478260869564
0 0.45584239130434784 0.26290760869565216 0.018342391304347828 0.02309782608695652
0 0.468070652173913 0.24116847826086957 0.01358695652173913 0.019021739130434784
0 0.4748641304347826 0.2826086956521739 0.019021739130434784 0.02377717391304348
0 0.5305706521739131 0.26766304347826086 0.020380434782608696 0.017663043478260868
0 0.515625 0.24592391304347827 0.016304347826086956 0.021059782608695652
0 0.5557065217391305 0.25203804347826086 0.016983695652173912 0.021739130434782608
0 0.5720108695652174 0.26290760869565216 0.018342391304347828 0.02309782608695652
0 0.595108695652174 0.26970108695652173 0.014945652173913044 0.019021739130434784
0 0.5876358695652174 0.24728260869565216 0.010869565217391304 0.015625
0 0.608016304347826 0.25203804347826086 0.014945652173913044 0.019021739130434784
0 0.6202445652173914 0.2547554347826087 0.012907608695652174 0.016983695652173912
0 0.6399456521739131 0.27241847826086957 0.01154891304347826 0.017663043478260868
0 0.6630434782608695 0.2642663043478261 0.012907608695652174 0.018342391304347828
0 0.6983695652173914 0.3029891304347826 0.016304347826086956 0.026494565217391304
0 0.7194293478260869 0.26222826086956524 0.017663043478260868 0.014945652173913044
0 0.021739130434782608 0.17798913043478262 0.004076086956521739 0.005434782608695652
0 0.033967391304347824 0.16236413043478262 0.004076086956521739 0.005434782608695652
0 0.04483695652173913 0.171875 0.004755434782608696 0.005434782608695652
0 0.05434782608695652 0.171875 0.005434782608695652 0.006793478260869565
0 0.036684782608695655 0.17051630434782608 0.004755434782608696 0.006793478260869565
0 0.06725543478260869 0.17255434782608695 0.004076086956521739 0.005434782608695652
0 0.12024456521739131 0.17119565217391305 0.004076086956521739 0.005434782608695652
0 0.1358695652173913 0.17391304347826086 0.005434782608695652 0.006114130434782609
0 0.14945652173913043 0.18342391304347827 0.006114130434782609 0.008152173913043478
0 0.22758152173913043 0.18070652173913043 0.006793478260869565 0.008152173913043478
0 0.2418478260869565 0.18070652173913043 0.007472826086956522 0.009510869565217392
0 0.234375 0.16644021739130435 0.004755434782608696 0.006793478260869565
0 0.24796195652173914 0.17323369565217392 0.005434782608695652 0.007472826086956522
0 0.25271739130434784 0.17051630434782608 0.004755434782608696 0.006793478260869565
0 0.2561141304347826 0.203125 0.010190217391304348 0.01358695652173913
0 0.27853260869565216 0.17255434782608695 0.005434782608695652 0.006793478260869565
0 0.31657608695652173 0.16983695652173914 0.004076086956521739 0.006114130434782609
0 0.3172554347826087 0.17798913043478262 0.005434782608695652 0.006114130434782609
0 0.32540760869565216 0.18342391304347827 0.005434782608695652 0.006793478260869565
0 0.31657608695652173 0.20448369565217392 0.01154891304347826 0.014266304347826086
0 0.3267663043478261 0.23709239130434784 0.01154891304347826 0.014945652173913044
0 0.3845108695652174 0.22078804347826086 0.009510869565217392 0.01154891304347826
0 0.375 0.171875 0.004076086956521739 0.004755434782608696
0 0.375 0.19633152173913043 0.007472826086956522 0.010190217391304348
0 0.516983695652174 0.18478260869565216 0.004076086956521739 0.005434782608695652
0 0.5421195652173914 0.18953804347826086 0.005434782608695652 0.007472826086956522
0 0.5577445652173914 0.22826086956521738 0.010869565217391304 0.012907608695652174
0 0.6256793478260869 0.23369565217391305 0.01154891304347826 0.014945652173913044
0 0.65625 0.23777173913043478 0.01154891304347826 0.014266304347826086
0 0.654891304347826 0.21263586956521738 0.006114130434782609 0.008152173913043478
0 0.671875 0.20516304347826086 0.006114130434782609 0.007472826086956522
0 0.7649456521739131 0.20244565217391305 0.006114130434782609 0.008152173913043478
0 0.8274456521739131 0.1922554347826087 0.004076086956521739 0.005434782608695652
0 0.8288043478260869 0.22078804347826086 0.008152173913043478 0.010190217391304348
0 0.8349184782608695 0.23029891304347827 0.010190217391304348 0.012228260869565218
0 0.8498641304347826 0.23233695652173914 0.010190217391304348 0.01358695652173913
0 0.8620923913043478 0.21671195652173914 0.007472826086956522 0.009510869565217392
0 0.9042119565217391 0.22010869565217392 0.006793478260869565 0.008831521739130434
0 0.9259510869565217 0.22078804347826086 0.009510869565217392 0.012228260869565218
0 0.9313858695652174 0.21263586956521738 0.007472826086956522 0.009510869565217392
0 0.9354619565217391 0.2391304347826087 0.008831521739130434 0.01154891304347826
0 0.9463315217391305 0.21739130434782608 0.007472826086956522 0.010190217391304348
0 0.9551630434782609 0.23097826086956522 0.010190217391304348 0.012907608695652174
0 0.967391304347826 0.2425271739130435 0.008152173913043478 0.012907608695652174
0 0.9904891304347826 0.23369565217391305 0.009510869565217392 0.012907608695652174
0 0.3811141304347826 0.44565217391304346 0.07133152173913043 0.07133152173913043
0 0.8308423913043478 0.2826086956521739 0.019021739130434784 0.019021739130434784
0 0.8722826086956522 0.2751358695652174 0.016304347826086956 0.016304347826086956
0 0.9123641304347826 0.297554347826087 0.018342391304347828 0.018342391304347828
0 0.9816576086956522 0.328804347826087 0.024456521739130436 0.024456521739130436
0 0.7832880434782609 0.3125 0.021739130434782608 0.021739130434782608
0 0.029211956521739132 0.25883152173913043 0.022418478260869564 0.022418478260869564
0 0.08967391304347826 0.26970108695652173 0.026494565217391304 0.025815217391304348
0 0.18206521739130435 0.27853260869565216 0.030570652173913044 0.030570652173913044
0 0.14741847826086957 0.2866847826086957 0.030570652173913044 0.030570652173913044
0 0.21807065217391305 0.30502717391304346 0.030570652173913044 0.030570652173913044
0 0.1983695652173913 0.296875 0.030570652173913044 0.030570652173913044
0 0.23709239130434784 0.31521739130434784 0.03260869565217391 0.03192934782608696
0 0.27309782608695654 0.2758152173913043 0.025135869565217392 0.024456521739130436
0 0.26290760869565216 0.25203804347826086 0.021059782608695652 0.021059782608695652
0 0.40217391304347827 0.26902173913043476 0.021059782608695652 0.021059782608695652
0 0.44429347826086957 0.24592391304347827 0.017663043478260868 0.016983695652173912
0 0.483695652173913 0.24456521739130435 0.016304347826086956 0.016983695652173912
0 0.5088315217391305 0.2860054347826087 0.022418478260869564 0.022418478260869564
0 0.6725543478260869 0.2751358695652174 0.016983695652173912 0.016304347826086956
0 0.010869565217391304 0.19701086956521738 0.014266304347826086 0.01358695652173913
0 0.001358695652173913 0.16304347826086957 0.002717391304347826 0.004755434782608696
0 0.006114130434782609 0.1610054347826087 0.004755434782608696 0.004755434782608696
0 0.024456521739130436 0.16508152173913043 0.004755434782608696 0.004755434782608696
0 0.057744565217391304 0.16032608695652173 0.004755434782608696 0.004755434782608696
0 0.07676630434782608 0.1766304347826087 0.005434782608695652 0.005434782608695652
0 0.07133152173913043 0.16168478260869565 0.004755434782608696 0.004755434782608696
0 0.09171195652173914 0.17459239130434784 0.005434782608695652 0.005434782608695652
0 0.07880434782608696 0.16304347826086957 0.004755434782608696 0.004755434782608696
0 0.09239130434782608 0.15896739130434784 0.0033967391304347825 0.0033967391304347825
0 0.08627717391304347 0.16304347826086957 0.004755434782608696 0.004755434782608696
0 0.10122282608695653 0.1610054347826087 0.004076086956521739 0.004076086956521739
0 0.09986413043478261 0.16304347826086957 0.004755434782608696 0.004076086956521739
0 0.11277173913043478 0.16508152173913043 0.004755434782608696 0.004755434782608696
0 0.10665760869565218 0.16508152173913043 0.004755434782608696 0.004755434782608696
0 0.12228260869565218 0.16032608695652173 0.0033967391304347825 0.004076086956521739
0 0.1324728260869565 0.17323369565217392 0.005434782608695652 0.005434782608695652
0 0.12228260869565218 0.20244565217391305 0.008831521739130434 0.008831521739130434
0 0.13519021739130435 0.19633152173913043 0.008831521739130434 0.008831521739130434
0 0.15013586956521738 0.1766304347826087 0.006793478260869565 0.006793478260869565
0 0.16508152173913043 0.18478260869565216 0.008152173913043478 0.008152173913043478
0 0.17255434782608695 0.1827445652173913 0.007472826086956522 0.007472826086956522
0 0.16779891304347827 0.16644021739130435 0.004755434782608696 0.004755434782608696
0 0.17730978260869565 0.16847826086956522 0.004755434782608696 0.005434782608695652
0 0.15760869565217392 0.15692934782608695 0.0006793478260869565 0.0006793478260869565
0 0.17866847826086957 0.1637228260869565 0.004076086956521739 0.004755434782608696
0 0.18546195652173914 0.16983695652173914 0.005434782608695652 0.005434782608695652
0 0.19361413043478262 0.16644021739130435 0.004076086956521739 0.004076086956521739
0 0.20244565217391305 0.16576086956521738 0.0033967391304347825 0.0033967391304347825
0 0.20516304347826086 0.1644021739130435 0.0033967391304347825 0.0033967391304347825
0 0.2139945652173913 0.1671195652173913 0.004755434782608696 0.004755434782608696
0 0.203125 0.19021739130434784 0.008831521739130434 0.009510869565217392
0 0.21467391304347827 0.1793478260869565 0.007472826086956522 0.007472826086956522
0 0.22146739130434784 0.16847826086956522 0.004755434782608696 0.005434782608695652
0 0.22486413043478262 0.16847826086956522 0.004755434782608696 0.004755434782608696
0 0.24048913043478262 0.16983695652173914 0.005434782608695652 0.005434782608695652
0 0.23641304347826086 0.21467391304347827 0.016304347826086956 0.016304347826086956
0 0.27309782608695654 0.1671195652173913 0.004755434782608696 0.004076086956521739
0 0.28125 0.16847826086956522 0.004755434782608696 0.004755434782608696
0 0.28532608695652173 0.17595108695652173 0.006114130434782609 0.006114130434782609
0 0.2914402173913043 0.17459239130434784 0.005434782608695652 0.005434782608695652
0 0.296195652173913 0.17051630434782608 0.004076086956521739 0.004076086956521739
0 0.3029891304347826 0.16915760869565216 0.0033967391304347825 0.004076086956521739
0 0.3029891304347826 0.17391304347826086 0.005434782608695652 0.005434782608695652
0 0.3125 0.17323369565217392 0.004755434782608696 0.004755434782608696
0 0.3138586956521739 0.17051630434782608 0.004076086956521739 0.004076086956521739
0 0.32065217391304346 0.17255434782608695 0.004755434782608696 0.004755434782608696
0 0.33016304347826086 0.17798913043478262 0.006793478260869565 0.006793478260869565
0 0.30502717391304346 0.1922554347826087 0.008831521739130434 0.008831521739130434
0 0.3186141304347826 0.19021739130434784 0.008831521739130434 0.008831521739130434
0 0.37907608695652173 0.20720108695652173 0.01154891304347826 0.01154891304347826
0 0.39945652173913043 0.22282608695652173 0.014266304347826086 0.014266304347826086
0 0.4001358695652174 0.2139945652173913 0.012228260869565218 0.012228260869565218
0 0.34646739130434784 0.1793478260869565 0.006793478260869565 0.006793478260869565
0 0.3546195652173913 0.17391304347826086 0.004755434782608696 0.004755434782608696
0 0.3580163043478261 0.16983695652173914 0.004755434782608696 0.004755434782608696
0 0.36141304347826086 0.17255434782608695 0.004755434782608696 0.004755434782608696
0 0.3654891304347826 0.17459239130434784 0.005434782608695652 0.005434782608695652
0 0.38179347826086957 0.17323369565217392 0.004755434782608696 0.004755434782608696
0 0.3892663043478261 0.1766304347826087 0.006114130434782609 0.005434782608695652
0 0.39877717391304346 0.17527173913043478 0.004755434782608696 0.005434782608695652
0 0.39741847826086957 0.17119565217391305 0.004755434782608696 0.004755434782608696
0 0.40285326086956524 0.17119565217391305 0.004755434782608696 0.004755434782608696
0 0.41779891304347827 0.1875 0.006114130434782609 0.006114130434782609
0 0.4205163043478261 0.16644021739130435 0.0033967391304347825 0.0033967391304347825
0 0.4266304347826087 0.1766304347826087 0.0033967391304347825 0.0033967391304347825
0 0.43342391304347827 0.17730978260869565 0.0033967391304347825 0.004076086956521739
0 0.44972826086956524 0.19429347826086957 0.008152173913043478 0.008152173913043478
0 0.43546195652173914 0.22554347826086957 0.014266304347826086 0.014945652173913044
0 0.484375 0.2235054347826087 0.01358695652173913 0.01358695652173913
0 0.49728260869565216 0.2235054347826087 0.01358695652173913 0.01358695652173913
0 0.4782608695652174 0.19021739130434784 0.006793478260869565 0.006793478260869565
0 0.48845108695652173 0.18817934782608695 0.005434782608695652 0.005434782608695652
0 0.483695652173913 0.18614130434782608 0.004755434782608696 0.004076086956521739
0 0.46467391304347827 0.18478260869565216 0.004755434782608696 0.004755434782608696
0 0.49592391304347827 0.1793478260869565 0.0033967391304347825 0.0033967391304347825
0 0.4741847826086957 0.17595108695652173 0.004755434782608696 0.004755434782608696
0 0.468070652173913 0.17798913043478262 0.001358695652173913 0.001358695652173913
0 0.48845108695652173 0.1766304347826087 0.002717391304347826 0.002717391304347826
0 0.5006793478260869 0.17595108695652173 0.0020380434782608695 0.002717391304347826
0 0.5040760869565217 0.18342391304347827 0.002717391304347826 0.002717391304347826
0 0.5074728260869565 0.17798913043478262 0.002717391304347826 0.0033967391304347825
0 0.5129076086956522 0.1793478260869565 0.0033967391304347825 0.0033967391304347825
0 0.5244565217391305 0.18206521739130435 0.002717391304347826 0.002717391304347826
0 0.5305706521739131 0.18342391304347827 0.0033967391304347825 0.004076086956521739
0 0.5400815217391305 0.1800271739130435 0.004076086956521739 0.0033967391304347825
0 0.5441576086956522 0.1800271739130435 0.004076086956521739 0.0033967391304347825
0 0.5495923913043478 0.17730978260869565 0.002717391304347826 0.002717391304347826
0 0.5557065217391305 0.17798913043478262 0.002717391304347826 0.002717391304347826
0 0.5332880434782609 0.1800271739130435 0.0033967391304347825 0.0033967391304347825
0 0.5285326086956522 0.21195652173913043 0.01154891304347826 0.012228260869565218
0 0.5529891304347826 0.20720108695652173 0.010869565217391304 0.010869565217391304
0 0.5489130434782609 0.19429347826086957 0.007472826086956522 0.007472826086956522
0 0.5726902173913043 0.18478260869565216 0.0006793478260869565 0.0006793478260869565
0 0.5631793478260869 0.1827445652173913 0.0020380434782608695 0.002717391304347826
0 0.5930706521739131 0.18614130434782608 0.0006793478260869565 0.0006793478260869565
0 0.6046195652173914 0.18138586956521738 0.012907608695652174 0.012907608695652174
0 0.6025815217391305 0.1875 0.002717391304347826 0.002717391304347826
0 0.6134510869565217 0.18410326086956522 0.012907608695652174 0.012907608695652174
0 0.6182065217391305 0.19089673913043478 0.012907608695652174 0.01358695652173913
0 0.6283967391304348 0.18546195652173914 0.006793478260869565 0.006793478260869565
0 0.6345108695652174 0.1922554347826087 0.006114130434782609 0.006114130434782609
0 0.6297554347826086 0.18138586956521738 0.004755434782608696 0.005434782608695652
0 0.6345108695652174 0.1827445652173913 0.005434782608695652 0.006114130434782609
0 0.6467391304347826 0.19021739130434784 0.005434782608695652 0.006114130434782609
0 0.640625 0.18953804347826086 0.006114130434782609 0.006114130434782609
0 0.6542119565217391 0.1875 0.002717391304347826 0.002717391304347826
0 0.6582880434782609 0.18682065217391305 0.0020380434782608695 0.0020380434782608695
0 0.6616847826086957 0.18614130434782608 0.001358695652173913 0.001358695652173913
0 0.6664402173913043 0.18682065217391305 0.001358695652173913 0.001358695652173913
0 0.6698369565217391 0.18342391304347827 0.005434782608695652 0.005434782608695652
0 0.6745923913043478 0.18342391304347827 0.005434782608695652 0.005434782608695652
0 0.6773097826086957 0.18342391304347827 0.005434782608695652 0.005434782608695652
0 0.6807065217391305 0.18342391304347827 0.006114130434782609 0.005434782608695652
0 0.6739130434782609 0.18885869565217392 0.002717391304347826 0.0020380434782608695
0 0.6773097826086957 0.18817934782608695 0.006114130434782609 0.006114130434782609
0 0.6834239130434783 0.18817934782608695 0.006114130434782609 0.006114130434782609
0 0.6854619565217391 0.19361413043478262 0.002717391304347826 0.002717391304347826
0 0.6942934782608695 0.19157608695652173 0.001358695652173913 0.001358695652173913
0 0.6949728260869565 0.18817934782608695 0.006114130434782609 0.006114130434782609
0 0.6983695652173914 0.1875 0.005434782608695652 0.005434782608695652
0 0.7010869565217391 0.1949728260869565 0.004076086956521739 0.004076086956521739
0 0.7072010869565217 0.18885869565217392 0.006793478260869565 0.006793478260869565
0 0.720108695652174 0.19089673913043478 0.0006793478260869565 0.0006793478260869565
0 0.7262228260869565 0.19089673913043478 0.001358695652173913 0.0020380434782608695
0 0.7350543478260869 0.19701086956521738 0.002717391304347826 0.002717391304347826
0 0.7418478260869565 0.18070652173913043 0.008831521739130434 0.008152173913043478
0 0.7438858695652174 0.19429347826086957 0.002717391304347826 0.0033967391304347825
0 0.7432065217391305 0.20720108695652173 0.006793478260869565 0.007472826086956522
0 0.7792119565217391 0.1827445652173913 0.001358695652173913 0.001358695652173913
0 0.7635869565217391 0.1949728260869565 0.002717391304347826 0.002717391304347826
0 0.7730978260869565 0.1956521739130435 0.002717391304347826 0.0020380434782608695
0 0.7792119565217391 0.1956521739130435 0.002717391304347826 0.002717391304347826
0 0.7771739130434783 0.20516304347826086 0.006793478260869565 0.006793478260869565
0 0.7690217391304348 0.21942934782608695 0.010869565217391304 0.010869565217391304
0 0.7832880434782609 0.21467391304347827 0.009510869565217392 0.009510869565217392
0 0.7853260869565217 0.18817934782608695 0.0033967391304347825 0.0033967391304347825
0 0.7900815217391305 0.19633152173913043 0.002717391304347826 0.002717391304347826
0 0.7975543478260869 0.1956521739130435 0.002717391304347826 0.002717391304347826
0 0.8036684782608695 0.19361413043478262 0.0006793478260869565 0.0006793478260869565
0 0.8145380434782609 0.19293478260869565 0.004755434782608696 0.004076086956521739
0 0.8186141304347826 0.20244565217391305 0.006114130434782609 0.006114130434782609
0 0.8444293478260869 0.1922554347826087 0.002717391304347826 0.002717391304347826
0 0.8471467391304348 0.19361413043478262 0.0033967391304347825 0.0033967391304347825
0 0.8627717391304348 0.19361413043478262 0.0033967391304347825 0.0033967391304347825
0 0.8586956521739131 0.18817934782608695 0.0006793478260869565 0.0006793478260869565
0 0.8709239130434783 0.19361413043478262 0.002717391304347826 0.002717391304347826
0 0.8743206521739131 0.18953804347826086 0.004076086956521739 0.0033967391304347825
0 0.8783967391304348 0.19021739130434784 0.0006793478260869565 0.0006793478260869565
0 0.8831521739130435 0.1949728260869565 0.0033967391304347825 0.004076086956521739
0 0.8926630434782609 0.19429347826086957 0.004755434782608696 0.004755434782608696
0 0.90625 0.1922554347826087 0.006114130434782609 0.006114130434782609
0 0.9035326086956522 0.20244565217391305 0.004755434782608696 0.004076086956521739
0 0.9096467391304348 0.20040760869565216 0.002717391304347826 0.002717391304347826
0 0.9245923913043478 0.21195652173913043 0.006793478260869565 0.006793478260869565
0 0.9510869565217391 0.22214673913043478 0.009510869565217392 0.009510869565217392
0 0.9605978260869565 0.2112771739130435 0.008831521739130434 0.008831521739130434
0 0.9504076086956522 0.20584239130434784 0.008152173913043478 0.008152173913043478
0 0.9286684782608695 0.19769021739130435 0.006793478260869565 0.006793478260869565
0 0.9327445652173914 0.1956521739130435 0.006793478260869565 0.006793478260869565
0 0.9157608695652174 0.18817934782608695 0.005434782608695652 0.005434782608695652
0 0.9266304347826086 0.19293478260869565 0.006114130434782609 0.006114130434782609
0 0.9239130434782609 0.19157608695652173 0.004755434782608696 0.004755434782608696
0 0.9633152173913043 0.19904891304347827 0.007472826086956522 0.007472826086956522
0 0.96875 0.19904891304347827 0.008152173913043478 0.008152173913043478
0 0.9558423913043478 0.18070652173913043 0.0033967391304347825 0.0033967391304347825
0 0.9802989130434783 0.20380434782608695 0.006793478260869565 0.006793478260869565
0 0.9925271739130435 0.1983695652173913 0.006793478260869565 0.006793478260869565
0 0.9836956521739131 0.19293478260869565 0.005434782608695652 0.005434782608695652
0 0.9769021739130435 0.19633152173913043 0.005434782608695652 0.005434782608695652
0 0.9891304347826086 0.18342391304347827 0.004076086956521739 0.004076086956521739
0 0.9959239130434783 0.18817934782608695 0.004755434782608696 0.004755434782608696
0 0.9938858695652174 0.19157608695652173 0.005434782608695652 0.005434782608695652
0 0.9823369565217391 0.18817934782608695 0.004755434782608696 0.004755434782608696
0 0.9572010869565217 0.19429347826086957 0.007472826086956522 0.006793478260869565
0 0.998641304347826 0.20720108695652173 0.002717391304347826 0.006793478260869565
0 0.998641304347826 0.19157608695652173 0.002717391304347826 0.005434782608695652