0 0.7961956521739131 0.438179347826087 0.025135869565217392 0.022418478260869564
0 0.8641304347826086 0.4544836956521739 0.033967391304347824 0.028532608695652172
0 0.057744565217391304 0.4232336956521739 0.025815217391304348 0.022418478260869564
0 0.7065217391304348 0.43342391304347827 0.030570652173913044 0.026494565217391304
0 0.22214673913043478 0.422554347826087 0.021739130434782608 0.01970108695652174
0 0.42934782608695654 0.4904891304347826 0.029211956521739132 0.03125
0 0.16915760869565216 0.41847826086956524 0.02377717391304348 0.021059782608695652
0 0.6779891304347826 0.4205163043478261 0.028532608695652172 0.025135869565217392
0 0.26290760869565216 0.42391304347826086 0.030570652173913044 0.028532608695652172
0 0.985733695652174 0.4327445652173913 0.018342391304347828 0.022418478260869564
0 0.1358695652173913 0.4748641304347826 0.030570652173913044 0.029891304347826088
0 0.9110054347826086 0.4273097826086957 0.033967391304347824 0.026494565217391304
0 0.8729619565217391 0.42527173913043476 0.021739130434782608 0.017663043478260868
0 0.8322010869565217 0.42866847826086957 0.02377717391304348 0.01970108695652174
0 0.733016304347826 0.42866847826086957 0.025815217391304348 0.025135869565217392
0 0.7255434782608695 0.40896739130434784 0.017663043478260868 0.016304347826086956
0 0.7207880434782609 0.38315217391304346 0.016304347826086956 0.012228260869565218
0 0.6997282608695652 0.391304347826087 0.012907608695652174 0.012228260869565218
0 0.6739130434782609 0.3858695652173913 0.012228260869565218 0.010869565217391304
0 0.6637228260869565 0.38383152173913043 0.012907608695652174 0.010869565217391304
0 0.6453804347826086 0.3811141304347826 0.012907608695652174 0.010869565217391304
0 0.6569293478260869 0.40421195652173914 0.016304347826086956 0.01358695652173913
0 0.6453804347826086 0.4014945652173913 0.020380434782608696 0.017663043478260868
0 0.6216032608695652 0.39809782608695654 0.020380434782608696 0.016304347826086956
0 0.610733695652174 0.38383152173913043 0.012907608695652174 0.012228260869565218
0 0.576766304347826 0.4157608695652174 0.025135869565217392 0.020380434782608696
0 0.5713315217391305 0.4014945652173913 0.017663043478260868 0.014266304347826086
0 0.5529891304347826 0.3967391304347826 0.017663043478260868 0.014945652173913044
0 0.5529891304347826 0.390625 0.016304347826086956 0.01358695652173913
0 0.5237771739130435 0.41508152173913043 0.01970108695652174 0.014945652173913044
0 0.35190217391304346 0.40217391304347827 0.017663043478260868 0.01358695652173913
0 0.34375 0.390625 0.017663043478260868 0.014266304347826086
0 0.23301630434782608 0.40828804347826086 0.01970108695652174 0.016304347826086956
0 0.24660326086956522 0.39470108695652173 0.016304347826086956 0.01358695652173913
0 0.10529891304347826 0.41983695652173914 0.020380434782608696 0.01970108695652174
0 0.06657608695652174 0.390625 0.012907608695652174 0.010869565217391304
0 0.012228260869565218 0.405570652173913 0.017663043478260868 0.016304347826086956
0 0.006793478260869565 0.422554347826087 0.012907608695652174 0.014945652173913044
0 0.20855978260869565 0.37703804347826086 0.016304347826086956 0.014266304347826086
0 0.024456521739130436 0.38315217391304346 0.014945652173913044 0.012228260869565218
0 0.06182065217391304 0.5604619565217391 0.050271739130434784 0.035326086956521736
0 0.36345108695652173 0.43070652173913043 0.02717391304347826 0.01970108695652174
0 0.6304347826086957 0.5006793478260869 0.050951086956521736 0.035326086956521736
0 0.4375 0.5529891304347826 0.04755434782608696 0.03192934782608696
0 0.9775815217391305 0.4205163043478261 0.025135869565217392 0.017663043478260868
0 0.845108695652174 0.4266304347826087 0.028532608695652172 0.020380434782608696
0 0.733016304347826 0.39809782608695654 0.01970108695652174 0.01358695652173913
0 0.7336956521739131 0.38722826086956524 0.014266304347826086 0.010190217391304348
0 0.7167119565217391 0.39266304347826086 0.017663043478260868 0.012228260869565218
0 0.7078804347826086 0.38247282608695654 0.010869565217391304 0.007472826086956522
0 0.7072010869565217 0.389945652173913 0.016304347826086956 0.010190217391304348
0 0.6854619565217391 0.389945652173913 0.016304347826086956 0.010869565217391304
0 0.6902173913043478 0.38315217391304346 0.012907608695652174 0.008152173913043478
0 0.6786684782608695 0.3804347826086957 0.009510869565217392 0.006793478260869565
0 0.6691576086956522 0.37907608695652173 0.012228260869565218 0.008831521739130434
0 0.6596467391304348 0.3763586956521739 0.009510869565217392 0.006793478260869565
0 0.6345108695652174 0.37771739130434784 0.012228260869565218 0.007472826086956522
0 0.6365489130434783 0.37160326086956524 0.007472826086956522 0.005434782608695652
0 0.6385869565217391 0.3688858695652174 0.004076086956521739 0.002717391304347826
0 0.6175271739130435 0.3763586956521739 0.010869565217391304 0.007472826086956522
0 0.6182065217391305 0.37296195652173914 0.009510869565217392 0.006793478260869565
0 0.6229619565217391 0.3736413043478261 0.008831521739130434 0.006114130434782609
0 0.6283967391304348 0.3702445652173913 0.008831521739130434 0.005434782608695652
0 0.6908967391304348 0.4048913043478261 0.02309782608695652 0.015625
0 0.7133152173913043 0.4076086956521739 0.02377717391304348 0.016304347826086956
0 0.6610054347826086 0.39809782608695654 0.01970108695652174 0.01358695652173913
0 0.6501358695652174 0.4001358695652174 0.020380434782608696 0.014945652173913044
0 0.6338315217391305 0.3967391304347826 0.020380434782608696 0.01358695652173913
0 0.5978260869565217 0.3953804347826087 0.01970108695652174 0.01358695652173913
0 0.6019021739130435 0.3804347826086957 0.012228260869565218 0.008152173913043478
0 0.5801630434782609 0.391304347826087 0.018342391304347828 0.012907608695652174
0 0.592391304347826 0.40896739130434784 0.02309782608695652 0.016304347826086956
0 0.5876358695652174 0.40353260869565216 0.021739130434782608 0.014945652173913044
0 0.563858695652174 0.39877717391304346 0.020380434782608696 0.01358695652173913
0 0.5407608695652174 0.391304347826087 0.017663043478260868 0.012907608695652174
0 0.5305706521739131 0.390625 0.018342391304347828 0.012907608695652174
0 0.5203804347826086 0.38722826086956524 0.016304347826086956 0.010869565217391304
0 0.514266304347826 0.38179347826086957 0.014945652173913044 0.010190217391304348
0 0.5217391304347826 0.38315217391304346 0.014945652173913044 0.010869565217391304
0 0.5427989130434783 0.38315217391304346 0.014945652173913044 0.010869565217391304
0 0.5557065217391305 0.38315217391304346 0.016304347826086956 0.010190217391304348
0 0.39741847826086957 0.38383152173913043 0.014945652173913044 0.010190217391304348
0 0.40285326086956524 0.38315217391304346 0.014945652173913044 0.010869565217391304
0 0.405570652173913 0.3858695652173913 0.016304347826086956 0.010869565217391304
0 0.4123641304347826 0.3858695652173913 0.016304347826086956 0.010869565217391304
0 0.4205163043478261 0.38247282608695654 0.014266304347826086 0.009510869565217392
0 0.422554347826087 0.38722826086956524 0.016304347826086956 0.010869565217391304
0 0.42934782608695654 0.38383152173913043 0.014266304347826086 0.010190217391304348
0 0.44021739130434784 0.3858695652173913 0.016304347826086956 0.010190217391304348
0 0.4470108695652174 0.38315217391304346 0.014266304347826086 0.010190217391304348
0 0.45584239130434784 0.38247282608695654 0.014945652173913044 0.010190217391304348
0 0.4626358695652174 0.3858695652173913 0.014945652173913044 0.010869565217391304
0 0.4673913043478261 0.390625 0.017663043478260868 0.012228260869565218
0 0.46671195652173914 0.3967391304347826 0.01970108695652174 0.012907608695652174
0 0.5176630434782609 0.42391304347826086 0.025135869565217392 0.017663043478260868
0 0.7065217391304348 0.49660326086956524 0.04755434782608696 0.03192934782608696
0 0.4157608695652174 0.3736413043478261 0.012228260869565218 0.007472826086956522
0 0.4116847826086957 0.3736413043478261 0.012228260869565218 0.007472826086956522
0 0.40421195652173914 0.375 0.012907608695652174 0.008152173913043478
0 0.4001358695652174 0.374320652173913 0.012228260869565218 0.008152173913043478
0 0.4001358695652174 0.37228260869565216 0.010869565217391304 0.007472826086956522
0 0.39334239130434784 0.374320652173913 0.012228260869565218 0.008152173913043478
0 0.38722826086956524 0.375 0.012228260869565218 0.008152173913043478
0 0.3851902173913043 0.375 0.012228260869565218 0.008152173913043478
0 0.37907608695652173 0.3736413043478261 0.005434782608695652 0.0033967391304347825
0 0.3736413043478261 0.3736413043478261 0.005434782608695652 0.0033967391304347825
0 0.36752717391304346 0.3736413043478261 0.005434782608695652 0.0033967391304347825
0 0.3654891304347826 0.3736413043478261 0.005434782608695652 0.0033967391304347825
0 0.360054347826087 0.3736413043478261 0.005434782608695652 0.0033967391304347825
0 0.35258152173913043 0.37160326086956524 0.0020380434782608695 0.001358695652173913
0 0.34578804347826086 0.37228260869565216 0.012228260869565218 0.008831521739130434
0 0.3423913043478261 0.37228260869565216 0.012228260869565218 0.008152173913043478
0 0.36345108695652173 0.405570652173913 0.02309782608695652 0.015625
0 0.3498641304347826 0.39877717391304346 0.020380434782608696 0.014266304347826086
0 0.34103260869565216 0.39809782608695654 0.021739130434782608 0.014266304347826086
0 0.3383152173913043 0.38858695652173914 0.018342391304347828 0.012907608695652174
0 0.3294836956521739 0.38722826086956524 0.016304347826086956 0.010869565217391304
0 0.33016304347826086 0.38247282608695654 0.012907608695652174 0.008831521739130434
0 0.33084239130434784 0.37907608695652173 0.009510869565217392 0.006793478260869565
0 0.3342391304347826 0.374320652173913 0.004076086956521739 0.0033967391304347825
0 0.3226902173913043 0.3763586956521739 0.007472826086956522 0.006114130434782609
0 0.31657608695652173 0.37771739130434784 0.008831521739130434 0.006793478260869565
0 0.31453804347826086 0.37160326086956524 0.021739130434782608 0.014945652173913044
0 0.22826086956521738 0.39809782608695654 0.020380434782608696 0.01358695652173913
0 0.27445652173913043 0.40828804347826086 0.02377717391304348 0.016304347826086956
0 0.23029891304347827 0.38790760869565216 0.014945652173913044 0.010869565217391304
0 0.23845108695652173 0.38722826086956524 0.014945652173913044 0.010869565217391304
0 0.24388586956521738 0.38315217391304346 0.012907608695652174 0.009510869565217392
0 0.24864130434782608 0.38315217391304346 0.012907608695652174 0.008831521739130434
0 0.25679347826086957 0.38315217391304346 0.012907608695652174 0.008831521739130434
0 0.250679347826087 0.3797554347826087 0.010869565217391304 0.007472826086956522
0 0.26222826086956524 0.3797554347826087 0.010869565217391304 0.007472826086956522
0 0.26290760869565216 0.3763586956521739 0.007472826086956522 0.006114130434782609
0 0.266304347826087 0.3763586956521739 0.008831521739130434 0.005434782608695652
0 0.29483695652173914 0.3702445652173913 0.016304347826086956 0.010869565217391304
0 0.28328804347826086 0.3702445652173913 0.016304347826086956 0.010869565217391304
0 0.27717391304347827 0.37160326086956524 0.017663043478260868 0.010869565217391304
0 0.2751358695652174 0.37160326086956524 0.016304347826086956 0.010869565217391304
0 0.3023097826086957 0.3688858695652174 0.016304347826086956 0.010869565217391304
0 0.30978260869565216 0.36820652173913043 0.012907608695652174 0.008831521739130434
0 0.31929347826086957 0.36820652173913043 0.021739130434782608 0.014945652173913044
0 0.328804347826087 0.36820652173913043 0.021739130434782608 0.014945652173913044
0 0.09782608695652174 0.40625 0.021739130434782608 0.014945652173913044
0 0.08559782608695653 0.4171195652173913 0.02377717391304348 0.016304347826086956
0 0.07404891304347826 0.4014945652173913 0.020380434782608696 0.01358695652173913
0 0.059782608695652176 0.39470108695652173 0.018342391304347828 0.012907608695652174
0 0.07336956521739131 0.3858695652173913 0.014945652173913044 0.010190217391304348
0 0.08763586956521739 0.38247282608695654 0.014266304347826086 0.009510869565217392
0 0.07744565217391304 0.3804347826086957 0.012907608695652174 0.008831521739130434
0 0.02377717391304348 0.4008152173913043 0.01970108695652174 0.01358695652173913
0 0.14741847826086957 0.39877717391304346 0.020380434782608696 0.01358695652173913
0 0.1610054347826087 0.39470108695652173 0.018342391304347828 0.012907608695652174
0 0.14945652173913043 0.391304347826087 0.017663043478260868 0.012228260869565218
0 0.1671195652173913 0.3892663043478261 0.014945652173913044 0.010869565217391304
0 0.16236413043478262 0.38654891304347827 0.014266304347826086 0.009510869565217392
0 0.171875 0.3858695652173913 0.012907608695652174 0.009510869565217392
0 0.16779891304347827 0.38247282608695654 0.012228260869565218 0.008152173913043478
0 0.17798913043478262 0.3804347826086957 0.010869565217391304 0.006793478260869565
0 0.18342391304347827 0.38315217391304346 0.012907608695652174 0.008831521739130434
0 0.18478260869565216 0.3811141304347826 0.010869565217391304 0.007472826086956522
0 0.19293478260869565 0.3811141304347826 0.010869565217391304 0.007472826086956522
0 0.19769021739130435 0.3804347826086957 0.010869565217391304 0.006793478260869565
0 0.20040760869565216 0.3763586956521739 0.007472826086956522 0.005434782608695652
0 0.2112771739130435 0.3763586956521739 0.009510869565217392 0.007472826086956522
0 0.21739130434782608 0.375 0.008831521739130434 0.006114130434782609
0 0.22010869565217392 0.37228260869565216 0.006793478260869565 0.004755434782608696
0 0.22282608695652173 0.37160326086956524 0.0033967391304347825 0.002717391304347826
0 0.22418478260869565 0.37092391304347827 0.001358695652173913 0.0006793478260869565
0 0.22826086956521738 0.3702445652173913 0.014266304347826086 0.009510869565217392
0 0.23029891304347827 0.3702445652173913 0.012907608695652174 0.009510869565217392
0 0.23369565217391305 0.3702445652173913 0.012907608695652174 0.009510869565217392
0 0.23641304347826086 0.3688858695652174 0.012907608695652174 0.009510869565217392
0 0.2425271739130435 0.3702445652173913 0.014266304347826086 0.009510869565217392
0 0.24592391304347827 0.37160326086956524 0.0033967391304347825 0.002717391304347826
0 0.06453804347826086 0.37771739130434784 0.012228260869565218 0.008152173913043478
0 0.057744565217391304 0.37839673913043476 0.012907608695652174 0.008152173913043478
0 0.05298913043478261 0.3804347826086957 0.012228260869565218 0.008152173913043478
0 0.04755434782608696 0.3811141304347826 0.012907608695652174 0.008831521739130434
0 0.042798913043478264 0.38179347826086957 0.012907608695652174 0.008831521739130434
0 0.03125 0.38179347826086957 0.014266304347826086 0.008831521739130434
0 0.14334239130434784 0.37839673913043476 0.012228260869565218 0.008152173913043478
0 0.13654891304347827 0.37907608695652173 0.012228260869565218 0.008152173913043478
0 0.12839673913043478 0.3797554347826087 0.014266304347826086 0.009510869565217392
0 0.12839673913043478 0.3811141304347826 0.014945652173913044 0.010190217391304348
0 0.15353260869565216 0.3736413043478261 0.009510869565217392 0.006114130434782609
0 0.1610054347826087 0.37160326086956524 0.008831521739130434 0.006114130434782609
0 0.015625 0.3851902173913043 0.014266304347826086 0.009510869565217392
0 0.004076086956521739 0.3851902173913043 0.008152173913043478 0.009510869565217392
0 0.001358695652173913 0.37907608695652173 0.002717391304347826 0.008152173913043478