0 0.006114130434782609 0.9347826086956522 0.012228260869565218 0.021739130434782608
0 0.004076086956521739 0.8777173913043478 0.008152173913043478 0.020380434782608696
0 0.016983695652173912 0.7635869565217391 0.010190217391304348 0.010190217391304348
0 0.002717391304347826 0.7370923913043478 0.005434782608695652 0.009510869565217392
0 0.016983695652173912 0.734375 0.010190217391304348 0.010190217391304348
0 0.026494565217391304 0.7316576086956522 0.010869565217391304 0.01154891304347826
0 0.019021739130434784 0.7153532608695652 0.01154891304347826 0.01154891304347826
0 0.004755434782608696 0.7072010869565217 0.009510869565217392 0.010190217391304348
0 0.14198369565217392 0.6684782608695652 0.008152173913043478 0.008152173913043478
0 0.13043478260869565 0.6820652173913043 0.009510869565217392 0.008831521739130434
0 0.16983695652173914 0.701766304347826 0.010869565217391304 0.010190217391304348
0 0.12635869565217392 0.6956521739130435 0.01154891304347826 0.01154891304347826
0 0.08016304347826086 0.6895380434782609 0.008831521739130434 0.008831521739130434
0 0.07744565217391304 0.7296195652173914 0.010869565217391304 0.010190217391304348
0 0.10665760869565218 0.7207880434782609 0.01154891304347826 0.01154891304347826
0 0.14130434782608695 0.7350543478260869 0.01154891304347826 0.01154891304347826
0 0.21263586956521738 0.6997282608695652 0.010869565217391304 0.010190217391304348
0 0.24388586956521738 0.6922554347826086 0.010190217391304348 0.010190217391304348
0 0.2262228260869565 0.670516304347826 0.008831521739130434 0.008152173913043478
0 0.23980978260869565 0.6582880434782609 0.010190217391304348 0.009510869565217392
0 0.26154891304347827 0.6684782608695652 0.008831521739130434 0.008152173913043478
0 0.28396739130434784 0.6528532608695652 0.008831521739130434 0.008152173913043478
0 0.2703804347826087 0.6963315217391305 0.008831521739130434 0.009510869565217392
0 0.281929347826087 0.7785326086956522 0.01358695652173913 0.01358695652173913
0 0.22486413043478262 0.7479619565217391 0.010869565217391304 0.010190217391304348
0 0.22282608695652173 0.7350543478260869 0.01154891304347826 0.01154891304347826
0 0.06725543478260869 0.7744565217391305 0.01154891304347826 0.01154891304347826
0 0.12228260869565218 0.78125 0.01358695652173913 0.012228260869565218
0 0.29483695652173914 0.8342391304347826 0.01358695652173913 0.014945652173913044
0 0.2642663043478261 0.8546195652173914 0.01358695652173913 0.015625
0 0.2907608695652174 0.9707880434782609 0.014945652173913044 0.017663043478260868
0 0.3016304347826087 0.9952445652173914 0.025135869565217392 0.008152173913043478
0 0.5591032608695652 0.9660326086956522 0.01358695652173913 0.017663043478260868
0 0.3695652173913043 0.8145380434782609 0.01358695652173913 0.014945652173913044
0 0.389945652173913 0.8029891304347826 0.01358695652173913 0.01358695652173913
0 0.3736413043478261 0.7948369565217391 0.014945652173913044 0.014945652173913044
0 0.40353260869565216 0.8091032608695652 0.01358695652173913 0.01358695652173913
0 0.4429347826086957 0.7894021739130435 0.010190217391304348 0.010190217391304348
0 0.47554347826086957 0.796875 0.01154891304347826 0.014945652173913044
0 0.46671195652173914 0.7839673913043478 0.01154891304347826 0.01154891304347826
0 0.5489130434782609 0.7948369565217391 0.01154891304347826 0.014945652173913044
0 0.5625 0.7547554347826086 0.012907608695652174 0.01154891304347826
0 0.5020380434782609 0.7370923913043478 0.01154891304347826 0.010190217391304348
0 0.49184782608695654 0.7391304347826086 0.010869565217391304 0.010190217391304348
0 0.43342391304347827 0.7377717391304348 0.01154891304347826 0.012907608695652174
0 0.4470108695652174 0.7160326086956522 0.01154891304347826 0.01154891304347826
0 0.47078804347826086 0.7099184782608695 0.010869565217391304 0.01154891304347826
0 0.3763586956521739 0.7167119565217391 0.010869565217391304 0.010190217391304348
0 0.35122282608695654 0.6745923913043478 0.009510869565217392 0.010190217391304348
0 0.3498641304347826 0.6521739130434783 0.008831521739130434 0.008152173913043478
0 0.38383152173913043 0.6542119565217391 0.008831521739130434 0.009510869565217392
0 0.37907608695652173 0.6745923913043478 0.009510869565217392 0.008831521739130434
0 0.5115489130434783 0.6508152173913043 0.010190217391304348 0.010190217391304348
0 0.5210597826086957 0.673233695652174 0.010190217391304348 0.010190217391304348
0 0.5427989130434783 0.6725543478260869 0.010869565217391304 0.012228260869565218
0 0.5380434782608695 0.657608695652174 0.009510869565217392 0.008152173913043478
0 0.5686141304347826 0.6677989130434783 0.010190217391304348 0.009510869565217392
0 0.626358695652174 0.6426630434782609 0.006793478260869565 0.008152173913043478
0 0.59375 0.6433423913043478 0.008152173913043478 0.008152173913043478
0 0.65625 0.6644021739130435 0.008152173913043478 0.008152173913043478
0 0.6759510869565217 0.6786684782608695 0.009510869565217392 0.009510869565217392
0 0.6644021739130435 0.6773097826086957 0.008831521739130434 0.008831521739130434
0 0.6820652173913043 0.6915760869565217 0.010869565217391304 0.010190217391304348
0 0.6902173913043478 0.6976902173913043 0.010869565217391304 0.010190217391304348
0 0.7010869565217391 0.686141304347826 0.010190217391304348 0.009510869565217392
0 0.71875 0.6786684782608695 0.009510869565217392 0.008831521739130434
0 0.7282608695652174 0.6827445652173914 0.008831521739130434 0.008831521739130434
0 0.7411684782608695 0.6847826086956522 0.010190217391304348 0.010190217391304348
0 0.7411684782608695 0.7004076086956522 0.009510869565217392 0.010190217391304348
0 0.735733695652174 0.7167119565217391 0.010869565217391304 0.010190217391304348
0 0.7377717391304348 0.7262228260869565 0.010869565217391304 0.010190217391304348
0 0.7255434782608695 0.7364130434782609 0.010190217391304348 0.01154891304347826
0 0.7228260869565217 0.7547554347826086 0.012907608695652174 0.012907608695652174
0 0.734375 0.7574728260869565 0.010869565217391304 0.010190217391304348
0 0.7459239130434783 0.7527173913043478 0.010869565217391304 0.010190217391304348
0 0.6073369565217391 0.7574728260869565 0.01358695652173913 0.014945652173913044
0 0.6324728260869565 0.7744565217391305 0.01358695652173913 0.012907608695652174
0 0.766983695652174 0.6739130434782609 0.010869565217391304 0.010190217391304348
0 0.7635869565217391 0.6447010869565217 0.009510869565217392 0.008152173913043478
0 0.7479619565217391 0.6494565217391305 0.008831521739130434 0.008152173913043478
0 0.7995923913043478 0.6752717391304348 0.008831521739130434 0.008152173913043478
0 0.7880434782608695 0.7846467391304348 0.015625 0.015625
0 0.6942934782608695 0.8002717391304348 0.01358695652173913 0.01358695652173913
0 0.6630434782608695 0.8070652173913043 0.016304347826086956 0.014945652173913044
0 0.7547554347826086 0.813858695652174 0.016304347826086956 0.016983695652173912
0 0.7785326086956522 0.811141304347826 0.015625 0.015625
0 0.6739130434782609 0.8933423913043478 0.021059782608695652 0.021059782608695652
0 0.626358695652174 0.9089673913043478 0.01970108695652174 0.01970108695652174
0 0.720108695652174 0.9055706521739131 0.017663043478260868 0.018342391304347828
0 0.9572010869565217 0.9035326086956522 0.020380434782608696 0.021059782608695652
0 0.9735054347826086 0.9816576086956522 0.030570652173913044 0.02309782608695652
0 0.9891304347826086 0.6460597826086957 0.008152173913043478 0.008152173913043478
0 0.01970108695652174 0.9347826086956522 0.021739130434782608 0.016304347826086956
0 0.029211956521739132 0.9150815217391305 0.021739130434782608 0.016304347826086956
0 0.015625 0.8620923913043478 0.019021739130434784 0.014266304347826086
0 0.025135869565217392 0.8586956521739131 0.019021739130434784 0.01358695652173913
0 0.0033967391304347825 0.6800271739130435 0.006114130434782609 0.008152173913043478
0 0.03125 0.6854619565217391 0.010869565217391304 0.008152173913043478
0 0.002717391304347826 0.6277173913043478 0.005434782608695652 0.006793478260869565
0 0.0006793478260869565 0.6283967391304348 0.001358695652173913 0.006793478260869565
0 0.004076086956521739 0.6365489130434783 0.008152173913043478 0.006793478260869565
0 0.11820652173913043 0.6711956521739131 0.009510869565217392 0.006793478260869565
0 0.16236413043478262 0.6752717391304348 0.010869565217391304 0.008152173913043478
0 0.16576086956521738 0.6664402173913043 0.010190217391304348 0.007472826086956522
0 0.17730978260869565 0.6841032608695652 0.010869565217391304 0.008152173913043478
0 0.057744565217391304 0.7010869565217391 0.012228260869565218 0.008831521739130434
0 0.20991847826086957 0.7078804347826086 0.012228260869565218 0.008831521739130434
0 0.24116847826086957 0.7058423913043478 0.01154891304347826 0.008831521739130434
0 0.28532608695652173 0.7024456521739131 0.01154891304347826 0.008152173913043478
0 0.29483695652173914 0.7010869565217391 0.01154891304347826 0.008831521739130434
0 0.3063858695652174 0.6616847826086957 0.010190217391304348 0.008152173913043478
0 0.3063858695652174 0.6691576086956522 0.010190217391304348 0.008152173913043478
0 0.31997282608695654 0.6990489130434783 0.010869565217391304 0.008152173913043478
0 0.29483695652173914 0.7527173913043478 0.01358695652173913 0.010190217391304348
0 0.043478260869565216 0.7751358695652174 0.01358695652173913 0.010190217391304348
0 0.14945652173913043 0.779891304347826 0.014266304347826086 0.010190217391304348
0 0.17866847826086957 0.779891304347826 0.014945652173913044 0.01154891304347826
0 0.2758152173913043 0.8206521739130435 0.016304347826086956 0.012228260869565218
0 0.250679347826087 0.8254076086956522 0.016304347826086956 0.012907608695652174
0 0.20380434782608695 0.8254076086956522 0.016304347826086956 0.012228260869565218
0 0.19157608695652173 0.8342391304347826 0.016983695652173912 0.012907608695652174
0 0.1358695652173913 0.8383152173913043 0.019021739130434784 0.014266304347826086
0 0.1671195652173913 0.8525815217391305 0.017663043478260868 0.012907608695652174
0 0.1610054347826087 0.8559782608695652 0.019021739130434784 0.014945652173913044
0 0.10190217391304347 0.8478260869565217 0.018342391304347828 0.01358695652173913
0 0.05502717391304348 0.8403532608695652 0.017663043478260868 0.01358695652173913
0 0.21263586956521738 0.9042119565217391 0.018342391304347828 0.01358695652173913
0 0.24456521739130435 0.9959239130434783 0.021739130434782608 0.008152173913043478
0 0.34171195652173914 0.9463315217391305 0.019021739130434784 0.014266304347826086
0 0.3186141304347826 0.9069293478260869 0.017663043478260868 0.01358695652173913
0 0.43953804347826086 0.9021739130434783 0.017663043478260868 0.012907608695652174
0 0.44633152173913043 0.9952445652173914 0.021059782608695652 0.008831521739130434
0 0.48029891304347827 0.9619565217391305 0.020380434782608696 0.015625
0 0.3546195652173913 0.8179347826086957 0.015625 0.012228260869565218
0 0.4273097826086957 0.8206521739130435 0.015625 0.01154891304347826
0 0.42391304347826086 0.8131793478260869 0.014945652173913044 0.01154891304347826
0 0.4279891304347826 0.7961956521739131 0.014945652173913044 0.01154891304347826
0 0.4008152173913043 0.78125 0.014266304347826086 0.01154891304347826
0 0.37092391304347827 0.7404891304347826 0.01358695652173913 0.010190217391304348
0 0.4673913043478261 0.7771739130434783 0.01358695652173913 0.010190217391304348
0 0.48029891304347827 0.7690217391304348 0.01358695652173913 0.010190217391304348
0 0.49796195652173914 0.8091032608695652 0.014945652173913044 0.01154891304347826
0 0.47282608695652173 0.8376358695652174 0.018342391304347828 0.014266304347826086
0 0.5149456521739131 0.7914402173913043 0.014266304347826086 0.010869565217391304
0 0.5135869565217391 0.7832880434782609 0.01358695652173913 0.010190217391304348
0 0.5115489130434783 0.7751358695652174 0.01358695652173913 0.010190217391304348
0 0.49116847826086957 0.7595108695652174 0.01358695652173913 0.010190217391304348
0 0.5509510869565217 0.8091032608695652 0.016983695652173912 0.012228260869565218
0 0.532608695652174 0.8335597826086957 0.014266304347826086 0.01154891304347826
0 0.5543478260869565 0.8403532608695652 0.018342391304347828 0.014266304347826086
0 0.39266304347826086 0.6997282608695652 0.012228260869565218 0.008831521739130434
0 0.3376358695652174 0.6976902173913043 0.010869565217391304 0.008831521739130434
0 0.33695652173913043 0.6834239130434783 0.010869565217391304 0.008152173913043478
0 0.3845108695652174 0.6657608695652174 0.010190217391304348 0.008152173913043478
0 0.5122282608695652 0.6793478260869565 0.01154891304347826 0.008831521739130434
0 0.5149456521739131 0.7105978260869565 0.012228260869565218 0.009510869565217392
0 0.5407608695652174 0.6820652173913043 0.01154891304347826 0.008831521739130434
0 0.5448369565217391 0.6623641304347826 0.010869565217391304 0.008152173913043478
0 0.5434782608695652 0.6535326086956522 0.010190217391304348 0.008152173913043478
0 0.5584239130434783 0.6508152173913043 0.009510869565217392 0.007472826086956522
0 0.5618206521739131 0.6603260869565217 0.010190217391304348 0.008152173913043478
0 0.5625 0.6752717391304348 0.012228260869565218 0.008831521739130434
0 0.563858695652174 0.6827445652173914 0.01154891304347826 0.008831521739130434
0 0.5754076086956522 0.6555706521739131 0.009510869565217392 0.008152173913043478
0 0.6168478260869565 0.6739130434782609 0.010869565217391304 0.008152173913043478
0 0.6331521739130435 0.6766304347826086 0.010869565217391304 0.008152173913043478
0 0.6324728260869565 0.6902173913043478 0.012228260869565218 0.008831521739130434
0 0.6182065217391305 0.6895380434782609 0.01154891304347826 0.008831521739130434
0 0.5957880434782609 0.6970108695652174 0.012907608695652174 0.009510869565217392
0 0.6019021739130435 0.6841032608695652 0.01154891304347826 0.008831521739130434
0 0.6120923913043478 0.6983695652173914 0.012907608695652174 0.009510869565217392
0 0.6508152173913043 0.6698369565217391 0.010190217391304348 0.008152173913043478
0 0.6875 0.6902173913043478 0.01154891304347826 0.008831521739130434
0 0.7228260869565217 0.6949728260869565 0.01154891304347826 0.008831521739130434
0 0.7160326086956522 0.7105978260869565 0.012228260869565218 0.008831521739130434
0 0.6711956521739131 0.7282608695652174 0.012907608695652174 0.009510869565217392
0 0.6413043478260869 0.7377717391304348 0.01358695652173913 0.010190217391304348
0 0.6623641304347826 0.765625 0.014266304347826086 0.01154891304347826
0 0.779891304347826 0.6385869565217391 0.009510869565217392 0.007472826086956522
0 0.7581521739130435 0.7663043478260869 0.014945652173913044 0.01154891304347826
0 0.6154891304347826 0.8158967391304348 0.017663043478260868 0.01358695652173913
0 0.5903532608695652 0.8097826086956522 0.016304347826086956 0.012228260869565218
0 0.6046195652173914 0.7887228260869565 0.015625 0.012228260869565218
0 0.6120923913043478 0.7880434782608695 0.015625 0.012228260869565218
0 0.6915760869565217 0.8566576086956522 0.020380434782608696 0.014945652173913044
0 0.7004076086956522 0.8301630434782609 0.01970108695652174 0.014945652173913044
0 0.8091032608695652 0.8023097826086957 0.017663043478260868 0.012907608695652174
0 0.7975543478260869 0.8254076086956522 0.017663043478260868 0.01358695652173913
0 0.7710597826086957 0.8783967391304348 0.021739130434782608 0.016304347826086956
0 0.6745923913043478 0.8797554347826086 0.021739130434782608 0.016304347826086956
0 0.6229619565217391 0.8926630434782609 0.020380434782608696 0.014945652173913044
0 0.6114130434782609 0.9667119565217391 0.022418478260869564 0.016304347826086956
0 0.7384510869565217 0.9103260869565217 0.022418478260869564 0.016983695652173912
0 0.9096467391304348 0.9069293478260869 0.026494565217391304 0.01970108695652174
0 0.9320652173913043 0.9171195652173914 0.026494565217391304 0.01970108695652174
0 0.9476902173913043 0.8933423913043478 0.025135869565217392 0.018342391304347828
0 0.8512228260869565 0.8559782608695652 0.020380434782608696 0.014945652173913044
0 0.8682065217391305 0.8410326086956522 0.01970108695652174 0.014266304347826086
0 0.8342391304347826 0.8199728260869565 0.018342391304347828 0.014266304347826086
0 0.8743206521739131 0.6582880434782609 0.010190217391304348 0.008152173913043478
0 0.8804347826086957 0.6453804347826086 0.009510869565217392 0.007472826086956522
0 0.8831521739130435 0.639266304347826 0.009510869565217392 0.006793478260869565
0 0.9144021739130435 0.6480978260869565 0.009510869565217392 0.007472826086956522
0 0.9239130434782609 0.6270380434782609 0.009510869565217392 0.006793478260869565
0 0.90625 0.6195652173913043 0.008831521739130434 0.006793478260869565
0 0.9585597826086957 0.6399456521739131 0.009510869565217392 0.006793478260869565