0 0.052309782608695655 0.6637228260869565 0.09375 0.08831521739130435
0 0.14130434782608695 0.7425271739130435 0.09918478260869565 0.09714673913043478
0 0.009510869565217392 0.5278532608695652 0.019021739130434784 0.06385869565217392
0 0.02309782608695652 0.47282608695652173 0.04551630434782609 0.057065217391304345
0 0.01358695652173913 0.40828804347826086 0.02717391304347826 0.04755434782608696
0 0.19429347826086957 0.485054347826087 0.057065217391304345 0.059103260869565216
0 0.1453804347826087 0.5197010869565217 0.06589673913043478 0.06725543478260869
0 0.13654891304347827 0.40421195652173914 0.04891304347826087 0.04823369565217391
0 0.26970108695652173 0.41440217391304346 0.05502717391304348 0.050951086956521736
0 0.25883152173913043 0.6059782608695652 0.07065217391304347 0.06725543478260869
0 0.28464673913043476 0.6711956521739131 0.09171195652173914 0.08831521739130435
0 0.48029891304347827 0.7683423913043478 0.10529891304347826 0.09578804347826086
0 0.484375 0.688858695652174 0.08763586956521739 0.078125
0 0.32472826086956524 0.5523097826086957 0.05298913043478261 0.0625
0 0.3648097826086957 0.4578804347826087 0.06046195652173913 0.05638586956521739
0 0.43002717391304346 0.4422554347826087 0.05502717391304348 0.05298913043478261
0 0.4001358695652174 0.4116847826086957 0.046875 0.04483695652173913
0 0.4266304347826087 0.38722826086956524 0.04483695652173913 0.04008152173913043
0 0.5190217391304348 0.406929347826087 0.050951086956521736 0.04619565217391304
0 0.563858695652174 0.44972826086956524 0.05638586956521739 0.051630434782608696
0 0.5353260869565217 0.5183423913043478 0.07065217391304347 0.06725543478260869
0 0.6480978260869565 0.5855978260869565 0.08152173913043478 0.07472826086956522
0 0.6834239130434783 0.670516304347826 0.08559782608695653 0.08423913043478261
0 0.733016304347826 0.7792119565217391 0.09714673913043478 0.09307065217391304
0 0.8980978260869565 0.6650815217391305 0.09375 0.09307065217391304
0 0.936141304347826 0.5332880434782609 0.07201086956521739 0.06725543478260869
0 0.8743206521739131 0.4633152173913043 0.06861413043478261 0.059103260869565216
0 0.9144021739130435 0.43410326086956524 0.057065217391304345 0.050951086956521736
0 0.9802989130434783 0.4735054347826087 0.036684782608695655 0.057744565217391304
0 0.7900815217391305 0.41032608695652173 0.052309782608695655 0.04551630434782609
0 0.7010869565217391 0.44429347826086957 0.05638586956521739 0.04891304347826087
0 0.6637228260869565 0.40217391304347827 0.052309782608695655 0.04823369565217391
0 0.21195652173913043 0.3851902173913043 0.035326086956521736 0.03260869565217391
0 0.813858695652174 0.37092391304347827 0.050951086956521736 0.04483695652173913
0 0.7866847826086957 0.35054347826086957 0.043478260869565216 0.04008152173913043
0 0.7452445652173914 0.327445652173913 0.04076086956521739 0.03804347826086957
0 0.7078804347826086 0.36820652173913043 0.04891304347826087 0.04823369565217391
0 0.6773097826086957 0.3532608695652174 0.03736413043478261 0.03872282608695652
0 0.6521739130434783 0.3186141304347826 0.04076086956521739 0.03804347826086957
0 0.686141304347826 0.3023097826086957 0.036684782608695655 0.03260869565217391
0 0.673233695652174 0.2758152173913043 0.035326086956521736 0.03328804347826087
0 0.6086956521739131 0.3016304347826087 0.03940217391304348 0.036005434782608696
0 0.5754076086956522 0.28532608695652173 0.03328804347826087 0.03328804347826087
0 0.561141304347826 0.26154891304347827 0.02377717391304348 0.02717391304347826
0 0.639266304347826 0.2642663043478261 0.03125 0.029891304347826088
0 0.6440217391304348 0.21331521739130435 0.025135869565217392 0.02309782608695652
0 0.6012228260869565 0.22758152173913043 0.027853260869565216 0.026494565217391304
0 0.5971467391304348 0.1956521739130435 0.02717391304347826 0.025135869565217392
0 0.5754076086956522 0.20176630434782608 0.025135869565217392 0.025135869565217392
0 0.5122282608695652 0.28872282608695654 0.03940217391304348 0.035326086956521736
0 0.5421195652173914 0.3451086956521739 0.042798913043478264 0.03804347826086957
0 0.5509510869565217 0.37296195652173914 0.04891304347826087 0.041440217391304345
0 0.4422554347826087 0.33967391304347827 0.041440217391304345 0.041440217391304345
0 0.4116847826086957 0.34782608695652173 0.027853260869565216 0.03260869565217391
0 0.39809782608695654 0.30366847826086957 0.036684782608695655 0.035326086956521736
0 0.374320652173913 0.27853260869565216 0.03260869565217391 0.03260869565217391
0 0.3851902173913043 0.24796195652173914 0.027853260869565216 0.02717391304347826
0 0.3695652173913043 0.23573369565217392 0.025135869565217392 0.02309782608695652
0 0.3811141304347826 0.2235054347826087 0.02309782608695652 0.024456521739130436
0 0.4388586956521739 0.23980978260869565 0.027853260869565216 0.02717391304347826
0 0.45991847826086957 0.2642663043478261 0.029211956521739132 0.030570652173913044
0 0.4789402173913043 0.2235054347826087 0.02717391304347826 0.026494565217391304
0 0.4585597826086957 0.20652173913043478 0.025135869565217392 0.026494565217391304
0 0.4585597826086957 0.1875 0.021059782608695652 0.020380434782608696
0 0.44904891304347827 0.16779891304347827 0.019021739130434784 0.019021739130434784
0 0.49320652173913043 0.1637228260869565 0.019021739130434784 0.017663043478260868
0 0.5047554347826086 0.18682065217391305 0.02309782608695652 0.020380434782608696
0 0.5081521739130435 0.20244565217391305 0.02717391304347826 0.025135869565217392
0 0.5509510869565217 0.18410326086956522 0.02309782608695652 0.021739130434782608
0 0.5230978260869565 0.17119565217391305 0.021059782608695652 0.021059782608695652
0 0.5278532608695652 0.13519021739130435 0.019021739130434784 0.017663043478260868
0 0.5135869565217391 0.10665760869565218 0.008152173913043478 0.008831521739130434
0 0.32472826086956524 0.3688858695652174 0.04483695652173913 0.03804347826086957
0 0.327445652173913 0.33491847826086957 0.04076086956521739 0.03804347826086957
0 0.25 0.3702445652173913 0.03328804347826087 0.03260869565217391
0 0.21671195652173914 0.3226902173913043 0.03940217391304348 0.036684782608695655
0 0.3179347826086957 0.2955163043478261 0.035326086956521736 0.03328804347826087
0 0.29008152173913043 0.2758152173913043 0.027853260869565216 0.024456521739130436
0 0.31657608695652173 0.24864130434782608 0.02717391304347826 0.02717391304347826
0 0.2921195652173913 0.23301630434782608 0.02377717391304348 0.024456521739130436
0 0.29008152173913043 0.18817934782608695 0.02309782608695652 0.02309782608695652
0 0.2955163043478261 0.17323369565217392 0.019021739130434784 0.017663043478260868
0 0.35597826086956524 0.17595108695652173 0.01970108695652174 0.017663043478260868
0 0.35190217391304346 0.1922554347826087 0.02309782608695652 0.021739130434782608
0 0.406929347826087 0.17255434782608695 0.02309782608695652 0.021739130434782608
0 0.41983695652173914 0.18885869565217392 0.02309782608695652 0.021059782608695652
0 0.41847826086956524 0.11820652173913043 0.014266304347826086 0.014266304347826086
0 0.3736413043478261 0.11888586956521739 0.01154891304347826 0.014945652173913044
0 0.26766304347826086 0.1800271739130435 0.016983695652173912 0.015625
0 0.2452445652173913 0.17595108695652173 0.016983695652173912 0.016983695652173912
0 0.24796195652173914 0.1983695652173913 0.025135869565217392 0.024456521739130436
0 0.2418478260869565 0.22554347826086957 0.027853260869565216 0.02717391304347826
0 0.21331521739130435 0.2452445652173913 0.029211956521739132 0.026494565217391304
0 0.20176630434782608 0.27853260869565216 0.03328804347826087 0.03192934782608696
0 0.22010869565217392 0.30027173913043476 0.03260869565217391 0.03260869565217391
0 0.12432065217391304 0.36277173913043476 0.04076086956521739 0.03804347826086957
0 0.12771739130434784 0.33695652173913043 0.035326086956521736 0.03192934782608696
0 0.11209239130434782 0.29483695652173914 0.035326086956521736 0.03125
0 0.13654891304347827 0.26766304347826086 0.03125 0.027853260869565216
0 0.1487771739130435 0.25339673913043476 0.02717391304347826 0.02717391304347826
0 0.041440217391304345 0.29483695652173914 0.03328804347826087 0.03328804347826087
0 0.018342391304347828 0.3423913043478261 0.036684782608695655 0.03804347826086957
0 0.012907608695652174 0.37839673913043476 0.025815217391304348 0.035326086956521736
0 0.01970108695652174 0.2642663043478261 0.03125 0.03192934782608696
0 0.007472826086956522 0.24456521739130435 0.014266304347826086 0.026494565217391304
0 0.05570652173913043 0.25679347826086957 0.027853260869565216 0.02717391304347826
0 0.06861413043478261 0.19157608695652173 0.02377717391304348 0.021739130434782608
0 0.025815217391304348 0.18614130434782608 0.025135869565217392 0.025135869565217392
0 0.1297554347826087 0.19633152173913043 0.021059782608695652 0.021059782608695652
0 0.8695652173913043 0.23097826086956522 0.03940217391304348 0.03804347826086957
0 0.907608695652174 0.21875 0.02717391304347826 0.025135869565217392
0 0.9381793478260869 0.22554347826086957 0.027853260869565216 0.026494565217391304
0 0.970108695652174 0.2269021739130435 0.021059782608695652 0.021059782608695652
0 0.9490489130434783 0.19769021739130435 0.029211956521739132 0.025135869565217392
0 0.8743206521739131 0.10258152173913043 0.02309782608695652 0.020380434782608696
0 0.8478260869565217 0.15964673913043478 0.02309782608695652 0.020380434782608696
0 0.8315217391304348 0.17730978260869565 0.025135869565217392 0.02309782608695652
0 0.7934782608695652 0.16915760869565216 0.02309782608695652 0.020380434782608696
0 0.7608695652173914 0.14130434782608695 0.016983695652173912 0.017663043478260868
0 0.7907608695652174 0.11684782608695653 0.016983695652173912 0.016983695652173912
0 0.8858695652173914 0.1800271739130435 0.02377717391304348 0.02309782608695652
0 0.907608695652174 0.16983695652173914 0.021059782608695652 0.021739130434782608
0 0.9422554347826086 0.16032608695652173 0.02309782608695652 0.020380434782608696
0 0.9633152173913043 0.15489130434782608 0.019021739130434784 0.016983695652173912
0 0.9748641304347826 0.16779891304347827 0.01970108695652174 0.021059782608695652
0 0.9932065217391305 0.1637228260869565 0.010190217391304348 0.019021739130434784
0 0.9633152173913043 0.09578804347826086 0.01154891304347826 0.01154891304347826
0 0.9497282608695652 0.06861413043478261 0.01154891304347826 0.01154891304347826
0 0.9144021739130435 0.08220108695652174 0.009510869565217392 0.009510869565217392
0 0.7581521739130435 0.08899456521739131 0.009510869565217392 0.010869565217391304
0 0.7221467391304348 0.10461956521739131 0.008152173913043478 0.009510869565217392
0 0.7038043478260869 0.08016304347826086 0.009510869565217392 0.009510869565217392
0 0.6976902173913043 0.06521739130434782 0.009510869565217392 0.010869565217391304
0 0.6677989130434783 0.03804347826086957 0.008152173913043478 0.006793478260869565
0 0.6569293478260869 0.059782608695652176 0.009510869565217392 0.009510869565217392
0 0.6684782608695652 0.07608695652173914 0.01154891304347826 0.010869565217391304
0 0.65625 0.09986413043478261 0.01154891304347826 0.01154891304347826
0 0.6202445652173914 0.09442934782608696 0.009510869565217392 0.009510869565217392
0 0.6059782608695652 0.08288043478260869 0.009510869565217392 0.009510869565217392
0 0.5971467391304348 0.058423913043478264 0.009510869565217392 0.009510869565217392
0 0.5713315217391305 0.06046195652173913 0.008152173913043478 0.008831521739130434
0 0.5733695652173914 0.09442934782608696 0.009510869565217392 0.010869565217391304
0 0.529891304347826 0.04008152173913043 0.009510869565217392 0.009510869565217392
0 0.5027173913043478 0.042119565217391304 0.008152173913043478 0.009510869565217392
0 0.4898097826086957 0.016983695652173912 0.008152173913043478 0.006793478260869565
0 0.45108695652173914 0.014266304347826086 0.01154891304347826 0.010869565217391304
0 0.39266304347826086 0.01154891304347826 0.009510869565217392 0.009510869565217392
0 0.39402173913043476 0.06046195652173913 0.009510869565217392 0.010869565217391304
0 0.37296195652173914 0.08559782608695653 0.009510869565217392 0.010869565217391304
0 0.15217391304347827 0.13179347826086957 0.015625 0.014945652173913044
0 0.3111413043478261 0.02309782608695652 0.009510869565217392 0.009510869565217392
0 0.34714673913043476 0.012907608695652174 0.008152173913043478 0.008831521739130434
0 0.327445652173913 0.04483695652173913 0.009510869565217392 0.010190217391304348
0 0.344429347826087 0.0625 0.009510869565217392 0.008831521739130434
0 0.3029891304347826 0.06046195652173913 0.009510869565217392 0.009510869565217392
0 0.29891304347826086 0.03872282608695652 0.009510869565217392 0.009510869565217392
0 0.2642663043478261 0.06317934782608696 0.009510869565217392 0.010869565217391304
0 0.2914402173913043 0.10665760869565218 0.01154891304347826 0.01154891304347826
0 0.32404891304347827 0.10869565217391304 0.009510869565217392 0.010869565217391304
0 0.3498641304347826 0.08763586956521739 0.009510869565217392 0.009510869565217392
0 0.26154891304347827 0.09510869565217392 0.01154891304347826 0.01154891304347826
0 0.250679347826087 0.09918478260869565 0.009510869565217392 0.010869565217391304
0 0.09442934782608696 0.16983695652173914 0.016983695652173912 0.016983695652173912
0 0.11005434782608696 0.1793478260869565 0.016983695652173912 0.020380434782608696
0 0.05570652173913043 0.17595108695652173 0.019021739130434784 0.016983695652173912
0 0.036684782608695655 0.17255434782608695 0.016983695652173912 0.017663043478260868
0 0.0033967391304347825 0.17255434782608695 0.006114130434782609 0.017663043478260868
0 0.041440217391304345 0.07948369565217392 0.008152173913043478 0.006793478260869565
0 0.057065217391304345 0.08084239130434782 0.009510869565217392 0.009510869565217392
0 0.08559782608695653 0.09918478260869565 0.009510869565217392 0.009510869565217392
0 0.06317934782608696 0.11413043478260869 0.009510869565217392 0.009510869565217392
0 0.04483695652173913 0.11073369565217392 0.009510869565217392 0.010869565217391304
0 0.03328804347826087 0.12364130434782608 0.01154891304347826 0.01154891304347826
0 0.020380434782608696 0.11413043478260869 0.01154891304347826 0.010869565217391304
0 0.007472826086956522 0.12635869565217392 0.01154891304347826 0.01154891304347826
0 0.002717391304347826 0.11616847826086957 0.005434782608695652 0.009510869565217392
0 0.9510869565217391 0.7690217391304348 0.09782608695652174 0.08423913043478261
0 0.8668478260869565 0.6066576086956522 0.08967391304347826 0.06793478260869565
0 0.6480978260869565 0.24388586956521738 0.03328804347826087 0.024456521739130436
0 0.5244565217391305 0.30910326086956524 0.042798913043478264 0.03125
0 0.4673913043478261 0.2452445652173913 0.03260869565217391 0.024456521739130436
0 0.49184782608695654 0.1793478260869565 0.02377717391304348 0.017663043478260868
0 0.5523097826086957 0.13722826086956522 0.019021739130434784 0.014266304347826086
0 0.592391304347826 0.12160326086956522 0.015625 0.01154891304347826
0 0.2955163043478261 0.2601902173913043 0.03260869565217391 0.024456521739130436
0 0.3070652173913043 0.22554347826086957 0.027853260869565216 0.021739130434782608
0 0.22010869565217392 0.27309782608695654 0.035326086956521736 0.026494565217391304
0 0.15964673913043478 0.18953804347826086 0.02377717391304348 0.017663043478260868
0 0.09510869565217392 0.18410326086956522 0.02309782608695652 0.016983695652173912
0 0.8485054347826086 0.20108695652173914 0.03125 0.02309782608695652
0 0.765625 0.18206521739130435 0.02717391304347826 0.020380434782608696
0 0.9252717391304348 0.15692934782608695 0.019021739130434784 0.014266304347826086
0 0.9612771739130435 0.17323369565217392 0.02377717391304348 0.017663043478260868
0 0.9850543478260869 0.07065217391304347 0.01358695652173913 0.010190217391304348
0 0.9959239130434783 0.09375 0.008152173913043478 0.010869565217391304
0 0.9952445652173914 0.05570652173913043 0.009510869565217392 0.008831521739130434
0 0.8505434782608695 0.06929347826086957 0.009510869565217392 0.006793478260869565
0 0.8199728260869565 0.07676630434782608 0.010190217391304348 0.008152173913043478
0 0.7839673913043478 0.06861413043478261 0.01154891304347826 0.008831521739130434
0 0.7255434782608695 0.09171195652173914 0.01358695652173913 0.010190217391304348
0 0.7105978260869565 0.02717391304347826 0.009510869565217392 0.008152173913043478
0 0.6786684782608695 0.08899456521739131 0.01154891304347826 0.008831521739130434
0 0.6908967391304348 0.10258152173913043 0.012228260869565218 0.008831521739130434
0 0.6351902173913043 0.06114130434782609 0.010190217391304348 0.008831521739130434
0 0.5394021739130435 0.06114130434782609 0.010190217391304348 0.008152173913043478
0 0.5 0.06046195652173913 0.010190217391304348 0.008152173913043478
0 0.35597826086956524 0.10529891304347826 0.01358695652173913 0.010190217391304348
0 0.2262228260869565 0.10326086956521739 0.014266304347826086 0.010190217391304348
0 0.019021739130434784 0.07540760869565218 0.010190217391304348 0.006793478260869565
0 0.12160326086956522 0.11141304347826086 0.012228260869565218 0.009510869565217392
0 0.12635869565217392 0.12432065217391304 0.014266304347826086 0.010869565217391304
0 0.08831521739130435 0.1358695652173913 0.015625 0.01154891304347826