0 0.7289402173913043 0.829483695652174 0.03192934782608696 0.02377717391304348
0 0.27377717391304346 0.8233695652173914 0.025815217391304348 0.02377717391304348
0 0.6684782608695652 0.545516304347826 0.022418478260869564 0.016983695652173912
0 0.5808423913043478 0.8376358695652174 0.03192934782608696 0.026494565217391304
0 0.6351902173913043 0.5224184782608695 0.01970108695652174 0.016983695652173912
0 0.16236413043478262 0.8213315217391305 0.025135869565217392 0.021059782608695652
0 0.4470108695652174 0.8233695652173914 0.026494565217391304 0.02377717391304348
0 0.6623641304347826 0.829483695652174 0.029891304347826088 0.026494565217391304
0 0.5095108695652174 0.5203804347826086 0.018342391304347828 0.017663043478260868
0 0.35529891304347827 0.704483695652174 0.016304347826086956 0.021059782608695652
0 0.15081521739130435 0.5835597826086957 0.016304347826086956 0.016983695652173912
0 0.813858695652174 0.8362771739130435 0.029211956521739132 0.02309782608695652
0 0.8960597826086957 0.5822010869565217 0.018342391304347828 0.018342391304347828
0 0.21467391304347827 0.7099184782608695 0.01970108695652174 0.01970108695652174
0 0.016304347826086956 0.5597826086956522 0.015625 0.016983695652173912
0 0.7635869565217391 0.5230978260869565 0.018342391304347828 0.015625
0 0.6929347826086957 0.281929347826087 0.01154891304347826 0.010869565217391304
0 0.7907608695652174 0.3179347826086957 0.01154891304347826 0.012228260869565218
0 0.45584239130434784 0.2866847826086957 0.010869565217391304 0.010869565217391304
0 0.39945652173913043 0.28940217391304346 0.010869565217391304 0.010869565217391304
0 0.46603260869565216 0.34782608695652173 0.01154891304347826 0.012228260869565218
0 0.499320652173913 0.3498641304347826 0.010190217391304348 0.010869565217391304
0 0.48097826086956524 0.35597826086956524 0.010869565217391304 0.012228260869565218
0 0.515625 0.375679347826087 0.01154891304347826 0.012228260869565218
0 0.5258152173913043 0.3811141304347826 0.01358695652173913 0.01358695652173913
0 0.546875 0.3763586956521739 0.01154891304347826 0.012228260869565218
0 0.5563858695652174 0.4014945652173913 0.014266304347826086 0.012907608695652174
0 0.6032608695652174 0.40964673913043476 0.014266304347826086 0.012907608695652174
0 0.6440217391304348 0.46535326086956524 0.017663043478260868 0.014945652173913044
0 0.6827445652173914 0.4938858695652174 0.018342391304347828 0.015625
0 0.6990489130434783 0.46535326086956524 0.018342391304347828 0.015625
0 0.7167119565217391 0.4904891304347826 0.018342391304347828 0.017663043478260868
0 0.717391304347826 0.516983695652174 0.021059782608695652 0.012907608695652174
0 0.4476902173913043 0.3607336956521739 0.010869565217391304 0.012228260869565218
0 0.4008152173913043 0.343070652173913 0.01154891304347826 0.010869565217391304
0 0.38383152173913043 0.359375 0.01154891304347826 0.012228260869565218
0 0.40217391304347827 0.37092391304347827 0.012907608695652174 0.012228260869565218
0 0.40828804347826086 0.38858695652173914 0.012907608695652174 0.01358695652173913
0 0.42934782608695654 0.37703804347826086 0.010190217391304348 0.010869565217391304
0 0.4476902173913043 0.3892663043478261 0.01154891304347826 0.012907608695652174
0 0.46535326086956524 0.37839673913043476 0.01154891304347826 0.012228260869565218
0 0.483695652173913 0.38858695652173914 0.012907608695652174 0.01358695652173913
0 0.4741847826086957 0.4048913043478261 0.014266304347826086 0.014266304347826086
0 0.5122282608695652 0.40828804347826086 0.014945652173913044 0.014945652173913044
0 0.5360054347826086 0.4232336956521739 0.014266304347826086 0.01358695652173913
0 0.5563858695652174 0.453125 0.016304347826086956 0.014266304347826086
0 0.5360054347826086 0.46467391304347827 0.017663043478260868 0.015625
0 0.6127717391304348 0.4945652173913043 0.017663043478260868 0.015625
0 0.5074728260869565 0.45584239130434784 0.015625 0.014266304347826086
0 0.46195652173913043 0.44565217391304346 0.015625 0.016983695652173912
0 0.45108695652173914 0.43342391304347827 0.015625 0.014266304347826086
0 0.4273097826086957 0.40828804347826086 0.014945652173913044 0.015625
0 0.3960597826086957 0.3960597826086957 0.01358695652173913 0.012907608695652174
0 0.40353260869565216 0.436820652173913 0.016304347826086956 0.016983695652173912
0 0.43342391304347827 0.4673913043478261 0.016304347826086956 0.014945652173913044
0 0.453804347826087 0.49184782608695654 0.014945652173913044 0.014945652173913044
0 0.5027173913043478 0.49184782608695654 0.017663043478260868 0.018342391304347828
0 0.3342391304347826 0.31589673913043476 0.010869565217391304 0.010869565217391304
0 0.3607336956521739 0.35733695652173914 0.010869565217391304 0.012228260869565218
0 0.3376358695652174 0.33695652173913043 0.01154891304347826 0.012228260869565218
0 0.3688858695652174 0.3695652173913043 0.01358695652173913 0.01358695652173913
0 0.37160326086956524 0.38722826086956524 0.014945652173913044 0.014266304347826086
0 0.3919836956521739 0.421875 0.014266304347826086 0.01358695652173913
0 0.264945652173913 0.31589673913043476 0.01154891304347826 0.012228260869565218
0 0.20855978260869565 0.3233695652173913 0.01154891304347826 0.010869565217391304
0 0.28872282608695654 0.344429347826087 0.01358695652173913 0.014266304347826086
0 0.27921195652173914 0.35597826086956524 0.01358695652173913 0.012228260869565218
0 0.311820652173913 0.3607336956521739 0.01358695652173913 0.012907608695652174
0 0.3233695652173913 0.38315217391304346 0.014266304347826086 0.012907608695652174
0 0.34171195652173914 0.406929347826087 0.015625 0.016304347826086956
0 0.30910326086956524 0.4279891304347826 0.016304347826086956 0.015625
0 0.359375 0.438179347826087 0.018342391304347828 0.016304347826086956
0 0.3736413043478261 0.45516304347826086 0.018342391304347828 0.016304347826086956
0 0.38247282608695654 0.4701086956521739 0.015625 0.014945652173913044
0 0.3451086956521739 0.49184782608695654 0.01970108695652174 0.016983695652173912
0 0.22418478260869565 0.35190217391304346 0.012907608695652174 0.010869565217391304
0 0.20855978260869565 0.375679347826087 0.01358695652173913 0.012228260869565218
0 0.250679347826087 0.3763586956521739 0.015625 0.014266304347826086
0 0.25271739130434784 0.3967391304347826 0.014266304347826086 0.012228260869565218
0 0.20855978260869565 0.40896739130434784 0.015625 0.014266304347826086
0 0.21671195652173914 0.4279891304347826 0.016304347826086956 0.015625
0 0.2669836956521739 0.4476902173913043 0.014945652173913044 0.014945652173913044
0 0.21671195652173914 0.44904891304347827 0.014945652173913044 0.014266304347826086
0 0.22078804347826086 0.47282608695652173 0.016304347826086956 0.014945652173913044
0 0.27445652173913043 0.469429347826087 0.014945652173913044 0.014266304347826086
0 0.28396739130434784 0.5006793478260869 0.018342391304347828 0.016304347826086956
0 0.28532608695652173 0.5217391304347826 0.018342391304347828 0.015625
0 0.23369565217391305 0.5190217391304348 0.018342391304347828 0.016983695652173912
0 0.17391304347826086 0.5278532608695652 0.017663043478260868 0.015625
0 0.13790760869565216 0.5407608695652174 0.014266304347826086 0.012228260869565218
0 0.14741847826086957 0.49252717391304346 0.015625 0.014945652173913044
0 0.17866847826086957 0.4904891304347826 0.018342391304347828 0.01970108695652174
0 0.19633152173913043 0.47690217391304346 0.015625 0.015625
0 0.16168478260869565 0.4470108695652174 0.015625 0.016983695652173912
0 0.10461956521739131 0.46127717391304346 0.015625 0.016304347826086956
0 0.13179347826086957 0.44021739130434784 0.015625 0.014945652173913044
0 0.12839673913043478 0.4266304347826087 0.014945652173913044 0.014266304347826086
0 0.17051630434782608 0.40896739130434784 0.015625 0.016304347826086956
0 0.13451086956521738 0.40421195652173914 0.014945652173913044 0.015625
0 0.12228260869565218 0.37907608695652173 0.01358695652173913 0.01358695652173913
0 0.13926630434782608 0.374320652173913 0.01154891304347826 0.012228260869565218
0 0.17527173913043478 0.3804347826086957 0.01358695652173913 0.01358695652173913
0 0.16644021739130435 0.3641304347826087 0.01154891304347826 0.012228260869565218
0 0.17527173913043478 0.34782608695652173 0.012907608695652174 0.012228260869565218
0 0.15489130434782608 0.3179347826086957 0.01154891304347826 0.012228260869565218
0 0.13179347826086957 0.35529891304347827 0.01358695652173913 0.012228260869565218
0 0.078125 0.31997282608695654 0.01154891304347826 0.012228260869565218
0 0.08627717391304347 0.3532608695652174 0.01154891304347826 0.012228260869565218
0 0.0625 0.3485054347826087 0.01154891304347826 0.012228260869565218
0 0.0625 0.359375 0.012907608695652174 0.012228260869565218
0 0.08763586956521739 0.37092391304347827 0.01154891304347826 0.012228260869565218
0 0.08423913043478261 0.3967391304347826 0.012907608695652174 0.014266304347826086
0 0.04551630434782609 0.375679347826087 0.01154891304347826 0.012907608695652174
0 0.050271739130434784 0.40217391304347827 0.012907608695652174 0.01358695652173913
0 0.07540760869565218 0.4544836956521739 0.01358695652173913 0.014266304347826086
0 0.07201086956521739 0.47078804347826086 0.014945652173913044 0.016983695652173912
0 0.06725543478260869 0.49592391304347827 0.015625 0.016304347826086956
0 0.036005434782608696 0.4279891304347826 0.014266304347826086 0.014945652173913044
0 0.012228260869565218 0.484375 0.014945652173913044 0.015625
0 0.009510869565217392 0.5183423913043478 0.015625 0.015625
0 0.3138586956521739 0.703125 0.020380434782608696 0.01970108695652174
0 0.5801630434782609 0.720108695652174 0.026494565217391304 0.021059782608695652
0 0.18885869565217392 0.7561141304347826 0.024456521739130436 0.019021739130434784
0 0.07201086956521739 0.7730978260869565 0.025135869565217392 0.01970108695652174
0 0.9741847826086957 0.7139945652173914 0.026494565217391304 0.021059782608695652
0 0.5869565217391305 0.5726902173913043 0.022418478260869564 0.017663043478260868
0 0.5258152173913043 0.3688858695652174 0.01358695652173913 0.010869565217391304
0 0.5665760869565217 0.3953804347826087 0.014945652173913044 0.012228260869565218
0 0.5876358695652174 0.421875 0.016304347826086956 0.012907608695652174
0 0.6127717391304348 0.44157608695652173 0.016983695652173912 0.012907608695652174
0 0.640625 0.43410326086956524 0.016304347826086956 0.012907608695652174
0 0.6603260869565217 0.44565217391304346 0.017663043478260868 0.01358695652173913
0 0.41372282608695654 0.3546195652173913 0.01358695652173913 0.010190217391304348
0 0.59375 0.47078804347826086 0.018342391304347828 0.01358695652173913
0 0.563858695652174 0.484375 0.018342391304347828 0.014945652173913044
0 0.501358695652174 0.436820652173913 0.016983695652173912 0.01358695652173913
0 0.4701086956521739 0.5217391304347826 0.019021739130434784 0.014945652173913044
0 0.3654891304347826 0.3423913043478261 0.01358695652173913 0.010869565217391304
0 0.2914402173913043 0.38722826086956524 0.016304347826086956 0.012907608695652174
0 0.31046195652173914 0.41440217391304346 0.016983695652173912 0.01358695652173913
0 0.327445652173913 0.45040760869565216 0.018342391304347828 0.014945652173913044
0 0.33559782608695654 0.47146739130434784 0.018342391304347828 0.014945652173913044
0 0.4001358695652174 0.4952445652173913 0.018342391304347828 0.014945652173913044
0 0.3702445652173913 0.5190217391304348 0.018342391304347828 0.014945652173913044
0 0.41372282608695654 0.516983695652174 0.019021739130434784 0.015625
0 0.3797554347826087 0.5516304347826086 0.01970108695652174 0.015625
0 0.20244565217391305 0.36141304347826086 0.014266304347826086 0.01154891304347826
0 0.25883152173913043 0.42934782608695654 0.016983695652173912 0.012907608695652174
0 0.24592391304347827 0.43002717391304346 0.016983695652173912 0.01358695652173913
0 0.22894021739130435 0.4891304347826087 0.018342391304347828 0.014945652173913044
0 0.23980978260869565 0.548233695652174 0.017663043478260868 0.014266304347826086
0 0.12364130434782608 0.5054347826086957 0.017663043478260868 0.014266304347826086
0 0.18478260869565216 0.42934782608695654 0.016983695652173912 0.01358695652173913
0 0.08152173913043478 0.37839673913043476 0.014266304347826086 0.010869565217391304
0 0.03736413043478261 0.4110054347826087 0.015625 0.012228260869565218
0 0.09239130434782608 0.41440217391304346 0.015625 0.012228260869565218
0 0.07336956521739131 0.43478260869565216 0.016304347826086956 0.012907608695652174
0 0.033967391304347824 0.44497282608695654 0.016304347826086956 0.012907608695652174
0 0.02377717391304348 0.46059782608695654 0.016983695652173912 0.01358695652173913
0 0.05638586956521739 0.5203804347826086 0.017663043478260868 0.01358695652173913
0 0.0020380434782608695 0.39334239130434784 0.004076086956521739 0.012228260869565218
0 0.008152173913043478 0.37771739130434784 0.014266304347826086 0.01154891304347826
0 0.2866847826086957 0.5842391304347826 0.01970108695652174 0.016304347826086956
0 0.4517663043478261 0.5754076086956522 0.022418478260869564 0.017663043478260868
0 0.4891304347826087 0.7894021739130435 0.027853260869565216 0.021739130434782608
0 0.5910326086956522 0.6800271739130435 0.025815217391304348 0.021059782608695652
0 0.578125 0.514266304347826 0.01970108695652174 0.015625
0 0.7792119565217391 0.7078804347826086 0.026494565217391304 0.021059782608695652
0 0.9945652173913043 0.6942934782608695 0.010869565217391304 0.021059782608695652