0 0.4123641304347826 0.12771739130434784 0.017663043478260868 0.016304347826086956
0 0.30502717391304346 0.12771739130434784 0.016983695652173912 0.016304347826086956
0 0.281929347826087 0.13790760869565216 0.018342391304347828 0.016983695652173912
0 0.516983695652174 0.13179347826086957 0.018342391304347828 0.019021739130434784
0 0.9966032608695652 0.109375 0.006793478260869565 0.017663043478260868
0 0.9252717391304348 0.2642663043478261 0.033967391304347824 0.029211956521739132
0 0.8308423913043478 0.22282608695652173 0.021739130434782608 0.025135869565217392
0 0.8648097826086957 0.18478260869565216 0.025815217391304348 0.02309782608695652
0 0.8824728260869565 0.15692934782608695 0.025135869565217392 0.024456521739130436
0 0.9266304347826086 0.17119565217391305 0.025135869565217392 0.02377717391304348
0 0.983016304347826 0.18138586956521738 0.027853260869565216 0.026494565217391304
0 0.9483695652173914 0.22010869565217392 0.028532608695652172 0.02717391304347826
0 0.7676630434782609 0.19904891304347827 0.018342391304347828 0.016983695652173912
0 0.717391304347826 0.21942934782608695 0.02309782608695652 0.020380434782608696
0 0.6474184782608695 0.18138586956521738 0.01970108695652174 0.019021739130434784
0 0.6711956521739131 0.24456521739130435 0.022418478260869564 0.020380434782608696
0 0.6032608695652174 0.19904891304347827 0.022418478260869564 0.01970108695652174
0 0.579483695652174 0.20652173913043478 0.017663043478260868 0.016983695652173912
0 0.5597826086956522 0.20380434782608695 0.021739130434782608 0.01970108695652174
0 0.532608695652174 0.20923913043478262 0.021059782608695652 0.019021739130434784
0 0.5230978260869565 0.23505434782608695 0.022418478260869564 0.021739130434782608
0 0.49320652173913043 0.234375 0.021059782608695652 0.020380434782608696
0 0.468070652173913 0.20923913043478262 0.018342391304347828 0.015625
0 0.375679347826087 0.2452445652173913 0.019021739130434784 0.016304347826086956
0 0.39877717391304346 0.23369565217391305 0.016983695652173912 0.016304347826086956
0 0.4164402173913043 0.23505434782608695 0.021059782608695652 0.018342391304347828
0 0.41304347826086957 0.20855978260869565 0.020380434782608696 0.01970108695652174
0 0.38247282608695654 0.2112771739130435 0.01970108695652174 0.017663043478260868
0 0.33084239130434784 0.23641304347826086 0.021059782608695652 0.020380434782608696
0 0.30910326086956524 0.23029891304347827 0.01970108695652174 0.017663043478260868
0 0.2595108695652174 0.23777173913043478 0.020380434782608696 0.019021739130434784
0 0.2425271739130435 0.24388586956521738 0.01970108695652174 0.017663043478260868
0 0.20448369565217392 0.2425271739130435 0.01970108695652174 0.01970108695652174
0 0.15217391304347827 0.20652173913043478 0.020380434782608696 0.018342391304347828
0 0.11073369565217392 0.20584239130434784 0.020380434782608696 0.018342391304347828
0 0.035326086956521736 0.2425271739130435 0.017663043478260868 0.016983695652173912
0 0.0006793478260869565 0.34375 0.0006793478260869565 0.022418478260869564
0 0.006114130434782609 0.3654891304347826 0.012228260869565218 0.024456521739130436
0 0.022418478260869564 0.37907608695652173 0.02717391304347826 0.02377717391304348
0 0.07540760869565218 0.37907608695652173 0.02717391304347826 0.025135869565217392
0 0.09510869565217392 0.34035326086956524 0.025135869565217392 0.021739130434782608
0 0.12771739130434784 0.3695652173913043 0.026494565217391304 0.027853260869565216
0 0.1358695652173913 0.344429347826087 0.02717391304347826 0.024456521739130436
0 0.1956521739130435 0.344429347826087 0.02377717391304348 0.021739130434782608
0 0.23573369565217392 0.3383152173913043 0.026494565217391304 0.02377717391304348
0 0.20720108695652173 0.3125 0.025135869565217392 0.02309782608695652
0 0.14945652173913043 0.31589673913043476 0.02377717391304348 0.022418478260869564
0 0.12771739130434784 0.28464673913043476 0.02309782608695652 0.01970108695652174
0 0.09171195652173914 0.30910326086956524 0.024456521739130436 0.021739130434782608
0 0.05502717391304348 0.311820652173913 0.020380434782608696 0.019021739130434784
0 0.035326086956521736 0.31657608695652173 0.01970108695652174 0.019021739130434784
0 0.018342391304347828 0.2907608695652174 0.01970108695652174 0.016983695652173912
0 0.07880434782608696 0.28532608695652173 0.01970108695652174 0.019021739130434784
0 0.26222826086956524 0.38654891304347827 0.027853260869565216 0.028532608695652172
0 0.26766304347826086 0.34035326086956524 0.029211956521739132 0.024456521739130436
0 0.33084239130434784 0.37703804347826086 0.02717391304347826 0.026494565217391304
0 0.34646739130434784 0.33627717391304346 0.028532608695652172 0.027853260869565216
0 0.36616847826086957 0.30570652173913043 0.024456521739130436 0.022418478260869564
0 0.405570652173913 0.3077445652173913 0.027853260869565216 0.02717391304347826
0 0.3580163043478261 0.28464673913043476 0.025815217391304348 0.022418478260869564
0 0.3702445652173913 0.3804347826086957 0.028532608695652172 0.025135869565217392
0 0.4517663043478261 0.389945652173913 0.029211956521739132 0.028532608695652172
0 0.47690217391304346 0.390625 0.02717391304347826 0.02717391304347826
0 0.5332880434782609 0.3858695652173913 0.027853260869565216 0.030570652173913044
0 0.5292119565217391 0.3138586956521739 0.029891304347826088 0.02309782608695652
0 0.469429347826087 0.31929347826086957 0.025815217391304348 0.02377717391304348
0 0.4857336956521739 0.2866847826086957 0.025135869565217392 0.024456521739130436
0 0.5665760869565217 0.3389945652173913 0.03125 0.027853260869565216
0 0.5862771739130435 0.3491847826086957 0.027853260869565216 0.027853260869565216
0 0.6875 0.33152173913043476 0.036005434782608696 0.03328804347826087
0 0.6813858695652174 0.29347826086956524 0.029891304347826088 0.025135869565217392
0 0.6365489130434783 0.28804347826086957 0.03260869565217391 0.029211956521739132
0 0.5754076086956522 0.26902173913043476 0.024456521739130436 0.024456521739130436
0 0.7554347826086957 0.2758152173913043 0.027853260869565216 0.024456521739130436
0 0.9667119565217391 0.38722826086956524 0.044157608695652176 0.043478260869565216
0 0.9524456521739131 0.34171195652173914 0.036005434782608696 0.035326086956521736
0 0.9082880434782609 0.3138586956521739 0.03736413043478261 0.03328804347826087
0 0.8063858695652174 0.3063858695652174 0.035326086956521736 0.02717391304347826
0 0.8301630434782609 0.5332880434782609 0.05298913043478261 0.04823369565217391
0 0.8654891304347826 0.49796195652173914 0.03736413043478261 0.035326086956521736
0 0.8240489130434783 0.499320652173913 0.04008152173913043 0.03940217391304348
0 0.6868206521739131 0.5380434782608695 0.050951086956521736 0.04891304347826087
0 0.7112771739130435 0.4388586956521739 0.03260869565217391 0.03940217391304348
0 0.7425271739130435 0.43342391304347827 0.036005434782608696 0.03736413043478261
0 0.7975543478260869 0.43953804347826086 0.03804347826086957 0.03804347826086957
0 0.7771739130434783 0.4008152173913043 0.034646739130434784 0.03125
0 0.9259510869565217 0.46535326086956524 0.036684782608695655 0.035326086956521736
0 0.5502717391304348 0.4470108695652174 0.03260869565217391 0.034646739130434784
0 0.40285326086956524 0.4796195652173913 0.03260869565217391 0.03736413043478261
0 0.359375 0.48029891304347827 0.033967391304347824 0.03940217391304348
0 0.3342391304347826 0.4544836956521739 0.03125 0.030570652173913044
0 0.28328804347826086 0.4232336956521739 0.03125 0.03192934782608696
0 0.2907608695652174 0.516983695652174 0.042798913043478264 0.041440217391304345
0 0.2554347826086957 0.5176630434782609 0.035326086956521736 0.03736413043478261
0 0.22486413043478262 0.4205163043478261 0.029211956521739132 0.030570652173913044
0 0.2139945652173913 0.4171195652173913 0.029891304347826088 0.029891304347826088
0 0.1827445652173913 0.47554347826086957 0.03260869565217391 0.03328804347826087
0 0.15557065217391305 0.41847826086956524 0.029891304347826088 0.029211956521739132
0 0.12296195652173914 0.421195652173913 0.03328804347826087 0.03192934782608696
0 0.08899456521739131 0.41779891304347827 0.029891304347826088 0.025135869565217392
0 0.03328804347826087 0.4171195652173913 0.028532608695652172 0.025135869565217392
0 0.015625 0.5095108695652174 0.03125 0.036684782608695655
0 0.11888586956521739 0.45652173913043476 0.04008152173913043 0.036005434782608696
0 0.020380434782608696 0.6786684782608695 0.04076086956521739 0.057065217391304345
0 0.21739130434782608 0.6990489130434783 0.057744565217391304 0.05434782608695652
0 0.26766304347826086 0.7207880434782609 0.046875 0.05434782608695652
0 0.30910326086956524 0.7377717391304348 0.058423913043478264 0.06657608695652174
0 0.34646739130434784 0.7914402173913043 0.05638586956521739 0.06521739130434782
0 0.3186141304347826 0.6202445652173914 0.02717391304347826 0.04008152173913043
0 0.297554347826087 0.6134510869565217 0.04619565217391304 0.044157608695652176
0 0.10801630434782608 0.563858695652174 0.034646739130434784 0.03872282608695652
0 0.3919836956521739 0.5346467391304348 0.033967391304347824 0.033967391304347824
0 0.4986413043478261 0.5475543478260869 0.042119565217391304 0.04551630434782609
0 0.5448369565217391 0.5509510869565217 0.04755434782608696 0.050951086956521736
0 0.5957880434782609 0.5733695652173914 0.042119565217391304 0.042119565217391304
0 0.6297554347826086 0.6345108695652174 0.052309782608695655 0.05570652173913043
0 0.764266304347826 0.7072010869565217 0.04483695652173913 0.05502717391304348
0 0.6752717391304348 0.6990489130434783 0.04483695652173913 0.058423913043478264
0 0.8940217391304348 0.7887228260869565 0.0625 0.07744565217391304
0 0.9680706521739131 0.6664402173913043 0.04891304347826087 0.059103260869565216
0 0.8478260869565217 0.5801630434782609 0.052309782608695655 0.06182065217391304
0 0.9816576086956522 0.578125 0.036684782608695655 0.05570652173913043
0 0.985733695652174 0.5176630434782609 0.028532608695652172 0.051630434782608696
0 0.7581521739130435 0.6005434782608695 0.04891304347826087 0.052309782608695655
0 0.5122282608695652 0.9572010869565217 0.08220108695652174 0.08288043478260869
0 0.3125 0.9483695652173914 0.10326086956521739 0.08899456521739131
0 0.265625 0.8967391304347826 0.058423913043478264 0.05638586956521739
0 0.327445652173913 0.13519021739130435 0.01970108695652174 0.014945652173913044
0 0.8417119565217391 0.26902173913043476 0.033967391304347824 0.025135869565217392
0 0.829483695652174 0.24796195652173914 0.030570652173913044 0.02309782608695652
0 0.859375 0.2105978260869565 0.029891304347826088 0.022418478260869564
0 0.8947010869565217 0.16779891304347827 0.025815217391304348 0.019021739130434784
0 0.8118206521739131 0.18817934782608695 0.02717391304347826 0.020380434782608696
0 0.782608695652174 0.18342391304347827 0.025135869565217392 0.019021739130434784
0 0.1610054347826087 0.374320652173913 0.03125 0.02309782608695652
0 0.21467391304347827 0.3376358695652174 0.028532608695652172 0.021739130434782608
0 0.16915760869565216 0.28940217391304346 0.025135869565217392 0.019021739130434784
0 0.050951086956521736 0.2873641304347826 0.022418478260869564 0.016983695652173912
0 0.33152173913043476 0.3125 0.029211956521739132 0.021739130434782608
0 0.39809782608695654 0.2860054347826087 0.026494565217391304 0.020380434782608696
0 0.27853260869565216 0.296195652173913 0.02717391304347826 0.020380434782608696
0 0.5217391304347826 0.3498641304347826 0.03192934782608696 0.02377717391304348
0 0.4626358695652174 0.27445652173913043 0.02717391304347826 0.020380434782608696
0 0.6480978260869565 0.33220108695652173 0.034646739130434784 0.025815217391304348
0 0.6793478260869565 0.3111413043478261 0.033967391304347824 0.025135869565217392
0 0.6460597826086957 0.2669836956521739 0.030570652173913044 0.02309782608695652
0 0.8355978260869565 0.3892663043478261 0.042119565217391304 0.03125
0 0.904891304347826 0.389945652173913 0.042119565217391304 0.03125
0 0.701766304347826 0.49796195652173914 0.04891304347826087 0.036684782608695655
0 0.5917119565217391 0.4639945652173913 0.043478260869565216 0.03260869565217391
0 0.6379076086956522 0.43478260869565216 0.03940217391304348 0.029891304347826088
0 0.9884510869565217 0.452445652173913 0.02309782608695652 0.034646739130434784
0 0.37839673913043476 0.41847826086956524 0.034646739130434784 0.025815217391304348
0 0.12024456521739131 0.5115489130434783 0.04076086956521739 0.030570652173913044
0 0.07880434782608696 0.8417119565217391 0.08627717391304347 0.06453804347826086
0 0.15692934782608695 0.8029891304347826 0.08016304347826086 0.06046195652173913
0 0.4952445652173913 0.7112771739130435 0.06317934782608696 0.04755434782608696
0 0.2513586956521739 0.6066576086956522 0.049592391304347824 0.03736413043478261
0 0.16983695652173914 0.5869565217391305 0.04891304347826087 0.036684782608695655
0 0.06182065217391304 0.5658967391304348 0.04755434782608696 0.035326086956521736
0 0.452445652173913 0.5808423913043478 0.04755434782608696 0.035326086956521736
0 0.5869565217391305 0.623641304347826 0.057065217391304345 0.042798913043478264
0 0.8430706521739131 0.7065217391304348 0.06589673913043478 0.049592391304347824
0 0.9334239130434783 0.8865489130434783 0.07744565217391304 0.058423913043478264
0 0.8213315217391305 0.8974184782608695 0.08627717391304347 0.06521739130434782
0 0.7941576086956522 0.9694293478260869 0.09307065217391304 0.06114130434782609