0 0.007472826086956522 0.46059782608695654 0.014266304347826086 0.021739130434782608
0 0.04008152173913043 0.469429347826087 0.03328804347826087 0.02717391304347826
0 0.12228260869565218 0.45991847826086957 0.027853260869565216 0.024456521739130436
0 0.15896739130434784 0.45584239130434784 0.035326086956521736 0.03260869565217391
0 0.1922554347826087 0.46467391304347827 0.016983695652173912 0.016983695652173912
0 0.23777173913043478 0.46195652173913043 0.019021739130434784 0.019021739130434784
0 0.23301630434782608 0.4986413043478261 0.016983695652173912 0.015625
0 0.2717391304347826 0.4701086956521739 0.019021739130434784 0.015625
0 0.32608695652173914 0.49592391304347827 0.016983695652173912 0.016983695652173912
0 0.34103260869565216 0.49592391304347827 0.015625 0.014945652173913044
0 0.33152173913043476 0.4701086956521739 0.015625 0.014945652173913044
0 0.33967391304347827 0.4585597826086957 0.012228260869565218 0.01154891304347826
0 0.29959239130434784 0.45652173913043476 0.016983695652173912 0.014945652173913044
0 0.41508152173913043 0.47690217391304346 0.015625 0.014266304347826086
0 0.3797554347826087 0.4952445652173913 0.016983695652173912 0.014945652173913044
0 0.4266304347826087 0.4938858695652174 0.01970108695652174 0.016983695652173912
0 0.4476902173913043 0.4796195652173913 0.014266304347826086 0.014266304347826086
0 0.46535326086956524 0.46535326086956524 0.015625 0.014266304347826086
0 0.48097826086956524 0.48097826086956524 0.012228260869565218 0.014266304347826086
0 0.4741847826086957 0.4986413043478261 0.019021739130434784 0.014945652173913044
0 0.5224184782608695 0.49252717391304346 0.016983695652173912 0.016983695652173912
0 0.5292119565217391 0.48097826086956524 0.015625 0.014945652173913044
0 0.5434782608695652 0.47282608695652173 0.012228260869565218 0.01154891304347826
0 0.5808423913043478 0.47078804347826086 0.012228260869565218 0.012228260869565218
0 0.5930706521739131 0.4735054347826087 0.012228260869565218 0.01154891304347826
0 0.6039402173913043 0.468070652173913 0.01154891304347826 0.01154891304347826
0 0.6148097826086957 0.47078804347826086 0.012228260869565218 0.012228260869565218
0 0.6433423913043478 0.469429347826087 0.012228260869565218 0.01154891304347826
0 0.563858695652174 0.4945652173913043 0.014266304347826086 0.014266304347826086
0 0.7724184782608695 0.47622282608695654 0.014266304347826086 0.012228260869565218
0 0.8199728260869565 0.469429347826087 0.01154891304347826 0.01154891304347826
0 0.8389945652173914 0.46059782608695654 0.014266304347826086 0.014266304347826086
0 0.8716032608695652 0.4701086956521739 0.012228260869565218 0.014266304347826086
0 0.8879076086956522 0.4748641304347826 0.012228260869565218 0.012228260869565218
0 0.8947010869565217 0.46603260869565216 0.012228260869565218 0.01154891304347826
0 0.9429347826086957 0.47690217391304346 0.012228260869565218 0.012228260869565218
0 0.9524456521739131 0.46671195652173914 0.012228260869565218 0.012228260869565218
0 0.9572010869565217 0.4830163043478261 0.015625 0.014945652173913044
0 0.9993206521739131 0.469429347826087 0.001358695652173913 0.015625
0 0.9932065217391305 0.5319293478260869 0.01358695652173913 0.019021739130434784
0 0.998641304347826 0.5550271739130435 0.0020380434782608695 0.017663043478260868
0 0.9572010869565217 0.6052989130434783 0.05502717391304348 0.05434782608695652
0 0.9490489130434783 0.5835597826086957 0.027853260869565216 0.026494565217391304
0 0.9809782608695652 0.5828804347826086 0.02377717391304348 0.02309782608695652
0 0.967391304347826 0.5536684782608695 0.019021739130434784 0.021739130434782608
0 0.9741847826086957 0.5394021739130435 0.019021739130434784 0.017663043478260868
0 0.951766304347826 0.5244565217391305 0.015625 0.015625
0 0.9402173913043478 0.5360054347826086 0.016983695652173912 0.016983695652173912
0 0.9184782608695652 0.5461956521739131 0.01970108695652174 0.019021739130434784
0 0.9116847826086957 0.5584239130434783 0.02717391304347826 0.021739130434782608
0 0.907608695652174 0.5896739130434783 0.029211956521739132 0.027853260869565216
0 0.8308423913043478 0.5849184782608695 0.04483695652173913 0.04483695652173913
0 0.842391304347826 0.5604619565217391 0.02717391304347826 0.030570652173913044
0 0.8308423913043478 0.5434782608695652 0.016983695652173912 0.017663043478260868
0 0.8573369565217391 0.545516304347826 0.015625 0.014945652173913044
0 0.8702445652173914 0.529891304347826 0.015625 0.015625
0 0.8783967391304348 0.5448369565217391 0.019021739130434784 0.019021739130434784
0 0.8980978260869565 0.53125 0.016983695652173912 0.016983695652173912
0 0.813858695652174 0.5264945652173914 0.016983695652173912 0.015625
0 0.7615489130434783 0.5305706521739131 0.019021739130434784 0.017663043478260868
0 0.7615489130434783 0.5489130434782609 0.02377717391304348 0.024456521739130436
0 0.735733695652174 0.5584239130434783 0.02717391304347826 0.030570652173913044
0 0.7289402173913043 0.5319293478260869 0.015625 0.016983695652173912
0 0.7065217391304348 0.5876358695652174 0.03260869565217391 0.03328804347826087
0 0.6630434782608695 0.5645380434782609 0.03125 0.03192934782608696
0 0.7010869565217391 0.5427989130434783 0.01970108695652174 0.021059782608695652
0 0.670516304347826 0.5400815217391305 0.02309782608695652 0.020380434782608696
0 0.6535326086956522 0.5319293478260869 0.015625 0.017663043478260868
0 0.6331521739130435 0.5346467391304348 0.02377717391304348 0.02309782608695652
0 0.6141304347826086 0.5237771739130435 0.016983695652173912 0.014945652173913044
0 0.5869565217391305 0.545516304347826 0.02717391304347826 0.024456521739130436
0 0.576766304347826 0.5264945652173914 0.021059782608695652 0.017663043478260868
0 0.5434782608695652 0.5360054347826086 0.01970108695652174 0.020380434782608696
0 0.5067934782608695 0.5271739130434783 0.01970108695652174 0.016983695652173912
0 0.5088315217391305 0.5475543478260869 0.025135869565217392 0.021739130434782608
0 0.4891304347826087 0.5380434782608695 0.01970108695652174 0.017663043478260868
0 0.47622282608695654 0.5516304347826086 0.025135869565217392 0.02309782608695652
0 0.47214673913043476 0.5658967391304348 0.03328804347826087 0.03192934782608696
0 0.47690217391304346 0.608016304347826 0.04891304347826087 0.04755434782608696
0 0.5563858695652174 0.576766304347826 0.035326086956521736 0.036005434782608696
0 0.5591032608695652 0.5400815217391305 0.021059782608695652 0.020380434782608696
0 0.47690217391304346 0.5332880434782609 0.015625 0.014945652173913044
0 0.4436141304347826 0.5305706521739131 0.01970108695652174 0.019021739130434784
0 0.405570652173913 0.5353260869565217 0.021059782608695652 0.021059782608695652
0 0.327445652173913 0.5985054347826086 0.04483695652173913 0.03872282608695652
0 0.35733695652173914 0.5550271739130435 0.027853260869565216 0.026494565217391304
0 0.3335597826086957 0.5414402173913043 0.019021739130434784 0.016983695652173912
0 0.28532608695652173 0.5387228260869565 0.021059782608695652 0.017663043478260868
0 0.25407608695652173 0.546875 0.02377717391304348 0.024456521739130436
0 0.3023097826086957 0.5516304347826086 0.02309782608695652 0.021059782608695652
0 0.2921195652173913 0.5672554347826086 0.03125 0.02717391304347826
0 0.31046195652173914 0.576766304347826 0.027853260869565216 0.02717391304347826
0 0.2547554347826087 0.592391304347826 0.036684782608695655 0.036005434782608696
0 0.23301630434782608 0.5529891304347826 0.02717391304347826 0.027853260869565216
0 0.12635869565217392 0.5679347826086957 0.043478260869565216 0.03804347826086957
0 0.04076086956521739 0.6025815217391305 0.04891304347826087 0.03872282608695652
0 0.23777173913043478 0.7302989130434783 0.08763586956521739 0.08423913043478261
0 0.576766304347826 0.7432065217391305 0.10122282608695653 0.10869565217391304
0 0.6413043478260869 0.6630434782608695 0.050951086956521736 0.04891304347826087
0 0.9762228260869565 0.6752717391304348 0.04755434782608696 0.06793478260869565
0 0.9993206521739131 0.6582880434782609 0.001358695652173913 0.06657608695652174
0 0.042119565217391304 0.45040760869565216 0.025815217391304348 0.01970108695652174
0 0.08355978260869565 0.44429347826086957 0.02377717391304348 0.017663043478260868
0 0.14945652173913043 0.46671195652173914 0.027853260869565216 0.021059782608695652
0 0.13926630434782608 0.44904891304347827 0.03125 0.02309782608695652
0 0.23301630434782608 0.4796195652173913 0.02377717391304348 0.017663043478260868
0 0.27309782608695654 0.49116847826086957 0.01970108695652174 0.014945652173913044
0 0.29008152173913043 0.4898097826086957 0.019021739130434784 0.014266304347826086
0 0.2955163043478261 0.5006793478260869 0.019021739130434784 0.014266304347826086
0 0.30570652173913043 0.49252717391304346 0.019021739130434784 0.014266304347826086
0 0.2921195652173913 0.4633152173913043 0.017663043478260868 0.014266304347826086
0 0.3811141304347826 0.469429347826087 0.015625 0.01154891304347826
0 0.40625 0.4796195652173913 0.016983695652173912 0.012228260869565218
0 0.36752717391304346 0.48233695652173914 0.017663043478260868 0.01358695652173913
0 0.44089673913043476 0.46467391304347827 0.015625 0.010869565217391304
0 0.5006793478260869 0.4796195652173913 0.016983695652173912 0.012228260869565218
0 0.5061141304347826 0.46603260869565216 0.014266304347826086 0.01154891304347826
0 0.5964673913043478 0.46671195652173914 0.01358695652173913 0.010869565217391304
0 0.6358695652173914 0.4748641304347826 0.01358695652173913 0.010869565217391304
0 0.9273097826086957 0.4578804347826087 0.014266304347826086 0.010869565217391304
0 0.970108695652174 0.47214673913043476 0.015625 0.01154891304347826
0 0.9252717391304348 0.5373641304347826 0.021059782608695652 0.015625
0 0.9021739130434783 0.5461956521739131 0.02309782608695652 0.016983695652173912
0 0.9184782608695652 0.5550271739130435 0.025815217391304348 0.01970108695652174
0 0.90625 0.5686141304347826 0.027853260869565216 0.021739130434782608
0 0.8403532608695652 0.5353260869565217 0.019021739130434784 0.014266304347826086
0 0.6800271739130435 0.592391304347826 0.03872282608695652 0.029211956521739132
0 0.6868206521739131 0.5536684782608695 0.027853260869565216 0.021059782608695652
0 0.7078804347826086 0.5346467391304348 0.01970108695652174 0.014945652173913044
0 0.7065217391304348 0.5285326086956522 0.016983695652173912 0.01154891304347826
0 0.6942934782608695 0.5237771739130435 0.01358695652173913 0.010190217391304348
0 0.6610054347826086 0.5271739130434783 0.021739130434782608 0.016983695652173912
0 0.4633152173913043 0.5903532608695652 0.04551630434782609 0.03328804347826087
0 0.5998641304347826 0.6120923913043478 0.04551630434782609 0.034646739130434784
0 0.48777173913043476 0.5271739130434783 0.021059782608695652 0.016304347826086956
0 0.296875 0.6304347826086957 0.050271739130434784 0.03736413043478261
0 0.3539402173913043 0.5774456521739131 0.036684782608695655 0.026494565217391304
0 0.27445652173913043 0.5516304347826086 0.025815217391304348 0.01970108695652174
0 0.23573369565217392 0.5400815217391305 0.025815217391304348 0.01970108695652174
0 0.24864130434782608 0.529891304347826 0.025815217391304348 0.019021739130434784
0 0.16915760869565216 0.6290760869565217 0.05298913043478261 0.04008152173913043
0 0.13790760869565216 0.6141304347826086 0.04891304347826087 0.036684782608695655
0 0.15760869565217392 0.6039402173913043 0.04551630434782609 0.034646739130434784
0 0.670516304347826 0.7432065217391305 0.10529891304347826 0.07948369565217392
0 0.02377717391304348 0.8233695652173914 0.04755434782608696 0.08423913043478261