0 0.7527173913043478 0.6779891304347826 0.030570652173913044 0.024456521739130436
0 0.9952445652173914 0.6569293478260869 0.007472826086956522 0.010869565217391304
0 0.4592391304347826 0.6949728260869565 0.044157608695652176 0.03736413043478261
0 0.3811141304347826 0.7024456521739131 0.044157608695652176 0.042119565217391304
0 0.05366847826086957 0.6908967391304348 0.03260869565217391 0.036684782608695655
0 0.11141304347826086 0.6766304347826086 0.029891304347826088 0.025815217391304348
0 0.17119565217391305 0.6528532608695652 0.021739130434782608 0.021739130434782608
0 0.311820652173913 0.6677989130434783 0.021739130434782608 0.020380434782608696
0 0.036684782608695655 0.6623641304347826 0.01970108695652174 0.018342391304347828
0 0.14130434782608695 0.6644021739130435 0.01970108695652174 0.018342391304347828
0 0.4735054347826087 0.6555706521739131 0.014266304347826086 0.01358695652173913
0 0.6956521739130435 0.6542119565217391 0.010190217391304348 0.010869565217391304
0 0.008152173913043478 0.7595108695652174 0.016304347826086956 0.10597826086956522
0 0.010190217391304348 0.6494565217391305 0.016304347826086956 0.012228260869565218
0 0.984375 0.7520380434782609 0.03125 0.04619565217391304
0 0.7105978260869565 0.7914402173913043 0.07336956521739131 0.05502717391304348
0 0.8716032608695652 0.673233695652174 0.027853260869565216 0.021059782608695652
0 0.9476902173913043 0.6684782608695652 0.025135869565217392 0.018342391304347828
0 0.8016304347826086 0.6637228260869565 0.021059782608695652 0.015625
0 0.9789402173913043 0.6596467391304348 0.016304347826086956 0.012228260869565218
0 0.6222826086956522 0.7214673913043478 0.09850543478260869 0.08627717391304347
0 0.421875 0.6691576086956522 0.026494565217391304 0.020380434782608696
0 0.4701086956521739 0.7758152173913043 0.06861413043478261 0.051630434782608696
0 0.20244565217391305 0.6908967391304348 0.07201086956521739 0.07404891304347826
0 0.09986413043478261 0.7119565217391305 0.044157608695652176 0.03328804347826087
0 0.08084239130434782 0.6677989130434783 0.02717391304347826 0.020380434782608696
0 0.9572010869565217 0.6542119565217391 0.008152173913043478 0.006114130434782609
0 0.9381793478260869 0.6596467391304348 0.016983695652173912 0.012228260869565218
0 0.9259510869565217 0.6637228260869565 0.021059782608695652 0.015625
0 0.8614130434782609 0.65625 0.012907608695652174 0.009510869565217392
0 0.8974184782608695 0.654891304347826 0.009510869565217392 0.006793478260869565
0 0.8926630434782609 0.6610054347826086 0.017663043478260868 0.01358695652173913
0 0.8077445652173914 0.6535326086956522 0.006793478260869565 0.004755434782608696
0 0.9164402173913043 0.6711956521739131 0.02717391304347826 0.020380434782608696
0 0.8953804347826086 0.670516304347826 0.026494565217391304 0.01970108695652174
0 0.6474184782608695 0.6644021739130435 0.021739130434782608 0.016304347826086956
0 0.6895380434782609 0.6664402173913043 0.02309782608695652 0.017663043478260868
0 0.7350543478260869 0.6623641304347826 0.019021739130434784 0.014945652173913044
0 0.6970108695652174 0.7194293478260869 0.050951086956521736 0.03804347826086957
0 0.5828804347826086 0.6664402173913043 0.02309782608695652 0.017663043478260868
0 0.405570652173913 0.6922554347826086 0.04008152173913043 0.029891304347826088
0 0.05366847826086957 0.6657608695652174 0.026494565217391304 0.01970108695652174
0 0.3389945652173913 0.6650815217391305 0.024456521739130436 0.018342391304347828
0 0.08627717391304347 0.6521739130434783 0.018342391304347828 0.014266304347826086
0 0.7846467391304348 0.654891304347826 0.009510869565217392 0.006793478260869565
0 0.9952445652173914 0.670516304347826 0.009510869565217392 0.020380434782608696
0 0.11141304347826086 0.6616847826086957 0.024456521739130436 0.018342391304347828
0 0.19157608695652173 0.6589673913043478 0.01970108695652174 0.014945652173913044
0 0.4633152173913043 0.6698369565217391 0.025815217391304348 0.019021739130434784
0 0.6426630434782609 0.65625 0.012907608695652174 0.008831521739130434
0 0.639266304347826 0.6610054347826086 0.018342391304347828 0.01358695652173913
0 0.65625 0.6542119565217391 0.008831521739130434 0.006793478260869565
0 0.05298913043478261 0.6589673913043478 0.02309782608695652 0.016983695652173912
0 0.6059782608695652 0.6610054347826086 0.018342391304347828 0.01358695652173913
0 0.05638586956521739 0.7180706521739131 0.04619565217391304 0.034646739130434784