0 0.012228260869565218 0.4938858695652174 0.01358695652173913 0.012907608695652174
0 0.017663043478260868 0.5088315217391305 0.01154891304347826 0.009510869565217392
0 0.02377717391304348 0.610733695652174 0.04755434782608696 0.05502717391304348
0 0.034646739130434784 0.5591032608695652 0.03328804347826087 0.029211956521739132
0 0.010869565217391304 0.5529891304347826 0.021739130434782608 0.024456521739130436
0 0.04823369565217391 0.7241847826086957 0.09646739130434782 0.17391304347826086
0 0.30434782608695654 0.7160326086956522 0.20923913043478262 0.1800271739130435
0 0.5855978260869565 0.748641304347826 0.140625 0.15217391304347827
0 0.5475543478260869 0.8063858695652174 0.07948369565217392 0.08016304347826086
0 0.09375 0.6514945652173914 0.09782608695652174 0.09578804347826086
0 0.059103260869565216 0.576766304347826 0.029891304347826088 0.03328804347826087
0 0.19293478260869565 0.6066576086956522 0.06046195652173913 0.06793478260869565
0 0.21535326086956522 0.5760869565217391 0.041440217391304345 0.03736413043478261
0 0.37907608695652173 0.6426630434782609 0.08627717391304347 0.08288043478260869
0 0.4639945652173913 0.6603260869565217 0.06861413043478261 0.0625
0 0.5502717391304348 0.6331521739130435 0.09510869565217392 0.08016304347826086
0 0.5998641304347826 0.6542119565217391 0.06589673913043478 0.06182065217391304
0 0.5591032608695652 0.5665760869565217 0.046875 0.042798913043478264
0 0.48233695652173914 0.5815217391304348 0.059103260869565216 0.05638586956521739
0 0.421195652173913 0.5828804347826086 0.04483695652173913 0.04891304347826087
0 0.39741847826086957 0.5964673913043478 0.07201086956521739 0.059782608695652176
0 0.3539402173913043 0.6188858695652174 0.03872282608695652 0.049592391304347824
0 0.3845108695652174 0.5563858695652174 0.036005434782608696 0.035326086956521736
0 0.23369565217391305 0.625 0.04076086956521739 0.050951086956521736
0 0.2921195652173913 0.5523097826086957 0.03260869565217391 0.03125
0 0.2642663043478261 0.5584239130434783 0.026494565217391304 0.025815217391304348
0 0.23641304347826086 0.5529891304347826 0.027853260869565216 0.029211956521739132
0 0.19701086956521738 0.5672554347826086 0.027853260869565216 0.03125
0 0.27785326086956524 0.5434782608695652 0.024456521739130436 0.02377717391304348
0 0.30434782608695654 0.5414402173913043 0.026494565217391304 0.02377717391304348
0 0.2595108695652174 0.5414402173913043 0.02309782608695652 0.021059782608695652
0 0.3539402173913043 0.532608695652174 0.03192934782608696 0.028532608695652172
0 0.3546195652173913 0.548233695652174 0.03192934782608696 0.03125
0 0.515625 0.5461956521739131 0.044157608695652176 0.04076086956521739
0 0.38383152173913043 0.5394021739130435 0.024456521739130436 0.024456521739130436
0 0.3804347826086957 0.5244565217391305 0.017663043478260868 0.017663043478260868
0 0.36820652173913043 0.5244565217391305 0.020380434782608696 0.018342391304347828
0 0.3736413043478261 0.5122282608695652 0.014945652173913044 0.01154891304347826
0 0.39334239130434784 0.5176630434782609 0.015625 0.014945652173913044
0 0.421875 0.5197010869565217 0.017663043478260868 0.017663043478260868
0 0.35733695652173914 0.5115489130434783 0.012228260869565218 0.01154891304347826
0 0.41372282608695654 0.5020380434782609 0.01154891304347826 0.010869565217391304
0 0.43002717391304346 0.49252717391304346 0.014945652173913044 0.01358695652173913
0 0.39877717391304346 0.4952445652173913 0.012228260869565218 0.012907608695652174
0 0.3851902173913043 0.4952445652173913 0.008152173913043478 0.008152173913043478
0 0.3702445652173913 0.4898097826086957 0.009510869565217392 0.008831521739130434
0 0.24592391304347827 0.5224184782608695 0.014945652173913044 0.01358695652173913
0 0.2669836956521739 0.5292119565217391 0.014945652173913044 0.015625
0 0.28125 0.515625 0.014945652173913044 0.016304347826086956
0 0.7574728260869565 0.5115489130434783 0.035326086956521736 0.030570652173913044
0 0.71875 0.5006793478260869 0.03328804347826087 0.03328804347826087
0 0.7581521739130435 0.6154891304347826 0.07608695652173914 0.06317934782608696
0 0.7941576086956522 0.5822010869565217 0.05638586956521739 0.05366847826086957
0 0.7751358695652174 0.5543478260869565 0.034646739130434784 0.035326086956521736
0 0.6929347826086957 0.6440217391304348 0.07201086956521739 0.07065217391304347
0 0.876358695652174 0.6073369565217391 0.057065217391304345 0.06453804347826086
0 0.9279891304347826 0.5271739130434783 0.050271739130434784 0.046875
0 0.9470108695652174 0.6555706521739131 0.07608695652173914 0.07133152173913043
0 0.9504076086956522 0.7167119565217391 0.08423913043478261 0.1453804347826087
0 0.8301630434782609 0.9429347826086957 0.16032608695652173 0.09035326086956522
0 0.029211956521739132 0.4938858695652174 0.01154891304347826 0.009510869565217392
0 0.017663043478260868 0.7065217391304348 0.035326086956521736 0.09918478260869565
0 0.3172554347826087 0.8600543478260869 0.36820652173913043 0.19157608695652173
0 0.15760869565217392 0.6915760869565217 0.1487771739130435 0.11141304347826086
0 0.14130434782608695 0.6222826086956522 0.07269021739130435 0.05366847826086957
0 0.052309782608695655 0.6188858695652174 0.07404891304347826 0.05570652173913043
0 0.09578804347826086 0.6005434782608695 0.06317934782608696 0.046875
0 0.5706521739130435 0.5964673913043478 0.06385869565217392 0.04891304347826087
0 0.297554347826087 0.53125 0.021739130434782608 0.016304347826086956
0 0.436820652173913 0.5686141304347826 0.051630434782608696 0.03940217391304348
0 0.38179347826086957 0.532608695652174 0.026494565217391304 0.020380434782608696
0 0.360054347826087 0.516983695652174 0.021059782608695652 0.015625
0 0.40421195652173914 0.516983695652174 0.017663043478260868 0.01358695652173913
0 0.44089673913043476 0.49796195652173914 0.01358695652173913 0.010190217391304348
0 0.4157608695652174 0.4938858695652174 0.012228260869565218 0.009510869565217392
0 0.40964673913043476 0.4938858695652174 0.012228260869565218 0.009510869565217392
0 0.40421195652173914 0.4898097826086957 0.010869565217391304 0.008831521739130434
0 0.24456521739130435 0.5339673913043478 0.02309782608695652 0.017663043478260868
0 0.28940217391304346 0.529891304347826 0.021739130434782608 0.016304347826086956
0 0.24320652173913043 0.5163043478260869 0.01358695652173913 0.010190217391304348
0 0.2425271739130435 0.5135869565217391 0.012228260869565218 0.008831521739130434
0 0.25339673913043476 0.5176630434782609 0.014945652173913044 0.010869565217391304
0 0.24864130434782608 0.515625 0.012907608695652174 0.009510869565217392
0 0.751358695652174 0.639266304347826 0.07404891304347826 0.05570652173913043
0 0.7703804347826086 0.529891304347826 0.044157608695652176 0.03260869565217391
0 0.8600543478260869 0.5699728260869565 0.058423913043478264 0.044157608695652176
0 0.9653532608695652 0.5896739130434783 0.06793478260869565 0.051630434782608696
0 0.8355978260869565 0.6834239130434783 0.10665760869565218 0.07948369565217392
0 0.6820652173913043 0.6936141304347826 0.12160326086956522 0.09171195652173914