0 0.05434782608695652 0.8913043478260869 0.10869565217391304 0.15217391304347827
0 0.36141304347826086 0.8478260869565217 0.07065217391304347 0.11548913043478261
0 0.6175271739130435 0.6997282608695652 0.05366847826086957 0.09442934782608696
0 0.358695652173913 0.5135869565217391 0.057065217391304345 0.08288043478260869
0 0.18070652173913043 0.5210597826086957 0.07676630434782608 0.10733695652173914
0 0.024456521739130436 0.41983695652173914 0.043478260869565216 0.07404891304347826
0 0.12839673913043478 0.297554347826087 0.03940217391304348 0.058423913043478264
0 0.2669836956521739 0.26290760869565216 0.036005434782608696 0.04755434782608696
0 0.16644021739130435 0.22010869565217392 0.029891304347826088 0.046875
0 0.036005434782608696 0.16032608695652173 0.03260869565217391 0.04755434782608696
0 0.09307065217391304 0.09918478260869565 0.027853260869565216 0.03804347826086957
0 0.14130434782608695 0.07608695652173914 0.020380434782608696 0.03260869565217391
0 0.20652173913043478 0.11888586956521739 0.029891304347826088 0.04551630434782609
0 0.2269021739130435 0.09442934782608696 0.024456521739130436 0.036005434782608696
0 0.29891304347826086 0.009510869565217392 0.014266304347826086 0.018342391304347828
0 0.33627717391304346 0.07608695652173914 0.022418478260869564 0.03328804347826087
0 0.41915760869565216 0.12907608695652173 0.02309782608695652 0.03804347826086957
0 0.5244565217391305 0.32404891304347827 0.03260869565217391 0.06182065217391304
0 0.5536684782608695 0.41508152173913043 0.04619565217391304 0.07201086956521739
0 0.720108695652174 0.39809782608695654 0.042119565217391304 0.07744565217391304
0 0.6773097826086957 0.27445652173913043 0.03260869565217391 0.06317934782608696
0 0.7771739130434783 0.2710597826086957 0.027853260869565216 0.05638586956521739
0 0.8457880434782609 0.35122282608695654 0.042119565217391304 0.07608695652173914
0 0.9911684782608695 0.516983695652174 0.017663043478260868 0.10326086956521739
0 0.9796195652173914 0.30570652173913043 0.04008152173913043 0.07404891304347826
0 0.8824728260869565 0.22418478260869565 0.02309782608695652 0.050951086956521736
0 0.9850543478260869 0.2112771739130435 0.02377717391304348 0.042119565217391304
0 0.9823369565217391 0.12160326086956522 0.01970108695652174 0.036005434782608696
0 0.9191576086956522 0.09035326086956522 0.018342391304347828 0.029211956521739132
0 0.7880434782608695 0.10665760869565218 0.019021739130434784 0.03804347826086957
0 0.7452445652173914 0.18342391304347827 0.026494565217391304 0.04551630434782609
0 0.5067934782608695 0.109375 0.020380434782608696 0.036005434782608696
0 0.5067934782608695 0.1800271739130435 0.026494565217391304 0.03872282608695652
0 0.5883152173913043 0.09510869565217392 0.021059782608695652 0.035326086956521736
0 0.5006793478260869 0.06317934782608696 0.019021739130434784 0.03192934782608696
0 0.6664402173913043 0.06657608695652174 0.021059782608695652 0.03872282608695652
0 0.4205163043478261 0.07880434782608696 0.022418478260869564 0.034646739130434784
0 0.41847826086956524 0.025135869565217392 0.014266304347826086 0.021739130434782608
0 0.4782608695652174 0.018342391304347828 0.016304347826086956 0.02309782608695652
0 0.9884510869565217 0.012907608695652174 0.016983695652173912 0.025135869565217392
0 0.7384510869565217 0.05298913043478261 0.01970108695652174 0.034646739130434784
0 0.8002717391304348 0.043478260869565216 0.014266304347826086 0.024456521739130436
0 0.8301630434782609 0.014945652173913044 0.015625 0.026494565217391304
0 0.8729619565217391 0.041440217391304345 0.015625 0.026494565217391304
0 0.8532608695652174 0.10122282608695653 0.016304347826086956 0.02717391304347826
0 0.8349184782608695 0.15828804347826086 0.025815217391304348 0.035326086956521736
0 0.20108695652173914 0.009510869565217392 0.016983695652173912 0.018342391304347828
0 0.34375 0.04755434782608696 0.015625 0.021059782608695652
0 0.34646739130434784 0.010869565217391304 0.018342391304347828 0.020380434782608696
0 0.24116847826086957 0.3811141304347826 0.052309782608695655 0.078125
0 0.1800271739130435 0.043478260869565216 0.01970108695652174 0.029211956521739132
0 0.3070652173913043 0.1331521739130435 0.026494565217391304 0.03872282608695652
0 0.4164402173913043 0.18885869565217392 0.02717391304347826 0.04008152173913043
0 0.4008152173913043 0.33559782608695654 0.041440217391304345 0.06182065217391304
0 0.8254076086956522 0.6773097826086957 0.06182065217391304 0.09171195652173914
0 0.9144021739130435 0.8824728260869565 0.07201086956521739 0.10665760869565218
0 0.9123641304347826 0.140625 0.022418478260869564 0.03328804347826087
0 0.4164402173913043 0.004076086956521739 0.01358695652173913 0.007472826086956522
0 0.9850543478260869 0.07065217391304347 0.019021739130434784 0.028532608695652172
0 0.6650815217391305 0.19157608695652173 0.030570652173913044 0.04619565217391304
0 0.6229619565217391 0.16576086956521738 0.027853260869565216 0.04076086956521739
0 0.6331521739130435 0.043478260869565216 0.019021739130434784 0.028532608695652172
0 0.7690217391304348 0.016304347826086956 0.015625 0.022418478260869564
0 0.9300271739130435 0.024456521739130436 0.016983695652173912 0.025135869565217392
0 0.6875 0.01358695652173913 0.014945652173913044 0.02309782608695652
0 0.6270380434782609 0.015625 0.016983695652173912 0.025135869565217392
0 0.5658967391304348 0.043478260869565216 0.019021739130434784 0.027853260869565216
0 0.5414402173913043 0.022418478260869564 0.016983695652173912 0.024456521739130436
0 0.296875 0.1875 0.029891304347826088 0.044157608695652176
0 0.250679347826087 0.07880434782608696 0.02309782608695652 0.033967391304347824
0 0.701766304347826 0.13111413043478262 0.025815217391304348 0.03804347826086957
0 0.2798913043478261 0.02309782608695652 0.015625 0.02309782608695652