0 0.17730978260869565 0.9055706521739131 0.021059782608695652 0.01970108695652174
0 0.14470108695652173 0.9110054347826086 0.021059782608695652 0.020380434782608696
0 0.06114130434782609 0.8851902173913043 0.014945652173913044 0.012907608695652174
0 0.06046195652173913 0.8383152173913043 0.010190217391304348 0.009510869565217392
0 0.028532608695652172 0.8756793478260869 0.012907608695652174 0.01154891304347826
0 0.0033967391304347825 0.8831521739130435 0.006793478260869565 0.01358695652173913
0 0.07336956521739131 0.9470108695652174 0.02717391304347826 0.024456521739130436
0 0.47078804347826086 0.7758152173913043 0.015625 0.01154891304347826
0 0.4436141304347826 0.8172554347826086 0.018342391304347828 0.014266304347826086
0 0.4388586956521739 0.8342391304347826 0.0033967391304347825 0.002717391304347826
0 0.41508152173913043 0.8485054347826086 0.006114130434782609 0.004076086956521739
0 0.4375 0.8858695652173914 0.017663043478260868 0.01358695652173913
0 0.4592391304347826 0.8817934782608695 0.017663043478260868 0.012228260869565218
0 0.48165760869565216 0.8756793478260869 0.015625 0.01154891304347826
0 0.532608695652174 0.8722826086956522 0.014945652173913044 0.010869565217391304
0 0.6086956521739131 0.8654891304347826 0.012907608695652174 0.009510869565217392
0 0.6453804347826086 0.8491847826086957 0.006114130434782609 0.004755434782608696
0 0.595108695652174 0.8165760869565217 0.017663043478260868 0.01358695652173913
0 0.6046195652173914 0.7914402173913043 0.016983695652173912 0.012228260869565218
0 0.5658967391304348 0.798233695652174 0.017663043478260868 0.012907608695652174
0 0.548233695652174 0.8029891304347826 0.017663043478260868 0.012907608695652174
0 0.5251358695652174 0.8084239130434783 0.017663043478260868 0.01358695652173913
0 0.4076086956521739 0.8192934782608695 0.018342391304347828 0.014266304347826086
0 0.42866847826086957 0.813858695652174 0.017663043478260868 0.01358695652173913
0 0.7139945652173914 0.7167119565217391 0.009510869565217392 0.006793478260869565
0 0.7207880434782609 0.7139945652173914 0.008831521739130434 0.006793478260869565
0 0.7296195652173914 0.7085597826086957 0.008152173913043478 0.006114130434782609
0 0.751358695652174 0.703125 0.007472826086956522 0.005434782608695652
0 0.765625 0.703125 0.007472826086956522 0.005434782608695652
0 0.7697010869565217 0.6990489130434783 0.006793478260869565 0.004755434782608696
0 0.7703804347826086 0.7065217391304348 0.008152173913043478 0.005434782608695652
0 0.7839673913043478 0.6929347826086957 0.005434782608695652 0.004076086956521739
0 0.764266304347826 0.7697010869565217 0.015625 0.010869565217391304
0 0.7241847826086957 0.7710597826086957 0.015625 0.01154891304347826
0 0.7085597826086957 0.7839673913043478 0.016983695652173912 0.012228260869565218
0 0.6834239130434783 0.8158967391304348 0.018342391304347828 0.01358695652173913
0 0.717391304347826 0.8478260869565217 0.005434782608695652 0.004076086956521739
0 0.6711956521739131 0.8457880434782609 0.0033967391304347825 0.002717391304347826
0 0.7411684782608695 0.8145380434782609 0.017663043478260868 0.01358695652173913
0 0.7595108695652174 0.8220108695652174 0.002717391304347826 0.001358695652173913
0 0.8226902173913043 0.8315217391304348 0.004755434782608696 0.0033967391304347825
0 0.8559782608695652 0.8342391304347826 0.0033967391304347825 0.002717391304347826
0 0.9375 0.8342391304347826 0.002717391304347826 0.0020380434782608695
0 0.9619565217391305 0.8600543478260869 0.01154891304347826 0.008152173913043478
0 0.9626358695652174 0.8967391304347826 0.01970108695652174 0.014945652173913044
0 0.9470108695652174 0.734375 0.01154891304347826 0.008831521739130434
0 0.9341032608695652 0.7398097826086957 0.012228260869565218 0.008831521739130434
0 0.9069293478260869 0.7364130434782609 0.012228260869565218 0.008831521739130434
0 0.8519021739130435 0.7452445652173914 0.012907608695652174 0.009510869565217392
0 0.8756793478260869 0.735733695652174 0.012228260869565218 0.008831521739130434
0 0.9558423913043478 0.7065217391304348 0.008152173913043478 0.005434782608695652
0 0.9782608695652174 0.704483695652174 0.007472826086956522 0.006114130434782609
0 0.9021739130434783 0.6908967391304348 0.004755434782608696 0.0033967391304347825
0 0.8036684782608695 0.6908967391304348 0.004755434782608696 0.0033967391304347825
0 0.7934782608695652 0.6949728260869565 0.005434782608695652 0.004076086956521739
0 0.344429347826087 0.8505434782608695 0.006793478260869565 0.004755434782608696
0 0.28125 0.9055706521739131 0.021739130434782608 0.016304347826086956
0 0.3376358695652174 0.8668478260869565 0.01358695652173913 0.010190217391304348
0 0.31589673913043476 0.8648097826086957 0.012907608695652174 0.008831521739130434
0 0.280570652173913 0.8383152173913043 0.005434782608695652 0.004076086956521739
0 0.2608695652173913 0.8444293478260869 0.004076086956521739 0.002717391304347826
0 0.23097826086956522 0.8430706521739131 0.0020380434782608695 0.001358695652173913
0 0.3491847826086957 0.8315217391304348 0.005434782608695652 0.0033967391304347825
0 0.3328804347826087 0.8335597826086957 0.001358695652173913 0.0006793478260869565
0 0.37703804347826086 0.8322010869565217 0.005434782608695652 0.004076086956521739
0 0.42866847826086957 0.8648097826086957 0.012907608695652174 0.009510869565217392
0 0.2105978260869565 0.96875 0.030570652173913044 0.02377717391304348
0 0.23233695652173914 0.9524456521739131 0.029211956521739132 0.021739130434782608
0 0.16576086956521738 0.8885869565217391 0.018342391304347828 0.01358695652173913
0 0.12296195652173914 0.890625 0.018342391304347828 0.014266304347826086
0 0.08899456521739131 0.8226902173913043 0.008831521739130434 0.006793478260869565
0 0.028532608695652172 0.8396739130434783 0.01154891304347826 0.008152173913043478
0 0.010869565217391304 0.8865489130434783 0.017663043478260868 0.012907608695652174
0 0.8430706521739131 0.6759510869565217 0.02309782608695652 0.017663043478260868
0 0.8498641304347826 0.6752717391304348 0.02309782608695652 0.017663043478260868
0 0.829483695652174 0.6834239130434783 0.0020380434782608695 0.001358695652173913
0 0.8145380434782609 0.6875 0.004076086956521739 0.002717391304347826
0 0.8376358695652174 0.688858695652174 0.004076086956521739 0.0033967391304347825
0 0.8573369565217391 0.6895380434782609 0.004755434782608696 0.0033967391304347825
0 0.8186141304347826 0.7112771739130435 0.008831521739130434 0.006793478260869565
0 0.8002717391304348 0.7153532608695652 0.009510869565217392 0.006793478260869565
0 0.7805706521739131 0.7228260869565217 0.010190217391304348 0.008152173913043478
0 0.96875 0.6433423913043478 0.02309782608695652 0.017663043478260868
0 0.6202445652173914 0.6447010869565217 0.02309782608695652 0.017663043478260868
0 0.5631793478260869 0.6582880434782609 0.02309782608695652 0.017663043478260868
0 0.485054347826087 0.6542119565217391 0.02309782608695652 0.017663043478260868
0 0.5394021739130435 0.5978260869565217 0.005434782608695652 0.004076086956521739
0 0.360054347826087 0.640625 0.01154891304347826 0.008831521739130434
0 0.09103260869565218 0.6460597826086957 0.01154891304347826 0.008831521739130434
0 0.07880434782608696 0.6297554347826086 0.010869565217391304 0.008831521739130434
0 0.9938858695652174 0.6127717391304348 0.005434782608695652 0.0033967391304347825
0 0.9938858695652174 0.6175271739130435 0.012228260869565218 0.017663043478260868
0 0.5529891304347826 0.5529891304347826 0.005434782608695652 0.004076086956521739
0 0.5360054347826086 0.5516304347826086 0.005434782608695652 0.004755434782608696
0 0.5101902173913043 0.5529891304347826 0.005434782608695652 0.004076086956521739
0 0.5706521739130435 0.5529891304347826 0.005434782608695652 0.004076086956521739
0 0.5842391304347826 0.5529891304347826 0.005434782608695652 0.004076086956521739
0 0.4830163043478261 0.5543478260869565 0.005434782608695652 0.004755434782608696
0 0.47146739130434784 0.5529891304347826 0.005434782608695652 0.004076086956521739
0 0.3851902173913043 0.5754076086956522 0.005434782608695652 0.004076086956521739
0 0.37771739130434784 0.5740489130434783 0.01154891304347826 0.008831521739130434
0 0.421875 0.5801630434782609 0.005434782608695652 0.004076086956521739
0 0.375 0.5713315217391305 0.01154891304347826 0.008831521739130434
0 0.3654891304347826 0.5665760869565217 0.01154891304347826 0.008831521739130434
0 0.35529891304347827 0.5658967391304348 0.01154891304347826 0.008831521739130434
0 0.37092391304347827 0.5713315217391305 0.01154891304347826 0.008831521739130434
0 0.3532608695652174 0.578125 0.01154891304347826 0.008831521739130434
0 0.3485054347826087 0.5754076086956522 0.01154891304347826 0.008831521739130434
0 0.33559782608695654 0.5658967391304348 0.01154891304347826 0.008831521739130434
0 0.33084239130434784 0.5665760869565217 0.010869565217391304 0.008152173913043478
0 0.32065217391304346 0.5645380434782609 0.01154891304347826 0.008831521739130434
0 0.32608695652173914 0.5672554347826086 0.01154891304347826 0.008831521739130434
0 0.3138586956521739 0.5672554347826086 0.01154891304347826 0.008831521739130434
0 0.3186141304347826 0.576766304347826 0.01154891304347826 0.008831521739130434
0 0.3070652173913043 0.5645380434782609 0.01154891304347826 0.008831521739130434
0 0.2921195652173913 0.5726902173913043 0.010869565217391304 0.008831521739130434
0 0.29415760869565216 0.5686141304347826 0.01154891304347826 0.008831521739130434
0 0.28872282608695654 0.5672554347826086 0.010869565217391304 0.008831521739130434
0 0.2860054347826087 0.5740489130434783 0.010869565217391304 0.008831521739130434
0 0.28328804347826086 0.5672554347826086 0.01154891304347826 0.008831521739130434
0 0.2955163043478261 0.5536684782608695 0.01154891304347826 0.008152173913043478
0 0.2547554347826087 0.548233695652174 0.01154891304347826 0.008831521739130434
0 0.26766304347826086 0.5489130434782609 0.01154891304347826 0.008831521739130434
0 0.27309782608695654 0.5665760869565217 0.01154891304347826 0.008831521739130434
0 0.27717391304347827 0.5672554347826086 0.010869565217391304 0.008831521739130434
0 0.22758152173913043 0.5754076086956522 0.010869565217391304 0.008152173913043478
0 0.22282608695652173 0.5754076086956522 0.01154891304347826 0.008831521739130434
0 0.23369565217391305 0.5699728260869565 0.01154891304347826 0.008152173913043478
0 0.21195652173913043 0.5686141304347826 0.01154891304347826 0.008152173913043478
0 0.19293478260869565 0.5672554347826086 0.010869565217391304 0.008831521739130434
0 0.19021739130434784 0.5740489130434783 0.01154891304347826 0.008831521739130434
0 0.18206521739130435 0.5699728260869565 0.010869565217391304 0.008831521739130434
0 0.17866847826086957 0.5774456521739131 0.01154891304347826 0.008831521739130434
0 0.16983695652173914 0.5645380434782609 0.01154891304347826 0.008152173913043478
0 0.15896739130434784 0.5631793478260869 0.01154891304347826 0.008152173913043478
0 0.17798913043478262 0.5550271739130435 0.01154891304347826 0.008831521739130434
0 0.639266304347826 0.873641304347826 0.015625 0.01154891304347826
0 0.8716032608695652 0.8872282608695652 0.017663043478260868 0.01358695652173913
0 0.9375 0.9442934782608695 0.027853260869565216 0.021059782608695652
0 0.921875 0.907608695652174 0.021739130434782608 0.016983695652173912
0 0.9008152173913043 0.8029891304347826 0.017663043478260868 0.012907608695652174
0 0.8913043478260869 0.8077445652173914 0.017663043478260868 0.012907608695652174
0 0.84375 0.8240489130434783 0.004755434782608696 0.0033967391304347825
0 0.7778532608695652 0.8084239130434783 0.017663043478260868 0.01358695652173913
0 0.6141304347826086 0.8097826086956522 0.017663043478260868 0.01358695652173913
0 0.5292119565217391 0.9572010869565217 0.029211956521739132 0.021739130434782608
0 0.9667119565217391 0.7866847826086957 0.016304347826086956 0.012228260869565218
0 0.826766304347826 0.795516304347826 0.017663043478260868 0.012907608695652174
0 0.6976902173913043 0.8573369565217391 0.010190217391304348 0.008152173913043478
0 0.6535326086956522 0.7737771739130435 0.014945652173913044 0.01154891304347826
0 0.5373641304347826 0.8471467391304348 0.004755434782608696 0.0033967391304347825
0 0.5604619565217391 0.8430706521739131 0.0020380434782608695 0.001358695652173913
0 0.5679347826086957 0.8675271739130435 0.01358695652173913 0.010190217391304348
0 0.5305706521739131 0.9925271739130435 0.033967391304347824 0.014945652173913044
0 0.9184782608695652 0.8240489130434783 0.004755434782608696 0.0033967391304347825
0 0.9748641304347826 0.8471467391304348 0.004755434782608696 0.0033967391304347825
0 0.4701086956521739 0.8145380434782609 0.018342391304347828 0.014266304347826086
0 0.6283967391304348 0.8057065217391305 0.017663043478260868 0.01358695652173913
0 0.6141304347826086 0.7690217391304348 0.014945652173913044 0.010869565217391304
0 0.5869565217391305 0.7764945652173914 0.016304347826086956 0.01154891304347826
0 0.5991847826086957 0.7751358695652174 0.015625 0.010869565217391304
0 0.5658967391304348 0.782608695652174 0.016304347826086956 0.012228260869565218
0 0.7119565217391305 0.7493206521739131 0.012907608695652174 0.009510869565217392
0 0.6990489130434783 0.7540760869565217 0.01358695652173913 0.010190217391304348
0 0.6875 0.7581521739130435 0.014266304347826086 0.010190217391304348
0 0.6807065217391305 0.764266304347826 0.014266304347826086 0.010190217391304348
0 0.6637228260869565 0.7758152173913043 0.015625 0.01154891304347826
0 0.7425271739130435 0.7506793478260869 0.01358695652173913 0.010190217391304348
0 0.7506793478260869 0.7425271739130435 0.012228260869565218 0.008831521739130434
0 0.7221467391304348 0.7302989130434783 0.01154891304347826 0.008152173913043478
0 0.7235054347826086 0.8756793478260869 0.016304347826086956 0.01154891304347826
0 0.22894021739130435 0.9082880434782609 0.021739130434782608 0.016304347826086956
0 0.23233695652173914 0.8654891304347826 0.012907608695652174 0.009510869565217392
0 0.2554347826086957 0.8627717391304348 0.012228260869565218 0.008831521739130434
0 0.26902173913043476 0.8668478260869565 0.01358695652173913 0.010190217391304348
0 0.19429347826086957 0.8627717391304348 0.012228260869565218 0.008831521739130434
0 0.05366847826086957 0.860733695652174 0.01154891304347826 0.008831521739130434
0 0.08763586956521739 0.8627717391304348 0.012228260869565218 0.008831521739130434
0 0.08899456521739131 0.8376358695652174 0.0020380434782608695 0.0020380434782608695
0 0.008152173913043478 0.8254076086956522 0.008831521739130434 0.006793478260869565
0 0.042798913043478264 0.8247282608695652 0.008831521739130434 0.006793478260869565
0 0.12092391304347826 0.9313858695652174 0.025815217391304348 0.01970108695652174
0 0.004076086956521739 0.84375 0.004076086956521739 0.0033967391304347825
0 0.26970108695652173 0.8831521739130435 0.017663043478260868 0.012907608695652174
0 0.005434782608695652 0.9816576086956522 0.010869565217391304 0.025815217391304348
0 0.11005434782608696 0.875 0.016304347826086956 0.012228260869565218
0 0.08423913043478261 0.8838315217391305 0.017663043478260868 0.01358695652173913
0 0.610733695652174 0.8491847826086957 0.006114130434782609 0.004755434782608696
0 0.3532608695652174 0.8648097826086957 0.012228260869565218 0.009510869565217392
0 0.37296195652173914 0.8614130434782609 0.01154891304347826 0.008831521739130434
0 0.5495923913043478 0.7914402173913043 0.016983695652173912 0.012228260869565218
0 0.7153532608695652 0.734375 0.01154891304347826 0.008831521739130434
0 0.704483695652174 0.7391304347826086 0.012228260869565218 0.008831521739130434
0 0.6650815217391305 0.7533967391304348 0.014266304347826086 0.010190217391304348
0 0.6881793478260869 0.751358695652174 0.012907608695652174 0.009510869565217392
0 0.6949728260869565 0.7466032608695652 0.012907608695652174 0.009510869565217392
0 0.7527173913043478 0.7228260869565217 0.010190217391304348 0.007472826086956522
0 0.904891304347826 0.7248641304347826 0.010190217391304348 0.008152173913043478
0 0.8858695652173914 0.7296195652173914 0.01154891304347826 0.008152173913043478
0 0.889266304347826 0.7452445652173914 0.012907608695652174 0.009510869565217392
0 0.9028532608695652 0.7418478260869565 0.012228260869565218 0.009510869565217392
0 0.876358695652174 0.7472826086956522 0.01358695652173913 0.010190217391304348
0 0.8654891304347826 0.7547554347826086 0.01358695652173913 0.010190217391304348
0 0.8274456521739131 0.7601902173913043 0.014266304347826086 0.010190217391304348
0 0.8301630434782609 0.751358695652174 0.01358695652173913 0.009510869565217392
0 0.8118206521739131 0.7581521739130435 0.014266304347826086 0.010190217391304348
0 0.9402173913043478 0.7146739130434783 0.009510869565217392 0.006793478260869565
0 0.9558423913043478 0.7180706521739131 0.009510869565217392 0.007472826086956522
0 0.7907608695652174 0.8050271739130435 0.017663043478260868 0.012907608695652174
0 0.8152173913043478 0.7065217391304348 0.008152173913043478 0.005434782608695652
0 0.7676630434782609 0.7323369565217391 0.01154891304347826 0.008831521739130434
0 0.7785326086956522 0.7350543478260869 0.012228260869565218 0.008831521739130434
0 0.8308423913043478 0.704483695652174 0.007472826086956522 0.006114130434782609
0 0.8097826086956522 0.6936141304347826 0.006114130434782609 0.004755434782608696
0 0.8756793478260869 0.6807065217391305 0.02377717391304348 0.017663043478260868
0 0.8913043478260869 0.670516304347826 0.02377717391304348 0.017663043478260868
0 0.9755434782608695 0.670516304347826 0.02377717391304348 0.017663043478260868
0 0.9626358695652174 0.6752717391304348 0.02377717391304348 0.017663043478260868
0 0.96875 0.7065217391304348 0.008152173913043478 0.006114130434782609
0 0.9850543478260869 0.6671195652173914 0.02377717391304348 0.017663043478260868
0 0.9898097826086957 0.6535326086956522 0.01970108695652174 0.017663043478260868
0 0.9898097826086957 0.6195652173913043 0.020380434782608696 0.017663043478260868
0 0.9870923913043478 0.6256793478260869 0.02377717391304348 0.017663043478260868
0 0.9823369565217391 0.6195652173913043 0.02309782608695652 0.017663043478260868
0 0.9775815217391305 0.6256793478260869 0.02377717391304348 0.017663043478260868
0 0.9626358695652174 0.6596467391304348 0.02377717391304348 0.017663043478260868
0 0.8145380434782609 0.6956521739130435 0.006114130434782609 0.004755434782608696
0 0.983016304347826 0.7398097826086957 0.012228260869565218 0.008831521739130434
0 0.9972826086956522 0.7391304347826086 0.005434782608695652 0.008831521739130434
0 0.9938858695652174 0.6582880434782609 0.012228260869565218 0.017663043478260868
0 0.9898097826086957 0.5271739130434783 0.005434782608695652 0.004076086956521739
0 0.9877717391304348 0.5346467391304348 0.005434782608695652 0.004755434782608696
0 0.9741847826086957 0.5258152173913043 0.006114130434782609 0.004755434782608696
0 0.970108695652174 0.5346467391304348 0.005434782608695652 0.004755434782608696
0 0.9612771739130435 0.5292119565217391 0.005434782608695652 0.004076086956521739
0 0.9578804347826086 0.5292119565217391 0.006114130434782609 0.004076086956521739
0 0.9463315217391305 0.5237771739130435 0.005434782608695652 0.004755434782608696
0 0.9422554347826086 0.5366847826086957 0.006114130434782609 0.004076086956521739
0 0.9463315217391305 0.53125 0.005434782608695652 0.004755434782608696
0 0.9293478260869565 0.5319293478260869 0.005434782608695652 0.004076086956521739
0 0.9245923913043478 0.5264945652173914 0.006114130434782609 0.004076086956521739
0 0.9211956521739131 0.5332880434782609 0.005434782608695652 0.004076086956521739
0 0.9116847826086957 0.5332880434782609 0.006114130434782609 0.004076086956521739
0 0.9096467391304348 0.5292119565217391 0.005434782608695652 0.004076086956521739
0 0.9042119565217391 0.53125 0.006793478260869565 0.004076086956521739
0 0.8987771739130435 0.5292119565217391 0.006114130434782609 0.004755434782608696
0 0.8913043478260869 0.5319293478260869 0.006114130434782609 0.004755434782608696
0 0.8770380434782609 0.5258152173913043 0.006114130434782609 0.004076086956521739
0 0.8770380434782609 0.53125 0.005434782608695652 0.004755434782608696
0 0.8627717391304348 0.5264945652173914 0.005434782608695652 0.004755434782608696
0 0.8552989130434783 0.529891304347826 0.005434782608695652 0.004755434782608696
0 0.873641304347826 0.5332880434782609 0.005434782608695652 0.004755434782608696
0 0.8627717391304348 0.5332880434782609 0.005434782608695652 0.004076086956521739
0 0.8396739130434783 0.5271739130434783 0.005434782608695652 0.004076086956521739
0 0.8342391304347826 0.5319293478260869 0.006114130434782609 0.004076086956521739
0 0.8260869565217391 0.5271739130434783 0.006114130434782609 0.004755434782608696
0 0.8206521739130435 0.5264945652173914 0.006114130434782609 0.004755434782608696
0 0.8172554347826086 0.532608695652174 0.005434782608695652 0.004755434782608696
0 0.8192934782608695 0.5366847826086957 0.006114130434782609 0.004076086956521739
0 0.8328804347826086 0.5373641304347826 0.005434782608695652 0.004076086956521739
0 0.7975543478260869 0.5373641304347826 0.005434782608695652 0.004076086956521739
0 0.8125 0.5373641304347826 0.006114130434782609 0.004076086956521739
0 0.8077445652173914 0.5292119565217391 0.006114130434782609 0.004076086956521739
0 0.8023097826086957 0.5285326086956522 0.005434782608695652 0.004755434782608696
0 0.796875 0.5292119565217391 0.005434782608695652 0.004755434782608696
0 0.7900815217391305 0.5292119565217391 0.005434782608695652 0.004076086956521739
0 0.8125 0.5285326086956522 0.005434782608695652 0.004076086956521739
0 0.78125 0.5305706521739131 0.005434782608695652 0.004076086956521739
0 0.7819293478260869 0.5353260869565217 0.006114130434782609 0.004076086956521739
0 0.7724184782608695 0.53125 0.005434782608695652 0.004076086956521739
0 0.7724184782608695 0.5373641304347826 0.005434782608695652 0.004755434782608696
0 0.7676630434782609 0.5305706521739131 0.005434782608695652 0.004076086956521739
0 0.7629076086956522 0.5292119565217391 0.005434782608695652 0.004076086956521739
0 0.7520380434782609 0.5292119565217391 0.006114130434782609 0.004076086956521739
0 0.7472826086956522 0.529891304347826 0.005434782608695652 0.004755434782608696
0 0.7438858695652174 0.529891304347826 0.005434782608695652 0.004076086956521739
0 0.7527173913043478 0.5319293478260869 0.006114130434782609 0.004755434782608696
0 0.7493206521739131 0.5319293478260869 0.005434782608695652 0.004755434782608696
0 0.7309782608695652 0.53125 0.005434782608695652 0.004076086956521739
0 0.7038043478260869 0.53125 0.005434782608695652 0.004076086956521739
0 0.6983695652173914 0.5319293478260869 0.006114130434782609 0.004076086956521739
0 0.6929347826086957 0.53125 0.005434782608695652 0.004076086956521739
0 0.686141304347826 0.5319293478260869 0.006114130434782609 0.004076086956521739
0 0.6725543478260869 0.5332880434782609 0.005434782608695652 0.004076086956521739
0 0.6650815217391305 0.532608695652174 0.006114130434782609 0.004076086956521739
0 0.6644021739130435 0.5366847826086957 0.005434782608695652 0.004076086956521739
0 0.6786684782608695 0.5346467391304348 0.006114130434782609 0.004076086956521739
0 0.6949728260869565 0.5353260869565217 0.006114130434782609 0.004076086956521739
0 0.65625 0.5353260869565217 0.006114130434782609 0.004076086956521739
0 0.6494565217391305 0.5400815217391305 0.005434782608695652 0.004076086956521739
0 0.6426630434782609 0.5394021739130435 0.006114130434782609 0.004076086956521739
0 0.6453804347826086 0.5332880434782609 0.005434782608695652 0.004076086956521739
0 0.6413043478260869 0.5332880434782609 0.005434782608695652 0.004755434782608696
0 0.6290760869565217 0.532608695652174 0.006114130434782609 0.004755434782608696
0 0.6209239130434783 0.532608695652174 0.005434782608695652 0.004076086956521739
0 0.6175271739130435 0.5373641304347826 0.005434782608695652 0.004076086956521739
0 0.6175271739130435 0.5346467391304348 0.005434782608695652 0.004076086956521739
0 0.609375 0.5339673913043478 0.005434782608695652 0.004755434782608696
0 0.6032608695652174 0.5319293478260869 0.005434782608695652 0.004076086956521739
0 0.6175271739130435 0.5407608695652174 0.005434782608695652 0.004076086956521739
0 0.6148097826086957 0.5400815217391305 0.005434782608695652 0.004755434782608696
0 0.6086956521739131 0.545516304347826 0.005434782608695652 0.004755434782608696
0 0.6039402173913043 0.545516304347826 0.006114130434782609 0.004076086956521739
0 0.5971467391304348 0.5448369565217391 0.005434782608695652 0.004076086956521739
0 0.6168478260869565 0.545516304347826 0.006114130434782609 0.004076086956521739
0 0.6569293478260869 0.5407608695652174 0.005434782608695652 0.004076086956521739
0 0.7493206521739131 0.5394021739130435 0.005434782608695652 0.004076086956521739
0 0.7438858695652174 0.5400815217391305 0.006114130434782609 0.004755434782608696
0 0.7275815217391305 0.5373641304347826 0.005434782608695652 0.004755434782608696
0 0.7214673913043478 0.5373641304347826 0.005434782608695652 0.004076086956521739
0 0.7139945652173914 0.5366847826086957 0.005434782608695652 0.004076086956521739
0 0.720108695652174 0.5339673913043478 0.006114130434782609 0.004076086956521739
0 0.7078804347826086 0.5387228260869565 0.005434782608695652 0.004076086956521739
0 0.6997282608695652 0.5407608695652174 0.006114130434782609 0.004076086956521739
0 0.579483695652174 0.5394021739130435 0.005434782608695652 0.004076086956521739
0 0.5828804347826086 0.5434782608695652 0.005434782608695652 0.004076086956521739
0 0.5740489130434783 0.545516304347826 0.005434782608695652 0.004076086956521739
0 0.5740489130434783 0.5407608695652174 0.005434782608695652 0.004076086956521739
0 0.5686141304347826 0.5400815217391305 0.005434782608695652 0.004755434782608696
0 0.5665760869565217 0.545516304347826 0.006114130434782609 0.004755434782608696
0 0.5760869565217391 0.5366847826086957 0.006114130434782609 0.004076086956521739
0 0.5618206521739131 0.5339673913043478 0.005434782608695652 0.004076086956521739
0 0.5550271739130435 0.5339673913043478 0.006114130434782609 0.004076086956521739
0 0.5584239130434783 0.5448369565217391 0.005434782608695652 0.004076086956521739
0 0.5625 0.5461956521739131 0.005434782608695652 0.004076086956521739
0 0.5625 0.5495923913043478 0.005434782608695652 0.004076086956521739
0 0.5461956521739131 0.546875 0.005434782608695652 0.004076086956521739
0 0.5502717391304348 0.5461956521739131 0.005434782608695652 0.004076086956521739
0 0.5495923913043478 0.5380434782608695 0.005434782608695652 0.004755434782608696
0 0.5387228260869565 0.5414402173913043 0.005434782608695652 0.004755434782608696
0 0.5360054347826086 0.5353260869565217 0.005434782608695652 0.004755434782608696
0 0.5190217391304348 0.5400815217391305 0.005434782608695652 0.004755434782608696
0 0.514266304347826 0.5407608695652174 0.005434782608695652 0.004076086956521739
0 0.5292119565217391 0.5319293478260869 0.005434782608695652 0.004076086956521739
0 0.5251358695652174 0.5366847826086957 0.006114130434782609 0.004755434782608696
0 0.5210597826086957 0.5366847826086957 0.006114130434782609 0.004076086956521739
0 0.499320652173913 0.5461956521739131 0.005434782608695652 0.004076086956521739
0 0.4904891304347826 0.5448369565217391 0.006114130434782609 0.004076086956521739
0 0.49660326086956524 0.5400815217391305 0.006114130434782609 0.004076086956521739
0 0.501358695652174 0.5400815217391305 0.006114130434782609 0.004755434782608696
0 0.4891304347826087 0.5380434782608695 0.005434782608695652 0.004076086956521739
0 0.4796195652173913 0.5380434782608695 0.005434782608695652 0.004076086956521739
0 0.47146739130434784 0.5360054347826086 0.005434782608695652 0.004755434782608696
0 0.4741847826086957 0.5509510869565217 0.005434782608695652 0.004076086956521739
0 0.46671195652173914 0.545516304347826 0.006114130434782609 0.004076086956521739
0 0.4741847826086957 0.5461956521739131 0.005434782608695652 0.004076086956521739
0 0.4735054347826087 0.5380434782608695 0.006114130434782609 0.004076086956521739
0 0.4076086956521739 0.5360054347826086 0.005434782608695652 0.004076086956521739
0 0.389945652173913 0.5380434782608695 0.005434782608695652 0.004076086956521739
0 0.359375 0.5400815217391305 0.01154891304347826 0.008152173913043478
0 0.40421195652173914 0.5360054347826086 0.006114130434782609 0.004076086956521739
0 0.42459239130434784 0.5366847826086957 0.005434782608695652 0.004755434782608696
0 0.4313858695652174 0.5360054347826086 0.006114130434782609 0.004076086956521739
0 0.4436141304347826 0.5346467391304348 0.005434782608695652 0.004755434782608696
0 0.4483695652173913 0.5339673913043478 0.005434782608695652 0.004076086956521739
0 0.3580163043478261 0.578125 0.01154891304347826 0.008831521739130434
0 0.3607336956521739 0.5733695652173914 0.01154891304347826 0.008831521739130434
0 0.36752717391304346 0.5733695652173914 0.01154891304347826 0.008831521739130434
0 0.37160326086956524 0.5740489130434783 0.01154891304347826 0.008831521739130434
0 0.375 0.579483695652174 0.010869565217391304 0.008831521739130434
0 0.3892663043478261 0.5788043478260869 0.005434782608695652 0.004076086956521739
0 0.3335597826086957 0.5720108695652174 0.010869565217391304 0.008831521739130434
0 0.33627717391304346 0.5699728260869565 0.01154891304347826 0.008152173913043478
0 0.27377717391304346 0.5495923913043478 0.01154891304347826 0.008831521739130434
0 0.27853260869565216 0.5461956521739131 0.01154891304347826 0.008152173913043478
0 0.27241847826086957 0.545516304347826 0.01154891304347826 0.008831521739130434
0 0.28464673913043476 0.545516304347826 0.01154891304347826 0.008831521739130434
0 0.296195652173913 0.5461956521739131 0.01154891304347826 0.008152173913043478
0 0.32133152173913043 0.5461956521739131 0.010869565217391304 0.008831521739130434
0 0.3226902173913043 0.5557065217391305 0.01154891304347826 0.008831521739130434
0 0.3294836956521739 0.5557065217391305 0.01154891304347826 0.008831521739130434
0 0.32065217391304346 0.5713315217391305 0.01154891304347826 0.008152173913043478
0 0.313179347826087 0.5713315217391305 0.01154891304347826 0.008831521739130434
0 0.32608695652173914 0.5720108695652174 0.01154891304347826 0.008831521739130434
0 0.30570652173913043 0.5699728260869565 0.01154891304347826 0.008152173913043478
0 0.3063858695652174 0.5760869565217391 0.01154891304347826 0.008831521739130434
0 0.3125 0.5788043478260869 0.01154891304347826 0.008152173913043478
0 0.266304347826087 0.5597826086956522 0.01154891304347826 0.008152173913043478
0 0.27309782608695654 0.5604619565217391 0.01154891304347826 0.008831521739130434
0 0.27241847826086957 0.5577445652173914 0.01154891304347826 0.008831521739130434
0 0.27717391304347827 0.5570652173913043 0.01154891304347826 0.008831521739130434
0 0.27785326086956524 0.5597826086956522 0.01154891304347826 0.008831521739130434
0 0.28125 0.5604619565217391 0.01154891304347826 0.008831521739130434
0 0.28464673913043476 0.5604619565217391 0.01154891304347826 0.008831521739130434
0 0.29279891304347827 0.5557065217391305 0.01154891304347826 0.008831521739130434
0 0.28328804347826086 0.5523097826086957 0.01154891304347826 0.008152173913043478
0 0.28940217391304346 0.5495923913043478 0.01154891304347826 0.008831521739130434
0 0.28872282608695654 0.5434782608695652 0.01154891304347826 0.008152173913043478
0 0.296195652173913 0.5570652173913043 0.01154891304347826 0.008831521739130434
0 0.30366847826086957 0.5591032608695652 0.01154891304347826 0.008831521739130434
0 0.3077445652173913 0.5591032608695652 0.010869565217391304 0.008152173913043478
0 0.29415760869565216 0.5604619565217391 0.01154891304347826 0.008831521739130434
0 0.2982336956521739 0.5597826086956522 0.010869565217391304 0.008152173913043478
0 0.1514945652173913 0.548233695652174 0.010869565217391304 0.008831521739130434
0 0.14470108695652173 0.5523097826086957 0.010869565217391304 0.008152173913043478
0 0.2425271739130435 0.546875 0.01154891304347826 0.008831521739130434
0 0.23573369565217392 0.5461956521739131 0.01154891304347826 0.008152173913043478
0 0.23029891304347827 0.5475543478260869 0.010869565217391304 0.008831521739130434
0 0.22758152173913043 0.5461956521739131 0.01154891304347826 0.008831521739130434
0 0.22146739130434784 0.545516304347826 0.010869565217391304 0.008831521739130434
0 0.21467391304347827 0.5461956521739131 0.01154891304347826 0.008152173913043478
0 0.22010869565217392 0.5495923913043478 0.010869565217391304 0.008831521739130434
0 0.22894021739130435 0.5516304347826086 0.010869565217391304 0.008831521739130434
0 0.23301630434782608 0.5536684782608695 0.01154891304347826 0.008152173913043478
0 0.23641304347826086 0.5543478260869565 0.010869565217391304 0.008831521739130434
0 0.24116847826086957 0.5543478260869565 0.01154891304347826 0.008831521739130434
0 0.23845108695652173 0.5495923913043478 0.01154891304347826 0.008831521739130434
0 0.23709239130434784 0.5597826086956522 0.01154891304347826 0.008831521739130434
0 0.23573369565217392 0.5631793478260869 0.01154891304347826 0.008831521739130434
0 0.2296195652173913 0.5692934782608695 0.01154891304347826 0.008831521739130434
0 0.24116847826086957 0.5754076086956522 0.010869565217391304 0.008831521739130434
0 0.203125 0.5495923913043478 0.010869565217391304 0.008831521739130434
0 0.2105978260869565 0.5495923913043478 0.01154891304347826 0.008831521739130434
0 0.19769021739130435 0.545516304347826 0.01154891304347826 0.008831521739130434
0 0.19429347826086957 0.5461956521739131 0.01154891304347826 0.008152173913043478
0 0.17798913043478262 0.5441576086956522 0.01154891304347826 0.008152173913043478
0 0.18206521739130435 0.5509510869565217 0.010869565217391304 0.008831521739130434
0 0.17119565217391305 0.5461956521739131 0.01154891304347826 0.008152173913043478
0 0.15828804347826086 0.5475543478260869 0.010869565217391304 0.008152173913043478
0 0.15625 0.5489130434782609 0.01154891304347826 0.008152173913043478
0 0.15625 0.5543478260869565 0.01154891304347826 0.008831521739130434
0 0.14945652173913043 0.5536684782608695 0.01154891304347826 0.008152173913043478
0 0.15081521739130435 0.5597826086956522 0.01154891304347826 0.008831521739130434
0 0.1487771739130435 0.5658967391304348 0.01154891304347826 0.008831521739130434
0 0.15421195652173914 0.5645380434782609 0.01154891304347826 0.008831521739130434
0 0.1610054347826087 0.5570652173913043 0.01154891304347826 0.008831521739130434
0 0.16644021739130435 0.5536684782608695 0.010869565217391304 0.008152173913043478
0 0.16576086956521738 0.5489130434782609 0.01154891304347826 0.008831521739130434
0 0.16168478260869565 0.5672554347826086 0.01154891304347826 0.008831521739130434
0 0.15692934782608695 0.5672554347826086 0.01154891304347826 0.008831521739130434
0 0.15760869565217392 0.5726902173913043 0.01154891304347826 0.008831521739130434
0 0.16236413043478262 0.5747282608695652 0.01154891304347826 0.008831521739130434
0 0.16576086956521738 0.5713315217391305 0.01154891304347826 0.008152173913043478
0 0.16915760869565216 0.5672554347826086 0.01154891304347826 0.008831521739130434
0 0.18410326086956522 0.561141304347826 0.01154891304347826 0.008831521739130434
0 0.1800271739130435 0.5577445652173914 0.01154891304347826 0.008152173913043478
0 0.18953804347826086 0.5577445652173914 0.01154891304347826 0.008152173913043478
0 0.1875 0.5536684782608695 0.01154891304347826 0.008152173913043478
0 0.19361413043478262 0.5570652173913043 0.010869565217391304 0.008831521739130434
0 0.1983695652173913 0.5550271739130435 0.010869565217391304 0.008831521739130434
0 0.20923913043478262 0.5604619565217391 0.01154891304347826 0.008831521739130434
0 0.20720108695652173 0.5523097826086957 0.01154891304347826 0.008831521739130434
0 0.2078804347826087 0.5747282608695652 0.010869565217391304 0.008831521739130434
0 0.20448369565217392 0.5686141304347826 0.010869565217391304 0.008152173913043478
0 0.1983695652173913 0.5720108695652174 0.010869565217391304 0.008831521739130434
0 0.18546195652173914 0.578125 0.010869565217391304 0.008831521739130434
0 0.20516304347826086 0.5828804347826086 0.01154891304347826 0.008831521739130434
0 0.19021739130434784 0.5835597826086957 0.01154891304347826 0.008152173913043478
0 0.18070652173913043 0.5835597826086957 0.01154891304347826 0.008831521739130434
0 0.19293478260869565 0.5822010869565217 0.01154891304347826 0.008152173913043478
0 0.21671195652173914 0.5686141304347826 0.01154891304347826 0.008152173913043478
0 0.21807065217391305 0.5631793478260869 0.010869565217391304 0.008831521739130434
0 0.21263586956521738 0.5563858695652174 0.01154891304347826 0.008152173913043478
0 0.22282608695652173 0.5570652173913043 0.01154891304347826 0.008831521739130434
0 0.2235054347826087 0.5658967391304348 0.010869565217391304 0.008831521739130434