0 0.6453804347826086 0.3688858695652174 0.08152173913043478 0.08084239130434782
0 0.41372282608695654 0.6311141304347826 0.10665760869565218 0.10054347826086957
0 0.38654891304347827 0.4639945652173913 0.08831521739130435 0.09782608695652174
0 0.7207880434782609 0.5414402173913043 0.11413043478260869 0.11141304347826086
0 0.06793478260869565 0.532608695652174 0.09510869565217392 0.08152173913043478
0 0.15557065217391305 0.6610054347826086 0.09578804347826086 0.09510869565217392
0 0.21671195652173914 0.3532608695652174 0.08288043478260869 0.08016304347826086
0 0.9483695652173914 0.4857336956521739 0.09782608695652174 0.08831521739130435
0 0.4320652173913043 0.3960597826086957 0.08491847826086957 0.08152173913043478
0 0.9008152173913043 0.3892663043478261 0.08355978260869565 0.08152173913043478
0 0.018342391304347828 0.39470108695652173 0.036684782608695655 0.07472826086956522
0 0.018342391304347828 0.391304347826087 0.036684782608695655 0.07336956521739131