0 0.49320652173913043 0.4830163043478261 0.04076086956521739 0.03940217391304348
0 0.6881793478260869 0.3919836956521739 0.030570652173913044 0.03260869565217391
0 0.43342391304347827 0.5081521739130435 0.034646739130434784 0.03260869565217391
0 0.9626358695652174 0.375 0.027853260869565216 0.03125
0 0.6521739130434783 0.4701086956521739 0.036684782608695655 0.04008152173913043
0 0.5679347826086957 0.405570652173913 0.03328804347826087 0.033967391304347824
0 0.859375 0.5047554347826086 0.043478260869565216 0.04823369565217391
0 0.8505434782608695 0.3491847826086957 0.02717391304347826 0.029211956521739132
0 0.9014945652173914 0.3763586956521739 0.028532608695652172 0.035326086956521736
0 0.37296195652173914 0.4048913043478261 0.03260869565217391 0.03192934782608696
0 0.5434782608695652 0.4361413043478261 0.036684782608695655 0.036684782608695655
0 0.9945652173913043 0.35529891304347827 0.010869565217391304 0.02717391304347826
0 0.9599184782608695 0.4592391304347826 0.04076086956521739 0.04755434782608696
0 0.6311141304347826 0.40828804347826086 0.03125 0.03260869565217391
0 0.4830163043478261 0.438179347826087 0.03940217391304348 0.035326086956521736
0 0.6025815217391305 0.47146739130434784 0.03736413043478261 0.03736413043478261
0 0.7459239130434783 0.40285326086956524 0.027853260869565216 0.03192934782608696
0 0.38790760869565216 0.4904891304347826 0.04008152173913043 0.04008152173913043
0 0.9918478260869565 0.40896739130434784 0.016304347826086956 0.03125
0 0.8695652173913043 0.44633152173913043 0.034646739130434784 0.03804347826086957
0 0.5461956521739131 0.47622282608695654 0.036684782608695655 0.03804347826086957
0 0.5027173913043478 0.40217391304347827 0.034646739130434784 0.033967391304347824
0 0.7927989130434783 0.4157608695652174 0.03125 0.033967391304347824
0 0.8233695652173914 0.3953804347826087 0.03125 0.033967391304347824
0 0.720108695652174 0.46059782608695654 0.036005434782608696 0.03940217391304348
0 0.8029891304347826 0.47554347826086957 0.036005434782608696 0.04076086956521739
0 0.720108695652174 0.5163043478260869 0.03940217391304348 0.04483695652173913
0 0.5400815217391305 0.3845108695652174 0.028532608695652172 0.028532608695652172
0 0.30366847826086957 0.4436141304347826 0.03736413043478261 0.035326086956521736
0 0.29279891304347827 0.499320652173913 0.04008152173913043 0.04076086956521739
0 0.22010869565217392 0.515625 0.04551630434782609 0.042119565217391304
0 0.9273097826086957 0.41440217391304346 0.030570652173913044 0.03192934782608696
0 0.9014945652173914 0.42595108695652173 0.034646739130434784 0.03736413043478261
0 0.9198369565217391 0.46603260869565216 0.03940217391304348 0.04076086956521739
0 0.35190217391304346 0.48097826086956524 0.03736413043478261 0.04008152173913043
0 0.4633152173913043 0.3953804347826087 0.027853260869565216 0.029211956521739132
0 0.2595108695652174 0.47554347826086957 0.042119565217391304 0.04076086956521739
0 0.7846467391304348 0.44497282608695654 0.03260869565217391 0.03125
0 0.6025815217391305 0.4320652173913043 0.03328804347826087 0.035326086956521736
0 0.7927989130434783 0.38179347826086957 0.028532608695652172 0.029211956521739132
0 0.71875 0.3811141304347826 0.025815217391304348 0.028532608695652172
0 0.6569293478260869 0.42934782608695654 0.034646739130434784 0.04008152173913043
0 0.37771739130434784 0.453125 0.036005434782608696 0.03736413043478261
0 0.438179347826087 0.453804347826087 0.03328804347826087 0.035326086956521736
0 0.43953804347826086 0.422554347826087 0.036684782608695655 0.036684782608695655
0 0.6073369565217391 0.37160326086956524 0.027853260869565216 0.029891304347826088
0 0.6569293478260869 0.3845108695652174 0.028532608695652172 0.03192934782608696
0 0.7445652173913043 0.42459239130434784 0.028532608695652172 0.03260869565217391
0 0.7540760869565217 0.37160326086956524 0.025135869565217392 0.028532608695652172
0 0.8389945652173914 0.42391304347826086 0.03125 0.034646739130434784
0 0.9245923913043478 0.35733695652173914 0.027853260869565216 0.027853260869565216
0 0.9585597826086957 0.4266304347826087 0.034646739130434784 0.03736413043478261