0 0.017663043478260868 0.29279891304347827 0.035326086956521736 0.06657608695652174
0 0.03125 0.26154891304347827 0.04619565217391304 0.06046195652173913
0 0.006793478260869565 0.2452445652173913 0.01358695652173913 0.033967391304347824
0 0.021739130434782608 0.21331521739130435 0.027853260869565216 0.036684782608695655
0 0.034646739130434784 0.20855978260869565 0.024456521739130436 0.030570652173913044
0 0.03872282608695652 0.18478260869565216 0.02309782608695652 0.025135869565217392
0 0.028532608695652172 0.171875 0.02309782608695652 0.02717391304347826
0 0.004755434782608696 0.1875 0.009510869565217392 0.033967391304347824
0 0.078125 0.266304347826087 0.036005434782608696 0.042798913043478264
0 0.07676630434782608 0.2425271739130435 0.03328804347826087 0.04008152173913043
0 0.09714673913043478 0.22078804347826086 0.028532608695652172 0.036684782608695655
0 0.07472826086956522 0.18614130434782608 0.02717391304347826 0.033967391304347824
0 0.0625 0.17051630434782608 0.025135869565217392 0.033967391304347824
0 0.08152173913043478 0.16236413043478262 0.01970108695652174 0.025135869565217392
0 0.10461956521739131 0.17051630434782608 0.026494565217391304 0.03192934782608696
0 0.12907608695652173 0.18206521739130435 0.029211956521739132 0.03804347826086957
0 0.12635869565217392 0.1637228260869565 0.018342391304347828 0.01970108695652174
0 0.1487771739130435 0.21739130434782608 0.03804347826086957 0.044157608695652176
0 0.17595108695652173 0.1922554347826087 0.028532608695652172 0.036005434782608696
0 0.16847826086956522 0.171875 0.02717391304347826 0.03125
0 0.18953804347826086 0.21671195652173914 0.03192934782608696 0.04008152173913043
0 0.18546195652173914 0.24864130434782608 0.042119565217391304 0.057744565217391304
0 0.21195652173913043 0.26834239130434784 0.03328804347826087 0.043478260869565216
0 0.29279891304347827 0.31997282608695654 0.06114130434782609 0.07269021739130435
0 0.264945652173913 0.2554347826086957 0.04755434782608696 0.05570652173913043
0 0.2425271739130435 0.22554347826086957 0.03328804347826087 0.044157608695652176
0 0.2595108695652174 0.18478260869565216 0.020380434782608696 0.025135869565217392
0 0.23029891304347827 0.16915760869565216 0.029211956521739132 0.033967391304347824
0 0.23301630434782608 0.15013586956521738 0.026494565217391304 0.02717391304347826
0 0.28464673913043476 0.17391304347826086 0.022418478260869564 0.028532608695652172
0 0.30366847826086957 0.17119565217391305 0.022418478260869564 0.02717391304347826
0 0.28940217391304346 0.20108695652173914 0.022418478260869564 0.028532608695652172
0 0.3023097826086957 0.19904891304347827 0.025135869565217392 0.033967391304347824
0 0.3063858695652174 0.23369565217391305 0.03940217391304348 0.049592391304347824
0 0.328125 0.2235054347826087 0.030570652173913044 0.042119565217391304
0 0.3267663043478261 0.19021739130434784 0.029211956521739132 0.036005434782608696
0 0.31589673913043476 0.17255434782608695 0.022418478260869564 0.02717391304347826
0 0.3491847826086957 0.16508152173913043 0.01970108695652174 0.025135869565217392
0 0.3648097826086957 0.16236413043478262 0.014266304347826086 0.019021739130434784
0 0.3688858695652174 0.1827445652173913 0.03192934782608696 0.043478260869565216
0 0.38858695652173914 0.17051630434782608 0.028532608695652172 0.036005434782608696
0 0.40625 0.22010869565217392 0.03192934782608696 0.033967391304347824
0 0.40421195652173914 0.24048913043478262 0.03804347826086957 0.04755434782608696
0 0.36345108695652173 0.264945652173913 0.044157608695652176 0.049592391304347824
0 0.46127717391304346 0.28328804347826086 0.05434782608695652 0.06725543478260869
0 0.5122282608695652 0.25883152173913043 0.042119565217391304 0.046875
0 0.5258152173913043 0.24796195652173914 0.03192934782608696 0.04483695652173913
0 0.5441576086956522 0.2296195652173913 0.03872282608695652 0.049592391304347824
0 0.5095108695652174 0.18953804347826086 0.028532608695652172 0.036005434782608696
0 0.484375 0.18206521739130435 0.026494565217391304 0.03804347826086957
0 0.46875 0.17051630434782608 0.036684782608695655 0.04076086956521739
0 0.43070652173913043 0.17798913043478262 0.025135869565217392 0.033967391304347824
0 0.4205163043478261 0.15760869565217392 0.025135869565217392 0.03125
0 0.514266304347826 0.16236413043478262 0.028532608695652172 0.033967391304347824
0 0.5332880434782609 0.16508152173913043 0.021059782608695652 0.03192934782608696
0 0.5849184782608695 0.18885869565217392 0.03192934782608696 0.036005434782608696
0 0.563858695652174 0.17391304347826086 0.028532608695652172 0.033967391304347824
0 0.6256793478260869 0.17730978260869565 0.030570652173913044 0.03736413043478261
0 0.641983695652174 0.16779891304347827 0.01970108695652174 0.02377717391304348
0 0.6535326086956522 0.18546195652173914 0.020380434782608696 0.028532608695652172
0 0.6711956521739131 0.17255434782608695 0.02717391304347826 0.029891304347826088
0 0.688858695652174 0.19293478260869565 0.025135869565217392 0.030570652173913044
0 0.6447010869565217 0.24048913043478262 0.03192934782608696 0.036684782608695655
0 0.5957880434782609 0.23505434782608695 0.035326086956521736 0.036684782608695655
0 0.5998641304347826 0.25203804347826086 0.036005434782608696 0.043478260869565216
0 0.5889945652173914 0.27853260869565216 0.057744565217391304 0.06385869565217392
0 0.6766304347826086 0.266304347826087 0.051630434782608696 0.06453804347826086
0 0.7105978260869565 0.29347826086956524 0.059782608695652176 0.06385869565217392
0 0.71875 0.2561141304347826 0.04755434782608696 0.05502717391304348
0 0.7520380434782609 0.23641304347826086 0.03736413043478261 0.044157608695652176
0 0.7289402173913043 0.17527173913043478 0.035326086956521736 0.036684782608695655
0 0.7697010869565217 0.16915760869565216 0.022418478260869564 0.025135869565217392
0 0.7860054347826086 0.15760869565217392 0.02717391304347826 0.034646739130434784
0 0.8118206521739131 0.18614130434782608 0.04008152173913043 0.04008152173913043
0 0.8349184782608695 0.1793478260869565 0.016983695652173912 0.022418478260869564
0 0.8519021739130435 0.19429347826086957 0.03872282608695652 0.042119565217391304
0 0.8722826086956522 0.17255434782608695 0.025135869565217392 0.033967391304347824
0 0.8539402173913043 0.23301630434782608 0.04823369565217391 0.04891304347826087
0 0.7927989130434783 0.27377717391304346 0.052309782608695655 0.05298913043478261
0 0.9177989130434783 0.27921195652173914 0.06589673913043478 0.06997282608695653
0 0.9375 0.3172554347826087 0.07065217391304347 0.06657608695652174
0 0.9646739130434783 0.27785326086956524 0.057065217391304345 0.059782608695652176
0 0.9592391304347826 0.24116847826086957 0.050951086956521736 0.04891304347826087
0 0.9225543478260869 0.1922554347826087 0.03328804347826087 0.03872282608695652
0 0.9245923913043478 0.16304347826086957 0.029211956521739132 0.03260869565217391
0 0.9578804347826086 0.16644021739130435 0.025135869565217392 0.029891304347826088
0 0.9884510869565217 0.1800271739130435 0.02309782608695652 0.04483695652173913
0 0.90625 0.5849184782608695 0.13926630434782608 0.14198369565217392
0 0.9164402173913043 0.5027173913043478 0.10190217391304347 0.109375
0 0.9782608695652174 0.44089673913043476 0.042798913043478264 0.09578804347826086
0 0.8485054347826086 0.4517663043478261 0.08491847826086957 0.08763586956521739
0 0.701766304347826 0.46603260869565216 0.0625 0.06725543478260869
0 0.6480978260869565 0.5577445652173914 0.08084239130434782 0.10190217391304347
0 0.5305706521739131 0.4952445652173913 0.06725543478260869 0.08763586956521739
0 0.4320652173913043 0.48641304347826086 0.10054347826086957 0.12635869565217392
0 0.3070652173913043 0.4986413043478261 0.06589673913043478 0.08355978260869565
0 0.16236413043478262 0.5421195652173914 0.08899456521739131 0.11345108695652174
0 0.14741847826086957 0.485054347826087 0.06453804347826086 0.07201086956521739
0 0.050951086956521736 0.4701086956521739 0.06861413043478261 0.09035326086956522
0 0.036684782608695655 0.5726902173913043 0.07269021739130435 0.140625
0 0.23233695652173914 0.35054347826086957 0.050271739130434784 0.06385869565217392
0 0.4701086956521739 0.35529891304347827 0.059782608695652176 0.07948369565217392
0 0.6229619565217391 0.6739130434782609 0.09375 0.11480978260869565
0 0.5244565217391305 0.7819293478260869 0.11752717391304347 0.16168478260869565
0 0.24048913043478262 0.7065217391304348 0.11548913043478261 0.15353260869565216
0 0.0033967391304347825 0.16983695652173914 0.006793478260869565 0.021059782608695652
0 0.018342391304347828 0.2561141304347826 0.036005434782608696 0.041440217391304345
0 0.035326086956521736 0.22758152173913043 0.036005434782608696 0.03736413043478261
0 0.15489130434782608 0.18206521739130435 0.029211956521739132 0.029891304347826088
0 0.15013586956521738 0.29279891304347827 0.042798913043478264 0.043478260869565216
0 0.20108695652173914 0.30978260869565216 0.05434782608695652 0.05502717391304348
0 0.27921195652173914 0.21942934782608695 0.036005434782608696 0.036684782608695655
0 0.2595108695652174 0.17119565217391305 0.025135869565217392 0.025815217391304348
0 0.28940217391304346 0.15692934782608695 0.02377717391304348 0.025135869565217392
0 0.405570652173913 0.28125 0.052309782608695655 0.05434782608695652
0 0.5278532608695652 0.20855978260869565 0.035326086956521736 0.036005434782608696
0 0.6521739130434783 0.1610054347826087 0.02717391304347826 0.028532608695652172
0 0.7065217391304348 0.1875 0.029211956521739132 0.029891304347826088
0 0.7309782608695652 0.2112771739130435 0.03804347826086957 0.03940217391304348
0 0.779891304347826 0.20720108695652173 0.03804347826086957 0.03872282608695652
0 0.9123641304347826 0.23097826086956522 0.04823369565217391 0.04891304347826087
0 0.8817934782608695 0.15896739130434784 0.020380434782608696 0.020380434782608696
0 0.32608695652173914 0.6039402173913043 0.10801630434782608 0.11073369565217392
0 0.7894021739130435 0.9279891304347826 0.1487771739130435 0.14402173913043478
0 0.8634510869565217 0.7921195652173914 0.1324728260869565 0.13519021739130435
0 0.8172554347826086 0.733016304347826 0.125 0.12771739130434784