0 0.9476902173913043 0.23505434782608695 0.04619565217391304 0.04008152173913043
0 0.9415760869565217 0.2798913043478261 0.04551630434782609 0.042798913043478264
0 0.983016304347826 0.3179347826086957 0.03328804347826087 0.04551630434782609
0 0.9252717391304348 0.3111413043478261 0.04619565217391304 0.04619565217391304
0 0.9497282608695652 0.391304347826087 0.04891304347826087 0.043478260869565216
0 0.9823369565217391 0.4014945652173913 0.035326086956521736 0.03940217391304348
0 0.8682065217391305 0.4001358695652174 0.04076086956521739 0.034646739130434784
0 0.8145380434782609 0.3845108695652174 0.050951086956521736 0.046875
0 0.7758152173913043 0.37296195652173914 0.05502717391304348 0.049592391304347824
0 0.7622282608695652 0.30910326086956524 0.042798913043478264 0.03872282608695652
0 0.717391304347826 0.32065217391304346 0.050271739130434784 0.04891304347826087
0 0.7038043478260869 0.3960597826086957 0.050271739130434784 0.049592391304347824
0 0.8627717391304348 0.21331521739130435 0.05570652173913043 0.04891304347826087
0 0.8220108695652174 0.20244565217391305 0.050951086956521736 0.04619565217391304
0 0.7805706521739131 0.20244565217391305 0.05570652173913043 0.052309782608695655
0 0.7119565217391305 0.24116847826086957 0.042798913043478264 0.036684782608695655
0 0.36820652173913043 0.21739130434782608 0.05366847826086957 0.046875
0 0.3607336956521739 0.3328804347826087 0.05366847826086957 0.046875
0 0.3967391304347826 0.3607336956521739 0.05570652173913043 0.04619565217391304
0 0.532608695652174 0.3546195652173913 0.05366847826086957 0.04891304347826087
0 0.48029891304347827 0.3328804347826087 0.050951086956521736 0.049592391304347824
0 0.5 0.28872282608695654 0.05366847826086957 0.04619565217391304
0 0.4673913043478261 0.22282608695652173 0.05502717391304348 0.050271739130434784
0 0.41847826086956524 0.21671195652173914 0.050271739130434784 0.043478260869565216
0 0.5706521739130435 0.21875 0.05366847826086957 0.046875
0 0.5210597826086957 0.20176630434782608 0.050951086956521736 0.046875
0 0.5489130434782609 0.13926630434782608 0.04551630434782609 0.04008152173913043
0 0.6474184782608695 0.15013586956521738 0.04619565217391304 0.043478260869565216
0 0.6637228260869565 0.22486413043478262 0.050271739130434784 0.04551630434782609
0 0.6175271739130435 0.24116847826086957 0.041440217391304345 0.03872282608695652
0 0.640625 0.2921195652173913 0.05502717391304348 0.049592391304347824
0 0.5849184782608695 0.3804347826086957 0.03804347826086957 0.03328804347826087
0 0.057065217391304345 0.47622282608695654 0.022418478260869564 0.020380434782608696
0 0.050271739130434784 0.4592391304347826 0.021739130434782608 0.016983695652173912
0 0.13519021739130435 0.49592391304347827 0.022418478260869564 0.020380434782608696
0 0.10326086956521739 0.4789402173913043 0.014266304347826086 0.01358695652173913
0 0.09442934782608696 0.47078804347826086 0.014266304347826086 0.016304347826086956
0 0.18070652173913043 0.48097826086956524 0.017663043478260868 0.01970108695652174
0 0.006793478260869565 0.46603260869565216 0.012907608695652174 0.016304347826086956
0 0.15625 0.4592391304347826 0.015625 0.01358695652173913
0 0.26290760869565216 0.3233695652173913 0.05366847826086957 0.03872282608695652
0 0.6351902173913043 0.3858695652173913 0.05570652173913043 0.04008152173913043
0 0.1922554347826087 0.4945652173913043 0.02377717391304348 0.016983695652173912
0 0.015625 0.4904891304347826 0.02377717391304348 0.016983695652173912
0 0.016304347826086956 0.4796195652173913 0.021739130434782608 0.015625
0 0.0033967391304347825 0.4517663043478261 0.006793478260869565 0.012228260869565218
0 0.05434782608695652 0.358695652173913 0.012228260869565218 0.008831521739130434
0 0.03192934782608696 0.3607336956521739 0.012228260869565218 0.008831521739130434
0 0.12364130434782608 0.4375 0.016983695652173912 0.010869565217391304
0 0.11277173913043478 0.42459239130434784 0.012907608695652174 0.009510869565217392
0 0.10529891304347826 0.421195652173913 0.012907608695652174 0.008831521739130434
0 0.09442934782608696 0.43546195652173914 0.015625 0.010869565217391304
0 0.07201086956521739 0.41779891304347827 0.010869565217391304 0.007472826086956522
0 0.07948369565217392 0.41032608695652173 0.009510869565217392 0.006793478260869565
0 0.13519021739130435 0.4205163043478261 0.012907608695652174 0.008831521739130434
0 0.12771739130434784 0.4279891304347826 0.012907608695652174 0.009510869565217392
0 0.1480978260869565 0.4429347826086957 0.016983695652173912 0.012228260869565218
0 0.12635869565217392 0.44904891304347827 0.017663043478260868 0.012228260869565218
0 0.16168478260869565 0.4429347826086957 0.016983695652173912 0.012228260869565218
0 0.1800271739130435 0.44904891304347827 0.017663043478260868 0.012228260869565218
0 0.10801630434782608 0.46059782608695654 0.019021739130434784 0.01358695652173913
0 0.09239130434782608 0.45040760869565216 0.017663043478260868 0.012907608695652174
0 0.06521739130434782 0.40828804347826086 0.008152173913043478 0.006114130434782609
0 0.04551630434782609 0.40421195652173914 0.007472826086956522 0.005434782608695652
0 0.04076086956521739 0.4123641304347826 0.010869565217391304 0.007472826086956522
0 0.04551630434782609 0.43953804347826086 0.015625 0.010869565217391304
0 0.05570652173913043 0.43342391304347827 0.014266304347826086 0.010190217391304348
0 0.004755434782608696 0.43410326086956524 0.009510869565217392 0.010190217391304348
0 0.008152173913043478 0.4273097826086957 0.014266304347826086 0.010190217391304348
0 0.004755434782608696 0.4116847826086957 0.009510869565217392 0.006793478260869565
0 0.014266304347826086 0.40896739130434784 0.009510869565217392 0.006114130434782609
0 0.012228260869565218 0.4001358695652174 0.006114130434782609 0.004076086956521739
0 0.03125 0.34578804347826086 0.010869565217391304 0.007472826086956522
0 0.09442934782608696 0.3335597826086957 0.009510869565217392 0.006793478260869565
0 0.10869565217391304 0.3328804347826087 0.009510869565217392 0.006793478260869565
0 0.10054347826086957 0.35258152173913043 0.010869565217391304 0.008831521739130434
0 0.09103260869565218 0.358695652173913 0.012228260869565218 0.008831521739130434
0 0.07540760869565218 0.35122282608695654 0.010869565217391304 0.007472826086956522
0 0.08355978260869565 0.3648097826086957 0.012228260869565218 0.009510869565217392
0 0.12771739130434784 0.33627717391304346 0.010869565217391304 0.006793478260869565
0 0.1358695652173913 0.36141304347826086 0.012228260869565218 0.008831521739130434
0 0.15692934782608695 0.33084239130434784 0.009510869565217392 0.006114130434782609
0 0.1800271739130435 0.33016304347826086 0.009510869565217392 0.006793478260869565
0 0.1324728260869565 0.32608695652173914 0.009510869565217392 0.006793478260869565
0 0.11548913043478261 0.32472826086956524 0.008152173913043478 0.006114130434782609
0 0.08899456521739131 0.3220108695652174 0.007472826086956522 0.006793478260869565
0 0.07065217391304347 0.31997282608695654 0.008152173913043478 0.005434782608695652
0 0.06453804347826086 0.328804347826087 0.009510869565217392 0.006114130434782609
0 0.057065217391304345 0.32404891304347827 0.008152173913043478 0.006114130434782609
0 0.042119565217391304 0.31929347826086957 0.008152173913043478 0.006114130434782609
0 0.02377717391304348 0.3220108695652174 0.008152173913043478 0.006114130434782609
0 0.036005434782608696 0.33559782608695654 0.009510869565217392 0.006793478260869565
0 0.01154891304347826 0.32065217391304346 0.008152173913043478 0.006114130434782609
0 0.0033967391304347825 0.31657608695652173 0.006793478260869565 0.005434782608695652
0 0.20448369565217392 0.3335597826086957 0.009510869565217392 0.006793478260869565
0 0.23641304347826086 0.33627717391304346 0.009510869565217392 0.006793478260869565
0 0.22146739130434784 0.35054347826086957 0.012228260869565218 0.007472826086956522
0 0.20991847826086957 0.35258152173913043 0.010869565217391304 0.008831521739130434
0 0.171875 0.34714673913043476 0.010869565217391304 0.007472826086956522
0 0.18070652173913043 0.358695652173913 0.012228260869565218 0.008831521739130434
0 0.16779891304347827 0.3607336956521739 0.012228260869565218 0.008831521739130434
0 0.08423913043478261 0.2826086956521739 0.009510869565217392 0.006793478260869565
0 0.08423913043478261 0.27241847826086957 0.009510869565217392 0.006793478260869565
0 0.06182065217391304 0.27309782608695654 0.009510869565217392 0.006793478260869565
0 0.04891304347826087 0.2608695652173913 0.009510869565217392 0.006793478260869565
0 0.06521739130434782 0.250679347826087 0.009510869565217392 0.006793478260869565
0 0.050271739130434784 0.24932065217391305 0.008152173913043478 0.006793478260869565
0 0.04076086956521739 0.24456521739130435 0.009510869565217392 0.006114130434782609
0 0.029211956521739132 0.24456521739130435 0.009510869565217392 0.006793478260869565
0 0.019021739130434784 0.24388586956521738 0.009510869565217392 0.006793478260869565
0 0.008152173913043478 0.2425271739130435 0.009510869565217392 0.006793478260869565
0 0.15625 0.27445652173913043 0.009510869565217392 0.006793478260869565
0 0.12228260869565218 0.2703804347826087 0.009510869565217392 0.006793478260869565
0 0.13722826086956522 0.2826086956521739 0.010869565217391304 0.006793478260869565
0 0.11684782608695653 0.26290760869565216 0.009510869565217392 0.006793478260869565
0 0.12771739130434784 0.265625 0.009510869565217392 0.006114130434782609
0 0.09782608695652174 0.266304347826087 0.009510869565217392 0.006793478260869565
0 0.09782608695652174 0.25747282608695654 0.009510869565217392 0.006793478260869565
0 0.11345108695652174 0.24592391304347827 0.008152173913043478 0.006114130434782609
0 0.13383152173913043 0.25339673913043476 0.008152173913043478 0.006793478260869565
0 0.13111413043478262 0.24728260869565216 0.009510869565217392 0.006114130434782609
0 0.1766304347826087 0.26358695652173914 0.009510869565217392 0.006793478260869565
0 0.16779891304347827 0.24864130434782608 0.009510869565217392 0.006793478260869565
0 0.15828804347826086 0.26154891304347827 0.009510869565217392 0.006793478260869565
0 0.20176630434782608 0.2703804347826087 0.009510869565217392 0.006793478260869565
0 0.19769021739130435 0.26222826086956524 0.009510869565217392 0.006793478260869565
0 0.1827445652173913 0.27377717391304346 0.009510869565217392 0.006793478260869565
0 0.08016304347826086 0.24116847826086957 0.009510869565217392 0.006793478260869565
0 0.07676630434782608 0.24048913043478262 0.008152173913043478 0.006793478260869565
0 0.06385869565217392 0.23505434782608695 0.008152173913043478 0.006114130434782609
0 0.058423913043478264 0.23980978260869565 0.009510869565217392 0.006793478260869565
0 0.018342391304347828 0.23165760869565216 0.008152173913043478 0.006114130434782609
0 0.030570652173913044 0.234375 0.008152173913043478 0.006793478260869565
0 0.02377717391304348 0.26222826086956524 0.009510869565217392 0.006793478260869565
0 0.051630434782608696 0.2710597826086957 0.009510869565217392 0.006793478260869565
0 0.21535326086956522 0.26766304347826086 0.009510869565217392 0.006793478260869565
0 0.2296195652173913 0.28328804347826086 0.009510869565217392 0.006793478260869565
0 0.24116847826086957 0.2710597826086957 0.009510869565217392 0.006793478260869565
0 0.23641304347826086 0.25883152173913043 0.009510869565217392 0.006793478260869565
0 0.20923913043478262 0.26154891304347827 0.009510869565217392 0.006793478260869565
0 0.19429347826086957 0.2513586956521739 0.009510869565217392 0.006114130434782609
0 0.1793478260869565 0.24932065217391305 0.008152173913043478 0.006114130434782609
0 0.18342391304347827 0.23777173913043478 0.009510869565217392 0.006793478260869565
0 0.1644021739130435 0.24048913043478262 0.009510869565217392 0.006793478260869565
0 0.13111413043478262 0.23233695652173914 0.009510869565217392 0.006793478260869565
0 0.12228260869565218 0.2296195652173913 0.009510869565217392 0.006114130434782609
0 0.10326086956521739 0.22758152173913043 0.009510869565217392 0.006114130434782609
0 0.09510869565217392 0.22894021739130435 0.009510869565217392 0.006793478260869565
0 0.05298913043478261 0.2078804347826087 0.008152173913043478 0.006114130434782609
0 0.03872282608695652 0.203125 0.008152173913043478 0.006793478260869565
0 0.012228260869565218 0.2105978260869565 0.008152173913043478 0.006793478260869565
0 0.010869565217391304 0.20244565217391305 0.009510869565217392 0.006114130434782609
0 0.02717391304347826 0.17595108695652173 0.009510869565217392 0.006114130434782609
0 0.020380434782608696 0.18138586956521738 0.008152173913043478 0.006114130434782609
0 0.033967391304347824 0.15760869565217392 0.008152173913043478 0.006114130434782609
0 0.01154891304347826 0.15896739130434784 0.008152173913043478 0.006114130434782609
0 0.006793478260869565 0.17255434782608695 0.008152173913043478 0.006114130434782609
0 0.17527173913043478 0.22078804347826086 0.009510869565217392 0.006793478260869565
0 0.18953804347826086 0.21263586956521738 0.008152173913043478 0.006114130434782609
0 0.18817934782608695 0.22826086956521738 0.009510869565217392 0.006114130434782609
0 0.14470108695652173 0.21535326086956522 0.008152173913043478 0.006793478260869565
0 0.14198369565217392 0.20720108695652173 0.008152173913043478 0.006114130434782609
0 0.13179347826086957 0.2105978260869565 0.008152173913043478 0.006114130434782609
0 0.13179347826086957 0.21942934782608695 0.008152173913043478 0.006793478260869565
0 0.10869565217391304 0.21331521739130435 0.008152173913043478 0.006793478260869565
0 0.10258152173913043 0.20380434782608695 0.008152173913043478 0.006114130434782609
0 0.10326086956521739 0.19021739130434784 0.008152173913043478 0.006114130434782609
0 0.09578804347826086 0.16779891304347827 0.008152173913043478 0.006114130434782609
0 0.07608695652173914 0.1644021739130435 0.008152173913043478 0.005434782608695652
0 0.059103260869565216 0.16236413043478262 0.008152173913043478 0.006114130434782609
0 0.04755434782608696 0.18410326086956522 0.009510869565217392 0.006114130434782609
0 0.06453804347826086 0.18682065217391305 0.008152173913043478 0.006114130434782609
0 0.09103260869565218 0.18953804347826086 0.008152173913043478 0.006114130434782609
0 0.07608695652173914 0.1875 0.008152173913043478 0.006114130434782609
0 0.07472826086956522 0.17730978260869565 0.008152173913043478 0.006114130434782609
0 0.057065217391304345 0.17459239130434784 0.008152173913043478 0.006114130434782609
0 0.04076086956521739 0.17391304347826086 0.008152173913043478 0.006114130434782609
0 0.04483695652173913 0.1956521739130435 0.008152173913043478 0.006114130434782609
0 0.059103260869565216 0.19769021739130435 0.008152173913043478 0.006114130434782609
0 0.07133152173913043 0.1983695652173913 0.009510869565217392 0.006114130434782609
0 0.078125 0.19972826086956522 0.008152173913043478 0.006793478260869565
0 0.09375 0.20108695652173914 0.008152173913043478 0.006114130434782609
0 0.12160326086956522 0.20380434782608695 0.009510869565217392 0.006114130434782609
0 0.08288043478260869 0.2112771739130435 0.008152173913043478 0.006114130434782609
0 0.07201086956521739 0.20991847826086957 0.008152173913043478 0.006114130434782609
0 0.041440217391304345 0.21875 0.009510869565217392 0.006114130434782609
0 0.07336956521739131 0.22214673913043478 0.008152173913043478 0.006114130434782609
0 0.059782608695652176 0.21942934782608695 0.008152173913043478 0.006114130434782609
0 0.09850543478260869 0.24592391304347827 0.009510869565217392 0.006793478260869565
0 0.044157608695652176 0.23573369565217392 0.009510869565217392 0.006114130434782609
0 0.1453804347826087 0.22214673913043478 0.009510869565217392 0.006793478260869565
0 0.1487771739130435 0.23233695652173914 0.009510869565217392 0.006114130434782609
0 0.14673913043478262 0.23709239130434784 0.009510869565217392 0.006793478260869565
0 0.14198369565217392 0.1983695652173913 0.008152173913043478 0.006114130434782609
0 0.1358695652173913 0.18614130434782608 0.009510869565217392 0.006114130434782609
0 0.1324728260869565 0.17595108695652173 0.008152173913043478 0.006114130434782609
0 0.11548913043478261 0.17595108695652173 0.008152173913043478 0.006114130434782609
0 0.11752717391304347 0.18614130434782608 0.008152173913043478 0.006114130434782609
0 0.11752717391304347 0.1956521739130435 0.008152173913043478 0.006114130434782609
0 0.09850543478260869 0.1793478260869565 0.008152173913043478 0.006793478260869565
0 0.08763586956521739 0.17798913043478262 0.008152173913043478 0.006114130434782609
0 0.11548913043478261 0.1671195652173913 0.007472826086956522 0.006114130434782609
0 0.13383152173913043 0.16915760869565216 0.008152173913043478 0.006114130434782609
0 0.21331521739130435 0.1793478260869565 0.008152173913043478 0.006114130434782609
0 0.23777173913043478 0.18410326086956522 0.008152173913043478 0.006114130434782609
0 0.24864130434782608 0.18614130434782608 0.008152173913043478 0.006114130434782609
0 0.2717391304347826 0.18614130434782608 0.007472826086956522 0.006793478260869565
0 0.296195652173913 0.19293478260869565 0.007472826086956522 0.006114130434782609
0 0.2418478260869565 0.1956521739130435 0.009510869565217392 0.006114130434782609
0 0.22826086956521738 0.21263586956521738 0.009510869565217392 0.006114130434782609
0 0.20584239130434784 0.21195652173913043 0.009510869565217392 0.006114130434782609
0 0.20244565217391305 0.20720108695652173 0.008152173913043478 0.006114130434782609
0 0.27309782608695654 0.22010869565217392 0.008152173913043478 0.006793478260869565
0 0.25815217391304346 0.2269021739130435 0.009510869565217392 0.006793478260869565
0 0.25815217391304346 0.21942934782608695 0.009510869565217392 0.006114130434782609
0 0.24116847826086957 0.21875 0.008152173913043478 0.006114130434782609
0 0.23709239130434784 0.22894021739130435 0.009510869565217392 0.006793478260869565
0 0.21807065217391305 0.2262228260869565 0.009510869565217392 0.006114130434782609
0 0.22282608695652173 0.21942934782608695 0.008152173913043478 0.006793478260869565
0 0.2717391304347826 0.23301630434782608 0.009510869565217392 0.006793478260869565
0 0.26222826086956524 0.234375 0.009510869565217392 0.006793478260869565
0 0.2914402173913043 0.24116847826086957 0.009510869565217392 0.006114130434782609
0 0.2513586956521739 0.23369565217391305 0.009510869565217392 0.006793478260869565
0 0.2642663043478261 0.25271739130434784 0.009510869565217392 0.006793478260869565
0 0.2513586956521739 0.24592391304347827 0.009510869565217392 0.006114130434782609
0 0.20108695652173914 0.23233695652173914 0.009510869565217392 0.006793478260869565
0 0.2554347826086957 0.264945652173913 0.008152173913043478 0.006793478260869565
0 0.2139945652173913 0.24864130434782608 0.009510869565217392 0.006793478260869565
0 0.2269021739130435 0.2418478260869565 0.008152173913043478 0.006114130434782609
0 0.2907608695652174 0.22758152173913043 0.008152173913043478 0.006793478260869565
0 0.28872282608695654 0.22282608695652173 0.008152173913043478 0.006793478260869565
0 0.2860054347826087 0.21263586956521738 0.009510869565217392 0.006114130434782609
0 0.280570652173913 0.22078804347826086 0.008152173913043478 0.006114130434782609
0 0.32540760869565216 0.19701086956521738 0.008152173913043478 0.006114130434782609
0 0.25339673913043476 0.19361413043478262 0.008152173913043478 0.006793478260869565
0 0.22078804347826086 0.19293478260869565 0.008152173913043478 0.006114130434782609
0 0.1922554347826087 0.18138586956521738 0.008152173913043478 0.006114130434782609
0 0.010869565217391304 0.1875 0.008152173913043478 0.006114130434782609
0 0.30978260869565216 0.2112771739130435 0.008152173913043478 0.006114130434782609
0 0.3967391304347826 0.19904891304347827 0.009510869565217392 0.006793478260869565
0 0.3233695652173913 0.2262228260869565 0.008152173913043478 0.006114130434782609
0 0.32608695652173914 0.22214673913043478 0.009510869565217392 0.006793478260869565
0 0.31046195652173914 0.24116847826086957 0.009510869565217392 0.006793478260869565
0 0.2798913043478261 0.25339673913043476 0.009510869565217392 0.006793478260869565
0 0.2669836956521739 0.2608695652173913 0.009510869565217392 0.006793478260869565
0 0.19021739130434784 0.35733695652173914 0.012228260869565218 0.007472826086956522
0 0.19021739130434784 0.36277173913043476 0.012228260869565218 0.009510869565217392
0 0.09850543478260869 0.4232336956521739 0.012228260869565218 0.009510869565217392
0 0.09103260869565218 0.4171195652173913 0.010869565217391304 0.007472826086956522
0 0.11480978260869565 0.36209239130434784 0.012228260869565218 0.008831521739130434
0 0.03192934782608696 0.18206521739130435 0.008152173913043478 0.006114130434782609
0 0.2112771739130435 0.21739130434782608 0.008152173913043478 0.006114130434782609
0 0.22894021739130435 0.19089673913043478 0.008152173913043478 0.006114130434782609
0 0.2982336956521739 0.2078804347826087 0.008152173913043478 0.006114130434782609
0 0.2798913043478261 0.22554347826086957 0.009510869565217392 0.006793478260869565
0 0.26970108695652173 0.20584239130434784 0.008152173913043478 0.006114130434782609
0 0.2710597826086957 0.2105978260869565 0.008152173913043478 0.006114130434782609
0 0.2608695652173913 0.2105978260869565 0.009510869565217392 0.006114130434782609
0 0.24048913043478262 0.20923913043478262 0.009510869565217392 0.006793478260869565
0 0.327445652173913 0.20991847826086957 0.009510869565217392 0.006114130434782609
0 0.3186141304347826 0.22418478260869565 0.008152173913043478 0.006114130434782609
0 0.2955163043478261 0.21875 0.008152173913043478 0.006114130434782609
0 0.297554347826087 0.23233695652173914 0.009510869565217392 0.006114130434782609
0 0.343070652173913 0.2296195652173913 0.009510869565217392 0.006114130434782609
0 0.3423913043478261 0.22078804347826086 0.008152173913043478 0.006114130434782609
0 0.27717391304347827 0.2452445652173913 0.009510869565217392 0.006793478260869565
0 0.33695652173913043 0.2078804347826087 0.008152173913043478 0.006114130434782609
0 0.31997282608695654 0.20380434782608695 0.008152173913043478 0.006114130434782609