0 0.5081521739130435 0.3919836956521739 0.025135869565217392 0.027853260869565216
0 0.4266304347826087 0.39945652173913043 0.016983695652173912 0.019021739130434784
0 0.654891304347826 0.46059782608695654 0.021059782608695652 0.021739130434782608
0 0.6358695652173914 0.46195652173913043 0.024456521739130436 0.022418478260869564
0 0.6134510869565217 0.468070652173913 0.020380434782608696 0.022418478260869564
0 0.59375 0.48777173913043476 0.024456521739130436 0.036005434782608696
0 0.5740489130434783 0.4891304347826087 0.029891304347826088 0.03940217391304348
0 0.5210597826086957 0.4952445652173913 0.022418478260869564 0.03328804347826087
0 0.5027173913043478 0.499320652173913 0.035326086956521736 0.04076086956521739
0 0.4673913043478261 0.469429347826087 0.029891304347826088 0.03125
0 0.4388586956521739 0.4904891304347826 0.035326086956521736 0.04823369565217391
0 0.7248641304347826 0.45516304347826086 0.021059782608695652 0.02377717391304348
0 0.7466032608695652 0.45516304347826086 0.02309782608695652 0.025815217391304348
0 0.7778532608695652 0.483695652173913 0.034646739130434784 0.036005434782608696
0 0.8240489130434783 0.5061141304347826 0.03736413043478261 0.034646739130434784
0 0.8729619565217391 0.46195652173913043 0.029891304347826088 0.030570652173913044
0 0.8933423913043478 0.46467391304347827 0.016983695652173912 0.021739130434782608
0 0.3654891304347826 0.4639945652173913 0.025135869565217392 0.036684782608695655
0 0.34578804347826086 0.43546195652173914 0.016983695652173912 0.019021739130434784
0 0.3220108695652174 0.45516304347826086 0.026494565217391304 0.029211956521739132
0 0.32404891304347827 0.48641304347826086 0.03736413043478261 0.03736413043478261
0 0.2452445652173913 0.4830163043478261 0.04483695652173913 0.051630434782608696
0 0.27785326086956524 0.48233695652173914 0.036005434782608696 0.04076086956521739
0 0.26358695652173914 0.44497282608695654 0.01970108695652174 0.022418478260869564
0 0.24048913043478262 0.438179347826087 0.016983695652173912 0.019021739130434784
0 0.21263586956521738 0.436820652173913 0.016304347826086956 0.019021739130434784
0 0.18070652173913043 0.436820652173913 0.016983695652173912 0.020380434782608696
0 0.16032608695652173 0.4701086956521739 0.033967391304347824 0.04076086956521739
0 0.12296195652173914 0.48097826086956524 0.02377717391304348 0.03940217391304348
0 0.09442934782608696 0.4585597826086957 0.02717391304347826 0.03125
0 0.09986413043478261 0.43002717391304346 0.017663043478260868 0.021059782608695652
0 0.11956521739130435 0.421875 0.012228260869565218 0.014266304347826086
0 0.09510869565217392 0.4116847826086957 0.01358695652173913 0.01358695652173913
0 0.08016304347826086 0.4205163043478261 0.014945652173913044 0.016304347826086956
0 0.06385869565217392 0.4279891304347826 0.015625 0.021739130434782608
0 0.05638586956521739 0.4320652173913043 0.018342391304347828 0.024456521739130436
0 0.04483695652173913 0.436820652173913 0.022418478260869564 0.02717391304347826
0 0.03125 0.42595108695652173 0.014266304347826086 0.019021739130434784
0 0.006114130434782609 0.44089673913043476 0.012228260869565218 0.03125
0 0.08084239130434782 0.6725543478260869 0.125 0.15353260869565216
0 0.40964673913043476 0.5692934782608695 0.057744565217391304 0.09239130434782608
0 0.3016304347826087 0.44021739130434784 0.016983695652173912 0.020380434782608696
0 0.1358695652173913 0.452445652173913 0.021739130434782608 0.027853260869565216
0 0.5679347826086957 0.4429347826086957 0.02717391304347826 0.02377717391304348
0 0.6059782608695652 0.44497282608695654 0.02717391304347826 0.02377717391304348
0 0.7819293478260869 0.4483695652173913 0.018342391304347828 0.016304347826086956
0 0.7296195652173914 0.49116847826086957 0.03260869565217391 0.029211956521739132
0 0.375 0.43546195652173914 0.02309782608695652 0.020380434782608696
0 0.3498641304347826 0.44904891304347827 0.026494565217391304 0.02377717391304348
0 0.3226902173913043 0.436820652173913 0.016304347826086956 0.014266304347826086
0 0.31589673913043476 0.42527173913043476 0.0033967391304347825 0.0033967391304347825
0 0.2710597826086957 0.438179347826087 0.014266304347826086 0.012228260869565218
0 0.17527173913043478 0.41915760869565216 0.008152173913043478 0.007472826086956522
0 0.14334239130434784 0.436820652173913 0.022418478260869564 0.020380434782608696
0 0.06182065217391304 0.4123641304347826 0.010190217391304348 0.008831521739130434
0 0.016304347826086956 0.41440217391304346 0.010869565217391304 0.009510869565217392
0 0.020380434782608696 0.49320652173913043 0.033967391304347824 0.030570652173913044
0 0.08695652173913043 0.5400815217391305 0.04891304347826087 0.043478260869565216
0 0.3172554347826087 0.6127717391304348 0.08695652173913043 0.07744565217391304
0 0.22486413043478262 0.43070652173913043 0.014266304347826086 0.012228260869565218
0 0.11480978260869565 0.43478260869565216 0.021739130434782608 0.019021739130434784
0 0.14741847826086957 0.42595108695652173 0.018342391304347828 0.016304347826086956
0 0.16032608695652173 0.4327445652173913 0.019021739130434784 0.016983695652173912