0 0.024456521739130436 0.49660326086956524 0.04891304347826087 0.06657608695652174
0 0.004755434782608696 0.35190217391304346 0.009510869565217392 0.05502717391304348
0 0.0033967391304347825 0.1956521739130435 0.006793478260869565 0.021739130434782608
0 0.005434782608695652 0.14402173913043478 0.010869565217391304 0.014945652173913044
0 0.034646739130434784 0.19293478260869565 0.028532608695652172 0.025135869565217392
0 0.051630434782608696 0.20516304347826086 0.02717391304347826 0.024456521739130436
0 0.06793478260869565 0.2105978260869565 0.03125 0.024456521739130436
0 0.10122282608695653 0.22486413043478262 0.042119565217391304 0.04008152173913043
0 0.07201086956521739 0.23641304347826086 0.03804347826086957 0.03192934782608696
0 0.029211956521739132 0.25407608695652173 0.035326086956521736 0.034646739130434784
0 0.004076086956521739 0.23165760869565216 0.008152173913043478 0.02717391304347826
0 0.015625 0.29891304347826086 0.03125 0.035326086956521736
0 0.07540760869565218 0.2764945652173913 0.042119565217391304 0.03804347826086957
0 0.04483695652173913 0.30978260869565216 0.05298913043478261 0.04619565217391304
0 0.03125 0.36684782608695654 0.04619565217391304 0.050951086956521736
0 0.06929347826086957 0.37228260869565216 0.06725543478260869 0.059103260869565216
0 0.11345108695652174 0.42866847826086957 0.07133152173913043 0.0625
0 0.2078804347826087 0.4388586956521739 0.07201086956521739 0.06589673913043478
0 0.16576086956521738 0.3797554347826087 0.06725543478260869 0.05298913043478261
0 0.09918478260869565 0.3376358695652174 0.05298913043478261 0.04891304347826087
0 0.17459239130434784 0.32065217391304346 0.049592391304347824 0.04483695652173913
0 0.2235054347826087 0.3342391304347826 0.05434782608695652 0.046875
0 0.16236413043478262 0.281929347826087 0.041440217391304345 0.03260869565217391
0 0.1956521739130435 0.264945652173913 0.03940217391304348 0.035326086956521736
0 0.16915760869565216 0.2452445652173913 0.034646739130434784 0.029211956521739132
0 0.13790760869565216 0.20855978260869565 0.030570652173913044 0.026494565217391304
0 0.15421195652173914 0.16983695652173914 0.02309782608695652 0.021739130434782608
0 0.1983695652173913 0.21467391304347827 0.033967391304347824 0.028532608695652172
0 0.22826086956521738 0.19021739130434784 0.02377717391304348 0.02377717391304348
0 0.23097826086956522 0.1800271739130435 0.020380434782608696 0.01970108695652174
0 0.20652173913043478 0.18138586956521738 0.02377717391304348 0.02309782608695652
0 0.24864130434782608 0.13179347826086957 0.012907608695652174 0.01358695652173913
0 0.2608695652173913 0.12839673913043478 0.012907608695652174 0.015625
0 0.20584239130434784 0.12839673913043478 0.016304347826086956 0.014945652173913044
0 0.26290760869565216 0.10394021739130435 0.010869565217391304 0.01154891304347826
0 0.33491847826086957 0.13451086956521738 0.016304347826086956 0.01358695652173913
0 0.5849184782608695 0.12771739130434784 0.01154891304347826 0.010190217391304348
0 0.313179347826087 0.17255434782608695 0.022418478260869564 0.021059782608695652
0 0.280570652173913 0.1922554347826087 0.02717391304347826 0.02377717391304348
0 0.23641304347826086 0.20720108695652173 0.03328804347826087 0.03125
0 0.28125 0.22826086956521738 0.033967391304347824 0.028532608695652172
0 0.30978260869565216 0.22214673913043478 0.020380434782608696 0.019021739130434784
0 0.35190217391304346 0.20991847826086957 0.020380434782608696 0.021739130434782608
0 0.35258152173913043 0.22214673913043478 0.02309782608695652 0.021739130434782608
0 0.3220108695652174 0.23573369565217392 0.030570652173913044 0.026494565217391304
0 0.33152173913043476 0.266304347826087 0.04008152173913043 0.035326086956521736
0 0.26222826086956524 0.2554347826086957 0.04008152173913043 0.036684782608695655
0 0.37703804347826086 0.24456521739130435 0.03940217391304348 0.036005434782608696
0 0.40625 0.23641304347826086 0.029211956521739132 0.029211956521739132
0 0.40964673913043476 0.22214673913043478 0.02377717391304348 0.02309782608695652
0 0.3491847826086957 0.2513586956521739 0.026494565217391304 0.026494565217391304
0 0.4483695652173913 0.21671195652173914 0.028532608695652172 0.026494565217391304
0 0.47282608695652173 0.20720108695652173 0.022418478260869564 0.025135869565217392
0 0.4891304347826087 0.2235054347826087 0.034646739130434784 0.029211956521739132
0 0.47078804347826086 0.24592391304347827 0.036005434782608696 0.028532608695652172
0 0.452445652173913 0.2642663043478261 0.04008152173913043 0.034646739130434784
0 0.41440217391304346 0.25747282608695654 0.03260869565217391 0.03125
0 0.4945652173913043 0.2608695652173913 0.033967391304347824 0.029891304347826088
0 0.5502717391304348 0.24728260869565216 0.03125 0.029211956521739132
0 0.5400815217391305 0.2296195652173913 0.029211956521739132 0.025135869565217392
0 0.5523097826086957 0.2269021739130435 0.02377717391304348 0.021059782608695652
0 0.5883152173913043 0.24388586956521738 0.036005434782608696 0.02717391304347826
0 0.6304347826086957 0.21535326086956522 0.029211956521739132 0.029211956521739132
0 0.6433423913043478 0.23165760869565216 0.03125 0.029891304347826088
0 0.6154891304347826 0.25883152173913043 0.033967391304347824 0.02717391304347826
0 0.5883152173913043 0.27785326086956524 0.043478260869565216 0.036684782608695655
0 0.3688858695652174 0.28328804347826086 0.04891304347826087 0.041440217391304345
0 0.49660326086956524 0.281929347826087 0.03804347826086957 0.03260869565217391
0 0.5033967391304348 0.313179347826087 0.046875 0.04008152173913043
0 0.4375 0.3172554347826087 0.050271739130434784 0.044157608695652176
0 0.453125 0.3546195652173913 0.06385869565217392 0.05298913043478261
0 0.3919836956521739 0.3423913043478261 0.05570652173913043 0.049592391304347824
0 0.34646739130434784 0.3607336956521739 0.06182065217391304 0.05298913043478261
0 0.30434782608695654 0.3539402173913043 0.057065217391304345 0.05298913043478261
0 0.28872282608695654 0.3029891304347826 0.05502717391304348 0.049592391304347824
0 0.28940217391304346 0.26358695652173914 0.027853260869565216 0.02717391304347826
0 0.25271739130434784 0.389945652173913 0.06114130434782609 0.06929347826086957
0 0.30027173913043476 0.40828804347826086 0.07472826086956522 0.06385869565217392
0 0.343070652173913 0.44021739130434784 0.06793478260869565 0.06453804347826086
0 0.44565217391304346 0.42459239130434784 0.06453804347826086 0.06114130434782609
0 0.48641304347826086 0.4633152173913043 0.06861413043478261 0.06317934782608696
0 0.5054347826086957 0.4171195652173913 0.06046195652173913 0.052309782608695655
0 0.5237771739130435 0.37092391304347827 0.051630434782608696 0.04483695652173913
0 0.5862771739130435 0.3953804347826087 0.06861413043478261 0.059782608695652176
0 0.6379076086956522 0.46467391304347827 0.06793478260869565 0.0625
0 0.623641304347826 0.34646739130434784 0.051630434782608696 0.042798913043478264
0 0.561141304347826 0.34714673913043476 0.04483695652173913 0.043478260869565216
0 0.6447010869565217 0.2717391304347826 0.03260869565217391 0.029891304347826088
0 0.6745923913043478 0.37160326086956524 0.06046195652173913 0.05298913043478261
0 0.673233695652174 0.3233695652173913 0.05298913043478261 0.042798913043478264
0 0.734375 0.3498641304347826 0.050271739130434784 0.04619565217391304
0 0.7846467391304348 0.3648097826086957 0.06589673913043478 0.05638586956521739
0 0.7255434782608695 0.4266304347826087 0.07744565217391304 0.06589673913043478
0 0.8777173913043478 0.4585597826086957 0.07133152173913043 0.06317934782608696
0 0.8913043478260869 0.4014945652173913 0.07540760869565218 0.06385869565217392
0 0.9932065217391305 0.4626358695652174 0.01358695652173913 0.05570652173913043
0 0.9904891304347826 0.406929347826087 0.019021739130434784 0.05502717391304348
0 0.9633152173913043 0.3186141304347826 0.04823369565217391 0.041440217391304345
0 0.9904891304347826 0.3070652173913043 0.018342391304347828 0.043478260869565216
0 0.9633152173913043 0.28940217391304346 0.043478260869565216 0.035326086956521736
0 0.9021739130434783 0.3070652173913043 0.049592391304347824 0.03804347826086957
0 0.9110054347826086 0.2758152173913043 0.035326086956521736 0.027853260869565216
0 0.9008152173913043 0.25815217391304346 0.03328804347826087 0.026494565217391304
0 0.9646739130434783 0.2608695652173913 0.04619565217391304 0.036684782608695655
0 0.938858695652174 0.24388586956521738 0.034646739130434784 0.03328804347826087
0 0.9836956521739131 0.23233695652173914 0.030570652173913044 0.028532608695652172
0 0.8457880434782609 0.2914402173913043 0.042119565217391304 0.034646739130434784
0 0.8654891304347826 0.26902173913043476 0.035326086956521736 0.029891304347826088
0 0.8831521739130435 0.24320652173913043 0.03260869565217391 0.03125
0 0.8790760869565217 0.17255434782608695 0.021739130434782608 0.020380434782608696
0 0.9089673913043478 0.15421195652173914 0.014945652173913044 0.012907608695652174
0 0.9904891304347826 0.14945652173913043 0.012907608695652174 0.01358695652173913
0 0.7914402173913043 0.19089673913043478 0.02377717391304348 0.021739130434782608
0 0.6664402173913043 0.16576086956521738 0.020380434782608696 0.019021739130434784
0 0.6820652173913043 0.20448369565217392 0.029211956521739132 0.026494565217391304
0 0.7758152173913043 0.234375 0.028532608695652172 0.027853260869565216
0 0.796875 0.25271739130434784 0.03260869565217391 0.029891304347826088
0 0.779891304347826 0.281929347826087 0.043478260869565216 0.03804347826086957
0 0.7411684782608695 0.27241847826086957 0.041440217391304345 0.036005434782608696
0 0.7554347826086957 0.24388586956521738 0.041440217391304345 0.03192934782608696
0 0.71875 0.2608695652173913 0.03125 0.03125
0 0.6875 0.24932065217391305 0.033967391304347824 0.02717391304347826
0 0.6786684782608695 0.26902173913043476 0.042119565217391304 0.04008152173913043
0 0.8335597826086957 0.23845108695652173 0.035326086956521736 0.029891304347826088
0 0.813858695652174 0.344429347826087 0.04823369565217391 0.049592391304347824
0 0.12567934782608695 0.30978260869565216 0.052309782608695655 0.03940217391304348
0 0.16915760869565216 0.26154891304347827 0.043478260869565216 0.03260869565217391
0 0.15421195652173914 0.22146739130434784 0.036684782608695655 0.02717391304347826
0 0.24796195652173914 0.15353260869565216 0.021739130434782608 0.015625
0 0.19701086956521738 0.13179347826086957 0.016983695652173912 0.012907608695652174
0 0.43410326086956524 0.14741847826086957 0.019021739130434784 0.014266304347826086
0 0.5033967391304348 0.12771739130434784 0.009510869565217392 0.007472826086956522
0 0.4938858695652174 0.14945652173913043 0.016983695652173912 0.012907608695652174
0 0.5645380434782609 0.12635869565217392 0.01358695652173913 0.010869565217391304
0 0.26222826086956524 0.18546195652173914 0.025815217391304348 0.01970108695652174
0 0.327445652173913 0.2105978260869565 0.027853260869565216 0.020380434782608696
0 0.9286684782608695 0.29483695652173914 0.04483695652173913 0.03328804347826087
0 0.8777173913043478 0.29483695652173914 0.044157608695652176 0.03328804347826087
0 0.7914402173913043 0.16847826086956522 0.022418478260869564 0.016983695652173912
0 0.7207880434782609 0.16576086956521738 0.02377717391304348 0.017663043478260868
0 0.6820652173913043 0.15828804347826086 0.021059782608695652 0.015625
0 0.7547554347826086 0.22010869565217392 0.03328804347826087 0.024456521739130436
0 0.7649456521739131 0.2751358695652174 0.042119565217391304 0.03125
0 0.6582880434782609 0.2798913043478261 0.042798913043478264 0.03192934782608696