0 0.20176630434782608 0.5543478260869565 0.04755434782608696 0.035326086956521736
0 0.36141304347826086 0.468070652173913 0.016304347826086956 0.017663043478260868
0 0.7778532608695652 0.5129076086956522 0.03260869565217391 0.029891304347826088
0 0.8322010869565217 0.44157608695652173 0.021739130434782608 0.020380434782608696
0 0.9789402173913043 0.4422554347826087 0.02377717391304348 0.021059782608695652
0 0.050271739130434784 0.4748641304347826 0.02717391304347826 0.020380434782608696
0 0.018342391304347828 0.49252717391304346 0.029211956521739132 0.021739130434782608
0 0.019021739130434784 0.4789402173913043 0.027853260869565216 0.021059782608695652
0 0.08559782608695653 0.49184782608695654 0.029211956521739132 0.021739130434782608
0 0.07676630434782608 0.48165760869565216 0.027853260869565216 0.021059782608695652
0 0.10461956521739131 0.47758152173913043 0.02717391304347826 0.021059782608695652
0 0.06453804347826086 0.5033967391304348 0.029891304347826088 0.022418478260869564
0 0.008152173913043478 0.5074728260869565 0.015625 0.02309782608695652
0 0.16779891304347827 0.48709239130434784 0.028532608695652172 0.021739130434782608
0 0.14673913043478262 0.48233695652173914 0.027853260869565216 0.021059782608695652
0 0.19972826086956522 0.48029891304347827 0.027853260869565216 0.021059782608695652
0 0.2262228260869565 0.47690217391304346 0.02717391304347826 0.020380434782608696
0 0.26834239130434784 0.4898097826086957 0.029211956521739132 0.021739130434782608
0 0.29483695652173914 0.4748641304347826 0.02717391304347826 0.020380434782608696
0 0.2595108695652174 0.47554347826086957 0.02717391304347826 0.020380434782608696
0 0.2703804347826087 0.4673913043478261 0.026494565217391304 0.01970108695652174
0 0.11548913043478261 0.5176630434782609 0.03192934782608696 0.02377717391304348
0 0.09986413043478261 0.6019021739130435 0.06182065217391304 0.046875
0 0.1324728260869565 0.579483695652174 0.05570652173913043 0.041440217391304345
0 0.027853260869565216 0.5441576086956522 0.034646739130434784 0.025815217391304348
0 0.1800271739130435 0.6114130434782609 0.06453804347826086 0.04891304347826087
0 0.2112771739130435 0.5978260869565217 0.06114130434782609 0.04551630434782609
0 0.23301630434782608 0.5394021739130435 0.033967391304347824 0.025135869565217392
0 0.2078804347826087 0.5115489130434783 0.03125 0.02309782608695652
0 0.29891304347826086 0.5441576086956522 0.034646739130434784 0.025815217391304348
0 0.11548913043478261 0.6610054347826086 0.06385869565217392 0.04823369565217391
0 0.31929347826086957 0.6834239130434783 0.07744565217391304 0.050271739130434784
0 0.38383152173913043 0.6474184782608695 0.07336956521739131 0.05502717391304348
0 0.41440217391304346 0.5930706521739131 0.059103260869565216 0.04483695652173913
0 0.47282608695652173 0.5774456521739131 0.05502717391304348 0.04076086956521739
0 0.5054347826086957 0.5604619565217391 0.049592391304347824 0.03736413043478261
0 0.5332880434782609 0.5183423913043478 0.03192934782608696 0.02377717391304348
0 0.41847826086956524 0.5197010869565217 0.03192934782608696 0.02377717391304348
0 0.3546195652173913 0.5332880434782609 0.03328804347826087 0.025135869565217392
0 0.3138586956521739 0.514266304347826 0.03125 0.02309782608695652
0 0.3335597826086957 0.4891304347826087 0.029211956521739132 0.021739130434782608
0 0.36209239130434784 0.48777173913043476 0.028532608695652172 0.021739130434782608
0 0.391304347826087 0.485054347826087 0.027853260869565216 0.021739130434782608
0 0.41508152173913043 0.48233695652173914 0.027853260869565216 0.021059782608695652
0 0.44021739130434784 0.5074728260869565 0.030570652173913044 0.02309782608695652
0 0.4639945652173913 0.4904891304347826 0.029211956521739132 0.021739130434782608
0 0.4830163043478261 0.48233695652173914 0.027853260869565216 0.021059782608695652
0 0.343070652173913 0.47282608695652173 0.02717391304347826 0.020380434782608696
0 0.4476902173913043 0.45991847826086957 0.025135869565217392 0.019021739130434784
0 0.4436141304347826 0.4748641304347826 0.02717391304347826 0.020380434782608696
0 0.5081521739130435 0.47146739130434784 0.02717391304347826 0.01970108695652174
0 0.49116847826086957 0.4592391304347826 0.025135869565217392 0.019021739130434784
0 0.5203804347826086 0.453125 0.024456521739130436 0.018342391304347828
0 0.5339673913043478 0.4633152173913043 0.025815217391304348 0.01970108695652174
0 0.5720108695652174 0.45991847826086957 0.025135869565217392 0.019021739130434784
0 0.5862771739130435 0.47214673913043476 0.02717391304347826 0.01970108695652174
0 0.5788043478260869 0.4796195652173913 0.027853260869565216 0.021059782608695652
0 0.5733695652173914 0.4938858695652174 0.029211956521739132 0.021739130434782608
0 0.623641304347826 0.47554347826086957 0.02717391304347826 0.020380434782608696
0 0.6467391304347826 0.47078804347826086 0.026494565217391304 0.01970108695652174
0 0.6528532608695652 0.4633152173913043 0.025135869565217392 0.01970108695652174
0 0.686141304347826 0.5101902173913043 0.03125 0.02309782608695652
0 0.7010869565217391 0.5258152173913043 0.03260869565217391 0.024456521739130436
0 0.7085597826086957 0.5489130434782609 0.04551630434782609 0.033967391304347824
0 0.733016304347826 0.5584239130434783 0.06385869565217392 0.04619565217391304
0 0.7533967391304348 0.49728260869565216 0.029891304347826088 0.022418478260869564
0 0.7228260869565217 0.48709239130434784 0.028532608695652172 0.021739130434782608
0 0.5292119565217391 0.5489130434782609 0.04551630434782609 0.033967391304347824
0 0.5944293478260869 0.4952445652173913 0.029891304347826088 0.021739130434782608
0 0.6453804347826086 0.48029891304347827 0.027853260869565216 0.021059782608695652
0 0.9775815217391305 0.6297554347826086 0.044157608695652176 0.052309782608695655
0 0.9279891304347826 0.595108695652174 0.06046195652173913 0.04483695652173913
0 0.873641304347826 0.59375 0.059782608695652176 0.04483695652173913
0 0.8682065217391305 0.5658967391304348 0.050951086956521736 0.03872282608695652
0 0.8539402173913043 0.5332880434782609 0.03328804347826087 0.025135869565217392
0 0.8512228260869565 0.5135869565217391 0.03125 0.02309782608695652
0 0.8158967391304348 0.5163043478260869 0.03192934782608696 0.02377717391304348
0 0.8226902173913043 0.5033967391304348 0.030570652173913044 0.02309782608695652
0 0.8186141304347826 0.49252717391304346 0.029211956521739132 0.021739130434782608
0 0.8376358695652174 0.48165760869565216 0.027853260869565216 0.021059782608695652
0 0.8342391304347826 0.468070652173913 0.026494565217391304 0.01970108695652174
0 0.8152173913043478 0.4626358695652174 0.025135869565217392 0.01970108695652174
0 0.8233695652173914 0.45652173913043476 0.024456521739130436 0.018342391304347828
0 0.8179347826086957 0.44972826086956524 0.02377717391304348 0.017663043478260868
0 0.7989130434782609 0.4633152173913043 0.025135869565217392 0.01970108695652174
0 0.7391304347826086 0.468070652173913 0.026494565217391304 0.01970108695652174
0 0.7595108695652174 0.46671195652173914 0.025815217391304348 0.01970108695652174
0 0.7608695652173914 0.45584239130434784 0.024456521739130436 0.018342391304347828
0 0.9123641304347826 0.438179347826087 0.022418478260869564 0.016983695652173912
0 0.8967391304347826 0.4483695652173913 0.02377717391304348 0.017663043478260868
0 0.9171195652173914 0.44429347826086957 0.02309782608695652 0.017663043478260868
0 0.9130434782608695 0.45652173913043476 0.024456521739130436 0.019021739130434784
0 0.938858695652174 0.4578804347826087 0.025135869565217392 0.019021739130434784
0 0.9198369565217391 0.47078804347826086 0.026494565217391304 0.01970108695652174
0 0.9551630434782609 0.48165760869565216 0.027853260869565216 0.021059782608695652
0 0.9653532608695652 0.49184782608695654 0.029211956521739132 0.021739130434782608
0 0.9911684782608695 0.49796195652173914 0.017663043478260868 0.02309782608695652