0 0.008831521739130434 0.3186141304347826 0.006114130434782609 0.004076086956521739
0 0.07744565217391304 0.33220108695652173 0.008831521739130434 0.004076086956521739
0 0.07133152173913043 0.359375 0.014266304347826086 0.006793478260869565
0 0.08288043478260869 0.3736413043478261 0.014266304347826086 0.007472826086956522
0 0.11888586956521739 0.36820652173913043 0.014266304347826086 0.006114130434782609
0 0.18138586956521738 0.37092391304347827 0.015625 0.008152173913043478
0 0.18138586956521738 0.3648097826086957 0.014266304347826086 0.006793478260869565
0 0.16032608695652173 0.36141304347826086 0.01154891304347826 0.006114130434782609
0 0.15489130434782608 0.36752717391304346 0.014266304347826086 0.006114130434782609
0 0.2139945652173913 0.37703804347826086 0.017663043478260868 0.008152173913043478
0 0.20923913043478262 0.3845108695652174 0.016983695652173912 0.008152173913043478
0 0.19021739130434784 0.38722826086956524 0.017663043478260868 0.008152173913043478
0 0.23980978260869565 0.3845108695652174 0.015625 0.008152173913043478
0 0.23777173913043478 0.37228260869565216 0.015625 0.007472826086956522
0 0.25 0.3539402173913043 0.015625 0.007472826086956522
0 0.19293478260869565 0.34646739130434784 0.01154891304347826 0.005434782608695652
0 0.17798913043478262 0.34714673913043476 0.014266304347826086 0.007472826086956522
0 0.14198369565217392 0.3491847826086957 0.014266304347826086 0.006793478260869565
0 0.13043478260869565 0.344429347826087 0.010190217391304348 0.006114130434782609
0 0.13383152173913043 0.3376358695652174 0.01154891304347826 0.006114130434782609
0 0.11345108695652174 0.33152173913043476 0.010190217391304348 0.004076086956521739
0 0.09171195652173914 0.3342391304347826 0.008831521739130434 0.004076086956521739
0 0.11413043478260869 0.34035326086956524 0.010190217391304348 0.005434782608695652
0 0.14945652173913043 0.3186141304347826 0.008831521739130434 0.004076086956521739
0 0.17255434782608695 0.32472826086956524 0.008831521739130434 0.004076086956521739
0 0.16847826086956522 0.3294836956521739 0.010190217391304348 0.004076086956521739
0 0.19972826086956522 0.33491847826086957 0.008831521739130434 0.005434782608695652
0 0.18206521739130435 0.327445652173913 0.010190217391304348 0.004076086956521739
0 0.20991847826086957 0.34035326086956524 0.010190217391304348 0.005434782608695652
0 0.25407608695652173 0.33491847826086957 0.008831521739130434 0.004076086956521739
0 0.22214673913043478 0.4001358695652174 0.017663043478260868 0.008831521739130434
0 0.07269021739130435 0.30434782608695654 0.006114130434782609 0.0033967391304347825
0 0.08220108695652174 0.3077445652173913 0.008831521739130434 0.0033967391304347825
0 0.11141304347826086 0.30570652173913043 0.006114130434782609 0.0033967391304347825
0 0.12296195652173914 0.30434782608695654 0.006114130434782609 0.0033967391304347825
0 0.13858695652173914 0.3016304347826087 0.008831521739130434 0.004076086956521739
0 0.16847826086956522 0.311820652173913 0.008831521739130434 0.004076086956521739
0 0.14334239130434784 0.31046195652173914 0.008831521739130434 0.0033967391304347825
0 0.2669836956521739 0.37228260869565216 0.014266304347826086 0.007472826086956522
0 0.2513586956521739 0.374320652173913 0.015625 0.007472826086956522
0 0.27717391304347827 0.3892663043478261 0.019021739130434784 0.009510869565217392
0 0.2866847826086957 0.39877717391304346 0.017663043478260868 0.008831521739130434
0 0.32404891304347827 0.37296195652173914 0.015625 0.007472826086956522
0 0.30366847826086957 0.36616847826086957 0.01154891304347826 0.006793478260869565
0 0.30027173913043476 0.360054347826087 0.015625 0.007472826086956522
0 0.2860054347826087 0.35529891304347827 0.014266304347826086 0.006793478260869565
0 0.2717391304347826 0.34578804347826086 0.01154891304347826 0.006114130434782609
0 0.28328804347826086 0.34646739130434784 0.010190217391304348 0.005434782608695652
0 0.32065217391304346 0.3607336956521739 0.014266304347826086 0.006793478260869565
0 0.3294836956521739 0.3491847826086957 0.01154891304347826 0.005434782608695652
0 0.33559782608695654 0.35190217391304346 0.01154891304347826 0.006114130434782609
0 0.35597826086956524 0.3539402173913043 0.014266304347826086 0.005434782608695652
0 0.34375 0.360054347826087 0.014266304347826086 0.006793478260869565
0 0.35054347826086957 0.3702445652173913 0.014266304347826086 0.006793478260869565
0 0.36141304347826086 0.37092391304347827 0.015625 0.008152173913043478
0 0.374320652173913 0.3736413043478261 0.015625 0.008152173913043478
0 0.40285326086956524 0.390625 0.020380434782608696 0.008831521739130434
0 0.36141304347826086 0.391304347826087 0.017663043478260868 0.008831521739130434
0 0.35122282608695654 0.38315217391304346 0.017663043478260868 0.008831521739130434
0 0.3845108695652174 0.4001358695652174 0.020380434782608696 0.009510869565217392
0 0.42866847826086957 0.3953804347826087 0.02309782608695652 0.010869565217391304
0 0.421195652173913 0.3851902173913043 0.019021739130434784 0.008831521739130434
0 0.45108695652173914 0.38858695652173914 0.017663043478260868 0.008152173913043478
0 0.4483695652173913 0.38179347826086957 0.020380434782608696 0.008152173913043478
0 0.42866847826086957 0.37296195652173914 0.019021739130434784 0.008831521739130434
0 0.4544836956521739 0.3654891304347826 0.015625 0.007472826086956522
0 0.49252717391304346 0.37771739130434784 0.019021739130434784 0.008831521739130434
0 0.3451086956521739 0.34103260869565216 0.010190217391304348 0.005434782608695652
0 0.36277173913043476 0.34714673913043476 0.014266304347826086 0.006793478260869565
0 0.3695652173913043 0.3376358695652174 0.01154891304347826 0.006114130434782609
0 0.4164402173913043 0.32608695652173914 0.010190217391304348 0.005434782608695652
0 0.4891304347826087 0.3389945652173913 0.010190217391304348 0.004076086956521739
0 0.12296195652173914 0.359375 0.014266304347826086 0.006793478260869565
0 0.5095108695652174 0.36277173913043476 0.014266304347826086 0.006793478260869565
0 0.516983695652174 0.3342391304347826 0.008831521739130434 0.004076086956521739
0 0.5631793478260869 0.360054347826087 0.01154891304347826 0.006793478260869565
0 0.6243206521739131 0.3607336956521739 0.01154891304347826 0.005434782608695652
0 0.6582880434782609 0.3641304347826087 0.014266304347826086 0.007472826086956522
0 0.5652173913043478 0.3967391304347826 0.015625 0.008831521739130434
0 0.6073369565217391 0.39809782608695654 0.017663043478260868 0.009510869565217392
0 0.6440217391304348 0.389945652173913 0.017663043478260868 0.008831521739130434
0 0.7126358695652174 0.37703804347826086 0.017663043478260868 0.008152173913043478
0 0.733016304347826 0.3858695652173913 0.02309782608695652 0.009510869565217392
0 0.7540760869565217 0.39741847826086957 0.019021739130434784 0.008831521739130434
0 0.9286684782608695 0.38383152173913043 0.020380434782608696 0.01154891304347826
0 0.25815217391304346 0.4592391304347826 0.028532608695652172 0.01154891304347826
0 0.27853260869565216 0.436820652173913 0.024456521739130436 0.01154891304347826
0 0.32608695652173914 0.44904891304347827 0.024456521739130436 0.012907608695652174
0 0.2914402173913043 0.46603260869565216 0.024456521739130436 0.01154891304347826
0 0.24864130434782608 0.48777173913043476 0.02309782608695652 0.01154891304347826
0 0.2601902173913043 0.4938858695652174 0.024456521739130436 0.01154891304347826
0 0.2608695652173913 0.5054347826086957 0.034646739130434784 0.016304347826086956
0 0.2907608695652174 0.5081521739130435 0.024456521739130436 0.01154891304347826
0 0.2798913043478261 0.5230978260869565 0.03328804347826087 0.016304347826086956
0 0.3485054347826087 0.5183423913043478 0.030570652173913044 0.014945652173913044
0 0.34103260869565216 0.4952445652173913 0.025815217391304348 0.014945652173913044
0 0.32065217391304346 0.48097826086956524 0.02309782608695652 0.012907608695652174
0 0.39741847826086957 0.46195652173913043 0.024456521739130436 0.01154891304347826
0 0.4001358695652174 0.47078804347826086 0.024456521739130436 0.009510869565217392
0 0.43478260869565216 0.46875 0.02309782608695652 0.012907608695652174
0 0.4673913043478261 0.47214673913043476 0.019021739130434784 0.01154891304347826
0 0.47078804347826086 0.44565217391304346 0.020380434782608696 0.01154891304347826
0 0.46059782608695654 0.4388586956521739 0.017663043478260868 0.009510869565217392
0 0.436820652173913 0.4279891304347826 0.019021739130434784 0.009510869565217392
0 0.3953804347826087 0.4076086956521739 0.019021739130434784 0.009510869565217392
0 0.39402173913043476 0.4164402173913043 0.017663043478260868 0.009510869565217392
0 0.35665760869565216 0.4313858695652174 0.025815217391304348 0.012907608695652174
0 0.44021739130434784 0.40896739130434784 0.015625 0.008831521739130434
0 0.45516304347826086 0.4157608695652174 0.020380434782608696 0.010869565217391304
0 0.46603260869565216 0.40353260869565216 0.017663043478260868 0.008831521739130434
0 0.47758152173913043 0.39402173913043476 0.019021739130434784 0.008831521739130434
0 0.5006793478260869 0.4171195652173913 0.017663043478260868 0.008831521739130434
0 0.4938858695652174 0.4313858695652174 0.019021739130434784 0.009510869565217392
0 0.5108695652173914 0.4313858695652174 0.02309782608695652 0.010869565217391304
0 0.4986413043478261 0.44021739130434784 0.020380434782608696 0.01154891304347826
0 0.5278532608695652 0.4476902173913043 0.020380434782608696 0.01154891304347826
0 0.5502717391304348 0.45108695652173914 0.025815217391304348 0.012907608695652174
0 0.5815217391304348 0.43546195652173914 0.024456521739130436 0.010869565217391304
0 0.6297554347826086 0.453804347826087 0.028532608695652172 0.012907608695652174
0 0.5584239130434783 0.4633152173913043 0.02309782608695652 0.01154891304347826
0 0.5645380434782609 0.47690217391304346 0.025815217391304348 0.012907608695652174
0 0.6182065217391305 0.5 0.036005434782608696 0.014945652173913044
0 0.6616847826086957 0.4952445652173913 0.030570652173913044 0.012907608695652174
0 0.673233695652174 0.44633152173913043 0.024456521739130436 0.01154891304347826
0 0.7289402173913043 0.4578804347826087 0.028532608695652172 0.009510869565217392
0 0.7540760869565217 0.4639945652173913 0.025815217391304348 0.009510869565217392
0 0.7445652173913043 0.49660326086956524 0.024456521739130436 0.014945652173913044
0 0.7160326086956522 0.4123641304347826 0.019021739130434784 0.009510869565217392
0 0.8491847826086957 0.4116847826086957 0.020380434782608696 0.010869565217391304
0 0.9021739130434783 0.5224184782608695 0.03872282608695652 0.016983695652173912
0 0.19157608695652173 0.5631793478260869 0.04008152173913043 0.018342391304347828
0 0.24048913043478262 0.5720108695652174 0.036005434782608696 0.017663043478260868
0 0.30570652173913043 0.5434782608695652 0.030570652173913044 0.015625
0 0.3383152173913043 0.5489130434782609 0.036005434782608696 0.015625
0 0.40353260869565216 0.5407608695652174 0.034646739130434784 0.015625
0 0.33627717391304346 0.5788043478260869 0.036005434782608696 0.021059782608695652
0 0.22146739130434784 0.6032608695652174 0.05366847826086957 0.02309782608695652
0 0.2717391304347826 0.6358695652173914 0.04619565217391304 0.02377717391304348
0 0.31997282608695654 0.6610054347826086 0.04076086956521739 0.021059782608695652
0 0.3648097826086957 0.6997282608695652 0.05366847826086957 0.025135869565217392
0 0.4578804347826087 0.7139945652173914 0.059103260869565216 0.026494565217391304
0 0.4205163043478261 0.6793478260869565 0.043478260869565216 0.024456521739130436
0 0.5135869565217391 0.6535326086956522 0.04483695652173913 0.022418478260869564
0 0.6025815217391305 0.5414402173913043 0.03328804347826087 0.016983695652173912
0 0.7051630434782609 0.5516304347826086 0.03872282608695652 0.016983695652173912
0 0.7404891304347826 0.563858695652174 0.025815217391304348 0.015625
0 0.9619565217391305 0.5387228260869565 0.03872282608695652 0.01358695652173913
0 0.9572010869565217 0.5584239130434783 0.04076086956521739 0.017663043478260868
0 0.8974184782608695 0.670516304347826 0.06046195652173913 0.025815217391304348
0 0.9633152173913043 0.7004076086956522 0.06182065217391304 0.025815217391304348
0 0.9938858695652174 0.609375 0.012228260869565218 0.014945652173913044
0 0.8940217391304348 0.7194293478260869 0.0625 0.028532608695652172
0 0.8376358695652174 0.7894021739130435 0.06385869565217392 0.02717391304347826
0 0.8091032608695652 0.7493206521739131 0.05502717391304348 0.02377717391304348
0 0.7255434782608695 0.7466032608695652 0.06046195652173913 0.025815217391304348
0 0.751358695652174 0.6868206521739131 0.05502717391304348 0.02377717391304348
0 0.6908967391304348 0.6725543478260869 0.06046195652173913 0.025815217391304348
0 0.5964673913043478 0.6345108695652174 0.04076086956521739 0.01970108695652174
0 0.6059782608695652 0.6698369565217391 0.057744565217391304 0.025815217391304348
0 0.5903532608695652 0.7010869565217391 0.057744565217391304 0.02309782608695652
0 0.6623641304347826 0.7051630434782609 0.0625 0.026494565217391304
0 0.47214673913043476 0.7676630434782609 0.06046195652173913 0.025135869565217392
0 0.6460597826086957 0.7866847826086957 0.059103260869565216 0.024456521739130436
0 0.4483695652173913 0.8491847826086957 0.059103260869565216 0.025815217391304348
0 0.7764945652173914 0.8335597826086957 0.06046195652173913 0.028532608695652172
0 0.8600543478260869 0.8688858695652174 0.07065217391304347 0.03328804347826087
0 0.09171195652173914 0.30095108695652173 0.006114130434782609 0.0033967391304347825
0 0.4544836956521739 0.33152173913043476 0.008831521739130434 0.004076086956521739
0 0.08220108695652174 0.31589673913043476 0.008831521739130434 0.004076086956521739
0 0.001358695652173913 0.37160326086956524 0.002717391304347826 0.006114130434782609
0 0.005434782608695652 0.3423913043478261 0.010869565217391304 0.005434782608695652
0 0.03804347826086957 0.3695652173913043 0.015625 0.006114130434782609
0 0.06657608695652174 0.38858695652173914 0.019021739130434784 0.007472826086956522
0 0.05434782608695652 0.3851902173913043 0.016983695652173912 0.006114130434782609
0 0.125 0.374320652173913 0.016983695652173912 0.006114130434782609
0 0.12432065217391304 0.38858695652173914 0.020380434782608696 0.007472826086956522
0 0.10733695652173914 0.3851902173913043 0.019021739130434784 0.007472826086956522
0 0.09850543478260869 0.391304347826087 0.020380434782608696 0.007472826086956522
0 0.15896739130434784 0.39266304347826086 0.020380434782608696 0.007472826086956522
0 0.15828804347826086 0.4008152173913043 0.019021739130434784 0.007472826086956522
0 0.16236413043478262 0.38722826086956524 0.019021739130434784 0.007472826086956522
0 0.1644021739130435 0.37771739130434784 0.017663043478260868 0.006793478260869565
0 0.20584239130434784 0.3688858695652174 0.016983695652173912 0.006114130434782609
0 0.19633152173913043 0.3648097826086957 0.015625 0.006114130434782609
0 0.22758152173913043 0.389945652173913 0.019021739130434784 0.007472826086956522
0 0.1610054347826087 0.3539402173913043 0.014266304347826086 0.005434782608695652
0 0.09850543478260869 0.3383152173913043 0.012907608695652174 0.004076086956521739
0 0.11413043478260869 0.32540760869565216 0.010190217391304348 0.004076086956521739
0 0.14198369565217392 0.3233695652173913 0.010190217391304348 0.004076086956521739
0 0.19361413043478262 0.33152173913043476 0.01154891304347826 0.004076086956521739
0 0.23845108695652173 0.327445652173913 0.010190217391304348 0.004076086956521739
0 0.21942934782608695 0.35190217391304346 0.015625 0.006114130434782609
0 0.07133152173913043 0.2907608695652174 0.006114130434782609 0.002717391304347826
0 0.06114130434782609 0.28940217391304346 0.006114130434782609 0.002717391304347826
0 0.06725543478260869 0.28940217391304346 0.006114130434782609 0.002717391304347826
0 0.07472826086956522 0.28872282608695654 0.006114130434782609 0.002717391304347826
0 0.09035326086956522 0.2860054347826087 0.006114130434782609 0.0020380434782608695
0 0.09035326086956522 0.2873641304347826 0.006114130434782609 0.0020380434782608695
0 0.10461956521739131 0.28532608695652173 0.005434782608695652 0.0020380434782608695
0 0.10122282608695653 0.28940217391304346 0.006114130434782609 0.002717391304347826
0 0.07608695652173914 0.2921195652173913 0.006114130434782609 0.002717391304347826
0 0.07133152173913043 0.29483695652173914 0.006114130434782609 0.002717391304347826
0 0.08967391304347826 0.29891304347826086 0.007472826086956522 0.002717391304347826
0 0.07133152173913043 0.29891304347826086 0.007472826086956522 0.002717391304347826
0 0.06317934782608696 0.3070652173913043 0.008831521739130434 0.0033967391304347825
0 0.10801630434782608 0.3029891304347826 0.007472826086956522 0.002717391304347826
0 0.12092391304347826 0.3077445652173913 0.008831521739130434 0.0033967391304347825
0 0.13383152173913043 0.296875 0.007472826086956522 0.002717391304347826
0 0.12703804347826086 0.2873641304347826 0.005434782608695652 0.0020380434782608695
0 0.11480978260869565 0.2860054347826087 0.005434782608695652 0.0020380434782608695
0 0.11820652173913043 0.2866847826086957 0.005434782608695652 0.002717391304347826
0 0.13790760869565216 0.28940217391304346 0.006114130434782609 0.0020380434782608695
0 0.13043478260869565 0.2914402173913043 0.006114130434782609 0.002717391304347826
0 0.14945652173913043 0.2907608695652174 0.006114130434782609 0.002717391304347826
0 0.15081521739130435 0.296195652173913 0.006114130434782609 0.002717391304347826
0 0.15625 0.2955163043478261 0.007472826086956522 0.002717391304347826
0 0.1644021739130435 0.29483695652173914 0.007472826086956522 0.002717391304347826
0 0.1766304347826087 0.29483695652173914 0.007472826086956522 0.002717391304347826
0 0.171875 0.29891304347826086 0.007472826086956522 0.002717391304347826
0 0.16032608695652173 0.30027173913043476 0.007472826086956522 0.0033967391304347825
0 0.10801630434782608 0.296195652173913 0.006114130434782609 0.002717391304347826
0 0.1793478260869565 0.29891304347826086 0.007472826086956522 0.002717391304347826
0 0.18206521739130435 0.3016304347826087 0.007472826086956522 0.002717391304347826
0 0.19089673913043478 0.3016304347826087 0.007472826086956522 0.0033967391304347825
0 0.18885869565217392 0.3077445652173913 0.008831521739130434 0.0033967391304347825
0 0.19904891304347827 0.30910326086956524 0.010190217391304348 0.0033967391304347825
0 0.20991847826086957 0.3111413043478261 0.008831521739130434 0.0033967391304347825
0 0.20991847826086957 0.31657608695652173 0.010190217391304348 0.004076086956521739
0 0.22010869565217392 0.3186141304347826 0.010190217391304348 0.004076086956521739
0 0.15896739130434784 0.3125 0.010190217391304348 0.004076086956521739
0 0.25271739130434784 0.36209239130434784 0.015625 0.006114130434782609
0 0.2601902173913043 0.39402173913043476 0.020380434782608696 0.007472826086956522
0 0.24728260869565216 0.4001358695652174 0.020380434782608696 0.008152173913043478
0 0.3172554347826087 0.37160326086956524 0.016983695652173912 0.006114130434782609
0 0.31657608695652173 0.36684782608695654 0.015625 0.006114130434782609
0 0.27241847826086957 0.34103260869565216 0.01154891304347826 0.004076086956521739
0 0.2601902173913043 0.3389945652173913 0.01154891304347826 0.004076086956521739
0 0.23777173913043478 0.3335597826086957 0.01154891304347826 0.004076086956521739
0 0.19429347826086957 0.31521739130434784 0.010190217391304348 0.004076086956521739
0 0.20244565217391305 0.31657608695652173 0.010190217391304348 0.004076086956521739
0 0.11616847826086957 0.31453804347826086 0.008831521739130434 0.004076086956521739
0 0.09103260869565218 0.32472826086956524 0.010190217391304348 0.004076086956521739
0 0.2425271739130435 0.32065217391304346 0.010190217391304348 0.004076086956521739
0 0.27853260869565216 0.33016304347826086 0.007472826086956522 0.002717391304347826
0 0.2866847826086957 0.3335597826086957 0.008831521739130434 0.0033967391304347825
0 0.30842391304347827 0.32540760869565216 0.010190217391304348 0.004076086956521739
0 0.3111413043478261 0.33695652173913043 0.01154891304347826 0.004076086956521739
0 0.31521739130434784 0.34035326086956524 0.012907608695652174 0.004076086956521739
0 0.3111413043478261 0.34578804347826086 0.01154891304347826 0.004076086956521739
0 0.3179347826086957 0.35529891304347827 0.015625 0.006114130434782609
0 0.2982336956521739 0.35122282608695654 0.014266304347826086 0.004755434782608696
0 0.3953804347826087 0.36752717391304346 0.016983695652173912 0.006114130434782609
0 0.38790760869565216 0.3797554347826087 0.019021739130434784 0.007472826086956522
0 0.3389945652173913 0.3763586956521739 0.017663043478260868 0.006793478260869565
0 0.3695652173913043 0.39402173913043476 0.021739130434782608 0.008152173913043478
0 0.4830163043478261 0.36684782608695654 0.016983695652173912 0.006793478260869565
0 0.390625 0.34171195652173914 0.012907608695652174 0.004755434782608696
0 0.35190217391304346 0.33627717391304346 0.012907608695652174 0.004755434782608696
0 0.34578804347826086 0.32608695652173914 0.01154891304347826 0.004076086956521739
0 0.3695652173913043 0.3125 0.010190217391304348 0.0033967391304347825
0 0.4110054347826087 0.34035326086956524 0.012907608695652174 0.004755434782608696
0 0.44497282608695654 0.3376358695652174 0.012907608695652174 0.004755434782608696
0 0.43953804347826086 0.33084239130434784 0.010190217391304348 0.004076086956521739
0 0.42866847826086957 0.31453804347826086 0.007472826086956522 0.002717391304347826
0 0.48029891304347827 0.3423913043478261 0.012907608695652174 0.005434782608695652
0 0.4673913043478261 0.34646739130434784 0.014266304347826086 0.005434782608695652
0 0.43410326086956524 0.343070652173913 0.014266304347826086 0.005434782608695652
0 0.4476902173913043 0.343070652173913 0.012907608695652174 0.005434782608695652
0 0.10869565217391304 0.35665760869565216 0.015625 0.006114130434782609
0 0.5448369565217391 0.35529891304347827 0.014266304347826086 0.005434782608695652
0 0.5394021739130435 0.3654891304347826 0.016983695652173912 0.006114130434782609
0 0.5407608695652174 0.37160326086956524 0.017663043478260868 0.006793478260869565
0 0.6052989130434783 0.36752717391304346 0.015625 0.006114130434782609
0 0.6195652173913043 0.38179347826086957 0.019021739130434784 0.007472826086956522
0 0.59375 0.391304347826087 0.020380434782608696 0.007472826086956522
0 0.6983695652173914 0.34782608695652173 0.01154891304347826 0.004076086956521739
0 0.7350543478260869 0.34646739130434784 0.01154891304347826 0.004755434782608696
0 0.7649456521739131 0.34782608695652173 0.014266304347826086 0.005434782608695652
0 0.7771739130434783 0.3491847826086957 0.015625 0.005434782608695652
0 0.7459239130434783 0.34782608695652173 0.012907608695652174 0.004755434782608696
0 0.7316576086956522 0.35529891304347827 0.014266304347826086 0.005434782608695652
0 0.16779891304347827 0.4273097826086957 0.024456521739130436 0.009510869565217392
0 0.16508152173913043 0.4205163043478261 0.02309782608695652 0.008831521739130434
0 0.13519021739130435 0.405570652173913 0.021739130434782608 0.008152173913043478
0 0.20040760869565216 0.41847826086956524 0.024456521739130436 0.008831521739130434
0 0.2262228260869565 0.43342391304347827 0.025815217391304348 0.009510869565217392
0 0.22146739130434784 0.44021739130434784 0.025815217391304348 0.009510869565217392
0 0.08016304347826086 0.49184782608695654 0.029211956521739132 0.01154891304347826
0 0.30095108695652173 0.41304347826086957 0.02309782608695652 0.009510869565217392
0 0.30570652173913043 0.422554347826087 0.024456521739130436 0.009510869565217392
0 0.28940217391304346 0.4483695652173913 0.02717391304347826 0.010869565217391304
0 0.2866847826086957 0.47554347826086957 0.028532608695652172 0.010190217391304348
0 0.29483695652173914 0.48165760869565216 0.028532608695652172 0.01154891304347826
0 0.26834239130434784 0.4830163043478261 0.028532608695652172 0.01154891304347826
0 0.311820652173913 0.49184782608695654 0.028532608695652172 0.01154891304347826
0 0.3342391304347826 0.47146739130434784 0.02717391304347826 0.010869565217391304
0 0.36820652173913043 0.4592391304347826 0.028532608695652172 0.010869565217391304
0 0.3892663043478261 0.4789402173913043 0.02717391304347826 0.010869565217391304
0 0.4639945652173913 0.48233695652173914 0.028532608695652172 0.010190217391304348
0 0.3804347826086957 0.49184782608695654 0.029211956521739132 0.01154891304347826
0 0.47622282608695654 0.4639945652173913 0.02717391304347826 0.009510869565217392
0 0.4429347826086957 0.43478260869565216 0.024456521739130436 0.008831521739130434
0 0.42595108695652173 0.42391304347826086 0.021739130434782608 0.008152173913043478
0 0.4205163043478261 0.41983695652173914 0.021739130434782608 0.008152173913043478
0 0.4116847826086957 0.4157608695652174 0.021739130434782608 0.008152173913043478
0 0.4830163043478261 0.4116847826086957 0.021739130434782608 0.008152173913043478
0 0.5020380434782609 0.422554347826087 0.021739130434782608 0.008152173913043478
0 0.4782608695652174 0.4279891304347826 0.02309782608695652 0.008152173913043478
0 0.5822010869565217 0.484375 0.03192934782608696 0.012228260869565218
0 0.7262228260869565 0.47690217391304346 0.029211956521739132 0.01154891304347826
0 0.6154891304347826 0.41032608695652173 0.021739130434782608 0.008831521739130434
0 0.5305706521739131 0.40896739130434784 0.020380434782608696 0.008152173913043478
0 0.5210597826086957 0.3892663043478261 0.019021739130434784 0.007472826086956522
0 0.5509510869565217 0.40285326086956524 0.020380434782608696 0.008152173913043478
0 0.5618206521739131 0.41847826086956524 0.02309782608695652 0.008152173913043478
0 0.748641304347826 0.47690217391304346 0.030570652173913044 0.01154891304347826
0 0.7567934782608695 0.5088315217391305 0.034646739130434784 0.012907608695652174
0 0.7459239130434783 0.5190217391304348 0.036005434782608696 0.012907608695652174
0 0.7092391304347826 0.42527173913043476 0.024456521739130436 0.009510869565217392
0 0.6569293478260869 0.421195652173913 0.024456521739130436 0.009510869565217392
0 0.6942934782608695 0.4048913043478261 0.021739130434782608 0.008152173913043478
0 0.7438858695652174 0.42595108695652173 0.024456521739130436 0.009510869565217392
0 0.7554347826086957 0.4157608695652174 0.024456521739130436 0.008831521739130434
0 0.6677989130434783 0.40625 0.02309782608695652 0.008152173913043478
0 0.8057065217391305 0.41032608695652173 0.02309782608695652 0.009510869565217392
0 0.8790760869565217 0.4327445652173913 0.024456521739130436 0.009510869565217392
0 0.8641304347826086 0.44021739130434784 0.025815217391304348 0.009510869565217392
0 0.907608695652174 0.44429347826086957 0.028532608695652172 0.010190217391304348
0 0.8559782608695652 0.46535326086956524 0.029211956521739132 0.01154891304347826
0 0.9293478260869565 0.49252717391304346 0.03328804347826087 0.012907608695652174
0 0.0625 0.6188858695652174 0.04891304347826087 0.018342391304347828
0 0.050271739130434784 0.5563858695652174 0.043478260869565216 0.016304347826086956
0 0.006793478260869565 0.529891304347826 0.01358695652173913 0.01358695652173913
0 0.012907608695652174 0.5197010869565217 0.025815217391304348 0.012907608695652174
0 0.11956521739130435 0.5475543478260869 0.04076086956521739 0.015625
0 0.2764945652173913 0.5346467391304348 0.03736413043478261 0.014266304347826086
0 0.2595108695652174 0.5448369565217391 0.03872282608695652 0.014945652173913044
0 0.3648097826086957 0.5305706521739131 0.03736413043478261 0.01358695652173913
0 0.42934782608695654 0.546875 0.03872282608695652 0.014945652173913044
0 0.37907608695652173 0.5597826086956522 0.04008152173913043 0.015625
0 0.27921195652173914 0.5903532608695652 0.04891304347826087 0.018342391304347828
0 0.19633152173913043 0.6032608695652174 0.04755434782608696 0.018342391304347828
0 0.34171195652173914 0.6351902173913043 0.050951086956521736 0.01970108695652174
0 0.29483695652173914 0.6535326086956522 0.050951086956521736 0.01970108695652174
0 0.23641304347826086 0.654891304347826 0.052309782608695655 0.01970108695652174
0 0.28872282608695654 0.6793478260869565 0.05638586956521739 0.021739130434782608
0 0.27921195652173914 0.7398097826086957 0.06182065217391304 0.02309782608695652
0 0.40353260869565216 0.7377717391304348 0.0625 0.02377717391304348
0 0.39402173913043476 0.5985054347826086 0.04755434782608696 0.018342391304347828
0 0.7370923913043478 0.5190217391304348 0.034646739130434784 0.012907608695652174
0 0.7085597826086957 0.5230978260869565 0.034646739130434784 0.012907608695652174
0 0.5985054347826086 0.5706521739130435 0.04008152173913043 0.015625
0 0.8322010869565217 0.5577445652173914 0.036005434782608696 0.01358695652173913
0 0.8967391304347826 0.6127717391304348 0.04891304347826087 0.018342391304347828
0 0.9884510869565217 0.6256793478260869 0.02309782608695652 0.01970108695652174
0 0.9599184782608695 0.7934782608695652 0.06793478260869565 0.025815217391304348
0 0.6942934782608695 0.6426630434782609 0.052309782608695655 0.01970108695652174
0 0.5747282608695652 0.7269021739130435 0.0625 0.02377717391304348
0 0.5543478260869565 0.7927989130434783 0.06385869565217392 0.024456521739130436
0 0.7948369565217391 0.9565217391304348 0.07948369565217392 0.030570652173913044
0 0.47622282608695654 0.9864130434782609 0.08084239130434782 0.02717391304347826
0 0.40217391304347827 0.9116847826086957 0.07336956521739131 0.027853260869565216
0 0.296875 0.9157608695652174 0.07336956521739131 0.027853260869565216
0 0.27445652173913043 0.8430706521739131 0.06521739130434782 0.025135869565217392
0 0.12771739130434784 0.8091032608695652 0.06521739130434782 0.025135869565217392
0 0.18138586956521738 0.7615489130434783 0.06046195652173913 0.02309782608695652
0 0.04891304347826087 0.8288043478260869 0.06657608695652174 0.025135869565217392
0 0.641983695652174 0.9932065217391305 0.08288043478260869 0.01358695652173913
0 0.005434782608695652 0.6657608695652174 0.010869565217391304 0.021739130434782608
0 0.001358695652173913 0.28940217391304346 0.002717391304347826 0.0020380434782608695
0 0.0033967391304347825 0.2914402173913043 0.006114130434782609 0.002717391304347826
0 0.004076086956521739 0.29347826086956524 0.006114130434782609 0.002717391304347826
0 0.08763586956521739 0.2921195652173913 0.006114130434782609 0.002717391304347826
0 0.08695652173913043 0.296195652173913 0.007472826086956522 0.002717391304347826
0 0.09307065217391304 0.296195652173913 0.006114130434782609 0.002717391304347826
0 0.10801630434782608 0.2914402173913043 0.006114130434782609 0.002717391304347826
0 0.11277173913043478 0.28940217391304346 0.005434782608695652 0.0020380434782608695
0 0.07608695652173914 0.2866847826086957 0.005434782608695652 0.0020380434782608695
0 0.06521739130434782 0.2866847826086957 0.005434782608695652 0.0020380434782608695
0 0.051630434782608696 0.2873641304347826 0.006114130434782609 0.002717391304347826
0 0.09307065217391304 0.3029891304347826 0.007472826086956522 0.002717391304347826
0 0.10461956521739131 0.30027173913043476 0.007472826086956522 0.002717391304347826
0 0.09442934782608696 0.35665760869565216 0.014266304347826086 0.006114130434782609
0 0.10054347826086957 0.36141304347826086 0.014266304347826086 0.005434782608695652
0 0.08967391304347826 0.36141304347826086 0.015625 0.005434782608695652
0 0.08220108695652174 0.35665760869565216 0.015625 0.006114130434782609
0 0.050951086956521736 0.3763586956521739 0.016983695652173912 0.006114130434782609
0 0.050951086956521736 0.3797554347826087 0.015625 0.006114130434782609
0 0.06793478260869565 0.37703804347826086 0.015625 0.006114130434782609
0 0.468070652173913 0.33967391304347827 0.012907608695652174 0.004755434782608696
0 0.4796195652173913 0.3335597826086957 0.01154891304347826 0.004076086956521739
0 0.4633152173913043 0.3179347826086957 0.008831521739130434 0.002717391304347826
0 0.44565217391304346 0.31521739130434784 0.006114130434782609 0.002717391304347826
0 0.4741847826086957 0.3267663043478261 0.010190217391304348 0.004076086956521739
0 0.484375 0.31929347826086957 0.007472826086956522 0.0033967391304347825
0 0.35733695652173914 0.3111413043478261 0.008831521739130434 0.004076086956521739
0 0.3138586956521739 0.311820652173913 0.010190217391304348 0.0033967391304347825
0 0.32540760869565216 0.311820652173913 0.010190217391304348 0.0033967391304347825
0 0.29483695652173914 0.311820652173913 0.007472826086956522 0.002717391304347826
0 0.36277173913043476 0.33152173913043476 0.012907608695652174 0.004076086956521739
0 0.375679347826087 0.3342391304347826 0.012907608695652174 0.004755434782608696
0 0.3967391304347826 0.3342391304347826 0.01154891304347826 0.004755434782608696
0 0.36141304347826086 0.33491847826086957 0.012907608695652174 0.004076086956521739
0 0.49592391304347827 0.35054347826086957 0.014266304347826086 0.005434782608695652
0 0.5577445652173914 0.3648097826086957 0.015625 0.006114130434782609
0 0.561141304347826 0.38858695652173914 0.019021739130434784 0.007472826086956522
0 0.5740489130434783 0.3858695652173913 0.019021739130434784 0.007472826086956522
0 0.5305706521739131 0.39945652173913043 0.020380434782608696 0.008152173913043478
0 0.3546195652173913 0.4116847826086957 0.024456521739130436 0.008831521739130434
0 0.5985054347826086 0.46875 0.030570652173913044 0.01154891304347826
0 0.49320652173913043 0.6311141304347826 0.050271739130434784 0.01970108695652174
0 0.3654891304347826 0.6270380434782609 0.04891304347826087 0.019021739130434784
0 0.09103260869565218 0.29008152173913043 0.006114130434782609 0.002717391304347826
0 0.016304347826086956 0.32540760869565216 0.010190217391304348 0.004076086956521739
0 0.09103260869565218 0.31589673913043476 0.010190217391304348 0.0033967391304347825