0 0.051630434782608696 0.37092391304347827 0.028532608695652172 0.02717391304347826
0 0.13790760869565216 0.4748641304347826 0.051630434782608696 0.046875
0 0.5679347826086957 0.6922554347826086 0.13043478260869565 0.09986413043478261
0 0.5978260869565217 0.47214673913043476 0.06793478260869565 0.049592391304347824
0 0.48845108695652173 0.36209239130434784 0.03804347826086957 0.03192934782608696
0 0.6216032608695652 0.3797554347826087 0.03736413043478261 0.03260869565217391
0 0.6555706521739131 0.4048913043478261 0.03736413043478261 0.03736413043478261
0 0.7146739130434783 0.36752717391304346 0.042119565217391304 0.036684782608695655
0 0.8070652173913043 0.40353260869565216 0.05366847826086957 0.04551630434782609
0 0.8206521739130435 0.374320652173913 0.035326086956521736 0.028532608695652172
0 0.7004076086956522 0.5 0.05366847826086957 0.057065217391304345
0 0.8254076086956522 0.7112771739130435 0.1514945652173913 0.13179347826086957
0 0.9884510869565217 0.5441576086956522 0.02309782608695652 0.07269021739130435
0 0.8444293478260869 0.3423913043478261 0.030570652173913044 0.029891304347826088
0 0.938858695652174 0.35054347826086957 0.027853260869565216 0.02377717391304348
0 0.9144021739130435 0.36345108695652173 0.029891304347826088 0.025815217391304348
0 0.08899456521739131 0.34578804347826086 0.03260869565217391 0.021739130434782608
0 0.020380434782608696 0.358695652173913 0.03736413043478261 0.024456521739130436
0 0.04076086956521739 0.5353260869565217 0.08152173913043478 0.0625
0 0.08423913043478261 0.5516304347826086 0.09782608695652174 0.06453804347826086
0 0.014945652173913044 0.5095108695652174 0.029891304347826088 0.057065217391304345
0 0.026494565217391304 0.8383152173913043 0.05298913043478261 0.11888586956521739
0 0.16576086956521738 0.5652173913043478 0.10122282608695653 0.06725543478260869
0 0.15013586956521738 0.4741847826086957 0.07404891304347826 0.04891304347826087
0 0.18885869565217392 0.46875 0.07133152173913043 0.04823369565217391
0 0.29008152173913043 0.4735054347826087 0.07336956521739131 0.04891304347826087
0 0.18478260869565216 0.3919836956521739 0.04619565217391304 0.030570652173913044
0 0.265625 0.36820652173913043 0.03940217391304348 0.026494565217391304
0 0.16168478260869565 0.37228260869565216 0.04076086956521739 0.02717391304347826
0 0.16983695652173914 0.360054347826087 0.03736413043478261 0.025135869565217392
0 0.41304347826086957 0.8186141304347826 0.17527173913043478 0.11684782608695653
0 0.4585597826086957 0.5964673913043478 0.109375 0.07269021739130435
0 0.41983695652173914 0.515625 0.08831521739130435 0.058423913043478264
0 0.5699728260869565 0.4123641304347826 0.052309782608695655 0.035326086956521736
0 0.3688858695652174 0.45652173913043476 0.059782608695652176 0.03940217391304348
0 0.34375 0.38179347826086957 0.043478260869565216 0.029211956521739132
0 0.7479619565217391 0.4008152173913043 0.04823369565217391 0.03192934782608696
0 0.7839673913043478 0.38247282608695654 0.044157608695652176 0.029891304347826088
0 0.8002717391304348 0.5027173913043478 0.07676630434782608 0.050951086956521736
0 0.766983695652174 0.4517663043478261 0.06114130434782609 0.04008152173913043
0 0.6059782608695652 0.5998641304347826 0.12432065217391304 0.08288043478260869
0 0.9429347826086957 0.5896739130434783 0.11413043478260869 0.078125
0 0.858016304347826 0.484375 0.07336956521739131 0.04891304347826087
0 0.8471467391304348 0.438179347826087 0.05638586956521739 0.03736413043478261
0 0.9565217391304348 0.43410326086956524 0.06453804347826086 0.042798913043478264
0 0.9789402173913043 0.39334239130434784 0.042119565217391304 0.03125
0 0.9707880434782609 0.3491847826086957 0.03260869565217391 0.021739130434782608
0 0.9816576086956522 0.3648097826086957 0.036684782608695655 0.025135869565217392
0 0.9979619565217391 0.36616847826086957 0.0033967391304347825 0.025815217391304348
0 0.9898097826086957 0.34375 0.020380434782608696 0.020380434782608696