0 0.31521739130434784 0.720108695652174 0.03192934782608696 0.033967391304347824
0 0.27717391304347827 0.6596467391304348 0.035326086956521736 0.03192934782608696
0 0.48097826086956524 0.6630434782608695 0.05502717391304348 0.04823369565217391
0 0.6019021739130435 0.6745923913043478 0.030570652173913044 0.02717391304347826
0 0.3233695652173913 0.6474184782608695 0.034646739130434784 0.033967391304347824
0 0.5224184782608695 0.6739130434782609 0.04483695652173913 0.042798913043478264
0 0.7391304347826086 0.6725543478260869 0.022418478260869564 0.02377717391304348
0 0.15760869565217392 0.6453804347826086 0.04008152173913043 0.035326086956521736
0 0.5842391304347826 0.7072010869565217 0.04008152173913043 0.043478260869565216
0 0.8729619565217391 0.6610054347826086 0.04008152173913043 0.035326086956521736
0 0.7126358695652174 0.6664402173913043 0.01970108695652174 0.021739130434782608
0 0.5319293478260869 0.6467391304347826 0.03328804347826087 0.028532608695652172
0 0.06182065217391304 0.6141304347826086 0.03736413043478261 0.027853260869565216
0 0.8947010869565217 0.6555706521739131 0.04008152173913043 0.030570652173913044
0 0.6847826086956522 0.6773097826086957 0.042119565217391304 0.03192934782608696
0 0.38383152173913043 0.7119565217391305 0.043478260869565216 0.03260869565217391
0 0.40217391304347827 0.7024456521739131 0.044157608695652176 0.03328804347826087
0 0.22554347826086957 0.7275815217391305 0.03940217391304348 0.030570652173913044