0 0.9456521739130435 0.6059782608695652 0.05570652173913043 0.050271739130434784
0 0.8797554347826086 0.6148097826086957 0.04483695652173913 0.043478260869565216
0 0.8410326086956522 0.6365489130434783 0.052309782608695655 0.04483695652173913
0 0.8600543478260869 0.6698369565217391 0.04823369565217391 0.041440217391304345
0 0.7758152173913043 0.5754076086956522 0.057744565217391304 0.044157608695652176
0 0.7533967391304348 0.626358695652174 0.049592391304347824 0.046875
0 0.6596467391304348 0.6161684782608695 0.052309782608695655 0.042119565217391304
0 0.6895380434782609 0.6032608695652174 0.036005434782608696 0.030570652173913044
0 0.6025815217391305 0.6073369565217391 0.02717391304347826 0.036005434782608696
0 0.40828804347826086 0.5971467391304348 0.052309782608695655 0.04755434782608696
0 0.8097826086956522 0.8600543478260869 0.13790760869565216 0.10394021739130435
0 0.8600543478260869 0.6698369565217391 0.05570652173913043 0.03736413043478261
0 0.9782608695652174 0.6148097826086957 0.043478260869565216 0.03940217391304348
0 0.33084239130434784 0.6827445652173914 0.12024456521739131 0.07404891304347826
0 0.19904891304347827 0.5828804347826086 0.05366847826086957 0.036005434782608696
0 0.14673913043478262 0.5563858695652174 0.05366847826086957 0.036005434782608696
0 0.14673913043478262 0.5563858695652174 0.05366847826086957 0.036005434782608696
0 0.01358695652173913 0.7364130434782609 0.02717391304347826 0.03804347826086957
0 0.343070652173913 0.5944293478260869 0.05366847826086957 0.036005434782608696
0 0.8811141304347826 0.5944293478260869 0.05434782608695652 0.036005434782608696