0 0.860733695652174 0.2235054347826087 0.11005434782608696 0.13111413043478262
0 0.4361413043478261 0.22418478260869565 0.030570652173913044 0.03260869565217391
0 0.6807065217391305 0.2601902173913043 0.03736413043478261 0.050271739130434784
0 0.5788043478260869 0.26766304347826086 0.033967391304347824 0.042798913043478264
0 0.3702445652173913 0.26154891304347827 0.04076086956521739 0.044157608695652176
0 0.53125 0.3342391304347826 0.044157608695652176 0.042798913043478264
0 0.033967391304347824 0.12771739130434784 0.014945652173913044 0.016983695652173912
0 0.4748641304347826 0.26766304347826086 0.03192934782608696 0.03260869565217391
0 0.06793478260869565 0.18817934782608695 0.020380434782608696 0.016983695652173912
0 0.09239130434782608 0.12364130434782608 0.01358695652173913 0.015625
0 0.07472826086956522 0.14198369565217392 0.018342391304347828 0.016983695652173912
0 0.006114130434782609 0.1487771739130435 0.01154891304347826 0.021739130434782608
0 0.059103260869565216 0.13111413043478262 0.014945652173913044 0.015625
0 0.04823369565217391 0.12092391304347826 0.014945652173913044 0.015625
0 0.34578804347826086 0.19904891304347827 0.018342391304347828 0.02309782608695652
0 0.5040760869565217 0.29347826086956524 0.02377717391304348 0.02309782608695652
0 0.6433423913043478 0.25 0.025135869565217392 0.03260869565217391
0 0.21671195652173914 0.2105978260869565 0.25407608695652173 0.16847826086956522
0 0.35054347826086957 0.15557065217391305 0.02377717391304348 0.01970108695652174
0 0.3797554347826087 0.16779891304347827 0.02377717391304348 0.01970108695652174
0 0.38790760869565216 0.21263586956521738 0.030570652173913044 0.025815217391304348
0 0.43410326086956524 0.17051630434782608 0.02377717391304348 0.021739130434782608
0 0.8084239130434783 0.24116847826086957 0.08491847826086957 0.07133152173913043
0 0.7194293478260869 0.2608695652173913 0.0625 0.051630434782608696
0 0.7601902173913043 0.24796195652173914 0.07608695652173914 0.06589673913043478
0 0.7866847826086957 0.24660326086956522 0.08491847826086957 0.06997282608695653