0 0.8709239130434783 0.7887228260869565 0.06793478260869565 0.06453804347826086
0 0.9850543478260869 0.7207880434782609 0.029891304347826088 0.06114130434782609
0 0.9925271739130435 0.5230978260869565 0.014266304347826086 0.051630434782608696
0 0.7683423913043478 0.6324728260869565 0.057065217391304345 0.05366847826086957
0 0.610733695652174 0.6773097826086957 0.057744565217391304 0.057065217391304345
0 0.4735054347826087 0.7404891304347826 0.06453804347826086 0.0625
0 0.5244565217391305 0.9599184782608695 0.07676630434782608 0.06861413043478261
0 0.6956521739130435 0.8756793478260869 0.07065217391304347 0.06929347826086957
0 0.09986413043478261 0.6881793478260869 0.06657608695652174 0.06046195652173913
0 0.27853260869565216 0.6399456521739131 0.06114130434782609 0.057065217391304345
0 0.4279891304347826 0.5855978260869565 0.058423913043478264 0.052309782608695655
0 0.9932065217391305 0.38858695652173914 0.01358695652173913 0.044157608695652176
0 0.9144021739130435 0.41983695652173914 0.04823369565217391 0.046875
0 0.7934782608695652 0.46127717391304346 0.049592391304347824 0.049592391304347824
0 0.6868206521739131 0.49184782608695654 0.050271739130434784 0.04755434782608696
0 0.8838315217391305 0.5801630434782609 0.05638586956521739 0.05570652173913043
0 0.5631793478260869 0.5264945652173914 0.051630434782608696 0.051630434782608696
0 0.12024456521739131 0.5264945652173914 0.058423913043478264 0.05638586956521739
0 0.27241847826086957 0.485054347826087 0.057065217391304345 0.050271739130434784
0 0.41304347826086957 0.44972826086956524 0.052309782608695655 0.04891304347826087
0 0.5366847826086957 0.421875 0.04823369565217391 0.04823369565217391
0 0.6589673913043478 0.3851902173913043 0.046875 0.046875
0 0.7561141304347826 0.35665760869565216 0.042119565217391304 0.043478260869565216
0 0.8403532608695652 0.3220108695652174 0.03940217391304348 0.042798913043478264
0 0.9476902173913043 0.3016304347826087 0.03804347826086957 0.03804347826086957
0 0.11820652173913043 0.4157608695652174 0.052309782608695655 0.04755434782608696
0 0.2547554347826087 0.375679347826087 0.050271739130434784 0.04551630434782609
0 0.37228260869565216 0.3451086956521739 0.04823369565217391 0.044157608695652176
0 0.5074728260869565 0.327445652173913 0.044157608695652176 0.042798913043478264
0 0.6161684782608695 0.297554347826087 0.041440217391304345 0.04008152173913043
0 0.7092391304347826 0.2710597826086957 0.03872282608695652 0.03940217391304348
0 0.8077445652173914 0.2561141304347826 0.036684782608695655 0.03736413043478261
0 0.8668478260869565 0.22826086956521738 0.035326086956521736 0.035326086956521736
0 0.9510869565217391 0.20720108695652173 0.036684782608695655 0.03736413043478261
0 0.9769021739130435 0.12839673913043478 0.03192934782608696 0.03125
0 0.8974184782608695 0.1480978260869565 0.030570652173913044 0.03192934782608696
0 0.8254076086956522 0.17255434782608695 0.03260869565217391 0.03192934782608696
0 0.7452445652173914 0.18342391304347827 0.033967391304347824 0.03328804347826087
0 0.6610054347826086 0.19972826086956522 0.033967391304347824 0.036005434782608696
0 0.5597826086956522 0.21807065217391305 0.03872282608695652 0.036005434782608696
0 0.45991847826086957 0.24048913043478262 0.03872282608695652 0.03736413043478261
0 0.3641304347826087 0.2601902173913043 0.04008152173913043 0.04008152173913043
0 0.2452445652173913 0.28464673913043476 0.044157608695652176 0.04076086956521739
0 0.12364130434782608 0.3077445652173913 0.050271739130434784 0.042798913043478264
0 0.12160326086956522 0.23097826086956522 0.042798913043478264 0.03736413043478261
0 0.008152173913043478 0.26222826086956524 0.015625 0.04008152173913043
0 0.234375 0.21263586956521738 0.03940217391304348 0.035326086956521736
0 0.3389945652173913 0.18817934782608695 0.03872282608695652 0.033967391304347824
0 0.4429347826086957 0.17730978260869565 0.035326086956521736 0.03328804347826087
0 0.5271739130434783 0.15557065217391305 0.033967391304347824 0.03192934782608696
0 0.6114130434782609 0.13858695652173914 0.033967391304347824 0.03192934782608696
0 0.6983695652173914 0.12567934782608695 0.03260869565217391 0.03192934782608696
0 0.779891304347826 0.11277173913043478 0.030570652173913044 0.03192934782608696
0 0.8498641304347826 0.09103260869565218 0.029891304347826088 0.029211956521739132
0 0.9089673913043478 0.08220108695652174 0.028532608695652172 0.029211956521739132
0 0.9735054347826086 0.07269021739130435 0.027853260869565216 0.029211956521739132
0 0.9769021739130435 0.025135869565217392 0.025815217391304348 0.025135869565217392
0 0.923233695652174 0.03260869565217391 0.026494565217391304 0.02717391304347826
0 0.8559782608695652 0.043478260869565216 0.029891304347826088 0.028532608695652172
0 0.796875 0.058423913043478264 0.029891304347826088 0.028532608695652172
0 0.7269021739130435 0.06861413043478261 0.028532608695652172 0.028532608695652172
0 0.6623641304347826 0.08355978260869565 0.029891304347826088 0.029891304347826088
0 0.5910326086956522 0.09239130434782608 0.029891304347826088 0.029891304347826088
0 0.5033967391304348 0.10258152173913043 0.03192934782608696 0.03192934782608696
0 0.43070652173913043 0.12024456521739131 0.034646739130434784 0.03260869565217391
0 0.33491847826086957 0.13519021739130435 0.03260869565217391 0.03192934782608696
0 0.24796195652173914 0.15557065217391305 0.03260869565217391 0.03260869565217391
0 0.1297554347826087 0.16508152173913043 0.03872282608695652 0.033967391304347824
0 0.021059782608695652 0.18342391304347827 0.04076086956521739 0.035326086956521736
0 0.03940217391304348 0.1297554347826087 0.03940217391304348 0.033967391304347824
0 0.04619565217391304 0.078125 0.033967391304347824 0.029211956521739132
0 0.05434782608695652 0.036005434782608696 0.036684782608695655 0.028532608695652172
0 0.140625 0.03260869565217391 0.033967391304347824 0.03125
0 0.14470108695652173 0.11073369565217392 0.036005434782608696 0.03125
0 0.23641304347826086 0.10326086956521739 0.025815217391304348 0.028532608695652172
0 0.23165760869565216 0.06861413043478261 0.033967391304347824 0.030570652173913044
0 0.21739130434782608 0.025135869565217392 0.029891304347826088 0.02717391304347826
0 0.29279891304347827 0.01358695652173913 0.029891304347826088 0.025135869565217392
0 0.31046195652173914 0.04008152173913043 0.030570652173913044 0.028532608695652172
0 0.4116847826086957 0.07472826086956522 0.029891304347826088 0.029891304347826088
0 0.391304347826087 0.04008152173913043 0.029891304347826088 0.02717391304347826
0 0.3641304347826087 0.008152173913043478 0.029891304347826088 0.015625
0 0.45108695652173914 0.029891304347826088 0.030570652173913044 0.028532608695652172
0 0.47078804347826086 0.059782608695652176 0.030570652173913044 0.029211956521739132
0 0.5597826086956522 0.04823369565217391 0.028532608695652172 0.029211956521739132
0 0.5319293478260869 0.017663043478260868 0.027853260869565216 0.02717391304347826
0 0.5883152173913043 0.01970108695652174 0.028532608695652172 0.02377717391304348
0 0.6283967391304348 0.043478260869565216 0.029891304347826088 0.028532608695652172
0 0.6766304347826086 0.03260869565217391 0.027853260869565216 0.028532608695652172
0 0.7520380434782609 0.01970108695652174 0.028532608695652172 0.026494565217391304
0 0.8084239130434783 0.012228260869565218 0.025815217391304348 0.02377717391304348
0 0.8695652173913043 0.010869565217391304 0.027853260869565216 0.014945652173913044
0 0.6474184782608695 0.007472826086956522 0.027853260869565216 0.01358695652173913
0 0.051630434782608696 0.008152173913043478 0.033967391304347824 0.016304347826086956
0 0.14198369565217392 0.0625 0.03260869565217391 0.028532608695652172
0 0.3220108695652174 0.08559782608695653 0.03125 0.028532608695652172
0 0.13858695652173914 0.004755434782608696 0.030570652173913044 0.009510869565217392
0 0.008152173913043478 0.33967391304347827 0.016304347826086956 0.043478260869565216
0 0.30502717391304346 0.8165760869565217 0.07133152173913043 0.06317934782608696