0 0.002717391304347826 0.12635869565217392 0.005434782608695652 0.03736413043478261
0 0.029211956521739132 0.11413043478260869 0.03804347826086957 0.03804347826086957
0 0.016983695652173912 0.05434782608695652 0.033967391304347824 0.03736413043478261
0 0.06385869565217392 0.5115489130434783 0.03872282608695652 0.051630434782608696
0 0.04483695652173913 0.7764945652173914 0.036005434782608696 0.036005434782608696
0 0.078125 0.03736413043478261 0.03260869565217391 0.03260869565217391
0 0.12364130434782608 0.07065217391304347 0.036005434782608696 0.036005434782608696
0 0.07540760869565218 0.09307065217391304 0.03260869565217391 0.035326086956521736
0 0.13383152173913043 0.12771739130434784 0.033967391304347824 0.036005434782608696
0 0.18342391304347827 0.09918478260869565 0.030570652173913044 0.030570652173913044
0 0.3294836956521739 0.007472826086956522 0.035326086956521736 0.014266304347826086
0 0.12839673913043478 0.015625 0.034646739130434784 0.03125
0 0.22418478260869565 0.036684782608695655 0.033967391304347824 0.030570652173913044
0 0.24048913043478262 0.08152173913043478 0.035326086956521736 0.03260869565217391
0 0.2873641304347826 0.06793478260869565 0.036005434782608696 0.033967391304347824
0 0.29891304347826086 0.12024456521739131 0.035326086956521736 0.03736413043478261
0 0.3423913043478261 0.10529891304347826 0.03192934782608696 0.033967391304347824
0 0.32472826086956524 0.059103260869565216 0.033967391304347824 0.033967391304347824
0 0.27785326086956524 0.019021739130434784 0.03260869565217391 0.03192934782608696
0 0.39809782608695654 0.029211956521739132 0.030570652173913044 0.029891304347826088
0 0.4483695652173913 0.06521739130434782 0.033967391304347824 0.03125
0 0.42459239130434784 0.009510869565217392 0.03260869565217391 0.018342391304347828
0 0.48097826086956524 0.04619565217391304 0.03260869565217391 0.033967391304347824
0 0.4741847826086957 0.11888586956521739 0.03260869565217391 0.035326086956521736
0 0.5067934782608695 0.10054347826086957 0.033967391304347824 0.03192934782608696
0 0.5251358695652174 0.021059782608695652 0.03260869565217391 0.03192934782608696
0 0.5597826086956522 0.08220108695652174 0.03260869565217391 0.03192934782608696
0 0.5842391304347826 0.057744565217391304 0.03192934782608696 0.03260869565217391
0 0.5740489130434783 0.008831521739130434 0.033967391304347824 0.016983695652173912
0 0.1827445652173913 0.32472826086956524 0.04483695652173913 0.042798913043478264
0 0.13179347826086957 0.32540760869565216 0.04823369565217391 0.05298913043478261
0 0.20448369565217392 0.5278532608695652 0.03872282608695652 0.049592391304347824
0 0.10054347826086957 0.5 0.035326086956521736 0.04755434782608696
0 0.35597826086956524 0.5699728260869565 0.044157608695652176 0.051630434782608696
0 0.328125 0.53125 0.03736413043478261 0.04483695652173913
0 0.48641304347826086 0.6827445652173914 0.042798913043478264 0.052309782608695655
0 0.529891304347826 0.6990489130434783 0.04483695652173913 0.04483695652173913
0 0.5713315217391305 0.6161684782608695 0.042119565217391304 0.051630434782608696
0 0.37160326086956524 0.8226902173913043 0.04076086956521739 0.041440217391304345
0 0.15421195652173914 0.970108695652174 0.049592391304347824 0.05638586956521739
0 0.20991847826086957 0.8165760869565217 0.027853260869565216 0.03736413043478261
0 0.48777173913043476 0.8559782608695652 0.049592391304347824 0.041440217391304345
0 0.5373641304347826 0.9035326086956522 0.05638586956521739 0.06046195652173913
0 0.31929347826086957 0.8002717391304348 0.044157608695652176 0.04619565217391304
0 0.6365489130434783 0.026494565217391304 0.033967391304347824 0.03328804347826087
0 0.688858695652174 0.03260869565217391 0.03260869565217391 0.03260869565217391
0 0.7214673913043478 0.012907608695652174 0.03260869565217391 0.025815217391304348
0 0.78125 0.034646739130434784 0.034646739130434784 0.033967391304347824
0 0.8335597826086957 0.021059782608695652 0.03192934782608696 0.03260869565217391
0 0.8974184782608695 0.046875 0.036005434782608696 0.03804347826086957
0 0.9551630434782609 0.020380434782608696 0.03260869565217391 0.030570652173913044
0 0.9789402173913043 0.07744565217391304 0.03192934782608696 0.033967391304347824
0 0.9605978260869565 0.11277173913043478 0.035326086956521736 0.035326086956521736
0 0.8179347826086957 0.08355978260869565 0.026494565217391304 0.026494565217391304
0 0.7554347826086957 0.06929347826086957 0.03260869565217391 0.030570652173913044
0 0.6691576086956522 0.08763586956521739 0.034646739130434784 0.033967391304347824
0 0.6331521739130435 0.12839673913043478 0.033967391304347824 0.033967391304347824
0 0.8627717391304348 0.6222826086956522 0.03736413043478261 0.04483695652173913
0 0.9429347826086957 0.6841032608695652 0.041440217391304345 0.04823369565217391
0 0.7235054347826086 0.7085597826086957 0.04551630434782609 0.049592391304347824
0 0.6467391304347826 0.657608695652174 0.046875 0.050271739130434784
0 0.7269021739130435 0.5489130434782609 0.043478260869565216 0.046875
0 0.5985054347826086 0.5305706521739131 0.029891304347826088 0.044157608695652176
0 0.7207880434782609 0.4361413043478261 0.03872282608695652 0.041440217391304345
0 0.904891304347826 0.4375 0.03872282608695652 0.03260869565217391
0 0.8885869565217391 0.5101902173913043 0.044157608695652176 0.04823369565217391
0 0.8620923913043478 0.9327445652173914 0.04823369565217391 0.05298913043478261
0 0.7717391304347826 0.9850543478260869 0.050271739130434784 0.02717391304347826
0 0.7438858695652174 0.8349184782608695 0.04823369565217391 0.050271739130434784
0 0.8634510869565217 0.04619565217391304 0.026494565217391304 0.026494565217391304
0 0.049592391304347824 0.813858695652174 0.036005434782608696 0.035326086956521736
0 0.020380434782608696 0.5407608695652174 0.04076086956521739 0.04076086956521739
0 0.018342391304347828 0.8063858695652174 0.036684782608695655 0.036684782608695655
0 0.18342391304347827 0.041440217391304345 0.035326086956521736 0.03125
0 0.20652173913043478 0.19701086956521738 0.04076086956521739 0.036005434782608696
0 0.39266304347826086 0.08423913043478261 0.034646739130434784 0.03125
0 0.42934782608695654 0.11888586956521739 0.035326086956521736 0.03125
0 0.14402173913043478 0.5251358695652174 0.04619565217391304 0.041440217391304345
0 0.3532608695652174 0.3892663043478261 0.04483695652173913 0.04008152173913043
0 0.2860054347826087 0.406929347826087 0.04619565217391304 0.041440217391304345
0 0.25815217391304346 0.8362771739130435 0.04551630434782609 0.04076086956521739
0 0.12703804347826086 0.845108695652174 0.04551630434782609 0.04008152173913043
0 0.1453804347826087 0.8104619565217391 0.041440217391304345 0.036684782608695655
0 0.4517663043478261 0.8315217391304348 0.04891304347826087 0.044157608695652176
0 0.17051630434782608 0.7961956521739131 0.03940217391304348 0.035326086956521736
0 0.7860054347826086 0.11752717391304347 0.03260869565217391 0.029211956521739132
0 0.7112771739130435 0.08559782608695653 0.034646739130434784 0.03125
0 0.6494565217391305 0.42391304347826086 0.04008152173913043 0.035326086956521736
0 0.40964673913043476 0.8104619565217391 0.04891304347826087 0.042798913043478264
0 0.9918478260869565 0.9103260869565217 0.015625 0.046875
0 0.16847826086956522 0.006114130434782609 0.034646739130434784 0.012228260869565218
0 0.025815217391304348 0.007472826086956522 0.035326086956521736 0.014945652173913044
0 0.0625 0.004076086956521739 0.035326086956521736 0.008152173913043478
0 0.24320652173913043 0.5251358695652174 0.04755434782608696 0.042798913043478264
0 0.45720108695652173 0.6671195652173914 0.04823369565217391 0.042798913043478264
0 0.782608695652174 0.48233695652173914 0.042798913043478264 0.03804347826086957