0 0.7241847826086957 0.42866847826086957 0.02717391304347826 0.012907608695652174
0 0.8322010869565217 0.41983695652173914 0.025135869565217392 0.010869565217391304
0 0.8396739130434783 0.7207880434782609 0.07540760869565218 0.046875
0 0.48029891304347827 0.3029891304347826 0.008831521739130434 0.005434782608695652
0 0.3226902173913043 0.3763586956521739 0.025135869565217392 0.010869565217391304
0 0.3858695652173913 0.35122282608695654 0.021739130434782608 0.009510869565217392
0 0.41915760869565216 0.34646739130434784 0.01970108695652174 0.008152173913043478
0 0.5149456521739131 0.3532608695652174 0.021739130434782608 0.008831521739130434
0 0.5190217391304348 0.33491847826086957 0.021739130434782608 0.010869565217391304
0 0.6086956521739131 0.32065217391304346 0.01970108695652174 0.008152173913043478
0 0.5754076086956522 0.33627717391304346 0.021739130434782608 0.010190217391304348
0 0.626358695652174 0.344429347826087 0.01970108695652174 0.008831521739130434
0 0.6596467391304348 0.35190217391304346 0.016304347826086956 0.008152173913043478
0 0.6372282608695652 0.358695652173913 0.01970108695652174 0.008152173913043478
0 0.579483695652174 0.35122282608695654 0.016304347826086956 0.008152173913043478
0 0.5760869565217391 0.36616847826086957 0.016304347826086956 0.008152173913043478
0 0.5917119565217391 0.3811141304347826 0.016304347826086956 0.008831521739130434
0 0.41779891304347827 0.37703804347826086 0.016304347826086956 0.009510869565217392
0 0.5135869565217391 0.37703804347826086 0.016304347826086956 0.009510869565217392
0 0.3953804347826087 0.3845108695652174 0.01970108695652174 0.009510869565217392
0 0.44021739130434784 0.3919836956521739 0.025135869565217392 0.010190217391304348
0 0.47214673913043476 0.3892663043478261 0.021739130434782608 0.010190217391304348
0 0.5108695652173914 0.38383152173913043 0.01970108695652174 0.008152173913043478
0 0.546875 0.3892663043478261 0.016304347826086956 0.009510869565217392
0 0.5672554347826086 0.3804347826086957 0.016304347826086956 0.008152173913043478
0 0.5699728260869565 0.3763586956521739 0.01970108695652174 0.009510869565217392
0 0.5740489130434783 0.38858695652173914 0.016304347826086956 0.009510869565217392
0 0.35733695652173914 0.468070652173913 0.03192934782608696 0.01358695652173913
0 0.4279891304347826 0.46603260869565216 0.03192934782608696 0.01358695652173913
0 0.4952445652173913 0.42595108695652173 0.025135869565217392 0.012228260869565218
0 0.4626358695652174 0.42595108695652173 0.02309782608695652 0.012228260869565218
0 0.48777173913043476 0.44429347826086957 0.021739130434782608 0.012228260869565218
0 0.45991847826086957 0.46467391304347827 0.025135869565217392 0.012907608695652174
0 0.4782608695652174 0.46195652173913043 0.028532608695652172 0.01358695652173913
0 0.4898097826086957 0.46059782608695654 0.02717391304347826 0.012907608695652174
0 0.5122282608695652 0.46535326086956524 0.02717391304347826 0.012907608695652174
0 0.6800271739130435 0.4673913043478261 0.021739130434782608 0.012907608695652174
0 0.6759510869565217 0.4626358695652174 0.025135869565217392 0.012228260869565218
0 0.6677989130434783 0.44904891304347827 0.02717391304347826 0.01358695652173913
0 0.6467391304347826 0.43342391304347827 0.021739130434782608 0.010190217391304348
0 0.59375 0.45652173913043476 0.02717391304347826 0.010869565217391304
0 0.6311141304347826 0.453125 0.025135869565217392 0.010869565217391304
0 0.5815217391304348 0.4436141304347826 0.02309782608695652 0.010190217391304348
0 0.5543478260869565 0.44157608695652173 0.02717391304347826 0.012228260869565218
0 0.5360054347826086 0.4110054347826087 0.02717391304347826 0.010869565217391304
0 0.5006793478260869 0.40353260869565216 0.025135869565217392 0.012228260869565218
0 0.5740489130434783 0.40217391304347827 0.01970108695652174 0.009510869565217392
0 0.6243206521739131 0.389945652173913 0.016304347826086956 0.007472826086956522
0 0.657608695652174 0.38315217391304346 0.021739130434782608 0.009510869565217392
0 0.657608695652174 0.39470108695652173 0.01970108695652174 0.009510869565217392
0 0.47554347826086957 0.48709239130434784 0.033967391304347824 0.014945652173913044
0 0.6936141304347826 0.3851902173913043 0.02717391304347826 0.012228260869565218
0 0.71875 0.38247282608695654 0.01970108695652174 0.009510869565217392
0 0.7697010869565217 0.38383152173913043 0.016304347826086956 0.008831521739130434
0 0.795516304347826 0.39470108695652173 0.01970108695652174 0.009510869565217392
0 0.7744565217391305 0.3967391304347826 0.01970108695652174 0.010190217391304348
0 0.7411684782608695 0.39945652173913043 0.025135869565217392 0.010869565217391304
0 0.6854619565217391 0.39402173913043476 0.01970108695652174 0.008831521739130434
0 0.6854619565217391 0.40353260869565216 0.01970108695652174 0.009510869565217392
0 0.7024456521739131 0.4048913043478261 0.021739130434782608 0.008831521739130434
0 0.7167119565217391 0.45652173913043476 0.02717391304347826 0.012228260869565218
0 0.7309782608695652 0.4735054347826087 0.02717391304347826 0.012228260869565218
0 0.8029891304347826 0.4741847826086957 0.02717391304347826 0.010869565217391304
0 0.8179347826086957 0.4008152173913043 0.01970108695652174 0.010190217391304348
0 0.8369565217391305 0.39809782608695654 0.025135869565217392 0.010190217391304348
0 0.8546195652173914 0.39741847826086957 0.01970108695652174 0.008831521739130434
0 0.9137228260869565 0.4164402173913043 0.021739130434782608 0.010190217391304348
0 0.9415760869565217 0.4116847826086957 0.01970108695652174 0.010190217391304348
0 0.9578804347826086 0.41440217391304346 0.01970108695652174 0.010190217391304348
0 0.9334239130434783 0.4436141304347826 0.021739130434782608 0.010869565217391304
0 0.8994565217391305 0.4436141304347826 0.01970108695652174 0.010190217391304348
0 0.876358695652174 0.4375 0.021739130434782608 0.010869565217391304
0 0.8641304347826086 0.45652173913043476 0.02309782608695652 0.010869565217391304
0 0.8573369565217391 0.45040760869565216 0.025135869565217392 0.010869565217391304
0 0.8226902173913043 0.4476902173913043 0.01970108695652174 0.009510869565217392
0 0.7717391304347826 0.4952445652173913 0.028532608695652172 0.01358695652173913
0 0.8057065217391305 0.483695652173913 0.028532608695652172 0.012907608695652174
0 0.7771739130434783 0.47758152173913043 0.02309782608695652 0.012228260869565218
0 0.920516304347826 0.47622282608695654 0.03192934782608696 0.01358695652173913
0 0.9952445652173914 0.46535326086956524 0.008831521739130434 0.010190217391304348
0 0.983016304347826 0.49116847826086957 0.03192934782608696 0.015625
0 0.9381793478260869 0.5332880434782609 0.036005434782608696 0.020380434782608696
0 0.6127717391304348 0.5407608695652174 0.03940217391304348 0.017663043478260868
0 0.6120923913043478 0.501358695652174 0.03192934782608696 0.015625
0 0.6827445652173914 0.499320652173913 0.028532608695652172 0.014945652173913044
0 0.6942934782608695 0.5625 0.04823369565217391 0.024456521739130436
0 0.7703804347826086 0.6304347826086957 0.07201086956521739 0.026494565217391304
0 0.828125 0.5516304347826086 0.04823369565217391 0.018342391304347828
0 0.8824728260869565 0.5033967391304348 0.03736413043478261 0.014266304347826086
0 0.49116847826086957 0.6100543478260869 0.059103260869565216 0.021739130434782608
0 0.7078804347826086 0.5373641304347826 0.046875 0.017663043478260868
0 0.579483695652174 0.6942934782608695 0.08423913043478261 0.03192934782608696
0 0.8702445652173914 0.6046195652173914 0.057065217391304345 0.021739130434782608
0 0.3546195652173913 0.6467391304347826 0.06453804347826086 0.024456521739130436
0 0.9911684782608695 0.422554347826087 0.017663043478260868 0.008831521739130434
0 0.5570652173913043 0.5645380434782609 0.050271739130434784 0.019021739130434784
0 0.44157608695652173 0.5631793478260869 0.052309782608695655 0.01970108695652174
0 0.44429347826086957 0.5332880434782609 0.041440217391304345 0.015625
0 0.5448369565217391 0.7520380434782609 0.09850543478260869 0.036684782608695655
0 0.5692934782608695 0.3016304347826087 0.016304347826086956 0.006114130434782609
0 0.6372282608695652 0.5883152173913043 0.05570652173913043 0.021739130434782608
0 0.44021739130434784 0.686141304347826 0.08627717391304347 0.03192934782608696
0 0.6480978260869565 0.5067934782608695 0.036005434782608696 0.01358695652173913
0 0.9714673913043478 0.5713315217391305 0.05366847826086957 0.020380434782608696
0 0.5421195652173914 0.5149456521739131 0.03736413043478261 0.014266304347826086
0 0.2717391304347826 0.5407608695652174 0.04483695652173913 0.016983695652173912
0 0.7588315217391305 0.3335597826086957 0.01970108695652174 0.007472826086956522
0 0.16304347826086957 0.28464673913043476 0.016304347826086956 0.005434782608695652
0 0.31929347826086957 0.2860054347826087 0.016304347826086956 0.006114130434782609
0 0.2921195652173913 0.29008152173913043 0.016304347826086956 0.006114130434782609
0 0.28396739130434784 0.2921195652173913 0.016304347826086956 0.006114130434782609
0 0.3376358695652174 0.28940217391304346 0.016304347826086956 0.006114130434782609
0 0.360054347826087 0.2955163043478261 0.016304347826086956 0.006114130434782609
0 0.39877717391304346 0.296195652173913 0.017663043478260868 0.006793478260869565
0 0.452445652173913 0.30027173913043476 0.016304347826086956 0.006114130434782609
0 0.4327445652173913 0.30027173913043476 0.017663043478260868 0.007472826086956522
0 0.4898097826086957 0.30502717391304346 0.016304347826086956 0.006114130434782609
0 0.5101902173913043 0.30570652173913043 0.016304347826086956 0.006793478260869565
0 0.46671195652173914 0.3063858695652174 0.016304347826086956 0.006793478260869565
0 0.45584239130434784 0.3125 0.017663043478260868 0.006793478260869565
0 0.43070652173913043 0.30570652173913043 0.01970108695652174 0.006793478260869565
0 0.40964673913043476 0.31657608695652173 0.01970108695652174 0.006793478260869565
0 0.41304347826086957 0.30502717391304346 0.01970108695652174 0.006793478260869565
0 0.5149456521739131 0.3179347826086957 0.01970108695652174 0.007472826086956522
0 0.29483695652173914 0.32540760869565216 0.01970108695652174 0.007472826086956522
0 0.31657608695652173 0.3063858695652174 0.017663043478260868 0.006793478260869565
0 0.34578804347826086 0.32540760869565216 0.01970108695652174 0.007472826086956522
0 0.3220108695652174 0.3335597826086957 0.01970108695652174 0.007472826086956522
0 0.37907608695652173 0.33967391304347827 0.01970108695652174 0.007472826086956522
0 0.30910326086956524 0.3423913043478261 0.01970108695652174 0.007472826086956522
0 0.31453804347826086 0.35258152173913043 0.02309782608695652 0.008152173913043478
0 0.311820652173913 0.360054347826087 0.021739130434782608 0.008152173913043478
0 0.3342391304347826 0.36820652173913043 0.02309782608695652 0.008831521739130434
0 0.40625 0.34646739130434784 0.02309782608695652 0.008831521739130434
0 0.39877717391304346 0.36141304347826086 0.021739130434782608 0.008152173913043478
0 0.4470108695652174 0.37771739130434784 0.02309782608695652 0.008152173913043478
0 0.44972826086956524 0.3294836956521739 0.021739130434782608 0.007472826086956522
0 0.609375 0.30978260869565216 0.017663043478260868 0.006793478260869565
0 0.579483695652174 0.31657608695652173 0.017663043478260868 0.007472826086956522
0 0.5563858695652174 0.3029891304347826 0.016304347826086956 0.006114130434782609
0 0.6657608695652174 0.3383152173913043 0.01970108695652174 0.008152173913043478
0 0.6908967391304348 0.343070652173913 0.01970108695652174 0.007472826086956522
0 0.6779891304347826 0.31589673913043476 0.02309782608695652 0.008831521739130434
0 0.6460597826086957 0.32065217391304346 0.02309782608695652 0.008831521739130434
0 0.6766304347826086 0.359375 0.021739130434782608 0.008152173913043478
0 0.7221467391304348 0.36209239130434784 0.021739130434782608 0.008152173913043478
0 0.5360054347826086 0.35258152173913043 0.021739130434782608 0.008152173913043478
0 0.4748641304347826 0.36616847826086957 0.021739130434782608 0.008152173913043478
0 0.4585597826086957 0.35190217391304346 0.02309782608695652 0.008152173913043478
0 0.4388586956521739 0.34646739130434784 0.02309782608695652 0.008831521739130434
0 0.5991847826086957 0.3763586956521739 0.01970108695652174 0.008152173913043478
0 0.28125 0.39741847826086957 0.025135869565217392 0.009510869565217392
0 0.45584239130434784 0.38383152173913043 0.021739130434782608 0.008152173913043478
0 0.5339673913043478 0.39877717391304346 0.025135869565217392 0.009510869565217392
0 0.28396739130434784 0.47622282608695654 0.033967391304347824 0.012907608695652174
0 0.4205163043478261 0.4517663043478261 0.030570652173913044 0.01154891304347826
0 0.40964673913043476 0.44157608695652173 0.028532608695652172 0.010869565217391304
0 0.2547554347826087 0.41304347826086957 0.02717391304347826 0.010190217391304348
0 0.3736413043478261 0.41847826086956524 0.02717391304347826 0.010190217391304348
0 0.48641304347826086 0.421195652173913 0.02717391304347826 0.010190217391304348
0 0.4952445652173913 0.46467391304347827 0.030570652173913044 0.01154891304347826
0 0.5543478260869565 0.4673913043478261 0.030570652173913044 0.01154891304347826
0 0.6229619565217391 0.48641304347826086 0.03192934782608696 0.012228260869565218
0 0.6311141304347826 0.47214673913043476 0.030570652173913044 0.01154891304347826
0 0.6800271739130435 0.47758152173913043 0.030570652173913044 0.012228260869565218
0 0.4626358695652174 0.39945652173913043 0.025135869565217392 0.009510869565217392
0 0.4938858695652174 0.39809782608695654 0.025135869565217392 0.009510869565217392
0 0.4544836956521739 0.49660326086956524 0.03736413043478261 0.014266304347826086
0 0.4830163043478261 0.5033967391304348 0.03736413043478261 0.014266304347826086
0 0.7377717391304348 0.3858695652173913 0.02309782608695652 0.008831521739130434
0 0.7377717391304348 0.37907608695652173 0.02309782608695652 0.008831521739130434
0 0.7819293478260869 0.3960597826086957 0.02309782608695652 0.008831521739130434
0 0.7506793478260869 0.39334239130434784 0.02309782608695652 0.008831521739130434
0 0.8145380434782609 0.406929347826087 0.025135869565217392 0.009510869565217392
0 0.9096467391304348 0.40217391304347827 0.02309782608695652 0.008831521739130434
0 0.8783967391304348 0.4116847826086957 0.025135869565217392 0.009510869565217392
0 0.9184782608695652 0.4116847826086957 0.02309782608695652 0.009510869565217392
0 0.8926630434782609 0.45516304347826086 0.02717391304347826 0.010190217391304348
0 0.8070652173913043 0.41983695652173914 0.02309782608695652 0.008831521739130434
0 0.7900815217391305 0.44633152173913043 0.028532608695652172 0.010190217391304348
0 0.8036684782608695 0.44021739130434784 0.02717391304347826 0.010190217391304348
0 0.8539402173913043 0.48029891304347827 0.030570652173913044 0.01154891304347826
0 0.923233695652174 0.4898097826086957 0.03192934782608696 0.012228260869565218
0 0.920516304347826 0.4986413043478261 0.033967391304347824 0.012907608695652174
0 0.9911684782608695 0.47146739130434784 0.017663043478260868 0.010869565217391304
0 0.9667119565217391 0.46671195652173914 0.028532608695652172 0.010869565217391304
0 0.9667119565217391 0.48165760869565216 0.030570652173913044 0.01154891304347826
0 0.9891304347826086 0.5081521739130435 0.021739130434782608 0.014266304347826086
0 0.8152173913043478 0.5190217391304348 0.03940217391304348 0.014945652173913044
0 0.7649456521739131 0.5163043478260869 0.041440217391304345 0.015625
0 0.6637228260869565 0.49320652173913043 0.03192934782608696 0.012907608695652174
0 0.6875 0.6005434782608695 0.059103260869565216 0.022418478260869564
0 0.7058423913043478 0.6141304347826086 0.06793478260869565 0.025815217391304348
0 0.516983695652174 0.5414402173913043 0.046875 0.017663043478260868
0 0.5618206521739131 0.5434782608695652 0.046875 0.017663043478260868
0 0.3532608695652174 0.5957880434782609 0.057065217391304345 0.021059782608695652
0 0.3654891304347826 0.516983695652174 0.03940217391304348 0.015625
0 0.264945652173913 0.514266304347826 0.041440217391304345 0.014945652173913044