0 0.1514945652173913 0.25339673913043476 0.16236413043478262 0.12771739130434784
0 0.16644021739130435 0.390625 0.21535326086956522 0.18138586956521738
0 0.40964673913043476 0.18342391304347827 0.12567934782608695 0.11345108695652174
0 0.6637228260869565 0.17595108695652173 0.13451086956521738 0.11548913043478261
0 0.46195652173913043 0.7235054347826086 0.2105978260869565 0.25339673913043476
0 0.140625 0.08695652173913043 0.12907608695652173 0.10461956521739131
0 0.05434782608695652 0.18546195652173914 0.10461956521739131 0.12839673913043478
0 0.5163043478260869 0.3294836956521739 0.1671195652173913 0.15353260869565216
0 0.8369565217391305 0.2391304347826087 0.16847826086956522 0.15489130434782608
0 0.6283967391304348 0.360054347826087 0.18682065217391305 0.16576086956521738
0 0.6970108695652174 0.04823369565217391 0.12296195652173914 0.09646739130434782
0 0.6290760869565217 0.514266304347826 0.1949728260869565 0.16236413043478262
0 0.9809782608695652 0.06114130434782609 0.03804347826086957 0.11141304347826086
0 0.49592391304347827 0.13111413043478262 0.12771739130434784 0.11209239130434782
0 0.16508152173913043 0.7595108695652174 0.17051630434782608 0.23845108695652173
0 0.49320652173913043 0.04008152173913043 0.1358695652173913 0.08016304347826086
0 0.967391304347826 0.2710597826086957 0.06521739130434782 0.14266304347826086
0 0.03940217391304348 0.05570652173913043 0.07880434782608696 0.09239130434782608
0 0.22554347826086957 0.051630434782608696 0.09646739130434782 0.06521739130434782
0 0.35190217391304346 0.09035326086956522 0.11209239130434782 0.10326086956521739
0 0.5889945652173914 0.2751358695652174 0.12839673913043478 0.11277173913043478
0 0.8525815217391305 0.10529891304347826 0.10665760869565218 0.08627717391304347
0 0.9320652173913043 0.15081521739130435 0.1324728260869565 0.09442934782608696
0 0.9442934782608695 0.019021739130434784 0.08423913043478261 0.03804347826086957
0 0.8050271739130435 0.14334239130434784 0.11752717391304347 0.09578804347826086
0 0.5529891304347826 0.04076086956521739 0.09714673913043478 0.08152173913043478
0 0.10597826086956522 0.020380434782608696 0.09442934782608696 0.04008152173913043
0 0.8532608695652174 0.017663043478260868 0.10190217391304347 0.035326086956521736
0 0.9177989130434783 0.06657608695652174 0.11548913043478261 0.08016304347826086
0 0.626358695652174 0.015625 0.125 0.03125
0 0.39334239130434784 0.02309782608695652 0.11005434782608696 0.04619565217391304
0 0.32472826086956524 0.015625 0.10801630434782608 0.03125
0 0.18070652173913043 0.029211956521739132 0.10869565217391304 0.058423913043478264
0 0.21671195652173914 0.18342391304347827 0.15081521739130435 0.10461956521739131
0 0.31997282608695654 0.16847826086956522 0.1487771739130435 0.10326086956521739
0 0.5047554347826086 0.5550271739130435 0.23165760869565216 0.16032608695652173
0 0.052309782608695655 0.7282608695652174 0.10461956521739131 0.1793478260869565