0 0.16983695652173914 0.6929347826086957 0.09103260869565218 0.09035326086956522
0 0.046875 0.6637228260869565 0.08831521739130435 0.09850543478260869
0 0.49592391304347827 0.6949728260869565 0.10326086956521739 0.10461956521739131
0 0.327445652173913 0.6039402173913043 0.11684782608695653 0.10665760869565218
0 0.17119565217391305 0.5740489130434783 0.08220108695652174 0.078125
0 0.03192934782608696 0.5550271739130435 0.06317934782608696 0.08152173913043478
0 0.08220108695652174 0.48233695652173914 0.07201086956521739 0.06589673913043478
0 0.1644021739130435 0.45108695652173914 0.08899456521739131 0.08967391304347826
0 0.5054347826086957 0.5414402173913043 0.09442934782608696 0.09035326086956522
0 0.7764945652173914 0.47758152173913043 0.10597826086956522 0.08220108695652174
0 0.6745923913043478 0.40421195652173914 0.08220108695652174 0.08695652173913043
0 0.8342391304347826 0.7622282608695652 0.140625 0.13790760869565216
0 0.9918478260869565 0.41915760869565216 0.016304347826086956 0.08831521739130435
0 0.7078804347826086 0.40217391304347827 0.0625 0.07065217391304347
0 0.39877717391304346 0.35597826086956524 0.08559782608695653 0.08288043478260869
0 0.33559782608695654 0.28940217391304346 0.057065217391304345 0.05570652173913043
0 0.24116847826086957 0.20108695652173914 0.06657608695652174 0.06521739130434782
0 0.01970108695652174 0.360054347826087 0.03192934782608696 0.07608695652173914
0 0.014266304347826086 0.29959239130434784 0.02377717391304348 0.06861413043478261
0 0.07676630434782608 0.18070652173913043 0.06793478260869565 0.057744565217391304
0 0.22418478260869565 0.10326086956521739 0.05502717391304348 0.05570652173913043
0 0.26902173913043476 0.1297554347826087 0.06997282608695653 0.06997282608695653
0 0.3580163043478261 0.10258152173913043 0.059782608695652176 0.057744565217391304
0 0.47554347826086957 0.10597826086956522 0.06453804347826086 0.059782608695652176
0 0.5421195652173914 0.24388586956521738 0.06929347826086957 0.059782608695652176
0 0.6256793478260869 0.23777173913043478 0.03940217391304348 0.05366847826086957
0 0.8858695652173914 0.21603260869565216 0.07540760869565218 0.07269021739130435
0 0.9782608695652174 0.31997282608695654 0.043478260869565216 0.07744565217391304
0 0.9891304347826086 0.2425271739130435 0.021739130434782608 0.05298913043478261
0 0.8213315217391305 0.171875 0.06725543478260869 0.07065217391304347
0 0.764266304347826 0.17595108695652173 0.051630434782608696 0.044157608695652176
0 0.7058423913043478 0.11888586956521739 0.05434782608695652 0.04891304347826087
0 0.592391304347826 0.12364130434782608 0.059782608695652176 0.051630434782608696
0 0.5101902173913043 0.03736413043478261 0.059782608695652176 0.05298913043478261
0 0.42866847826086957 0.02717391304347826 0.06046195652173913 0.05434782608695652
0 0.37228260869565216 0.016304347826086956 0.046875 0.03192934782608696
0 0.28464673913043476 0.02377717391304348 0.05434782608695652 0.04755434782608696
0 0.16304347826086957 0.030570652173913044 0.042798913043478264 0.03804347826086957
0 0.05298913043478261 0.11820652173913043 0.04483695652173913 0.050951086956521736
0 0.012907608695652174 0.04483695652173913 0.024456521739130436 0.050271739130434784
0 0.33559782608695654 0.008152173913043478 0.036684782608695655 0.016304347826086956
0 0.8023097826086957 0.008152173913043478 0.050951086956521736 0.015625
0 0.9667119565217391 0.046875 0.046875 0.04755434782608696
0 0.4544836956521739 0.8675271739130435 0.15421195652173914 0.11548913043478261
0 0.21807065217391305 0.7336956521739131 0.11616847826086957 0.08695652173913043
0 0.641983695652174 0.6739130434782609 0.12771739130434784 0.09578804347826086
0 0.32540760869565216 0.46603260869565216 0.09510869565217392 0.07133152173913043
0 0.27445652173913043 0.405570652173913 0.08831521739130435 0.06657608695652174
0 0.546875 0.44429347826086957 0.09850543478260869 0.07336956521739131
0 0.5985054347826086 0.40421195652173914 0.09239130434782608 0.06929347826086957
0 0.5020380434782609 0.40421195652173914 0.09239130434782608 0.06929347826086957
0 0.858016304347826 0.6046195652173914 0.12635869565217392 0.09510869565217392
0 0.9252717391304348 0.7880434782608695 0.14945652173913043 0.11277173913043478
0 0.9741847826086957 0.7207880434782609 0.050951086956521736 0.11345108695652174
0 0.9470108695652174 0.6528532608695652 0.10597826086956522 0.10733695652173914
0 0.8566576086956522 0.4157608695652174 0.10258152173913043 0.07744565217391304
0 0.7934782608695652 0.42391304347826086 0.10258152173913043 0.07676630434782608
0 0.12432065217391304 0.2798913043478261 0.07404891304347826 0.05570652173913043
0 0.11413043478260869 0.3763586956521739 0.08084239130434782 0.06046195652173913
0 0.02309782608695652 0.25883152173913043 0.04619565217391304 0.050271739130434784
0 0.1331521739130435 0.10394021739130435 0.06317934782608696 0.04755434782608696
0 0.983016304347826 0.20855978260869565 0.033967391304347824 0.06114130434782609
0 0.1800271739130435 0.08559782608695653 0.06114130434782609 0.04551630434782609
0 0.06453804347826086 0.06385869565217392 0.057744565217391304 0.043478260869565216
0 0.71875 0.01154891304347826 0.051630434782608696 0.02309782608695652
0 0.9864130434782609 0.07133152173913043 0.02717391304347826 0.04755434782608696
0 0.9035326086956522 0.13926630434782608 0.06657608695652174 0.050271739130434784
0 0.8546195652173914 0.09442934782608696 0.06114130434782609 0.04551630434782609
0 0.9456521739130435 0.1297554347826087 0.07065217391304347 0.05298913043478261
0 0.9490489130434783 0.005434782608695652 0.04755434782608696 0.010869565217391304
0 0.8980978260869565 0.010190217391304348 0.04823369565217391 0.020380434782608696