0 0.14402173913043478 0.9456521739130435 0.028532608695652172 0.04755434782608696
0 0.2513586956521739 0.9510869565217391 0.10394021739130435 0.08016304347826086
0 0.33152173913043476 0.951766304347826 0.06521739130434782 0.07472826086956522
0 0.3485054347826087 0.9225543478260869 0.04823369565217391 0.059103260869565216
0 0.29415760869565216 0.8485054347826086 0.028532608695652172 0.041440217391304345
0 0.23980978260869565 0.8342391304347826 0.030570652173913044 0.036005434782608696
0 0.1637228260869565 0.8070652173913043 0.03804347826086957 0.04891304347826087
0 0.16779891304347827 0.7866847826086957 0.029211956521739132 0.03328804347826087
0 0.264945652173913 0.7092391304347826 0.028532608695652172 0.03192934782608696
0 0.42391304347826086 0.7554347826086957 0.028532608695652172 0.03328804347826087
0 0.41304347826086957 0.936141304347826 0.07269021739130435 0.09918478260869565
0 0.6508152173913043 0.8729619565217391 0.026494565217391304 0.04551630434782609
0 0.6773097826086957 0.8471467391304348 0.030570652173913044 0.04551630434782609
0 0.6949728260869565 0.813858695652174 0.028532608695652172 0.03940217391304348
0 0.6433423913043478 0.78125 0.028532608695652172 0.03736413043478261
0 0.6046195652173914 0.7914402173913043 0.03260869565217391 0.04076086956521739
0 0.6474184782608695 0.7466032608695652 0.028532608695652172 0.03328804347826087
0 0.6542119565217391 0.7139945652173914 0.024456521739130436 0.03192934782608696
0 0.6997282608695652 0.7697010869565217 0.02717391304347826 0.035326086956521736
0 0.7710597826086957 0.765625 0.021059782608695652 0.03125
0 0.7744565217391305 0.7452445652173914 0.021059782608695652 0.03125
0 0.7466032608695652 0.7241847826086957 0.021059782608695652 0.03125
0 0.7452445652173914 0.7051630434782609 0.019021739130434784 0.025815217391304348
0 0.798233695652174 0.704483695652174 0.017663043478260868 0.027853260869565216
0 0.8417119565217391 0.7010869565217391 0.02309782608695652 0.027853260869565216
0 0.8478260869565217 0.7221467391304348 0.01358695652173913 0.029891304347826088
0 0.8817934782608695 0.6997282608695652 0.019021739130434784 0.029211956521739132
0 0.7819293478260869 0.796875 0.029211956521739132 0.03736413043478261
0 0.7927989130434783 0.8335597826086957 0.026494565217391304 0.036684782608695655
0 0.7737771739130435 0.8546195652173914 0.019021739130434784 0.03804347826086957
0 0.7438858695652174 0.8586956521739131 0.020380434782608696 0.03192934782608696
0 0.7384510869565217 0.8783967391304348 0.026494565217391304 0.03804347826086957
0 0.7289402173913043 0.8947010869565217 0.03260869565217391 0.04008152173913043
0 0.6671195652173914 0.9150815217391305 0.03125 0.042798913043478264
0 0.7024456521739131 0.9198369565217391 0.024456521739130436 0.033967391304347824
0 0.7805706521739131 0.9069293478260869 0.09782608695652174 0.11820652173913043
0 0.01970108695652174 0.9619565217391305 0.03940217391304348 0.07472826086956522
0 0.09239130434782608 0.9646739130434783 0.07336956521739131 0.07065217391304347
0 0.3892663043478261 0.938858695652174 0.06997282608695653 0.07201086956521739
0 0.48165760869565216 0.7336956521739131 0.02309782608695652 0.02377717391304348
0 0.5502717391304348 0.8716032608695652 0.1827445652173913 0.19769021739130435
0 0.6379076086956522 0.8933423913043478 0.03328804347826087 0.033967391304347824
0 0.5985054347826086 0.7703804347826086 0.03192934782608696 0.03260869565217391
0 0.5686141304347826 0.7683423913043478 0.03192934782608696 0.03192934782608696
0 0.7112771739130435 0.7099184782608695 0.02377717391304348 0.024456521739130436
0 0.7479619565217391 0.7846467391304348 0.029211956521739132 0.029891304347826088
0 0.7608695652173914 0.7119565217391305 0.021059782608695652 0.021739130434782608
0 0.7289402173913043 0.9171195652173914 0.06114130434782609 0.0625
0 0.842391304347826 0.9225543478260869 0.15896739130434784 0.14334239130434784
0 0.7214673913043478 0.9646739130434783 0.08491847826086957 0.07065217391304347
0 0.9707880434782609 0.7493206521739131 0.02717391304347826 0.028532608695652172
0 0.9483695652173914 0.7527173913043478 0.028532608695652172 0.029211956521739132