0 0.041440217391304345 0.5074728260869565 0.03872282608695652 0.035326086956521736
0 0.3179347826086957 0.5020380434782609 0.050271739130434784 0.04551630434782609
0 0.406929347826087 0.5095108695652174 0.06317934782608696 0.05502717391304348
0 0.8206521739130435 0.5251358695652174 0.03328804347826087 0.021739130434782608
0 0.7595108695652174 0.4898097826086957 0.09578804347826086 0.07133152173913043
0 0.12703804347826086 0.5183423913043478 0.04823369565217391 0.036684782608695655
0 0.2139945652173913 0.5047554347826086 0.01970108695652174 0.014945652173913044
0 0.5849184782608695 0.5115489130434783 0.05570652173913043 0.042119565217391304
0 0.671875 0.5176630434782609 0.050951086956521736 0.03872282608695652
0 0.6372282608695652 0.516983695652174 0.051630434782608696 0.03940217391304348
0 0.8546195652173914 0.515625 0.052309782608695655 0.03940217391304348
0 0.9245923913043478 0.5095108695652174 0.057065217391304345 0.043478260869565216
0 0.9911684782608695 0.5095108695652174 0.017663043478260868 0.043478260869565216