0 0.029211956521739132 0.6929347826086957 0.058423913043478264 0.07201086956521739
0 0.050951086956521736 0.6494565217391305 0.010869565217391304 0.01358695652173913
0 0.005434782608695652 0.6494565217391305 0.010869565217391304 0.015625
0 0.012907608695652174 0.6480978260869565 0.010190217391304348 0.010190217391304348
0 0.035326086956521736 0.6413043478260869 0.008152173913043478 0.008152173913043478
0 0.6025815217391305 0.7207880434782609 0.09239130434782608 0.06182065217391304
0 0.452445652173913 0.6942934782608695 0.07269021739130435 0.04823369565217391
0 0.35733695652173914 0.6542119565217391 0.02309782608695652 0.015625
0 0.2710597826086957 0.7119565217391305 0.08627717391304347 0.057065217391304345
0 0.10122282608695653 0.6501358695652174 0.009510869565217392 0.006793478260869565
0 0.1487771739130435 0.6677989130434783 0.046875 0.03125
0 0.12160326086956522 0.6433423913043478 0.008831521739130434 0.005434782608695652
0 0.16847826086956522 0.6514945652173914 0.015625 0.010190217391304348
0 0.06793478260869565 0.6467391304347826 0.012228260869565218 0.008152173913043478
0 0.06589673913043478 0.6372282608695652 0.014945652173913044 0.010190217391304348
0 0.078125 0.6379076086956522 0.014945652173913044 0.010190217391304348
0 0.05570652173913043 0.6426630434782609 0.006793478260869565 0.004755434782608696
0 0.018342391304347828 0.641983695652174 0.005434782608695652 0.0033967391304347825
0 0.005434782608695652 0.639266304347826 0.010190217391304348 0.008152173913043478
0 0.04551630434782609 0.6372282608695652 0.010190217391304348 0.006793478260869565
0 0.052309782608695655 0.6372282608695652 0.010190217391304348 0.006793478260869565
0 0.04891304347826087 0.6331521739130435 0.010190217391304348 0.006793478260869565
0 0.033967391304347824 0.6358695652173914 0.010190217391304348 0.006793478260869565
0 0.024456521739130436 0.6379076086956522 0.0020380434782608695 0.001358695652173913
0 0.042798913043478264 0.6331521739130435 0.010190217391304348 0.006793478260869565
0 0.03736413043478261 0.6324728260869565 0.010190217391304348 0.006793478260869565
0 0.029211956521739132 0.6331521739130435 0.001358695652173913 0.0006793478260869565
0 0.08559782608695653 0.640625 0.007472826086956522 0.004755434782608696
0 0.05434782608695652 0.6324728260869565 0.010190217391304348 0.006793478260869565
0 0.021059782608695652 0.6345108695652174 0.004076086956521739 0.002717391304347826