0 0.001358695652173913 0.6372282608695652 0.002717391304347826 0.005434782608695652
0 0.06182065217391304 0.6385869565217391 0.021059782608695652 0.010190217391304348
0 0.08899456521739131 0.639266304347826 0.022418478260869564 0.01154891304347826
0 0.04551630434782609 0.6351902173913043 0.017663043478260868 0.008152173913043478
0 0.12296195652173914 0.6311141304347826 0.010869565217391304 0.005434782608695652
0 0.1297554347826087 0.640625 0.012907608695652174 0.006793478260869565
0 0.15421195652173914 0.640625 0.016304347826086956 0.010869565217391304
0 0.15964673913043478 0.6277173913043478 0.009510869565217392 0.004755434782608696
0 0.17798913043478262 0.6297554347826086 0.010869565217391304 0.006114130434782609
0 0.21603260869565216 0.6399456521739131 0.017663043478260868 0.009510869565217392
0 0.30978260869565216 0.6365489130434783 0.01358695652173913 0.006793478260869565
0 0.32065217391304346 0.6338315217391305 0.009510869565217392 0.004755434782608696
0 0.3070652173913043 0.6290760869565217 0.01358695652173913 0.006793478260869565
0 0.3389945652173913 0.6358695652173914 0.01154891304347826 0.006793478260869565
0 0.36141304347826086 0.6311141304347826 0.010869565217391304 0.005434782608695652
0 0.3953804347826087 0.6440217391304348 0.025135869565217392 0.012228260869565218
0 0.3804347826086957 0.6372282608695652 0.016304347826086956 0.008831521739130434
0 0.41983695652173914 0.6290760869565217 0.008152173913043478 0.0033967391304347825
0 0.43342391304347827 0.6338315217391305 0.010190217391304348 0.005434782608695652
0 0.44497282608695654 0.6290760869565217 0.008831521739130434 0.004076086956521739
0 0.4673913043478261 0.6413043478260869 0.026494565217391304 0.012228260869565218
0 0.40964673913043476 0.6365489130434783 0.020380434782608696 0.010190217391304348
0 0.8885869565217391 0.7547554347826086 0.22282608695652173 0.13994565217391305
0 0.010190217391304348 0.6317934782608695 0.016304347826086956 0.006114130434782609
0 0.01970108695652174 0.6311141304347826 0.016983695652173912 0.006114130434782609
0 0.03328804347826087 0.6311141304347826 0.014945652173913044 0.006114130434782609
0 0.025135869565217392 0.6358695652173914 0.018342391304347828 0.006793478260869565
0 0.03736413043478261 0.6358695652173914 0.018342391304347828 0.006793478260869565
0 0.07336956521739131 0.6345108695652174 0.018342391304347828 0.006793478260869565
0 0.04891304347826087 0.6379076086956522 0.018342391304347828 0.006793478260869565
0 0.11820652173913043 0.6358695652173914 0.01970108695652174 0.007472826086956522
0 0.10054347826086957 0.6413043478260869 0.02377717391304348 0.008831521739130434
0 0.10461956521739131 0.6338315217391305 0.017663043478260868 0.006793478260869565
0 0.10869565217391304 0.6317934782608695 0.015625 0.006114130434782609
0 0.13519021739130435 0.6433423913043478 0.024456521739130436 0.008831521739130434
0 0.16644021739130435 0.6358695652173914 0.019021739130434784 0.007472826086956522
0 0.1827445652173913 0.6317934782608695 0.016304347826086956 0.006114130434782609
0 0.18885869565217392 0.6317934782608695 0.016304347826086956 0.006114130434782609
0 0.20991847826086957 0.6324728260869565 0.015625 0.006114130434782609
0 0.21807065217391305 0.6311141304347826 0.014266304347826086 0.005434782608695652
0 0.2269021739130435 0.6283967391304348 0.012907608695652174 0.004755434782608696
0 0.23369565217391305 0.6283967391304348 0.012228260869565218 0.004755434782608696
0 0.24796195652173914 0.6338315217391305 0.015625 0.006114130434782609
0 0.2561141304347826 0.626358695652174 0.010190217391304348 0.004076086956521739
0 0.26358695652173914 0.625 0.010190217391304348 0.004076086956521739
0 0.2703804347826087 0.6297554347826086 0.01358695652173913 0.004755434782608696
0 0.280570652173913 0.6304347826086957 0.01358695652173913 0.004755434782608696
0 0.2717391304347826 0.6372282608695652 0.016983695652173912 0.006114130434782609
0 0.29347826086956524 0.6426630434782609 0.02377717391304348 0.008831521739130434
0 0.29008152173913043 0.6311141304347826 0.012907608695652174 0.004755434782608696
0 0.29347826086956524 0.6365489130434783 0.019021739130434784 0.007472826086956522
0 0.3111413043478261 0.6290760869565217 0.010190217391304348 0.004076086956521739
0 0.28940217391304346 0.6256793478260869 0.010190217391304348 0.004076086956521739
0 0.3294836956521739 0.6283967391304348 0.008152173913043478 0.002717391304347826
0 0.3485054347826087 0.6317934782608695 0.01358695652173913 0.005434782608695652
0 0.35529891304347827 0.6304347826086957 0.01154891304347826 0.004076086956521739
0 0.39741847826086957 0.6283967391304348 0.006114130434782609 0.002717391304347826
0 0.3804347826086957 0.626358695652174 0.006793478260869565 0.002717391304347826
0 0.41032608695652173 0.6311141304347826 0.012228260869565218 0.004755434782608696
0 0.4517663043478261 0.6304347826086957 0.010869565217391304 0.004076086956521739
0 0.49796195652173914 0.6304347826086957 0.010190217391304348 0.004076086956521739
0 0.48641304347826086 0.6385869565217391 0.02377717391304348 0.008831521739130434
0 0.4388586956521739 0.6440217391304348 0.029211956521739132 0.010869565217391304
0 0.48709239130434784 0.6433423913043478 0.028532608695652172 0.010869565217391304
0 0.5258152173913043 0.6447010869565217 0.029891304347826088 0.010869565217391304
0 0.5183423913043478 0.6311141304347826 0.012907608695652174 0.004755434782608696
0 0.5067934782608695 0.6317934782608695 0.01358695652173913 0.005434782608695652
0 0.5516304347826086 0.6290760869565217 0.004755434782608696 0.0020380434782608695
0 0.5618206521739131 0.6283967391304348 0.0020380434782608695 0.0006793478260869565
0 0.5557065217391305 0.6426630434782609 0.027853260869565216 0.010190217391304348