0 0.025135869565217392 0.7072010869565217 0.01154891304347826 0.010190217391304348
0 0.029891304347826088 0.7207880434782609 0.014945652173913044 0.01358695652173913
0 0.010869565217391304 0.7085597826086957 0.01154891304347826 0.010869565217391304
0 0.04891304347826087 0.7228260869565217 0.020380434782608696 0.015625
0 0.021059782608695652 0.7438858695652174 0.033967391304347824 0.028532608695652172
0 0.05570652173913043 0.7479619565217391 0.026494565217391304 0.025135869565217392
0 0.08967391304347826 0.766983695652174 0.03736413043478261 0.026494565217391304
0 0.13790760869565216 0.7479619565217391 0.020380434782608696 0.018342391304347828
0 0.14741847826086957 0.7112771739130435 0.01154891304347826 0.01154891304347826
0 0.10122282608695653 0.7384510869565217 0.016983695652173912 0.016983695652173912
0 0.09103260869565218 0.7296195652173914 0.01358695652173913 0.014266304347826086
0 0.12160326086956522 0.735733695652174 0.01970108695652174 0.01970108695652174
0 0.1949728260869565 0.7160326086956522 0.017663043478260868 0.016983695652173912
0 0.24728260869565216 0.7289402173913043 0.021739130434782608 0.01970108695652174
0 0.296195652173913 0.7323369565217391 0.019021739130434784 0.018342391304347828
0 0.22078804347826086 0.7846467391304348 0.046875 0.03736413043478261
0 0.13858695652173914 0.7894021739130435 0.044157608695652176 0.026494565217391304
0 0.39266304347826086 0.7730978260869565 0.04008152173913043 0.03328804347826087
0 0.4470108695652174 0.7635869565217391 0.029211956521739132 0.030570652173913044
0 0.47690217391304346 0.7608695652173914 0.025815217391304348 0.025135869565217392
0 0.48097826086956524 0.7384510869565217 0.020380434782608696 0.020380434782608696
0 0.563858695652174 0.7717391304347826 0.02717391304347826 0.025815217391304348
0 0.5319293478260869 0.7309782608695652 0.016983695652173912 0.016983695652173912
0 0.5197010869565217 0.7241847826086957 0.015625 0.015625
0 0.34375 0.7466032608695652 0.024456521739130436 0.021059782608695652
0 0.3023097826086957 0.7493206521739131 0.021739130434782608 0.021059782608695652
0 0.31453804347826086 0.720108695652174 0.018342391304347828 0.016983695652173912
0 0.3029891304347826 0.6983695652173914 0.015625 0.014266304347826086
0 0.40625 0.7072010869565217 0.01154891304347826 0.010869565217391304
0 0.4232336956521739 0.7099184782608695 0.009510869565217392 0.009510869565217392
0 0.44157608695652173 0.6963315217391305 0.006793478260869565 0.006793478260869565
0 0.4422554347826087 0.7078804347826086 0.010869565217391304 0.010190217391304348
0 0.4626358695652174 0.7180706521739131 0.017663043478260868 0.017663043478260868
0 0.4273097826086957 0.7194293478260869 0.016983695652173912 0.016304347826086956
0 0.359375 0.7255434782608695 0.020380434782608696 0.018342391304347828
0 0.46875 0.7065217391304348 0.01154891304347826 0.010190217391304348
0 0.49320652173913043 0.6963315217391305 0.008831521739130434 0.010190217391304348
0 0.5285326086956522 0.6949728260869565 0.006793478260869565 0.007472826086956522
0 0.5366847826086957 0.703125 0.008831521739130434 0.010190217391304348
0 0.5584239130434783 0.7235054347826086 0.01358695652173913 0.01358695652173913
0 0.49184782608695654 0.7194293478260869 0.01154891304347826 0.01154891304347826
0 0.5801630434782609 0.6922554347826086 0.006793478260869565 0.006793478260869565
0 0.5591032608695652 0.7207880434782609 0.01154891304347826 0.012228260869565218
0 0.5740489130434783 0.7336956521739131 0.015625 0.01358695652173913
0 0.5835597826086957 0.7248641304347826 0.014945652173913044 0.014945652173913044
0 0.59375 0.7153532608695652 0.01154891304347826 0.012907608695652174
0 0.6025815217391305 0.7323369565217391 0.016983695652173912 0.016983695652173912
0 0.6195652173913043 0.7126358695652174 0.012907608695652174 0.01154891304347826
0 0.6222826086956522 0.7316576086956522 0.015625 0.016304347826086956
0 0.6610054347826086 0.734375 0.024456521739130436 0.02377717391304348
0 0.6514945652173914 0.7119565217391305 0.015625 0.01358695652173913
0 0.6936141304347826 0.6983695652173914 0.008831521739130434 0.008831521739130434
0 0.717391304347826 0.7289402173913043 0.018342391304347828 0.016983695652173912
0 0.6759510869565217 0.7160326086956522 0.012907608695652174 0.012228260869565218
0 0.7207880434782609 0.6834239130434783 0.012228260869565218 0.01154891304347826
0 0.7839673913043478 0.6963315217391305 0.008152173913043478 0.008152173913043478
0 0.782608695652174 0.7051630434782609 0.009510869565217392 0.009510869565217392
0 0.798233695652174 0.7092391304347826 0.012907608695652174 0.01358695652173913
0 0.7248641304347826 0.7758152173913043 0.033967391304347824 0.029891304347826088
0 0.7921195652173914 0.8050271739130435 0.03736413043478261 0.029211956521739132
0 0.5930706521739131 0.7927989130434783 0.033967391304347824 0.029211956521739132
0 0.9177989130434783 0.7860054347826086 0.030570652173913044 0.029891304347826088
0 0.9565217391304348 0.7961956521739131 0.03872282608695652 0.034646739130434784
0 0.998641304347826 0.7894021739130435 0.0020380434782608695 0.03328804347826087
0 0.9884510869565217 0.7404891304347826 0.019021739130434784 0.018342391304347828
0 0.9945652173913043 0.7323369565217391 0.010869565217391304 0.019021739130434784
0 0.9334239130434783 0.7466032608695652 0.020380434782608696 0.018342391304347828
0 0.8994565217391305 0.7547554347826086 0.021739130434782608 0.01970108695652174
0 0.8199728260869565 0.7350543478260869 0.015625 0.016983695652173912
0 0.8464673913043478 0.7370923913043478 0.014945652173913044 0.015625
0 0.8029891304347826 0.7248641304347826 0.014266304347826086 0.015625
0 0.8247282608695652 0.7119565217391305 0.01154891304347826 0.012907608695652174
0 0.90625 0.7235054347826086 0.012228260869565218 0.012228260869565218
0 0.9184782608695652 0.7146739130434783 0.010869565217391304 0.010869565217391304
0 0.953125 0.7275815217391305 0.014945652173913044 0.01358695652173913
0 0.9449728260869565 0.6970108695652174 0.006793478260869565 0.006793478260869565
0 0.9762228260869565 0.7072010869565217 0.009510869565217392 0.009510869565217392
0 0.9619565217391305 0.7051630434782609 0.006793478260869565 0.007472826086956522
0 0.9823369565217391 0.71875 0.01358695652173913 0.014266304347826086
0 0.04891304347826087 0.6990489130434783 0.0033967391304347825 0.002717391304347826
0 0.18614130434782608 0.7717391304347826 0.03736413043478261 0.029211956521739132
0 0.018342391304347828 0.920516304347826 0.036684782608695655 0.050271739130434784
0 0.42391304347826086 0.9123641304347826 0.058423913043478264 0.04551630434782609
0 0.31657608695652173 0.796875 0.04891304347826087 0.03872282608695652
0 0.4952445652173913 0.7336956521739131 0.021739130434782608 0.016983695652173912
0 0.5237771739130435 0.7581521739130435 0.026494565217391304 0.021059782608695652
0 0.5591032608695652 0.7459239130434783 0.02309782608695652 0.017663043478260868
0 0.4116847826086957 0.7309782608695652 0.025815217391304348 0.020380434782608696
0 0.25883152173913043 0.7153532608695652 0.014945652173913044 0.01154891304347826
0 0.30842391304347827 0.7105978260869565 0.017663043478260868 0.01358695652173913
0 0.3294836956521739 0.6929347826086957 0.012228260869565218 0.009510869565217392
0 0.3220108695652174 0.6915760869565217 0.01154891304347826 0.009510869565217392
0 0.374320652173913 0.7072010869565217 0.012228260869565218 0.009510869565217392
0 0.3858695652173913 0.6949728260869565 0.001358695652173913 0.001358695652173913
0 0.4008152173913043 0.7180706521739131 0.016983695652173912 0.01358695652173913
0 0.35597826086956524 0.704483695652174 0.01358695652173913 0.010869565217391304
0 0.4789402173913043 0.704483695652174 0.010869565217391304 0.008831521739130434
0 0.49252717391304346 0.6759510869565217 0.010869565217391304 0.008831521739130434
0 0.5292119565217391 0.704483695652174 0.010869565217391304 0.008831521739130434
0 0.5441576086956522 0.7296195652173914 0.016983695652173912 0.01358695652173913
0 0.5889945652173914 0.7024456521739131 0.010869565217391304 0.008152173913043478
0 0.5869565217391305 0.6868206521739131 0.0033967391304347825 0.002717391304347826
0 0.5536684782608695 0.6942934782608695 0.006793478260869565 0.005434782608695652
0 0.5665760869565217 0.7146739130434783 0.01358695652173913 0.010869565217391304
0 0.5557065217391305 0.7072010869565217 0.01154891304347826 0.009510869565217392
0 0.6297554347826086 0.7160326086956522 0.014945652173913044 0.01154891304347826
0 0.6141304347826086 0.7160326086956522 0.014945652173913044 0.01154891304347826
0 0.6623641304347826 0.7262228260869565 0.019021739130434784 0.014945652173913044
0 0.6501358695652174 0.7160326086956522 0.015625 0.012228260869565218
0 0.6596467391304348 0.6942934782608695 0.010869565217391304 0.008831521739130434
0 0.6616847826086957 0.7051630434782609 0.014945652173913044 0.01154891304347826
0 0.703125 0.71875 0.020380434782608696 0.015625
0 0.7452445652173914 0.7004076086956522 0.012907608695652174 0.010190217391304348
0 0.7567934782608695 0.6990489130434783 0.012228260869565218 0.009510869565217392
0 0.7995923913043478 0.7004076086956522 0.012907608695652174 0.010190217391304348
0 0.7914402173913043 0.701766304347826 0.012907608695652174 0.010190217391304348
0 0.7432065217391305 0.6915760869565217 0.010869565217391304 0.008831521739130434
0 0.6691576086956522 0.7697010869565217 0.03260869565217391 0.025135869565217392
0 0.6922554347826086 0.7839673913043478 0.035326086956521736 0.02717391304347826
0 0.6827445652173914 0.9877717391304348 0.06385869565217392 0.024456521739130436
0 0.8240489130434783 0.7860054347826086 0.03328804347826087 0.026494565217391304
0 0.8016304347826086 0.8036684782608695 0.03872282608695652 0.029891304347826088
0 0.842391304347826 0.7078804347826086 0.012907608695652174 0.009510869565217392
0 0.9483695652173914 0.7146739130434783 0.012907608695652174 0.010190217391304348
0 0.9307065217391305 0.6956521739130435 0.004755434782608696 0.004076086956521739
0 0.923233695652174 0.7085597826086957 0.010869565217391304 0.008152173913043478
0 0.9157608695652174 0.6997282608695652 0.005434782608695652 0.004076086956521739
0 0.9558423913043478 0.7425271739130435 0.021739130434782608 0.016983695652173912
0 0.7710597826086957 0.7703804347826086 0.03192934782608696 0.024456521739130436