0 0.27853260869565216 0.7948369565217391 0.021059782608695652 0.019021739130434784
0 0.34103260869565216 0.8444293478260869 0.020380434782608696 0.016304347826086956
0 0.38858695652173914 0.7894021739130435 0.024456521739130436 0.020380434782608696
0 0.6100543478260869 0.8389945652173914 0.024456521739130436 0.02717391304347826
0 0.703125 0.8002717391304348 0.012907608695652174 0.014266304347826086
0 0.7853260869565217 0.7520380434782609 0.017663043478260868 0.016983695652173912
0 0.5998641304347826 0.8063858695652174 0.017663043478260868 0.018342391304347828
0 0.8858695652173914 0.8199728260869565 0.010869565217391304 0.009510869565217392
0 0.9035326086956522 0.8274456521739131 0.012907608695652174 0.014945652173913044
0 0.059782608695652176 0.7737771739130435 0.021739130434782608 0.014945652173913044
0 0.1671195652173913 0.7832880434782609 0.022418478260869564 0.014945652173913044
0 0.18546195652173914 0.7629076086956522 0.021739130434782608 0.014945652173913044
0 0.24048913043478262 0.7676630434782609 0.021739130434782608 0.014266304347826086
0 0.27853260869565216 0.8722826086956522 0.024456521739130436 0.016304347826086956
0 0.30842391304347827 0.8322010869565217 0.02377717391304348 0.015625
0 0.3851902173913043 0.8729619565217391 0.025135869565217392 0.016304347826086956
0 0.36616847826086957 0.7805706521739131 0.022418478260869564 0.014945652173913044
0 0.5285326086956522 0.7581521739130435 0.021739130434782608 0.014266304347826086
0 0.5869565217391305 0.8288043478260869 0.02377717391304348 0.015625
0 0.6895380434782609 0.8627717391304348 0.021739130434782608 0.014266304347826086
0 0.6460597826086957 0.8036684782608695 0.022418478260869564 0.014945652173913044
0 0.8131793478260869 0.7846467391304348 0.018342391304347828 0.012228260869565218
0 0.8057065217391305 0.8057065217391305 0.01970108695652174 0.012907608695652174
0 0.6148097826086957 0.8179347826086957 0.021739130434782608 0.014945652173913044
0 0.7404891304347826 0.8091032608695652 0.021059782608695652 0.01358695652173913
0 0.7459239130434783 0.813858695652174 0.021739130434782608 0.014266304347826086
0 0.7635869565217391 0.8199728260869565 0.021739130434782608 0.014266304347826086
0 0.8620923913043478 0.7894021739130435 0.018342391304347828 0.012228260869565218
0 0.9137228260869565 0.8186141304347826 0.01970108695652174 0.01358695652173913
0 0.921875 0.8233695652173914 0.020380434782608696 0.01358695652173913
0 0.9911684782608695 0.7615489130434783 0.016983695652173912 0.014266304347826086
0 0.483695652173913 0.8158967391304348 0.02309782608695652 0.015625