0 0.5027173913043478 0.44157608695652173 0.025135869565217392 0.01970108695652174
0 0.3451086956521739 0.40828804347826086 0.01970108695652174 0.018342391304347828
0 0.7778532608695652 0.405570652173913 0.02309782608695652 0.016304347826086956
0 0.21263586956521738 0.3960597826086957 0.021059782608695652 0.01358695652173913
0 0.576766304347826 0.39877717391304346 0.01970108695652174 0.018342391304347828
0 0.8559782608695652 0.4361413043478261 0.021059782608695652 0.018342391304347828
0 0.9171195652173914 0.34035326086956524 0.015625 0.014945652173913044
0 0.3077445652173913 0.3811141304347826 0.01970108695652174 0.016983695652173912
0 0.8614130434782609 0.3858695652173913 0.01970108695652174 0.014945652173913044
0 0.7316576086956522 0.343070652173913 0.016983695652173912 0.012907608695652174
0 0.7839673913043478 0.3641304347826087 0.019021739130434784 0.014945652173913044
0 0.9619565217391305 0.33152173913043476 0.016983695652173912 0.012907608695652174
0 0.405570652173913 0.3641304347826087 0.016983695652173912 0.014945652173913044
0 0.673233695652174 0.3804347826086957 0.019021739130434784 0.016983695652173912
0 0.5122282608695652 0.3546195652173913 0.019021739130434784 0.012907608695652174
0 0.8539402173913043 0.35122282608695654 0.016983695652173912 0.012907608695652174
0 0.7853260869565217 0.33695652173913043 0.015625 0.012907608695652174
0 0.9375 0.42595108695652173 0.021059782608695652 0.016304347826086956
0 0.9538043478260869 0.37160326086956524 0.019021739130434784 0.014945652173913044
0 0.6623641304347826 0.33152173913043476 0.016983695652173912 0.01358695652173913
0 0.6501358695652174 0.360054347826087 0.019021739130434784 0.012907608695652174
0 0.5414402173913043 0.3763586956521739 0.019021739130434784 0.014945652173913044
0 0.6759510869565217 0.4273097826086957 0.02309782608695652 0.01970108695652174
0 0.44429347826086957 0.38858695652173914 0.015625 0.012907608695652174
0 0.592391304347826 0.3376358695652174 0.016983695652173912 0.012907608695652174
0 0.4898097826086957 0.41440217391304346 0.016983695652173912 0.012907608695652174
0 0.845108695652174 0.32472826086956524 0.015625 0.012907608695652174