0 0.9001358695652174 0.9273097826086957 0.04891304347826087 0.042119565217391304
0 0.501358695652174 0.9639945652173914 0.06385869565217392 0.05638586956521739
0 0.6148097826086957 0.8247282608695652 0.04076086956521739 0.03872282608695652
0 0.6494565217391305 0.8009510869565217 0.04076086956521739 0.03872282608695652
0 0.7370923913043478 0.7819293478260869 0.03260869565217391 0.03260869565217391
0 0.8104619565217391 0.7533967391304348 0.02717391304347826 0.029891304347826088
0 0.9524456521739131 0.9639945652173914 0.036684782608695655 0.036684782608695655
0 0.9836956521739131 0.9728260869565217 0.03260869565217391 0.042798913043478264
0 0.8804347826086957 0.8369565217391305 0.035326086956521736 0.03260869565217391
0 0.891983695652174 0.8131793478260869 0.03260869565217391 0.029891304347826088
0 0.7635869565217391 0.8328804347826086 0.035326086956521736 0.036005434782608696
0 0.8485054347826086 0.7391304347826086 0.027853260869565216 0.026494565217391304
0 0.8627717391304348 0.7228260869565217 0.021059782608695652 0.019021739130434784
0 0.9082880434782609 0.7391304347826086 0.027853260869565216 0.024456521739130436
0 0.9334239130434783 0.751358695652174 0.02309782608695652 0.021059782608695652
0 0.938858695652174 0.7323369565217391 0.02717391304347826 0.024456521739130436
0 0.953125 0.7105978260869565 0.02377717391304348 0.019021739130434784
0 0.9802989130434783 0.7364130434782609 0.025135869565217392 0.024456521739130436
0 0.9646739130434783 0.7622282608695652 0.02717391304347826 0.02309782608695652
0 0.9891304347826086 0.8206521739130435 0.021739130434782608 0.03260869565217391
0 0.9945652173913043 0.7452445652173914 0.010190217391304348 0.027853260869565216
0 0.7309782608695652 0.7540760869565217 0.025135869565217392 0.026494565217391304
0 0.6997282608695652 0.7364130434782609 0.03125 0.027853260869565216
0 0.6773097826086957 0.7282608695652174 0.025135869565217392 0.02717391304347826
0 0.6494565217391305 0.733016304347826 0.02717391304347826 0.024456521739130436
0 0.5985054347826086 0.7411684782608695 0.03260869565217391 0.026494565217391304
0 0.5054347826086957 0.7615489130434783 0.03125 0.026494565217391304
0 0.47690217391304346 0.8145380434782609 0.042798913043478264 0.04483695652173913
0 0.4361413043478261 0.8009510869565217 0.03260869565217391 0.03328804347826087
0 0.3688858695652174 0.842391304347826 0.03328804347826087 0.027853260869565216
0 0.3953804347826087 0.7615489130434783 0.03260869565217391 0.029891304347826088
0 0.4164402173913043 0.7506793478260869 0.027853260869565216 0.026494565217391304
0 0.4422554347826087 0.7384510869565217 0.027853260869565216 0.029891304347826088
0 0.4789402173913043 0.7010869565217391 0.02309782608695652 0.021059782608695652
0 0.514266304347826 0.6942934782608695 0.02377717391304348 0.021739130434782608
0 0.5835597826086957 0.7092391304347826 0.025135869565217392 0.024456521739130436
0 0.008152173913043478 0.9171195652173914 0.016304347826086956 0.04619565217391304
0 0.016983695652173912 0.8328804347826086 0.033967391304347824 0.035326086956521736
0 0.057065217391304345 0.8471467391304348 0.036684782608695655 0.041440217391304345
0 0.13926630434782608 0.876358695652174 0.046875 0.042119565217391304
0 0.15013586956521738 0.8077445652173914 0.03328804347826087 0.03260869565217391
0 0.21671195652173914 0.8349184782608695 0.041440217391304345 0.036684782608695655
0 0.31521739130434784 0.7785326086956522 0.036684782608695655 0.036684782608695655
0 0.3485054347826087 0.7479619565217391 0.03260869565217391 0.027853260869565216
0 0.2758152173913043 0.7533967391304348 0.03260869565217391 0.029891304347826088
0 0.250679347826087 0.7296195652173914 0.025135869565217392 0.024456521739130436
0 0.20652173913043478 0.7350543478260869 0.03260869565217391 0.030570652173913044
0 0.17798913043478262 0.748641304347826 0.03260869565217391 0.029891304347826088
0 0.17595108695652173 0.720108695652174 0.02717391304347826 0.024456521739130436
0 0.14402173913043478 0.7506793478260869 0.027853260869565216 0.027853260869565216
0 0.12364130434782608 0.7411684782608695 0.029211956521739132 0.02717391304347826
0 0.12364130434782608 0.7275815217391305 0.027853260869565216 0.02309782608695652
0 0.15353260869565216 0.7072010869565217 0.02309782608695652 0.02309782608695652
0 0.140625 0.6983695652173914 0.021059782608695652 0.021059782608695652
0 0.11073369565217392 0.7004076086956522 0.02309782608695652 0.021059782608695652
0 0.08695652173913043 0.735733695652174 0.03328804347826087 0.027853260869565216
0 0.04823369565217391 0.7588315217391305 0.03125 0.02717391304347826
0 0.006793478260869565 0.7248641304347826 0.01358695652173913 0.024456521739130436
0 0.007472826086956522 0.7615489130434783 0.014266304347826086 0.027853260869565216
0 0.20244565217391305 0.7065217391304348 0.02717391304347826 0.021059782608695652
0 0.2758152173913043 0.6942934782608695 0.02309782608695652 0.021059782608695652
0 0.3335597826086957 0.6963315217391305 0.02377717391304348 0.021059782608695652
0 0.3532608695652174 0.7072010869565217 0.021059782608695652 0.020380434782608696
0 0.391304347826087 0.6949728260869565 0.021059782608695652 0.021739130434782608
0 0.44633152173913043 0.6929347826086957 0.01970108695652174 0.021739130434782608
0 0.007472826086956522 0.6317934782608695 0.014266304347826086 0.017663043478260868
0 0.02309782608695652 0.623641304347826 0.021059782608695652 0.019021739130434784
0 0.0020380434782608695 0.686141304347826 0.004076086956521739 0.02309782608695652
0 0.016983695652173912 0.6881793478260869 0.021059782608695652 0.025135869565217392
0 0.05638586956521739 0.6453804347826086 0.021059782608695652 0.019021739130434784
0 0.07472826086956522 0.673233695652174 0.01970108695652174 0.019021739130434784
0 0.08899456521739131 0.6929347826086957 0.02309782608695652 0.021059782608695652
0 0.11820652173913043 0.6650815217391305 0.019021739130434784 0.019021739130434784
0 0.13926630434782608 0.6759510869565217 0.021059782608695652 0.020380434782608696
0 0.14605978260869565 0.6610054347826086 0.021059782608695652 0.020380434782608696
0 0.20923913043478262 0.6569293478260869 0.015625 0.017663043478260868
0 0.19972826086956522 0.6881793478260869 0.02309782608695652 0.020380434782608696
0 0.24864130434782608 0.6508152173913043 0.021059782608695652 0.020380434782608696
0 0.27853260869565216 0.6711956521739131 0.01970108695652174 0.017663043478260868
0 0.2764945652173913 0.654891304347826 0.019021739130434784 0.016983695652173912
0 0.3023097826086957 0.6555706521739131 0.019021739130434784 0.017663043478260868
0 0.32065217391304346 0.6637228260869565 0.021059782608695652 0.021059782608695652
0 0.328804347826087 0.6521739130434783 0.01970108695652174 0.017663043478260868
0 0.3451086956521739 0.6603260869565217 0.021059782608695652 0.017663043478260868
0 0.3580163043478261 0.6555706521739131 0.015625 0.016983695652173912
0 0.3736413043478261 0.6569293478260869 0.019021739130434784 0.019021739130434784
0 0.4076086956521739 0.6569293478260869 0.019021739130434784 0.016983695652173912
0 0.44157608695652173 0.6521739130434783 0.016983695652173912 0.016983695652173912
0 0.4361413043478261 0.6379076086956522 0.019021739130434784 0.016983695652173912
0 0.46059782608695654 0.6453804347826086 0.019021739130434784 0.016983695652173912
0 0.38383152173913043 0.6338315217391305 0.019021739130434784 0.016983695652173912
0 0.3342391304347826 0.6358695652173914 0.015625 0.014945652173913044
0 0.3654891304347826 0.6073369565217391 0.01970108695652174 0.016983695652173912
0 0.38858695652173914 0.610733695652174 0.016983695652173912 0.016983695652173912
0 0.4014945652173913 0.5917119565217391 0.016983695652173912 0.015625
0 0.40896739130434784 0.5828804347826086 0.015625 0.014945652173913044
0 0.4327445652173913 0.5876358695652174 0.016983695652173912 0.016983695652173912
0 0.44904891304347827 0.610733695652174 0.016983695652173912 0.015625
0 0.4429347826086957 0.6243206521739131 0.016983695652173912 0.015625
0 0.4639945652173913 0.6052989130434783 0.019021739130434784 0.016983695652173912
0 0.46603260869565216 0.5672554347826086 0.015625 0.014266304347826086
0 0.4938858695652174 0.6202445652173914 0.016983695652173912 0.016983695652173912
0 0.5054347826086957 0.5991847826086957 0.016983695652173912 0.015625
0 0.529891304347826 0.6311141304347826 0.016983695652173912 0.016983695652173912
0 0.5183423913043478 0.6399456521739131 0.01970108695652174 0.017663043478260868
0 0.5380434782608695 0.6854619565217391 0.02309782608695652 0.02309782608695652
0 0.6052989130434783 0.6766304347826086 0.01970108695652174 0.017663043478260868
0 0.9524456521739131 0.6786684782608695 0.014266304347826086 0.012228260869565218
0 0.9408967391304348 0.6942934782608695 0.01970108695652174 0.019021739130434784
0 0.9191576086956522 0.6807065217391305 0.016983695652173912 0.016983695652173912
0 0.8600543478260869 0.6582880434782609 0.014266304347826086 0.014945652173913044
0 0.8804347826086957 0.6711956521739131 0.015625 0.014945652173913044
0 0.8994565217391305 0.6834239130434783 0.016983695652173912 0.014945652173913044
0 0.8403532608695652 0.6807065217391305 0.016983695652173912 0.015625
0 0.8226902173913043 0.688858695652174 0.015625 0.015625
0 0.7065217391304348 0.6834239130434783 0.01970108695652174 0.017663043478260868
0 0.733016304347826 0.6827445652173914 0.016983695652173912 0.016983695652173912
0 0.75 0.6637228260869565 0.015625 0.014945652173913044
0 0.8029891304347826 0.6813858695652174 0.019021739130434784 0.015625
0 0.6800271739130435 0.6813858695652174 0.01970108695652174 0.019021739130434784
0 0.6650815217391305 0.6779891304347826 0.016983695652173912 0.016983695652173912
0 0.6759510869565217 0.6956521739130435 0.019021739130434784 0.017663043478260868
0 0.625 0.6582880434782609 0.016983695652173912 0.016983695652173912
0 0.6019021739130435 0.6582880434782609 0.016983695652173912 0.015625
0 0.6474184782608695 0.6365489130434783 0.01970108695652174 0.016983695652173912
0 0.7153532608695652 0.610733695652174 0.016983695652173912 0.012228260869565218
0 0.626358695652174 0.5985054347826086 0.019021739130434784 0.015625
0 0.5536684782608695 0.6161684782608695 0.01970108695652174 0.016983695652173912
0 0.5258152173913043 0.5896739130434783 0.016983695652173912 0.015625
0 0.5570652173913043 0.5903532608695652 0.015625 0.014945652173913044
0 0.5686141304347826 0.5978260869565217 0.015625 0.015625
0 0.5801630434782609 0.5876358695652174 0.014266304347826086 0.012228260869565218
0 0.5862771739130435 0.5815217391304348 0.015625 0.014266304347826086
0 0.6175271739130435 0.5658967391304348 0.016983695652173912 0.015625
0 0.610733695652174 0.5557065217391305 0.016983695652173912 0.014945652173913044
0 0.6059782608695652 0.592391304347826 0.019021739130434784 0.015625
0 0.6351902173913043 0.5828804347826086 0.016983695652173912 0.014945652173913044
0 0.6413043478260869 0.5733695652173914 0.016983695652173912 0.014266304347826086
0 0.6657608695652174 0.5631793478260869 0.015625 0.014945652173913044
0 0.6379076086956522 0.5502717391304348 0.015625 0.014266304347826086
0 0.6630434782608695 0.5475543478260869 0.015625 0.014266304347826086
0 0.6514945652173914 0.5387228260869565 0.015625 0.014945652173913044
0 0.6752717391304348 0.5380434782608695 0.015625 0.014945652173913044
0 0.6956521739130435 0.5475543478260869 0.014266304347826086 0.012228260869565218
0 0.688858695652174 0.5380434782608695 0.015625 0.015625
0 0.7010869565217391 0.5244565217391305 0.015625 0.014945652173913044
0 0.720108695652174 0.5353260869565217 0.014266304347826086 0.014945652173913044
0 0.7289402173913043 0.5210597826086957 0.015625 0.015625
0 0.7105978260869565 0.5067934782608695 0.016983695652173912 0.014266304347826086
0 0.6827445652173914 0.5074728260869565 0.015625 0.014266304347826086
0 0.6256793478260869 0.5006793478260869 0.015625 0.015625
0 0.6467391304347826 0.5251358695652174 0.014266304347826086 0.014266304347826086
0 0.6154891304347826 0.5224184782608695 0.012228260869565218 0.012228260869565218
0 0.5855978260869565 0.5332880434782609 0.015625 0.014945652173913044
0 0.5713315217391305 0.548233695652174 0.012228260869565218 0.014945652173913044
0 0.5570652173913043 0.5360054347826086 0.015625 0.014945652173913044
0 0.5726902173913043 0.4952445652173913 0.012228260869565218 0.012228260869565218
0 0.5788043478260869 0.5006793478260869 0.012228260869565218 0.014266304347826086
0 0.6039402173913043 0.49184782608695654 0.014266304347826086 0.012228260869565218
0 0.6324728260869565 0.49184782608695654 0.012228260869565218 0.012228260869565218
0 0.6752717391304348 0.4789402173913043 0.015625 0.014266304347826086
0 0.717391304347826 0.49116847826086957 0.015625 0.014266304347826086
0 0.7404891304347826 0.5 0.015625 0.014266304347826086
0 0.7466032608695652 0.5163043478260869 0.014266304347826086 0.014266304347826086
0 0.7778532608695652 0.5135869565217391 0.016983695652173912 0.015625
0 0.6807065217391305 0.5625 0.012228260869565218 0.014945652173913044
0 0.5679347826086957 0.5788043478260869 0.014266304347826086 0.014266304347826086
0 0.5414402173913043 0.5808423913043478 0.016983695652173912 0.014945652173913044
0 0.6188858695652174 0.5394021739130435 0.015625 0.014266304347826086
0 0.5625 0.4898097826086957 0.012228260869565218 0.012228260869565218
0 0.5489130434782609 0.499320652173913 0.012228260869565218 0.012228260869565218
0 0.5319293478260869 0.5027173913043478 0.012228260869565218 0.012228260869565218
0 0.514266304347826 0.501358695652174 0.012228260869565218 0.01154891304347826
0 0.49796195652173914 0.4952445652173913 0.014266304347826086 0.012228260869565218
0 0.4789402173913043 0.48709239130434784 0.01154891304347826 0.01154891304347826
0 0.46127717391304346 0.4904891304347826 0.014266304347826086 0.012228260869565218
0 0.5122282608695652 0.48641304347826086 0.01154891304347826 0.010190217391304348
0 0.5441576086956522 0.48233695652173914 0.01154891304347826 0.01154891304347826
0 0.623641304347826 0.47758152173913043 0.012228260869565218 0.012228260869565218
0 0.640625 0.47554347826086957 0.012228260869565218 0.01154891304347826
0 0.654891304347826 0.4796195652173913 0.012228260869565218 0.012228260869565218
0 0.6494565217391305 0.5020380434782609 0.014266304347826086 0.01154891304347826
0 0.904891304347826 0.4945652173913043 0.012228260869565218 0.012228260869565218
0 0.813858695652174 0.48709239130434784 0.014266304347826086 0.012228260869565218
0 0.7717391304347826 0.48029891304347827 0.014266304347826086 0.014266304347826086
0 0.7595108695652174 0.484375 0.014266304347826086 0.012228260869565218
0 0.7309782608695652 0.4748641304347826 0.015625 0.014945652173913044
0 0.7411684782608695 0.4701086956521739 0.014266304347826086 0.012228260869565218
0 0.779891304347826 0.4741847826086957 0.012228260869565218 0.012228260869565218
0 0.813858695652174 0.46059782608695654 0.014266304347826086 0.012228260869565218
0 0.8226902173913043 0.46127717391304346 0.012228260869565218 0.01154891304347826
0 0.8478260869565217 0.468070652173913 0.014266304347826086 0.01154891304347826
0 0.845108695652174 0.45584239130434784 0.012228260869565218 0.01154891304347826
0 0.8634510869565217 0.46195652173913043 0.012228260869565218 0.012228260869565218
0 0.8702445652173914 0.453804347826087 0.014266304347826086 0.012228260869565218
0 0.8804347826086957 0.4544836956521739 0.012228260869565218 0.01154891304347826
0 0.890625 0.4422554347826087 0.012228260869565218 0.014266304347826086
0 0.873641304347826 0.43478260869565216 0.01154891304347826 0.01154891304347826
0 0.8851902173913043 0.43070652173913043 0.01154891304347826 0.01154891304347826
0 0.860733695652174 0.44157608695652173 0.01154891304347826 0.010869565217391304
0 0.8308423913043478 0.4483695652173913 0.012228260869565218 0.012228260869565218
0 0.8036684782608695 0.453804347826087 0.012228260869565218 0.012228260869565218
0 0.7764945652173914 0.4483695652173913 0.012228260869565218 0.012228260869565218
0 0.7601902173913043 0.45584239130434784 0.012228260869565218 0.01154891304347826
0 0.7554347826086957 0.4639945652173913 0.01154891304347826 0.01154891304347826
0 0.7900815217391305 0.438179347826087 0.012228260869565218 0.01154891304347826
0 0.813858695652174 0.43546195652173914 0.012228260869565218 0.012228260869565218
0 0.764266304347826 0.438179347826087 0.01154891304347826 0.01154891304347826
0 0.8023097826086957 0.421195652173913 0.009510869565217392 0.01154891304347826
0 0.8097826086956522 0.4076086956521739 0.009510869565217392 0.009510869565217392
0 0.8485054347826086 0.41032608695652173 0.01154891304347826 0.010869565217391304
0 0.8383152173913043 0.43070652173913043 0.01154891304347826 0.009510869565217392
0 0.8702445652173914 0.4205163043478261 0.01154891304347826 0.009510869565217392
0 0.8756793478260869 0.4048913043478261 0.01154891304347826 0.009510869565217392
0 0.8926630434782609 0.422554347826087 0.01154891304347826 0.010190217391304348
0 0.904891304347826 0.4232336956521739 0.01154891304347826 0.009510869565217392
0 0.9123641304347826 0.42934782608695654 0.012228260869565218 0.01154891304347826
0 0.9116847826086957 0.41304347826086957 0.012228260869565218 0.01154891304347826
0 0.9639945652173914 0.40285326086956524 0.01154891304347826 0.010190217391304348
0 0.9490489130434783 0.40285326086956524 0.009510869565217392 0.010869565217391304
0 0.9055706521739131 0.39741847826086957 0.009510869565217392 0.010190217391304348
0 0.858016304347826 0.39402173913043476 0.01154891304347826 0.010190217391304348
0 0.8322010869565217 0.389945652173913 0.01154891304347826 0.009510869565217392
0 0.8023097826086957 0.3892663043478261 0.01154891304347826 0.009510869565217392
0 0.8152173913043478 0.36752717391304346 0.008152173913043478 0.008831521739130434
0 0.8355978260869565 0.37092391304347827 0.01154891304347826 0.010190217391304348
0 0.8471467391304348 0.37839673913043476 0.009510869565217392 0.009510869565217392
0 0.8783967391304348 0.38654891304347827 0.009510869565217392 0.009510869565217392
0 0.8933423913043478 0.4014945652173913 0.01154891304347826 0.010190217391304348
0 0.9008152173913043 0.38179347826086957 0.01154891304347826 0.010190217391304348
0 0.7975543478260869 0.360054347826087 0.009510869565217392 0.008831521739130434
0 0.6929347826086957 0.391304347826087 0.01154891304347826 0.010190217391304348
0 0.7269021739130435 0.44904891304347827 0.012228260869565218 0.012228260869565218
0 0.717391304347826 0.453804347826087 0.012228260869565218 0.012228260869565218
0 0.6630434782608695 0.421195652173913 0.01154891304347826 0.010869565217391304
0 0.5978260869565217 0.42595108695652173 0.015625 0.014266304347826086
0 0.5692934782608695 0.43410326086956524 0.012228260869565218 0.01154891304347826
0 0.6487771739130435 0.46059782608695654 0.012228260869565218 0.01154891304347826
0 0.6807065217391305 0.46059782608695654 0.01154891304347826 0.01154891304347826
0 0.5475543478260869 0.45108695652173914 0.012228260869565218 0.01154891304347826
0 0.5258152173913043 0.45108695652173914 0.012228260869565218 0.01154891304347826
0 0.529891304347826 0.49320652173913043 0.012228260869565218 0.012228260869565218
0 0.47758152173913043 0.43478260869565216 0.012228260869565218 0.01154891304347826
0 0.4789402173913043 0.421195652173913 0.012228260869565218 0.012228260869565218
0 0.5230978260869565 0.41304347826086957 0.01154891304347826 0.01154891304347826
0 0.5346467391304348 0.4313858695652174 0.01154891304347826 0.01154891304347826
0 0.5631793478260869 0.40421195652173914 0.009510869565217392 0.008831521739130434
0 0.41915760869565216 0.38858695652173914 0.014266304347826086 0.014266304347826086
0 0.40353260869565216 0.4313858695652174 0.015625 0.012228260869565218
0 0.3423913043478261 0.43342391304347827 0.014266304347826086 0.014266304347826086
0 0.31589673913043476 0.405570652173913 0.016983695652173912 0.015625
0 0.3023097826086957 0.3953804347826087 0.015625 0.014266304347826086
0 0.2798913043478261 0.40421195652173914 0.014266304347826086 0.014945652173913044
0 0.34646739130434784 0.37703804347826086 0.012228260869565218 0.012228260869565218
0 0.20652173913043478 0.4110054347826087 0.015625 0.014945652173913044
0 0.2391304347826087 0.45108695652173914 0.015625 0.016983695652173912
0 0.2418478260869565 0.47282608695652173 0.019021739130434784 0.016983695652173912
0 0.2561141304347826 0.47690217391304346 0.012228260869565218 0.014945652173913044
0 0.2669836956521739 0.468070652173913 0.014266304347826086 0.014266304347826086
0 0.28464673913043476 0.47758152173913043 0.014266304347826086 0.014945652173913044
0 0.33491847826086957 0.4952445652173913 0.014266304347826086 0.012228260869565218
0 0.20855978260869565 0.4735054347826087 0.016983695652173912 0.016983695652173912
0 0.13519021739130435 0.46467391304347827 0.012228260869565218 0.014266304347826086
0 0.16779891304347827 0.47554347826086957 0.015625 0.014266304347826086
0 0.18817934782608695 0.4748641304347826 0.016983695652173912 0.015625
0 0.04008152173913043 0.3851902173913043 0.01970108695652174 0.016983695652173912
0 0.10733695652173914 0.37771739130434784 0.019021739130434784 0.016983695652173912
0 0.15760869565217392 0.37839673913043476 0.019021739130434784 0.015625
0 0.18070652173913043 0.36684782608695654 0.014266304347826086 0.015625
0 0.15760869565217392 0.3580163043478261 0.014266304347826086 0.014266304347826086
0 0.1671195652173913 0.34578804347826086 0.015625 0.014266304347826086
0 0.23980978260869565 0.35258152173913043 0.012228260869565218 0.012228260869565218
0 0.296195652173913 0.32608695652173914 0.012228260869565218 0.01154891304347826
0 0.27309782608695654 0.29891304347826086 0.012228260869565218 0.01154891304347826
0 0.32540760869565216 0.34103260869565216 0.009510869565217392 0.010869565217391304
0 0.12364130434782608 0.30910326086956524 0.015625 0.014266304347826086
0 0.09442934782608696 0.30095108695652173 0.015625 0.014945652173913044
0 0.052309782608695655 0.30027173913043476 0.014266304347826086 0.014266304347826086
0 0.04551630434782609 0.3342391304347826 0.016983695652173912 0.016983695652173912
0 0.04823369565217391 0.35190217391304346 0.015625 0.016983695652173912
0 0.078125 0.34646739130434784 0.014266304347826086 0.015625
0 0.08220108695652174 0.36684782608695654 0.016983695652173912 0.016983695652173912
0 0.11548913043478261 0.3498641304347826 0.016983695652173912 0.015625
0 0.004755434782608696 0.3233695652173913 0.009510869565217392 0.015625
0 0.014266304347826086 0.3294836956521739 0.015625 0.014945652173913044
0 0.005434782608695652 0.28872282608695654 0.010190217391304348 0.014266304347826086
0 0.04076086956521739 0.24592391304347827 0.014266304347826086 0.01154891304347826
0 0.06453804347826086 0.2547554347826087 0.012228260869565218 0.010190217391304348
0 0.15081521739130435 0.27921195652173914 0.012228260869565218 0.01154891304347826
0 0.17323369565217392 0.2860054347826087 0.012228260869565218 0.01154891304347826
0 0.1827445652173913 0.28804347826086957 0.009510869565217392 0.008831521739130434
0 0.9551630434782609 0.8913043478260869 0.04823369565217391 0.041440217391304345
0 0.8233695652173914 0.9898097826086957 0.051630434782608696 0.020380434782608696
0 0.7778532608695652 0.7663043478260869 0.034646739130434784 0.025135869565217392
0 0.7561141304347826 0.7703804347826086 0.034646739130434784 0.025815217391304348
0 0.7975543478260869 0.7615489130434783 0.03328804347826087 0.025135869565217392
0 0.8872282608695652 0.7466032608695652 0.029211956521739132 0.021739130434782608
0 0.9565217391304348 0.7289402173913043 0.025815217391304348 0.020380434782608696
0 0.9870923913043478 0.78125 0.025815217391304348 0.02309782608695652
0 0.9925271739130435 0.7880434782608695 0.014266304347826086 0.025135869565217392
0 0.8226902173913043 0.7309782608695652 0.027853260869565216 0.021739130434782608
0 0.7581521739130435 0.7248641304347826 0.027853260869565216 0.021739130434782608
0 0.6453804347826086 0.7479619565217391 0.03328804347826087 0.025135869565217392
0 0.5332880434782609 0.7377717391304348 0.03125 0.02309782608695652
0 0.421875 0.7241847826086957 0.029211956521739132 0.021739130434782608
0 0.5699728260869565 0.9320652173913043 0.06114130434782609 0.04551630434782609
0 0.2758152173913043 0.9707880434782609 0.06453804347826086 0.04823369565217391
0 0.16915760869565216 0.9816576086956522 0.059103260869565216 0.036684782608695655
0 0.06929347826086957 0.9877717391304348 0.059103260869565216 0.024456521739130436
0 0.12839673913043478 0.9558423913043478 0.057065217391304345 0.042798913043478264
0 0.0006793478260869565 0.8722826086956522 0.001358695652173913 0.036684782608695655
0 0.08152173913043478 0.8851902173913043 0.050271739130434784 0.03736413043478261
0 0.20380434782608695 0.9279891304347826 0.052309782608695655 0.03872282608695652
0 0.2717391304347826 0.9225543478260869 0.050271739130434784 0.03736413043478261
0 0.23369565217391305 0.9320652173913043 0.05298913043478261 0.03872282608695652
0 0.33016304347826086 0.7615489130434783 0.036684782608695655 0.02717391304347826
0 0.296195652173913 0.7404891304347826 0.03328804347826087 0.025135869565217392
0 0.12364130434782608 0.7146739130434783 0.027853260869565216 0.021739130434782608
0 0.03872282608695652 0.7235054347826086 0.029891304347826088 0.022418478260869564
0 0.027853260869565216 0.7425271739130435 0.03260869565217391 0.024456521739130436
0 0.001358695652173913 0.7819293478260869 0.0020380434782608695 0.029211956521739132
0 0.24864130434782608 0.6895380434782609 0.025135869565217392 0.017663043478260868
0 0.4157608695652174 0.6922554347826086 0.02377717391304348 0.017663043478260868
0 0.05366847826086957 0.670516304347826 0.02377717391304348 0.017663043478260868
0 0.09918478260869565 0.6616847826086957 0.02309782608695652 0.016983695652173912
0 0.07880434782608696 0.6589673913043478 0.02309782608695652 0.016983695652173912
0 0.1331521739130435 0.6535326086956522 0.02309782608695652 0.016983695652173912
0 0.17730978260869565 0.6868206521739131 0.02377717391304348 0.019021739130434784
0 0.22282608695652173 0.6908967391304348 0.025135869565217392 0.019021739130434784
0 0.22214673913043478 0.6813858695652174 0.02377717391304348 0.016983695652173912
0 0.23029891304347827 0.6677989130434783 0.02309782608695652 0.016983695652173912
0 0.28804347826086957 0.6501358695652174 0.021059782608695652 0.016304347826086956
0 0.3919836956521739 0.6657608695652174 0.021059782608695652 0.016304347826086956
0 0.4279891304347826 0.6881793478260869 0.02377717391304348 0.017663043478260868
0 0.34103260869565216 0.6297554347826086 0.01970108695652174 0.015625
0 0.38858695652173914 0.5998641304347826 0.019021739130434784 0.014266304347826086
0 0.44972826086956524 0.5978260869565217 0.019021739130434784 0.014266304347826086
0 0.48709239130434784 0.608016304347826 0.019021739130434784 0.014266304347826086
0 0.5176630434782609 0.6209239130434783 0.021059782608695652 0.014945652173913044
0 0.53125 0.6725543478260869 0.02309782608695652 0.016983695652173912
0 0.5591032608695652 0.673233695652174 0.02377717391304348 0.017663043478260868
0 0.48777173913043476 0.6582880434782609 0.021739130434782608 0.016304347826086956
0 0.4592391304347826 0.7024456521739131 0.02717391304347826 0.020380434782608696
0 0.5849184782608695 0.6800271739130435 0.02377717391304348 0.017663043478260868
0 0.9911684782608695 0.6677989130434783 0.01358695652173913 0.010869565217391304
0 0.9945652173913043 0.6739130434782609 0.010190217391304348 0.01358695652173913
0 0.983016304347826 0.673233695652174 0.016983695652173912 0.01154891304347826
0 0.970108695652174 0.6698369565217391 0.014266304347826086 0.01154891304347826
0 0.9504076086956522 0.686141304347826 0.01970108695652174 0.014945652173913044
0 0.9605978260869565 0.6895380434782609 0.01970108695652174 0.015625
0 0.9089673913043478 0.673233695652174 0.017663043478260868 0.01358695652173913
0 0.8987771739130435 0.6630434782608695 0.016983695652173912 0.01154891304347826
0 0.8804347826086957 0.6589673913043478 0.015625 0.01154891304347826
0 0.8783967391304348 0.6820652173913043 0.019021739130434784 0.014266304347826086
0 0.8668478260869565 0.6800271739130435 0.019021739130434784 0.014266304347826086
0 0.8070652173913043 0.7296195652173914 0.027853260869565216 0.020380434782608696
0 0.7438858695652174 0.704483695652174 0.025135869565217392 0.019021739130434784
0 0.7180706521739131 0.6752717391304348 0.01970108695652174 0.014945652173913044
0 0.7167119565217391 0.688858695652174 0.02309782608695652 0.016304347826086956
0 0.7398097826086957 0.6711956521739131 0.01970108695652174 0.014945652173913044
0 0.7724184782608695 0.6800271739130435 0.01970108695652174 0.014945652173913044
0 0.6168478260869565 0.6447010869565217 0.021059782608695652 0.014945652173913044
0 0.6603260869565217 0.6413043478260869 0.01970108695652174 0.014945652173913044
0 0.6841032608695652 0.670516304347826 0.021059782608695652 0.015625
0 0.6895380434782609 0.6222826086956522 0.019021739130434784 0.014266304347826086
0 0.5305706521739131 0.6032608695652174 0.019021739130434784 0.014266304347826086
0 0.5081521739130435 0.5835597826086957 0.017663043478260868 0.01358695652173913
0 0.5896739130434783 0.5720108695652174 0.016983695652173912 0.01358695652173913
0 0.6032608695652174 0.5686141304347826 0.017663043478260868 0.012228260869565218
0 0.6012228260869565 0.5998641304347826 0.019021739130434784 0.014266304347826086
0 0.5910326086956522 0.6066576086956522 0.01970108695652174 0.014945652173913044
0 0.6460597826086957 0.5604619565217391 0.017663043478260868 0.01358695652173913
0 0.6997282608695652 0.5366847826086957 0.017663043478260868 0.012228260869565218
0 0.7153532608695652 0.5278532608695652 0.016983695652173912 0.01358695652173913
0 0.7262228260869565 0.5135869565217391 0.016983695652173912 0.012228260869565218
0 0.6019021739130435 0.5258152173913043 0.016983695652173912 0.012228260869565218
0 0.7221467391304348 0.4986413043478261 0.016983695652173912 0.01358695652173913
0 0.7391304347826086 0.5849184782608695 0.016983695652173912 0.012228260869565218
0 0.8145380434782609 0.5475543478260869 0.017663043478260868 0.01358695652173913
0 0.7635869565217391 0.5747282608695652 0.016983695652173912 0.01154891304347826
0 0.7846467391304348 0.5061141304347826 0.016983695652173912 0.012228260869565218
0 0.6800271739130435 0.5292119565217391 0.016983695652173912 0.01358695652173913
0 0.5176630434782609 0.5584239130434783 0.016983695652173912 0.012228260869565218
0 0.5414402173913043 0.5665760869565217 0.017663043478260868 0.012228260869565218
0 0.6311141304347826 0.5360054347826086 0.016983695652173912 0.012228260869565218
0 0.5278532608695652 0.48029891304347827 0.01358695652173913 0.010190217391304348
0 0.6426630434782609 0.483695652173913 0.014266304347826086 0.01154891304347826
0 0.9177989130434783 0.4830163043478261 0.014266304347826086 0.010869565217391304
0 0.7466032608695652 0.47690217391304346 0.015625 0.01154891304347826
0 0.8050271739130435 0.47554347826086957 0.014266304347826086 0.01154891304347826
0 0.8226902173913043 0.47758152173913043 0.014266304347826086 0.010869565217391304
0 0.813858695652174 0.469429347826087 0.014266304347826086 0.010869565217391304
0 0.8274456521739131 0.469429347826087 0.014266304347826086 0.01154891304347826
0 0.8396739130434783 0.47690217391304346 0.014266304347826086 0.010869565217391304
0 0.8634510869565217 0.4517663043478261 0.014266304347826086 0.010869565217391304
0 0.8525815217391305 0.436820652173913 0.01358695652173913 0.009510869565217392
0 0.859375 0.43478260869565216 0.01358695652173913 0.010190217391304348
0 0.8417119565217391 0.44429347826086957 0.014266304347826086 0.010869565217391304
0 0.8355978260869565 0.4422554347826087 0.01358695652173913 0.010190217391304348
0 0.813858695652174 0.45040760869565216 0.01358695652173913 0.010869565217391304
0 0.798233695652174 0.44633152173913043 0.01358695652173913 0.010869565217391304
0 0.7846467391304348 0.44904891304347827 0.01358695652173913 0.010869565217391304
0 0.7710597826086957 0.453804347826087 0.014266304347826086 0.010869565217391304
0 0.8002717391304348 0.43410326086956524 0.01358695652173913 0.009510869565217392
0 0.7846467391304348 0.42595108695652173 0.012228260869565218 0.009510869565217392
0 0.7778532608695652 0.42866847826086957 0.012228260869565218 0.010190217391304348
0 0.7744565217391305 0.43546195652173914 0.01358695652173913 0.010190217391304348
0 0.7588315217391305 0.4327445652173913 0.01358695652173913 0.010190217391304348
0 0.8152173913043478 0.40828804347826086 0.012228260869565218 0.009510869565217392
0 0.8036684782608695 0.40964673913043476 0.01154891304347826 0.008831521739130434
0 0.829483695652174 0.41508152173913043 0.012228260869565218 0.009510869565217392
0 0.8301630434782609 0.4001358695652174 0.012228260869565218 0.008831521739130434
0 0.9008152173913043 0.42866847826086957 0.012228260869565218 0.010190217391304348
0 0.8851902173913043 0.41440217391304346 0.012228260869565218 0.009510869565217392
0 0.8994565217391305 0.4110054347826087 0.012228260869565218 0.009510869565217392
0 0.9225543478260869 0.4313858695652174 0.01358695652173913 0.010190217391304348
0 0.936141304347826 0.4327445652173913 0.014266304347826086 0.010190217391304348
0 0.9436141304347826 0.42934782608695654 0.01358695652173913 0.010190217391304348
0 0.9347826086956522 0.4116847826086957 0.012228260869565218 0.009510869565217392
0 0.9211956521739131 0.41304347826086957 0.01358695652173913 0.009510869565217392
0 0.9341032608695652 0.40421195652173914 0.012228260869565218 0.009510869565217392
0 0.9286684782608695 0.39741847826086957 0.012228260869565218 0.009510869565217392
0 0.9653532608695652 0.4592391304347826 0.01358695652173913 0.010869565217391304
0 0.9408967391304348 0.41983695652173914 0.01358695652173913 0.010190217391304348
0 0.9449728260869565 0.4171195652173913 0.012228260869565218 0.009510869565217392
0 0.9605978260869565 0.4205163043478261 0.01358695652173913 0.009510869565217392
0 0.8654891304347826 0.4014945652173913 0.012228260869565218 0.008831521739130434
0 0.845108695652174 0.391304347826087 0.01154891304347826 0.008831521739130434
0 0.8199728260869565 0.391304347826087 0.012228260869565218 0.008831521739130434
0 0.7690217391304348 0.3953804347826087 0.01154891304347826 0.008831521739130434
0 0.7927989130434783 0.3851902173913043 0.01154891304347826 0.008831521739130434
0 0.811141304347826 0.3892663043478261 0.01154891304347826 0.008831521739130434
0 0.8206521739130435 0.3797554347826087 0.01154891304347826 0.008831521739130434
0 0.8899456521739131 0.39402173913043476 0.01154891304347826 0.009510869565217392
0 0.8824728260869565 0.39809782608695654 0.012228260869565218 0.009510869565217392
0 0.7846467391304348 0.3892663043478261 0.01154891304347826 0.008831521739130434
0 0.7466032608695652 0.4014945652173913 0.01154891304347826 0.009510869565217392
0 0.733016304347826 0.40285326086956524 0.012228260869565218 0.009510869565217392
0 0.7214673913043478 0.40285326086956524 0.012228260869565218 0.009510869565217392
0 0.7302989130434783 0.391304347826087 0.01154891304347826 0.009510869565217392
0 0.7065217391304348 0.38247282608695654 0.01154891304347826 0.008831521739130434
0 0.7010869565217391 0.3919836956521739 0.012228260869565218 0.009510869565217392
0 0.7520380434782609 0.39334239130434784 0.01154891304347826 0.008831521739130434
0 0.7567934782608695 0.38858695652173914 0.01154891304347826 0.008831521739130434
0 0.6881793478260869 0.37839673913043476 0.01154891304347826 0.009510869565217392
0 0.7479619565217391 0.43953804347826086 0.01358695652173913 0.010190217391304348
0 0.7398097826086957 0.4436141304347826 0.01358695652173913 0.010869565217391304
0 0.703125 0.45652173913043476 0.014266304347826086 0.010869565217391304
0 0.6929347826086957 0.4673913043478261 0.014266304347826086 0.010869565217391304
0 0.735733695652174 0.4327445652173913 0.01358695652173913 0.010190217391304348
0 0.7269021739130435 0.4375 0.012228260869565218 0.009510869565217392
0 0.671875 0.44089673913043476 0.01358695652173913 0.010190217391304348
0 0.6433423913043478 0.42391304347826086 0.01358695652173913 0.010190217391304348
0 0.686141304347826 0.43953804347826086 0.01358695652173913 0.010190217391304348
0 0.6956521739130435 0.43953804347826086 0.01358695652173913 0.010869565217391304
0 0.6243206521739131 0.4361413043478261 0.014266304347826086 0.010869565217391304
0 0.6677989130434783 0.45991847826086957 0.014266304347826086 0.010190217391304348
0 0.5244565217391305 0.4639945652173913 0.01358695652173913 0.010190217391304348
0 0.4898097826086957 0.47554347826086957 0.014266304347826086 0.010869565217391304
0 0.49728260869565216 0.47622282608695654 0.01358695652173913 0.010190217391304348
0 0.44021739130434784 0.48845108695652173 0.01358695652173913 0.010869565217391304
0 0.44565217391304346 0.43070652173913043 0.015625 0.010869565217391304
0 0.45652173913043476 0.43953804347826086 0.014266304347826086 0.010869565217391304
0 0.4789402173913043 0.4483695652173913 0.01358695652173913 0.010190217391304348
0 0.49320652173913043 0.43002717391304346 0.01358695652173913 0.010190217391304348
0 0.5033967391304348 0.4232336956521739 0.01358695652173913 0.009510869565217392
0 0.5421195652173914 0.43070652173913043 0.01358695652173913 0.010190217391304348
0 0.5400815217391305 0.405570652173913 0.01358695652173913 0.009510869565217392
0 0.5448369565217391 0.4008152173913043 0.012228260869565218 0.009510869565217392
0 0.5584239130434783 0.41508152173913043 0.012228260869565218 0.010190217391304348
0 0.5523097826086957 0.40217391304347827 0.012228260869565218 0.009510869565217392
0 0.5747282608695652 0.4048913043478261 0.012228260869565218 0.009510869565217392
0 0.5944293478260869 0.38654891304347827 0.01154891304347826 0.008831521739130434
0 0.48165760869565216 0.39402173913043476 0.01358695652173913 0.010869565217391304
0 0.42595108695652173 0.3858695652173913 0.015625 0.01154891304347826
0 0.43002717391304346 0.406929347826087 0.014266304347826086 0.010869565217391304
0 0.43070652173913043 0.43546195652173914 0.015625 0.010869565217391304
0 0.41440217391304346 0.4313858695652174 0.014266304347826086 0.01154891304347826
0 0.38858695652173914 0.4171195652173913 0.016983695652173912 0.01154891304347826
0 0.2866847826086957 0.39334239130434784 0.016983695652173912 0.01154891304347826
0 0.3423913043478261 0.36684782608695654 0.015625 0.010869565217391304
0 0.31046195652173914 0.36752717391304346 0.015625 0.01154891304347826
0 0.280570652173913 0.37092391304347827 0.015625 0.010869565217391304
0 0.22418478260869565 0.42527173913043476 0.017663043478260868 0.01358695652173913
0 0.23573369565217392 0.43478260869565216 0.017663043478260868 0.01358695652173913
0 0.1956521739130435 0.4748641304347826 0.019021739130434784 0.01358695652173913
0 0.3797554347826087 0.45108695652173914 0.015625 0.01154891304347826
0 0.34375 0.4232336956521739 0.016983695652173912 0.01154891304347826
0 0.35190217391304346 0.41983695652173914 0.016983695652173912 0.012228260869565218
0 0.359375 0.422554347826087 0.016983695652173912 0.012228260869565218
0 0.3804347826086957 0.46671195652173914 0.015625 0.01154891304347826
0 0.40353260869565216 0.48709239130434784 0.014266304347826086 0.010869565217391304
0 0.3845108695652174 0.4857336956521739 0.015625 0.01154891304347826
0 0.374320652173913 0.48845108695652173 0.015625 0.01154891304347826
0 0.30095108695652173 0.4938858695652174 0.016983695652173912 0.01358695652173913
0 0.13926630434782608 0.48165760869565216 0.017663043478260868 0.01358695652173913
0 0.14605978260869565 0.47282608695652173 0.017663043478260868 0.01358695652173913
0 0.15421195652173914 0.4585597826086957 0.019021739130434784 0.01358695652173913
0 0.15964673913043478 0.46467391304347827 0.017663043478260868 0.01358695652173913
0 0.17798913043478262 0.4633152173913043 0.017663043478260868 0.014266304347826086
0 0.2955163043478261 0.48233695652173914 0.017663043478260868 0.01358695652173913
0 0.10665760869565218 0.40285326086956524 0.021739130434782608 0.015625
0 0.16847826086956522 0.35733695652173914 0.017663043478260868 0.01358695652173913
0 0.16847826086956522 0.3267663043478261 0.015625 0.01154891304347826
0 0.22078804347826086 0.3233695652173913 0.014266304347826086 0.010869565217391304
0 0.23097826086956522 0.358695652173913 0.016983695652173912 0.012228260869565218
0 0.28464673913043476 0.33084239130434784 0.014266304347826086 0.010190217391304348
0 0.2669836956521739 0.3383152173913043 0.014266304347826086 0.010869565217391304
0 0.25271739130434784 0.3029891304347826 0.01358695652173913 0.010190217391304348
0 0.3070652173913043 0.30027173913043476 0.01358695652173913 0.009510869565217392
0 0.360054347826087 0.34782608695652173 0.014266304347826086 0.010869565217391304
0 0.3695652173913043 0.3485054347826087 0.014266304347826086 0.010869565217391304
0 0.37907608695652173 0.34646739130434784 0.014266304347826086 0.010869565217391304
0 0.39470108695652173 0.3607336956521739 0.014266304347826086 0.010869565217391304
0 0.07948369565217392 0.3063858695652174 0.016983695652173912 0.012228260869565218
0 0.0625 0.30095108695652173 0.016983695652173912 0.012228260869565218
0 0.057744565217391304 0.33559782608695654 0.017663043478260868 0.01358695652173913
0 0.04551630434782609 0.26154891304347827 0.01358695652173913 0.010869565217391304
0 0.07948369565217392 0.26154891304347827 0.014266304347826086 0.010869565217391304
0 0.10122282608695653 0.2452445652173913 0.012228260869565218 0.009510869565217392
0 0.07676630434782608 0.27241847826086957 0.015625 0.010869565217391304
0 0.13519021739130435 0.27445652173913043 0.01358695652173913 0.010190217391304348
0 0.1610054347826087 0.28464673913043476 0.01358695652173913 0.010190217391304348
0 0.29483695652173914 0.30434782608695654 0.012228260869565218 0.010190217391304348
0 0.26154891304347827 0.29891304347826086 0.01358695652173913 0.010190217391304348
0 0.26154891304347827 0.3029891304347826 0.01358695652173913 0.010190217391304348
0 0.6059782608695652 0.42934782608695654 0.01358695652173913 0.010190217391304348