0 0.6677989130434783 0.7724184782608695 0.03328804347826087 0.035326086956521736
0 0.17051630434782608 0.733016304347826 0.019021739130434784 0.018342391304347828
0 0.07608695652173914 0.6841032608695652 0.012228260869565218 0.01358695652173913
0 0.3063858695652174 0.7377717391304348 0.016983695652173912 0.018342391304347828
0 0.3688858695652174 0.7567934782608695 0.016983695652173912 0.016983695652173912
0 0.34035326086956524 0.7370923913043478 0.012228260869565218 0.01358695652173913
0 0.37160326086956524 0.7228260869565217 0.014266304347826086 0.014945652173913044
0 0.48641304347826086 0.7472826086956522 0.016983695652173912 0.018342391304347828
0 0.44565217391304346 0.7160326086956522 0.012228260869565218 0.01358695652173913
0 0.44972826086956524 0.6372282608695652 0.009510869565217392 0.010190217391304348
0 0.3967391304347826 0.6453804347826086 0.008152173913043478 0.010190217391304348
0 0.2595108695652174 0.6297554347826086 0.009510869565217392 0.010190217391304348
0 0.30027173913043476 0.6759510869565217 0.01154891304347826 0.01358695652173913
0 0.5550271739130435 0.7377717391304348 0.012228260869565218 0.012228260869565218
0 0.6596467391304348 0.6691576086956522 0.012228260869565218 0.01358695652173913
0 0.5883152173913043 0.6841032608695652 0.009510869565217392 0.012907608695652174
0 0.6480978260869565 0.7445652173913043 0.015625 0.016983695652173912
0 0.548233695652174 0.71875 0.008152173913043478 0.010190217391304348
0 0.01358695652173913 0.6025815217391305 0.004076086956521739 0.0033967391304347825
0 0.04551630434782609 0.5944293478260869 0.004076086956521739 0.0033967391304347825
0 0.08016304347826086 0.5978260869565217 0.004076086956521739 0.0033967391304347825
0 0.11345108695652174 0.6127717391304348 0.006114130434782609 0.005434782608695652
0 0.140625 0.6508152173913043 0.010190217391304348 0.009510869565217392
0 0.16032608695652173 0.6243206521739131 0.008152173913043478 0.007472826086956522
0 0.18206521739130435 0.6399456521739131 0.010190217391304348 0.009510869565217392
0 0.21875 0.6154891304347826 0.008152173913043478 0.007472826086956522
0 0.20176630434782608 0.6970108695652174 0.014266304347826086 0.012907608695652174
0 0.11956521739130435 0.6956521739130435 0.014266304347826086 0.012907608695652174
0 0.17798913043478262 0.7710597826086957 0.019021739130434784 0.016983695652173912
0 0.004755434782608696 0.7805706521739131 0.009510869565217392 0.014945652173913044
0 0.27785326086956524 0.7635869565217391 0.019021739130434784 0.016983695652173912
0 0.40421195652173914 0.7547554347826086 0.019021739130434784 0.016983695652173912
0 0.46535326086956524 0.6807065217391305 0.012228260869565218 0.010869565217391304
0 0.4857336956521739 0.6304347826086957 0.008152173913043478 0.007472826086956522
0 0.5237771739130435 0.6277173913043478 0.008152173913043478 0.007472826086956522
0 0.5366847826086957 0.6052989130434783 0.008152173913043478 0.007472826086956522
0 0.4945652173913043 0.6175271739130435 0.008152173913043478 0.007472826086956522
0 0.41372282608695654 0.6433423913043478 0.010190217391304348 0.009510869565217392
0 0.36345108695652173 0.6154891304347826 0.008152173913043478 0.007472826086956522
0 0.38315217391304346 0.5835597826086957 0.006114130434782609 0.005434782608695652
0 0.34035326086956524 0.5849184782608695 0.004076086956521739 0.0033967391304347825
0 0.23301630434782608 0.6141304347826086 0.006114130434782609 0.005434782608695652
0 0.2642663043478261 0.5971467391304348 0.004076086956521739 0.0033967391304347825
0 0.3539402173913043 0.6610054347826086 0.012228260869565218 0.010869565217391304
0 0.23573369565217392 0.641983695652174 0.010190217391304348 0.009510869565217392
0 0.4076086956521739 0.6807065217391305 0.012228260869565218 0.010869565217391304
0 0.8478260869565217 0.6114130434782609 0.010190217391304348 0.009510869565217392
0 0.826766304347826 0.6039402173913043 0.010190217391304348 0.009510869565217392
0 0.8043478260869565 0.6073369565217391 0.008152173913043478 0.007472826086956522
0 0.798233695652174 0.6052989130434783 0.008152173913043478 0.007472826086956522
0 0.826766304347826 0.6202445652173914 0.012228260869565218 0.010869565217391304
0 0.766983695652174 0.6358695652173914 0.010190217391304348 0.009510869565217392
0 0.734375 0.625 0.010190217391304348 0.009510869565217392
0 0.7302989130434783 0.5998641304347826 0.008152173913043478 0.007472826086956522
0 0.6895380434782609 0.5964673913043478 0.008152173913043478 0.007472826086956522
0 0.6447010869565217 0.592391304347826 0.008152173913043478 0.007472826086956522
0 0.639266304347826 0.5896739130434783 0.008152173913043478 0.007472826086956522
0 0.6365489130434783 0.6216032608695652 0.010190217391304348 0.009510869565217392
0 0.657608695652174 0.6256793478260869 0.010190217391304348 0.009510869565217392
0 0.6875 0.6630434782608695 0.006114130434782609 0.005434782608695652
0 0.6759510869565217 0.688858695652174 0.008152173913043478 0.007472826086956522
0 0.6372282608695652 0.6997282608695652 0.012228260869565218 0.010869565217391304
0 0.5957880434782609 0.8104619565217391 0.03125 0.027853260869565216
0 0.733016304347826 0.7418478260869565 0.021059782608695652 0.018342391304347828
0 0.7792119565217391 0.7398097826086957 0.021059782608695652 0.018342391304347828
0 0.8009510869565217 0.7377717391304348 0.021059782608695652 0.018342391304347828
0 0.6467391304347826 0.9612771739130435 0.04551630434782609 0.04076086956521739