0 0.7309782608695652 0.08559782608695653 0.07404891304347826 0.11073369565217392
0 0.8023097826086957 0.6514945652173914 0.21807065217391305 0.21535326086956522
0 0.8213315217391305 0.26970108695652173 0.059103260869565216 0.09442934782608696
0 0.49660326086956524 0.1637228260869565 0.05434782608695652 0.06114130434782609
0 0.24048913043478262 0.4945652173913043 0.22554347826086957 0.23845108695652173
0 0.5292119565217391 0.5645380434782609 0.2269021739130435 0.24116847826086957
0 0.3023097826086957 0.11480978260869565 0.20380434782608695 0.2296195652173913
0 0.1956521739130435 0.37296195652173914 0.17255434782608695 0.1922554347826087
0 0.7194293478260869 0.36820652173913043 0.1793478260869565 0.18138586956521738
0 0.484375 0.2269021739130435 0.06114130434782609 0.07133152173913043
0 0.5652173913043478 0.1514945652173913 0.12432065217391304 0.09850543478260869
0 0.19429347826086957 0.08355978260869565 0.09239130434782608 0.07336956521739131
0 0.052309782608695655 0.19293478260869565 0.10461956521739131 0.12092391304347826
0 0.05298913043478261 0.14470108695652173 0.10597826086956522 0.10529891304347826
0 0.059103260869565216 0.10122282608695653 0.11413043478260869 0.09035326086956522
0 0.16168478260869565 0.13179347826086957 0.12703804347826086 0.10122282608695653
0 0.19361413043478262 0.1514945652173913 0.1358695652173913 0.10801630434782608
0 0.11345108695652174 0.2717391304347826 0.17798913043478262 0.14130434782608695
0 0.06046195652173913 0.2751358695652174 0.12092391304347826 0.14266304347826086
0 0.03125 0.328125 0.06182065217391304 0.15489130434782608
0 0.23709239130434784 0.3383152173913043 0.19701086956521738 0.15692934782608695
0 0.406929347826087 0.391304347826087 0.20584239130434784 0.1637228260869565
0 0.44497282608695654 0.19021739130434784 0.13994565217391305 0.11141304347826086
0 0.6773097826086957 0.09307065217391304 0.09714673913043478 0.07744565217391304
0 0.6834239130434783 0.2235054347826087 0.15081521739130435 0.11956521739130435
0 0.673233695652174 0.18682065217391305 0.13790760869565216 0.109375
0 0.9368206521739131 0.171875 0.12567934782608695 0.10394021739130435
0 0.8552989130434783 0.11684782608695653 0.09782608695652174 0.07880434782608696
0 0.9619565217391305 0.12907608695652173 0.07608695652173914 0.09239130434782608