0 0.9449728260869565 0.6508152173913043 0.11005434782608696 0.20652173913043478
0 0.41032608695652173 0.8002717391304348 0.360054347826087 0.311820652173913
0 0.33220108695652173 0.5849184782608695 0.18614130434782608 0.203125
0 0.02717391304347826 0.5448369565217391 0.05366847826086957 0.1514945652173913
0 0.5699728260869565 0.44021739130434784 0.13722826086956522 0.11005434782608696
0 0.025135869565217392 0.32472826086956524 0.046875 0.07404891304347826
0 0.38790760869565216 0.30502717391304346 0.07676630434782608 0.059782608695652176
0 0.020380434782608696 0.16304347826086957 0.007472826086956522 0.006793478260869565
0 0.034646739130434784 0.17391304347826086 0.010869565217391304 0.008831521739130434
0 0.042119565217391304 0.18410326086956522 0.015625 0.012228260869565218
0 0.03192934782608696 0.19904891304347827 0.021059782608695652 0.015625
0 0.006114130434782609 0.20040760869565216 0.012228260869565218 0.017663043478260868
0 0.008831521739130434 0.1800271739130435 0.014266304347826086 0.010190217391304348
0 0.06453804347826086 0.18953804347826086 0.017663043478260868 0.014266304347826086
0 0.09103260869565218 0.19021739130434784 0.018342391304347828 0.01358695652173913
0 0.09103260869565218 0.1983695652173913 0.02717391304347826 0.021739130434782608
0 0.07065217391304347 0.20720108695652173 0.02377717391304348 0.01970108695652174
0 0.042119565217391304 0.22010869565217392 0.03192934782608696 0.025815217391304348
0 0.024456521739130436 0.23641304347826086 0.03192934782608696 0.027853260869565216
0 0.20991847826086957 0.2452445652173913 0.044157608695652176 0.035326086956521736
0 0.1827445652173913 0.21535326086956522 0.03192934782608696 0.025135869565217392
0 0.11141304347826086 0.21331521739130435 0.03260869565217391 0.022418478260869564
0 0.13994565217391305 0.20923913043478262 0.01970108695652174 0.018342391304347828
0 0.11209239130434782 0.18682065217391305 0.016983695652173912 0.012907608695652174
0 0.12432065217391304 0.18885869565217392 0.015625 0.01154891304347826
0 0.16304347826086957 0.18546195652173914 0.012907608695652174 0.010869565217391304
0 0.1793478260869565 0.18953804347826086 0.024456521739130436 0.021059782608695652
0 0.15081521739130435 0.20244565217391305 0.025135869565217392 0.021059782608695652
0 0.2425271739130435 0.21739130434782608 0.029891304347826088 0.02309782608695652
0 0.22078804347826086 0.20516304347826086 0.022418478260869564 0.016983695652173912
0 0.34646739130434784 0.25815217391304346 0.06114130434782609 0.04483695652173913
0 0.31589673913043476 0.23641304347826086 0.04008152173913043 0.029211956521739132
0 0.281929347826087 0.22554347826086957 0.03940217391304348 0.026494565217391304
0 0.24592391304347827 0.19972826086956522 0.02377717391304348 0.016983695652173912
0 0.2764945652173913 0.20108695652173914 0.02309782608695652 0.018342391304347828
0 0.30570652173913043 0.20244565217391305 0.02377717391304348 0.021059782608695652
0 0.3328804347826087 0.21263586956521738 0.033967391304347824 0.025135869565217392
0 0.23165760869565216 0.1949728260869565 0.014945652173913044 0.012228260869565218
0 0.22282608695652173 0.18614130434782608 0.014945652173913044 0.01154891304347826
0 0.23641304347826086 0.17866847826086957 0.012907608695652174 0.010190217391304348
0 0.20720108695652173 0.17391304347826086 0.006793478260869565 0.006114130434782609
0 0.19904891304347827 0.17119565217391305 0.006793478260869565 0.006114130434782609
0 0.1793478260869565 0.17459239130434784 0.010190217391304348 0.006793478260869565
0 0.1800271739130435 0.16576086956521738 0.007472826086956522 0.005434782608695652
0 0.1480978260869565 0.16779891304347827 0.006793478260869565 0.005434782608695652
0 0.11820652173913043 0.17255434782608695 0.008152173913043478 0.006793478260869565
0 0.11005434782608696 0.16983695652173914 0.006793478260869565 0.006793478260869565
0 0.09307065217391304 0.1671195652173913 0.006793478260869565 0.004755434782608696
0 0.10258152173913043 0.171875 0.006793478260869565 0.006114130434782609
0 0.0625 0.16779891304347827 0.006793478260869565 0.004755434782608696
0 0.19089673913043478 0.15964673913043478 0.004755434782608696 0.004076086956521739
0 0.052309782608695655 0.1875 0.012907608695652174 0.01154891304347826
0 0.22282608695652173 0.16236413043478262 0.006114130434782609 0.004755434782608696
0 0.23845108695652173 0.15760869565217392 0.006114130434782609 0.004076086956521739
0 0.234375 0.16915760869565216 0.007472826086956522 0.006793478260869565
0 0.23165760869565216 0.17119565217391305 0.006793478260869565 0.006114130434782609
0 0.25 0.17391304347826086 0.010190217391304348 0.008831521739130434
0 0.2547554347826087 0.17730978260869565 0.010190217391304348 0.009510869565217392
0 0.30095108695652173 0.18410326086956522 0.012228260869565218 0.010190217391304348
0 0.30502717391304346 0.17119565217391305 0.010869565217391304 0.009510869565217392
0 0.29483695652173914 0.17527173913043478 0.010869565217391304 0.009510869565217392
0 0.2826086956521739 0.1644021739130435 0.008152173913043478 0.006793478260869565
0 0.33967391304347827 0.17595108695652173 0.008831521739130434 0.006793478260869565
0 0.3138586956521739 0.18614130434782608 0.012907608695652174 0.01154891304347826
0 0.343070652173913 0.18614130434782608 0.012907608695652174 0.010190217391304348
0 0.08084239130434782 0.2235054347826087 0.033967391304347824 0.029211956521739132
0 0.19904891304347827 0.3335597826086957 0.08220108695652174 0.06657608695652174
0 0.8199728260869565 0.37092391304347827 0.08695652173913043 0.07201086956521739
0 0.6188858695652174 0.3342391304347826 0.07336956521739131 0.05502717391304348
0 0.5842391304347826 0.33967391304347827 0.08084239130434782 0.06182065217391304
0 0.5421195652173914 0.27785326086956524 0.07201086956521739 0.05366847826086957
0 0.5489130434782609 0.234375 0.027853260869565216 0.02377717391304348
0 0.5210597826086957 0.2235054347826087 0.036005434782608696 0.033967391304347824
0 0.47622282608695654 0.21875 0.029211956521739132 0.02717391304347826
0 0.4633152173913043 0.2112771739130435 0.02377717391304348 0.021739130434782608
0 0.4279891304347826 0.19769021739130435 0.02309782608695652 0.01970108695652174
0 0.4232336956521739 0.2425271739130435 0.03804347826086957 0.029891304347826088
0 0.3953804347826087 0.23233695652173914 0.04619565217391304 0.036684782608695655
0 0.529891304347826 0.19361413043478262 0.025135869565217392 0.021059782608695652
0 0.5631793478260869 0.19361413043478262 0.016983695652173912 0.014266304347826086
0 0.595108695652174 0.1922554347826087 0.021059782608695652 0.017663043478260868
0 0.576766304347826 0.2235054347826087 0.034646739130434784 0.026494565217391304
0 0.609375 0.21263586956521738 0.024456521739130436 0.021059782608695652
0 0.6229619565217391 0.21603260869565216 0.027853260869565216 0.02377717391304348
0 0.6474184782608695 0.23165760869565216 0.03940217391304348 0.030570652173913044
0 0.6779891304347826 0.22554347826086957 0.029891304347826088 0.024456521739130436
0 0.6664402173913043 0.20108695652173914 0.024456521739130436 0.017663043478260868
0 0.6521739130434783 0.19293478260869565 0.014266304347826086 0.012228260869565218
0 0.6691576086956522 0.19021739130434784 0.021059782608695652 0.016983695652173912
0 0.7146739130434783 0.25271739130434784 0.044157608695652176 0.035326086956521736
0 0.6413043478260869 0.25883152173913043 0.044157608695652176 0.033967391304347824
0 0.7296195652173914 0.22758152173913043 0.027853260869565216 0.02309782608695652
0 0.7751358695652174 0.21807065217391305 0.03125 0.024456521739130436
0 0.7995923913043478 0.24864130434782608 0.050951086956521736 0.04076086956521739
0 0.9850543478260869 0.30095108695652173 0.029891304347826088 0.04483695652173913
0 0.9904891304347826 0.24796195652173914 0.019021739130434784 0.028532608695652172
0 0.9402173913043478 0.25203804347826086 0.042119565217391304 0.03125
0 0.921875 0.2669836956521739 0.044157608695652176 0.033967391304347824
0 0.9993206521739131 0.1949728260869565 0.001358695652173913 0.01358695652173913
0 0.9504076086956522 0.203125 0.022418478260869564 0.021059782608695652
0 0.9137228260869565 0.20991847826086957 0.016983695652173912 0.014945652173913044
0 0.9008152173913043 0.20108695652173914 0.016983695652173912 0.014945652173913044
0 0.9239130434782609 0.2269021739130435 0.029891304347826088 0.022418478260869564
0 0.876358695652174 0.22282608695652173 0.029891304347826088 0.024456521739130436
0 0.8376358695652174 0.21195652173913043 0.029211956521739132 0.021739130434782608
0 0.7941576086956522 0.2105978260869565 0.024456521739130436 0.018342391304347828
0 0.7160326086956522 0.20380434782608695 0.01970108695652174 0.016983695652173912
0 0.7438858695652174 0.19429347826086957 0.021059782608695652 0.016983695652173912
0 0.9932065217391305 0.18478260869565216 0.01358695652173913 0.01358695652173913
0 0.9979619565217391 0.18614130434782608 0.004076086956521739 0.010190217391304348
0 0.9707880434782609 0.18138586956521738 0.010190217391304348 0.008831521739130434
0 0.9979619565217391 0.17391304347826086 0.004076086956521739 0.006793478260869565
0 0.9714673913043478 0.23980978260869565 0.025815217391304348 0.026494565217391304
0 0.9103260869565217 0.18614130434782608 0.012907608695652174 0.01154891304347826
0 0.8926630434782609 0.18138586956521738 0.014945652173913044 0.01154891304347826
0 0.8804347826086957 0.18410326086956522 0.017663043478260868 0.014266304347826086
0 0.8566576086956522 0.18478260869565216 0.014266304347826086 0.012228260869565218
0 0.858016304347826 0.1793478260869565 0.012907608695652174 0.010190217391304348
0 0.8620923913043478 0.1766304347826087 0.010190217391304348 0.008152173913043478
0 0.8464673913043478 0.17391304347826086 0.010190217391304348 0.008831521739130434
0 0.8369565217391305 0.18546195652173914 0.015625 0.012907608695652174
0 0.845108695652174 0.1793478260869565 0.012228260869565218 0.010190217391304348
0 0.9313858695652174 0.1766304347826087 0.010190217391304348 0.008831521739130434
0 0.9402173913043478 0.1800271739130435 0.012228260869565218 0.010190217391304348
0 0.9375 0.18953804347826086 0.014266304347826086 0.01154891304347826
0 0.9572010869565217 0.17119565217391305 0.006114130434782609 0.004755434782608696
0 0.9979619565217391 0.16644021739130435 0.004076086956521739 0.005434782608695652
0 0.9592391304347826 0.16168478260869565 0.004755434782608696 0.004076086956521739
0 0.9191576086956522 0.17255434782608695 0.008152173913043478 0.006793478260869565
0 0.9103260869565217 0.17255434782608695 0.008831521739130434 0.006793478260869565
0 0.90625 0.16915760869565216 0.006793478260869565 0.004755434782608696
0 0.8858695652173914 0.1671195652173913 0.006793478260869565 0.004755434782608696
0 0.8817934782608695 0.171875 0.010869565217391304 0.008152173913043478
0 0.8722826086956522 0.16847826086956522 0.006793478260869565 0.005434782608695652
0 0.8600543478260869 0.16576086956521738 0.006793478260869565 0.005434782608695652
0 0.8478260869565217 0.1644021739130435 0.006793478260869565 0.005434782608695652
0 0.889266304347826 0.16168478260869565 0.004755434782608696 0.004076086956521739
0 0.8288043478260869 0.171875 0.008831521739130434 0.007472826086956522
0 0.8349184782608695 0.17459239130434784 0.010190217391304348 0.008831521739130434
0 0.7989130434782609 0.16983695652173914 0.006793478260869565 0.006793478260869565
0 0.8050271739130435 0.1671195652173913 0.006114130434782609 0.004755434782608696
0 0.8220108695652174 0.15964673913043478 0.004755434782608696 0.004076086956521739
0 0.8165760869565217 0.171875 0.008152173913043478 0.007472826086956522
0 0.8077445652173914 0.1793478260869565 0.010190217391304348 0.008831521739130434
0 0.7914402173913043 0.18410326086956522 0.016983695652173912 0.014945652173913044
0 0.7703804347826086 0.18817934782608695 0.017663043478260868 0.016304347826086956
0 0.7296195652173914 0.17866847826086957 0.015625 0.012228260869565218
0 0.7547554347826086 0.17459239130434784 0.010190217391304348 0.008152173913043478
0 0.7527173913043478 0.16779891304347827 0.010190217391304348 0.008152173913043478
0 0.7350543478260869 0.17051630434782608 0.010869565217391304 0.009510869565217392
0 0.7167119565217391 0.1671195652173913 0.008152173913043478 0.006793478260869565
0 0.7092391304347826 0.17730978260869565 0.010190217391304348 0.010190217391304348
0 0.7024456521739131 0.171875 0.010190217391304348 0.008831521739130434
0 0.7683423913043478 0.17391304347826086 0.010190217391304348 0.007472826086956522
0 0.8084239130434783 0.19701086956521738 0.018342391304347828 0.014945652173913044
0 0.8206521739130435 0.20040760869565216 0.017663043478260868 0.015625
0 0.8777173913043478 0.1922554347826087 0.016983695652173912 0.012907608695652174
0 0.6616847826086957 0.17323369565217392 0.010190217391304348 0.009510869565217392
0 0.6351902173913043 0.18342391304347827 0.012907608695652174 0.012907608695652174
0 0.6168478260869565 0.17730978260869565 0.010869565217391304 0.008831521739130434
0 0.6277173913043478 0.16779891304347827 0.006114130434782609 0.004076086956521739
0 0.6902173913043478 0.16915760869565216 0.008831521739130434 0.007472826086956522
0 0.5930706521739131 0.16644021739130435 0.007472826086956522 0.006114130434782609
0 0.592391304347826 0.171875 0.010190217391304348 0.007472826086956522
0 0.5774456521739131 0.18206521739130435 0.012907608695652174 0.01154891304347826
0 0.5910326086956522 0.16168478260869565 0.004755434782608696 0.004076086956521739
0 0.561141304347826 0.16508152173913043 0.006114130434782609 0.004755434782608696
0 0.5414402173913043 0.1671195652173913 0.006793478260869565 0.005434782608695652
0 0.546875 0.17527173913043478 0.010190217391304348 0.008152173913043478
0 0.5645380434782609 0.17730978260869565 0.010869565217391304 0.008831521739130434
0 0.5339673913043478 0.17527173913043478 0.014266304347826086 0.01154891304347826
0 0.5203804347826086 0.17459239130434784 0.010190217391304348 0.008152173913043478
0 0.5237771739130435 0.16915760869565216 0.007472826086956522 0.006114130434782609
0 0.5040760869565217 0.16847826086956522 0.006114130434782609 0.004755434782608696
0 0.4945652173913043 0.16983695652173914 0.008831521739130434 0.007472826086956522
0 0.48845108695652173 0.17119565217391305 0.008152173913043478 0.008152173913043478
0 0.47622282608695654 0.171875 0.010190217391304348 0.008831521739130434
0 0.47758152173913043 0.18885869565217392 0.024456521739130436 0.01970108695652174
0 0.49320652173913043 0.18682065217391305 0.014266304347826086 0.012907608695652174
0 0.41915760869565216 0.17730978260869565 0.008831521739130434 0.007472826086956522
0 0.42527173913043476 0.16847826086956522 0.008152173913043478 0.006793478260869565
0 0.38179347826086957 0.17459239130434784 0.012228260869565218 0.010190217391304348
0 0.3797554347826087 0.1922554347826087 0.01970108695652174 0.016304347826086956
0 0.6759510869565217 0.18206521739130435 0.014945652173913044 0.01154891304347826
0 0.5801630434782609 0.625 0.2798913043478261 0.18614130434782608
0 0.022418478260869564 0.15421195652173914 0.001358695652173913 0.0006793478260869565
0 0.04619565217391304 0.15421195652173914 0.01154891304347826 0.007472826086956522
0 0.06521739130434782 0.15489130434782608 0.006793478260869565 0.004755434782608696
0 0.11956521739130435 0.15489130434782608 0.006114130434782609 0.004076086956521739
0 0.11277173913043478 0.15489130434782608 0.006114130434782609 0.0033967391304347825
0 0.16915760869565216 0.15353260869565216 0.004076086956521739 0.002717391304347826
0 0.14470108695652173 0.15353260869565216 0.002717391304347826 0.0020380434782608695
0 0.17391304347826086 0.15353260869565216 0.004076086956521739 0.002717391304347826
0 0.19293478260869565 0.15421195652173914 0.004755434782608696 0.0033967391304347825
0 0.20380434782608695 0.15489130434782608 0.004755434782608696 0.0033967391304347825
0 0.21875 0.15285326086956522 0.004755434782608696 0.0033967391304347825
0 0.22282608695652173 0.15353260869565216 0.004755434782608696 0.0033967391304347825
0 0.2112771739130435 0.15285326086956522 0.005434782608695652 0.0033967391304347825
0 0.24116847826086957 0.15421195652173914 0.001358695652173913 0.001358695652173913
0 0.26970108695652173 0.15489130434782608 0.0020380434782608695 0.001358695652173913
0 0.28396739130434784 0.15285326086956522 0.004076086956521739 0.002717391304347826
0 0.28940217391304346 0.15353260869565216 0.004076086956521739 0.002717391304347826
0 0.2921195652173913 0.15353260869565216 0.004076086956521739 0.002717391304347826
0 0.30366847826086957 0.15421195652173914 0.004076086956521739 0.002717391304347826
0 0.3077445652173913 0.15489130434782608 0.004755434782608696 0.0033967391304347825
0 0.33016304347826086 0.15489130434782608 0.006114130434782609 0.004076086956521739
0 0.33627717391304346 0.15489130434782608 0.006114130434782609 0.0033967391304347825
0 0.010869565217391304 0.15692934782608695 0.004076086956521739 0.002717391304347826
0 0.004076086956521739 0.15557065217391305 0.0020380434782608695 0.0020380434782608695
0 0.036684782608695655 0.16304347826086957 0.001358695652173913 0.001358695652173913
0 0.014266304347826086 0.19972826086956522 0.02377717391304348 0.015625
0 0.01154891304347826 0.19089673913043478 0.018342391304347828 0.012228260869565218
0 0.014266304347826086 0.1875 0.016983695652173912 0.01154891304347826
0 0.0033967391304347825 0.1827445652173913 0.006793478260869565 0.010190217391304348
0 0.017663043478260868 0.17323369565217392 0.010190217391304348 0.007472826086956522
0 0.021059782608695652 0.17798913043478262 0.012907608695652174 0.008831521739130434
0 0.06657608695652174 0.17866847826086957 0.012907608695652174 0.008152173913043478
0 0.06929347826086957 0.17391304347826086 0.010869565217391304 0.007472826086956522
0 0.08491847826086957 0.18206521739130435 0.016983695652173912 0.01154891304347826
0 0.07948369565217392 0.18614130434782608 0.018342391304347828 0.012228260869565218
0 0.05366847826086957 0.25883152173913043 0.042798913043478264 0.027853260869565216
0 0.10529891304347826 0.250679347826087 0.03940217391304348 0.026494565217391304
0 0.09307065217391304 0.26970108695652173 0.044157608695652176 0.029891304347826088
0 0.1800271739130435 0.25815217391304346 0.052309782608695655 0.035326086956521736
0 0.16304347826086957 0.19633152173913043 0.02309782608695652 0.015625
0 0.22418478260869565 0.23369565217391305 0.041440217391304345 0.027853260869565216
0 0.2764945652173913 0.2758152173913043 0.06317934782608696 0.041440217391304345
0 0.26290760869565216 0.21263586956521738 0.029891304347826088 0.01970108695652174
0 0.32540760869565216 0.19769021739130435 0.025135869565217392 0.016983695652173912
0 0.2710597826086957 0.18546195652173914 0.017663043478260868 0.01154891304347826
0 0.26766304347826086 0.1956521739130435 0.021059782608695652 0.01358695652173913
0 0.22894021739130435 0.18070652173913043 0.012907608695652174 0.008152173913043478
0 0.21603260869565216 0.17595108695652173 0.012228260869565218 0.007472826086956522
0 0.18817934782608695 0.17595108695652173 0.014266304347826086 0.009510869565217392
0 0.1800271739130435 0.171875 0.01154891304347826 0.007472826086956522
0 0.15692934782608695 0.17391304347826086 0.012907608695652174 0.008831521739130434
0 0.15081521739130435 0.16168478260869565 0.004076086956521739 0.002717391304347826
0 0.140625 0.16983695652173914 0.007472826086956522 0.005434782608695652
0 0.1453804347826087 0.17391304347826086 0.012228260869565218 0.007472826086956522
0 0.10394021739130435 0.1671195652173913 0.005434782608695652 0.0033967391304347825
0 0.09510869565217392 0.17527173913043478 0.01154891304347826 0.008152173913043478
0 0.10529891304347826 0.18206521739130435 0.016304347826086956 0.010869565217391304
0 0.07880434782608696 0.171875 0.009510869565217392 0.006114130434782609
0 0.06793478260869565 0.16576086956521738 0.004076086956521739 0.002717391304347826
0 0.05502717391304348 0.16983695652173914 0.009510869565217392 0.006114130434782609
0 0.05502717391304348 0.15760869565217392 0.010190217391304348 0.006793478260869565
0 0.08695652173913043 0.16032608695652173 0.0020380434782608695 0.001358695652173913
0 0.08016304347826086 0.16236413043478262 0.004755434782608696 0.002717391304347826
0 0.07404891304347826 0.15760869565217392 0.006793478260869565 0.004755434782608696
0 0.10665760869565218 0.16032608695652173 0.004076086956521739 0.002717391304347826
0 0.09918478260869565 0.15760869565217392 0.001358695652173913 0.001358695652173913
0 0.09171195652173914 0.15760869565217392 0.0020380434782608695 0.001358695652173913
0 0.13519021739130435 0.16032608695652173 0.006114130434782609 0.004076086956521739
0 0.1358695652173913 0.15625 0.004755434782608696 0.0033967391304347825
0 0.16576086956521738 0.16236413043478262 0.004755434782608696 0.0033967391304347825
0 0.17730978260869565 0.15692934782608695 0.005434782608695652 0.0033967391304347825
0 0.1671195652173913 0.17119565217391305 0.010869565217391304 0.007472826086956522
0 0.04823369565217391 0.1766304347826087 0.012907608695652174 0.008152173913043478
0 0.13926630434782608 0.1800271739130435 0.015625 0.010190217391304348
0 0.12771739130434784 0.171875 0.009510869565217392 0.006114130434782609
0 0.13179347826086957 0.1671195652173913 0.005434782608695652 0.0033967391304347825
0 0.11888586956521739 0.16304347826086957 0.0033967391304347825 0.0020380434782608695
0 0.11616847826086957 0.15896739130434784 0.006793478260869565 0.004076086956521739
0 0.12567934782608695 0.15828804347826086 0.009510869565217392 0.006114130434782609
0 0.12567934782608695 0.1637228260869565 0.004076086956521739 0.002717391304347826
0 0.17255434782608695 0.15896739130434784 0.005434782608695652 0.0033967391304347825
0 0.19904891304347827 0.16032608695652173 0.006114130434782609 0.004076086956521739
0 0.19701086956521738 0.15692934782608695 0.005434782608695652 0.0033967391304347825
0 0.20720108695652173 0.15760869565217392 0.006114130434782609 0.004076086956521739
0 0.20991847826086957 0.16779891304347827 0.008152173913043478 0.005434782608695652
0 0.2235054347826087 0.16779891304347827 0.008831521739130434 0.005434782608695652
0 0.2235054347826087 0.1610054347826087 0.005434782608695652 0.0033967391304347825
0 0.21467391304347827 0.15692934782608695 0.005434782608695652 0.004076086956521739
0 0.22758152173913043 0.15625 0.0020380434782608695 0.001358695652173913
0 0.22758152173913043 0.15353260869565216 0.004755434782608696 0.0033967391304347825
0 0.23165760869565216 0.15353260869565216 0.004755434782608696 0.0033967391304347825
0 0.22758152173913043 0.171875 0.010190217391304348 0.006793478260869565
0 0.22010869565217392 0.17391304347826086 0.010869565217391304 0.007472826086956522
0 0.2391304347826087 0.18682065217391305 0.016983695652173912 0.01154891304347826
0 0.28396739130434784 0.1766304347826087 0.012907608695652174 0.008152173913043478
0 0.27853260869565216 0.16847826086956522 0.010190217391304348 0.006793478260869565
0 0.26766304347826086 0.15964673913043478 0.006114130434782609 0.0033967391304347825
0 0.2866847826086957 0.15692934782608695 0.006114130434782609 0.004076086956521739
0 0.313179347826087 0.15760869565217392 0.006793478260869565 0.004076086956521739
0 0.31657608695652173 0.15557065217391305 0.005434782608695652 0.0033967391304347825
0 0.31657608695652173 0.16032608695652173 0.007472826086956522 0.004755434782608696
0 0.3220108695652174 0.15964673913043478 0.007472826086956522 0.005434782608695652
0 0.33016304347826086 0.1610054347826087 0.008152173913043478 0.005434782608695652
0 0.32404891304347827 0.16508152173913043 0.009510869565217392 0.006114130434782609
0 0.32608695652173914 0.17119565217391305 0.007472826086956522 0.005434782608695652
0 0.32608695652173914 0.1766304347826087 0.012228260869565218 0.008152173913043478
0 0.31589673913043476 0.1793478260869565 0.01358695652173913 0.008831521739130434
0 0.30366847826086957 0.17866847826086957 0.01358695652173913 0.008831521739130434
0 0.28328804347826086 0.18885869565217392 0.018342391304347828 0.012228260869565218
0 0.14741847826086957 0.29279891304347827 0.07269021739130435 0.04823369565217391
0 0.04008152173913043 0.48233695652173914 0.08016304347826086 0.09103260869565218
0 0.026494565217391304 0.4001358695652174 0.052309782608695655 0.07540760869565218
0 0.7839673913043478 0.5563858695652174 0.2078804347826087 0.13858695652173914
0 0.5760869565217391 0.2561141304347826 0.05434782608695652 0.036005434782608696
0 0.42595108695652173 0.2139945652173913 0.03328804347826087 0.021739130434782608
0 0.5774456521739131 0.203125 0.024456521739130436 0.016983695652173912
0 0.6800271739130435 0.24388586956521738 0.041440217391304345 0.027853260869565216
0 0.6895380434782609 0.25679347826086957 0.04551630434782609 0.030570652173913044
0 0.8505434782608695 0.2669836956521739 0.049592391304347824 0.03328804347826087
0 0.9150815217391305 0.30570652173913043 0.06793478260869565 0.04551630434782609
0 0.9728260869565217 0.20991847826086957 0.024456521739130436 0.016304347826086956
0 0.8566576086956522 0.24048913043478262 0.042798913043478264 0.029211956521739132
0 0.6161684782608695 0.2418478260869565 0.04008152173913043 0.026494565217391304
0 0.9578804347826086 0.1827445652173913 0.015625 0.010190217391304348
0 0.96875 0.171875 0.009510869565217392 0.006114130434782609
0 0.9728260869565217 0.16779891304347827 0.006793478260869565 0.004076086956521739
0 0.983016304347826 0.15760869565217392 0.004755434782608696 0.002717391304347826
0 0.9850543478260869 0.16304347826086957 0.004076086956521739 0.0033967391304347825
0 0.9728260869565217 0.16168478260869565 0.0006793478260869565 0.0006793478260869565
0 0.9667119565217391 0.16304347826086957 0.0033967391304347825 0.0020380434782608695
0 0.9483695652173914 0.16168478260869565 0.002717391304347826 0.0020380434782608695
0 0.9436141304347826 0.17119565217391305 0.009510869565217392 0.006114130434782609
0 0.9313858695652174 0.1644021739130435 0.004755434782608696 0.0033967391304347825
0 0.9021739130434783 0.1671195652173913 0.007472826086956522 0.005434782608695652
0 0.891983695652174 0.16847826086956522 0.008831521739130434 0.006114130434782609
0 0.8478260869565217 0.15896739130434784 0.0020380434782608695 0.0020380434782608695
0 0.8519021739130435 0.15828804347826086 0.001358695652173913 0.001358695652173913
0 0.8620923913043478 0.15828804347826086 0.002717391304347826 0.0020380434782608695
0 0.8722826086956522 0.15896739130434784 0.001358695652173913 0.0006793478260869565
0 0.8811141304347826 0.15964673913043478 0.001358695652173913 0.001358695652173913
0 0.890625 0.16032608695652173 0.002717391304347826 0.0020380434782608695
0 0.8994565217391305 0.1610054347826087 0.004076086956521739 0.002717391304347826
0 0.9381793478260869 0.16168478260869565 0.002717391304347826 0.0020380434782608695
0 0.842391304347826 0.15964673913043478 0.0033967391304347825 0.002717391304347826
0 0.8342391304347826 0.16779891304347827 0.008152173913043478 0.005434782608695652
0 0.8634510869565217 0.171875 0.010190217391304348 0.006793478260869565
0 0.8050271739130435 0.1610054347826087 0.004755434782608696 0.0033967391304347825
0 0.8077445652173914 0.15896739130434784 0.004076086956521739 0.002717391304347826
0 0.8165760869565217 0.15896739130434784 0.0033967391304347825 0.002717391304347826
0 0.811141304347826 0.1800271739130435 0.014266304347826086 0.009510869565217392
0 0.8186141304347826 0.1766304347826087 0.010869565217391304 0.006793478260869565
0 0.8240489130434783 0.18342391304347827 0.014945652173913044 0.010190217391304348
0 0.8009510869565217 0.18817934782608695 0.016983695652173912 0.01154891304347826
0 0.7785326086956522 0.18817934782608695 0.018342391304347828 0.012228260869565218
0 0.7350543478260869 0.15964673913043478 0.006114130434782609 0.004076086956521739
0 0.7398097826086957 0.15760869565217392 0.004076086956521739 0.002717391304347826
0 0.7561141304347826 0.15896739130434784 0.001358695652173913 0.001358695652173913
0 0.765625 0.16508152173913043 0.006793478260869565 0.004076086956521739
0 0.779891304347826 0.15760869565217392 0.010190217391304348 0.006793478260869565
0 0.7819293478260869 0.16508152173913043 0.0020380434782608695 0.001358695652173913
0 0.7785326086956522 0.16915760869565216 0.007472826086956522 0.005434782608695652
0 0.7785326086956522 0.17323369565217392 0.01154891304347826 0.007472826086956522
0 0.7663043478260869 0.16983695652173914 0.009510869565217392 0.006114130434782609
0 0.7697010869565217 0.16915760869565216 0.008831521739130434 0.005434782608695652
0 0.7900815217391305 0.15828804347826086 0.004755434782608696 0.002717391304347826
0 0.842391304347826 0.19972826086956522 0.021739130434782608 0.014266304347826086
0 0.6508152173913043 0.1766304347826087 0.012228260869565218 0.008152173913043478
0 0.6331521739130435 0.17323369565217392 0.010190217391304348 0.006793478260869565
0 0.6141304347826086 0.16915760869565216 0.007472826086956522 0.005434782608695652
0 0.6175271739130435 0.16032608695652173 0.002717391304347826 0.001358695652173913
0 0.6039402173913043 0.16168478260869565 0.001358695652173913 0.001358695652173913
0 0.6005434782608695 0.15760869565217392 0.0020380434782608695 0.001358695652173913
0 0.6046195652173914 0.15557065217391305 0.0033967391304347825 0.0020380434782608695
0 0.6134510869565217 0.15421195652173914 0.0020380434782608695 0.001358695652173913
0 0.6195652173913043 0.15217391304347827 0.004755434782608696 0.0033967391304347825
0 0.6351902173913043 0.15896739130434784 0.006114130434782609 0.004076086956521739
0 0.6501358695652174 0.15964673913043478 0.012228260869565218 0.008152173913043478
0 0.6480978260869565 0.15421195652173914 0.006793478260869565 0.004076086956521739
0 0.6684782608695652 0.15760869565217392 0.012228260869565218 0.008152173913043478
0 0.6623641304347826 0.15896739130434784 0.012228260869565218 0.008152173913043478
0 0.6630434782608695 0.1644021739130435 0.005434782608695652 0.004076086956521739
0 0.6786684782608695 0.16168478260869565 0.002717391304347826 0.0020380434782608695
0 0.6841032608695652 0.16236413043478262 0.0006793478260869565 0.0006793478260869565
0 0.6902173913043478 0.15828804347826086 0.004076086956521739 0.002717391304347826
0 0.6929347826086957 0.16168478260869565 0.001358695652173913 0.0006793478260869565
0 0.6881793478260869 0.1644021739130435 0.004755434782608696 0.0033967391304347825
0 0.6956521739130435 0.17323369565217392 0.01154891304347826 0.007472826086956522
0 0.7072010869565217 0.16304347826086957 0.004755434782608696 0.0033967391304347825
0 0.7139945652173914 0.15760869565217392 0.004755434782608696 0.0033967391304347825
0 0.6433423913043478 0.16644021739130435 0.001358695652173913 0.001358695652173913
0 0.5957880434782609 0.1766304347826087 0.012907608695652174 0.008831521739130434
0 0.5849184782608695 0.18410326086956522 0.016304347826086956 0.010869565217391304
0 0.5760869565217391 0.16847826086956522 0.008152173913043478 0.005434782608695652
0 0.5788043478260869 0.1610054347826087 0.0033967391304347825 0.0020380434782608695
0 0.5842391304347826 0.16576086956521738 0.006793478260869565 0.004076086956521739
0 0.5828804347826086 0.15964673913043478 0.001358695652173913 0.001358695652173913
0 0.592391304347826 0.16304347826086957 0.004076086956521739 0.002717391304347826
0 0.5835597826086957 0.15692934782608695 0.001358695652173913 0.0006793478260869565
0 0.5903532608695652 0.15421195652173914 0.006114130434782609 0.0033967391304347825
0 0.5760869565217391 0.15625 0.004076086956521739 0.002717391304347826
0 0.6365489130434783 0.1637228260869565 0.004755434782608696 0.0033967391304347825
0 0.5692934782608695 0.15625 0.0006793478260869565 0.0006793478260869565
0 0.5652173913043478 0.15285326086956522 0.0033967391304347825 0.0020380434782608695
0 0.561141304347826 0.15964673913043478 0.006793478260869565 0.004076086956521739
0 0.5529891304347826 0.15896739130434784 0.006793478260869565 0.004755434782608696
0 0.5679347826086957 0.16508152173913043 0.005434782608695652 0.0033967391304347825
0 0.5584239130434783 0.16915760869565216 0.008831521739130434 0.006114130434782609
0 0.5557065217391305 0.17595108695652173 0.012228260869565218 0.008152173913043478
0 0.5264945652173914 0.16847826086956522 0.001358695652173913 0.0006793478260869565
0 0.5054347826086957 0.1644021739130435 0.0033967391304347825 0.0020380434782608695
0 0.4673913043478261 0.171875 0.008831521739130434 0.006114130434782609
0 0.49116847826086957 0.15964673913043478 0.009510869565217392 0.006793478260869565
0 0.4857336956521739 0.15692934782608695 0.006114130434782609 0.004076086956521739
0 0.49728260869565216 0.15828804347826086 0.006793478260869565 0.004076086956521739
0 0.5040760869565217 0.15964673913043478 0.006793478260869565 0.004076086956521739
0 0.5088315217391305 0.15557065217391305 0.006793478260869565 0.004076086956521739
0 0.499320652173913 0.1514945652173913 0.006793478260869565 0.004076086956521739
0 0.5149456521739131 0.15896739130434784 0.006793478260869565 0.004076086956521739
0 0.5258152173913043 0.15692934782608695 0.008152173913043478 0.005434782608695652
0 0.5360054347826086 0.1644021739130435 0.0020380434782608695 0.001358695652173913
0 0.5346467391304348 0.15557065217391305 0.007472826086956522 0.005434782608695652
0 0.5346467391304348 0.15760869565217392 0.007472826086956522 0.004755434782608696
0 0.46603260869565216 0.15964673913043478 0.01154891304347826 0.007472826086956522
0 0.47146739130434784 0.15421195652173914 0.010190217391304348 0.006793478260869565
0 0.48097826086956524 0.15285326086956522 0.004076086956521739 0.0033967391304347825
0 0.452445652173913 0.15964673913043478 0.006114130434782609 0.0033967391304347825
0 0.45108695652173914 0.1514945652173913 0.0006793478260869565 0.0006793478260869565
0 0.45991847826086957 0.15828804347826086 0.005434782608695652 0.0033967391304347825
0 0.4585597826086957 0.16508152173913043 0.007472826086956522 0.005434782608695652
0 0.5176630434782609 0.19972826086956522 0.026494565217391304 0.017663043478260868
0 0.514266304347826 0.18953804347826086 0.024456521739130436 0.015625
0 0.515625 0.18206521739130435 0.018342391304347828 0.012228260869565218
0 0.41508152173913043 0.16779891304347827 0.004076086956521739 0.002717391304347826
0 0.3892663043478261 0.15828804347826086 0.009510869565217392 0.006114130434782609
0 0.390625 0.15421195652173914 0.008831521739130434 0.006114130434782609
0 0.41032608695652173 0.15692934782608695 0.010190217391304348 0.006114130434782609
0 0.40896739130434784 0.15489130434782608 0.010190217391304348 0.006114130434782609
0 0.42391304347826086 0.16236413043478262 0.010190217391304348 0.006793478260869565
0 0.43002717391304346 0.16236413043478262 0.010190217391304348 0.006793478260869565
0 0.3688858695652174 0.171875 0.010190217391304348 0.006114130434782609
0 0.35258152173913043 0.17391304347826086 0.010190217391304348 0.007472826086956522
0 0.405570652173913 0.19904891304347827 0.02717391304347826 0.018342391304347828
0 0.41915760869565216 0.18546195652173914 0.018342391304347828 0.012228260869565218
0 0.406929347826087 0.16915760869565216 0.004076086956521739 0.0020380434782608695
0 0.39877717391304346 0.15692934782608695 0.009510869565217392 0.006114130434782609
0 0.40217391304347827 0.15760869565217392 0.010190217391304348 0.006793478260869565
0 0.4626358695652174 0.1827445652173913 0.017663043478260868 0.01154891304347826
0 0.44157608695652173 0.16915760869565216 0.004076086956521739 0.002717391304347826
0 0.44565217391304346 0.16644021739130435 0.010190217391304348 0.006114130434782609
0 0.4422554347826087 0.15964673913043478 0.008831521739130434 0.006114130434782609
0 0.44904891304347827 0.16168478260869565 0.008831521739130434 0.006114130434782609
0 0.4748641304347826 0.15760869565217392 0.010190217391304348 0.006793478260869565
0 0.3070652173913043 0.16508152173913043 0.009510869565217392 0.006114130434782609
0 0.30095108695652173 0.16168478260869565 0.008152173913043478 0.005434782608695652
0 0.40625 0.2078804347826087 0.03125 0.020380434782608696
0 0.5040760869565217 0.20380434782608695 0.02717391304347826 0.018342391304347828
0 0.5964673913043478 0.15217391304347827 0.006114130434782609 0.004076086956521739
0 0.6005434782608695 0.15353260869565216 0.006114130434782609 0.004076086956521739
0 0.5441576086956522 0.15760869565217392 0.007472826086956522 0.005434782608695652
0 0.546875 0.15964673913043478 0.006793478260869565 0.005434782608695652
0 0.5489130434782609 0.15353260869565216 0.006793478260869565 0.004755434782608696
0 0.5516304347826086 0.15217391304347827 0.006793478260869565 0.004076086956521739
0 0.6841032608695652 0.17323369565217392 0.01154891304347826 0.007472826086956522
0 0.6800271739130435 0.16847826086956522 0.008152173913043478 0.005434782608695652
0 0.9945652173913043 0.16236413043478262 0.0033967391304347825 0.0020380434782608695
0 0.8226902173913043 0.16644021739130435 0.007472826086956522 0.004755434782608696