0 0.0006793478260869565 0.469429347826087 0.0006793478260869565 0.022418478260869564
0 0.024456521739130436 0.46875 0.01358695652173913 0.012228260869565218
0 0.025135869565217392 0.4830163043478261 0.014945652173913044 0.014266304347826086
0 0.06182065217391304 0.49184782608695654 0.020380434782608696 0.01970108695652174
0 0.08355978260869565 0.48233695652173914 0.021059782608695652 0.01970108695652174
0 0.09171195652173914 0.47078804347826086 0.017663043478260868 0.015625
0 0.09782608695652174 0.48641304347826086 0.014945652173913044 0.014945652173913044
0 0.11413043478260869 0.485054347826087 0.02309782608695652 0.021739130434782608
0 0.13654891304347827 0.49116847826086957 0.024456521739130436 0.02377717391304348
0 0.15081521739130435 0.4701086956521739 0.020380434782608696 0.01970108695652174
0 0.17730978260869565 0.4796195652173913 0.021059782608695652 0.019021739130434784
0 0.19904891304347827 0.46671195652173914 0.015625 0.015625
0 0.2105978260869565 0.47554347826086957 0.02377717391304348 0.022418478260869564
0 0.2262228260869565 0.46603260869565216 0.017663043478260868 0.016304347826086956
0 0.250679347826087 0.45991847826086957 0.019021739130434784 0.019021739130434784
0 0.264945652173913 0.48097826086956524 0.02377717391304348 0.021739130434782608
0 0.2907608695652174 0.48097826086956524 0.018342391304347828 0.017663043478260868
0 0.31521739130434784 0.4735054347826087 0.027853260869565216 0.026494565217391304
0 0.3607336956521739 0.49116847826086957 0.021059782608695652 0.018342391304347828
0 0.37228260869565216 0.48709239130434784 0.021059782608695652 0.01970108695652174
0 0.3641304347826087 0.47146739130434784 0.022418478260869564 0.020380434782608696
0 0.3845108695652174 0.484375 0.01970108695652174 0.018342391304347828
0 0.4157608695652174 0.47078804347826086 0.019021739130434784 0.017663043478260868
0 0.4375 0.4789402173913043 0.02377717391304348 0.022418478260869564
0 0.453804347826087 0.48097826086956524 0.01970108695652174 0.019021739130434784
0 0.48233695652173914 0.47214673913043476 0.019021739130434784 0.016304347826086956
0 0.4789402173913043 0.48709239130434784 0.02309782608695652 0.021739130434782608
0 0.5061141304347826 0.48029891304347827 0.021739130434782608 0.021739130434782608
0 0.5264945652173914 0.499320652173913 0.02377717391304348 0.020380434782608696
0 0.5360054347826086 0.47282608695652173 0.014945652173913044 0.016983695652173912
0 0.5475543478260869 0.48029891304347827 0.01970108695652174 0.020380434782608696
0 0.5625 0.4904891304347826 0.02377717391304348 0.022418478260869564
0 0.5652173913043478 0.4741847826086957 0.018342391304347828 0.018342391304347828
0 0.5808423913043478 0.47554347826086957 0.021059782608695652 0.021059782608695652
0 0.5998641304347826 0.47758152173913043 0.016304347826086956 0.016304347826086956
0 0.6086956521739131 0.47078804347826086 0.019021739130434784 0.016983695652173912
0 0.6270380434782609 0.49116847826086957 0.024456521739130436 0.024456521739130436
0 0.6331521739130435 0.46603260869565216 0.02309782608695652 0.02309782608695652
0 0.6154891304347826 0.48165760869565216 0.017663043478260868 0.018342391304347828
0 0.6671195652173914 0.47282608695652173 0.01358695652173913 0.016983695652173912
0 0.6936141304347826 0.4748641304347826 0.017663043478260868 0.01970108695652174
0 0.7370923913043478 0.4857336956521739 0.021739130434782608 0.025135869565217392
0 0.7622282608695652 0.4857336956521739 0.021059782608695652 0.022418478260869564
0 0.7792119565217391 0.47078804347826086 0.014945652173913044 0.014266304347826086
0 0.7894021739130435 0.48709239130434784 0.016304347826086956 0.017663043478260868
0 0.7697010869565217 0.4898097826086957 0.018342391304347828 0.020380434782608696
0 0.8125 0.47622282608695654 0.018342391304347828 0.015625
0 0.8274456521739131 0.49660326086956524 0.017663043478260868 0.016983695652173912
0 0.8403532608695652 0.469429347826087 0.017663043478260868 0.016983695652173912
0 0.8797554347826086 0.47146739130434784 0.019021739130434784 0.01970108695652174
0 0.8627717391304348 0.4952445652173913 0.02377717391304348 0.021739130434782608
0 0.9225543478260869 0.49728260869565216 0.02309782608695652 0.021059782608695652
0 0.9266304347826086 0.47622282608695654 0.014945652173913044 0.015625
0 0.9123641304347826 0.4701086956521739 0.01358695652173913 0.014945652173913044
0 0.9375 0.46671195652173914 0.01154891304347826 0.012907608695652174
0 0.9504076086956522 0.48165760869565216 0.014945652173913044 0.014266304347826086
0 0.9870923913043478 0.4904891304347826 0.021059782608695652 0.022418478260869564
0 0.9945652173913043 0.46671195652173914 0.010869565217391304 0.016983695652173912
0 0.036005434782608696 0.4898097826086957 0.021059782608695652 0.015625
0 0.07336956521739131 0.47282608695652173 0.019021739130434784 0.014266304347826086
0 0.18682065217391305 0.47758152173913043 0.02377717391304348 0.017663043478260868
0 0.2907608695652174 0.46671195652173914 0.024456521739130436 0.017663043478260868
0 0.34578804347826086 0.46535326086956524 0.026494565217391304 0.01970108695652174
0 0.3804347826086957 0.47282608695652173 0.025815217391304348 0.019021739130434784
0 0.40421195652173914 0.48233695652173914 0.02377717391304348 0.017663043478260868
0 0.469429347826087 0.47282608695652173 0.021059782608695652 0.015625
0 0.576766304347826 0.46467391304347827 0.012907608695652174 0.009510869565217392
0 0.6501358695652174 0.4741847826086957 0.021739130434782608 0.016304347826086956
0 0.6942934782608695 0.45991847826086957 0.017663043478260868 0.012907608695652174
0 0.6976902173913043 0.4904891304347826 0.024456521739130436 0.018342391304347828
0 0.7126358695652174 0.48845108695652173 0.02309782608695652 0.016983695652173912
0 0.7432065217391305 0.4735054347826087 0.018342391304347828 0.01358695652173913
0 0.7533967391304348 0.46535326086956524 0.01970108695652174 0.014266304347826086
0 0.7296195652173914 0.47146739130434784 0.017663043478260868 0.012907608695652174
0 0.704483695652174 0.47758152173913043 0.022418478260869564 0.016983695652173912
0 0.8077445652173914 0.469429347826087 0.017663043478260868 0.012907608695652174
0 0.7934782608695652 0.47554347826086957 0.020380434782608696 0.014945652173913044
0 0.8335597826086957 0.483695652173913 0.021059782608695652 0.015625
0 0.8552989130434783 0.4789402173913043 0.020380434782608696 0.014945652173913044
0 0.8641304347826086 0.4735054347826087 0.019021739130434784 0.014266304347826086
0 0.9082880434782609 0.49116847826086957 0.02377717391304348 0.017663043478260868
0 0.9116847826086957 0.48233695652173914 0.021059782608695652 0.015625
0 0.8953804347826086 0.485054347826087 0.021739130434782608 0.016304347826086956
0 0.9456521739130435 0.47282608695652173 0.017663043478260868 0.01358695652173913
0 0.9415760869565217 0.48709239130434784 0.022418478260869564 0.016304347826086956
0 0.9639945652173914 0.4796195652173913 0.020380434782608696 0.014945652173913044
0 0.6711956521739131 0.030570652173913044 0.11005434782608696 0.06114130434782609
0 0.6630434782608695 0.03940217391304348 0.10869565217391304 0.078125
0 0.6528532608695652 0.03260869565217391 0.09375 0.06521739130434782
0 0.17459239130434784 0.05502717391304348 0.035326086956521736 0.026494565217391304
0 0.1949728260869565 0.05570652173913043 0.035326086956521736 0.026494565217391304