0 0.02377717391304348 0.47078804347826086 0.014945652173913044 0.01358695652173913
0 0.03328804347826087 0.4904891304347826 0.017663043478260868 0.015625
0 0.06725543478260869 0.4904891304347826 0.01970108695652174 0.020380434782608696
0 0.07472826086956522 0.4830163043478261 0.01358695652173913 0.01358695652173913
0 0.09578804347826086 0.48233695652173914 0.014945652173913044 0.014945652173913044
0 0.10801630434782608 0.46535326086956524 0.01154891304347826 0.012228260869565218
0 0.140625 0.48233695652173914 0.018342391304347828 0.018342391304347828
0 0.15964673913043478 0.47690217391304346 0.01358695652173913 0.01358695652173913
0 0.16779891304347827 0.48709239130434784 0.017663043478260868 0.017663043478260868
0 0.1922554347826087 0.4945652173913043 0.017663043478260868 0.017663043478260868
0 0.21195652173913043 0.4891304347826087 0.016304347826086956 0.017663043478260868
0 0.20584239130434784 0.47554347826086957 0.01358695652173913 0.014266304347826086
0 0.23505434782608695 0.4741847826086957 0.01358695652173913 0.012907608695652174
0 0.24932065217391305 0.4796195652173913 0.014945652173913044 0.015625
0 0.250679347826087 0.4904891304347826 0.014945652173913044 0.017663043478260868
0 0.28125 0.4748641304347826 0.012228260869565218 0.012907608695652174
0 0.296195652173913 0.48709239130434784 0.014945652173913044 0.015625
0 0.313179347826087 0.47146739130434784 0.015625 0.015625
0 0.31589673913043476 0.499320652173913 0.019021739130434784 0.019021739130434784
0 0.3294836956521739 0.48029891304347827 0.017663043478260868 0.017663043478260868
0 0.34646739130434784 0.4796195652173913 0.017663043478260868 0.017663043478260868
0 0.35190217391304346 0.46671195652173914 0.015625 0.014266304347826086
0 0.38383152173913043 0.485054347826087 0.017663043478260868 0.016983695652173912
0 0.39741847826086957 0.485054347826087 0.020380434782608696 0.020380434782608696
0 0.43070652173913043 0.4891304347826087 0.021059782608695652 0.021739130434782608
0 0.4327445652173913 0.47146739130434784 0.01358695652173913 0.01358695652173913
0 0.4429347826086957 0.4789402173913043 0.019021739130434784 0.017663043478260868
0 0.4789402173913043 0.4782608695652174 0.014945652173913044 0.016983695652173912
0 0.4891304347826087 0.48165760869565216 0.015625 0.015625
0 0.5020380434782609 0.46603260869565216 0.01358695652173913 0.014266304347826086
0 0.515625 0.4741847826086957 0.019021739130434784 0.017663043478260868
0 0.5339673913043478 0.48029891304347827 0.017663043478260868 0.016983695652173912
0 0.5373641304347826 0.46875 0.012228260869565218 0.01154891304347826
0 0.5489130434782609 0.48709239130434784 0.016304347826086956 0.016983695652173912
0 0.5686141304347826 0.49252717391304346 0.021059782608695652 0.021059782608695652
0 0.59375 0.47554347826086957 0.01358695652173913 0.01358695652173913
0 0.6270380434782609 0.47690217391304346 0.021059782608695652 0.019021739130434784
0 0.6739130434782609 0.48233695652173914 0.021059782608695652 0.017663043478260868
0 0.6644021739130435 0.47282608695652173 0.01970108695652174 0.017663043478260868
0 0.6997282608695652 0.4741847826086957 0.02309782608695652 0.022418478260869564
0 0.7139945652173914 0.46467391304347827 0.015625 0.017663043478260868
0 0.7323369565217391 0.4796195652173913 0.020380434782608696 0.021059782608695652
0 0.7567934782608695 0.48097826086956524 0.016304347826086956 0.019021739130434784
0 0.8145380434782609 0.47146739130434784 0.025135869565217392 0.025135869565217392
0 0.8355978260869565 0.48641304347826086 0.019021739130434784 0.018342391304347828
0 0.8641304347826086 0.47554347826086957 0.01970108695652174 0.017663043478260868
0 0.8838315217391305 0.48709239130434784 0.019021739130434784 0.01970108695652174
0 0.9130434782608695 0.4830163043478261 0.01970108695652174 0.019021739130434784
0 0.9327445652173914 0.48233695652173914 0.02309782608695652 0.02309782608695652
0 0.9422554347826086 0.4782608695652174 0.016304347826086956 0.019021739130434784
0 0.9667119565217391 0.48233695652173914 0.018342391304347828 0.017663043478260868
0 0.9877717391304348 0.46875 0.024456521739130436 0.021739130434782608
0 0.002717391304347826 0.485054347826087 0.004755434782608696 0.014266304347826086
0 0.07472826086956522 0.4735054347826087 0.015625 0.01154891304347826
0 0.11752717391304347 0.47758152173913043 0.016983695652173912 0.012907608695652174
0 0.09578804347826086 0.4701086956521739 0.014266304347826086 0.010869565217391304
0 0.19089673913043478 0.468070652173913 0.01358695652173913 0.010190217391304348
0 0.17798913043478262 0.4741847826086957 0.015625 0.01154891304347826
0 0.21467391304347827 0.4741847826086957 0.014945652173913044 0.010869565217391304
0 0.20040760869565216 0.47078804347826086 0.01358695652173913 0.010190217391304348
0 0.264945652173913 0.4673913043478261 0.01358695652173913 0.010190217391304348
0 0.2982336956521739 0.46671195652173914 0.015625 0.01154891304347826
0 0.33084239130434784 0.46467391304347827 0.014945652173913044 0.01154891304347826
0 0.36616847826086957 0.514266304347826 0.02717391304347826 0.020380434782608696
0 0.422554347826087 0.47690217391304346 0.017663043478260868 0.01358695652173913
0 0.42391304347826086 0.47146739130434784 0.015625 0.01154891304347826
0 0.4857336956521739 0.4735054347826087 0.015625 0.012228260869565218
0 0.5577445652173914 0.47078804347826086 0.016304347826086956 0.012228260869565218
0 0.5971467391304348 0.4891304347826087 0.022418478260869564 0.016983695652173912
0 0.609375 0.4782608695652174 0.019021739130434784 0.014266304347826086
0 0.6644021739130435 0.46535326086956524 0.020380434782608696 0.015625
0 0.688858695652174 0.469429347826087 0.021059782608695652 0.015625
0 0.735733695652174 0.4639945652173913 0.024456521739130436 0.017663043478260868
0 0.7567934782608695 0.47214673913043476 0.02377717391304348 0.017663043478260868
0 0.7683423913043478 0.45991847826086957 0.024456521739130436 0.018342391304347828
0 0.7819293478260869 0.47146739130434784 0.02377717391304348 0.017663043478260868
0 0.8288043478260869 0.46535326086956524 0.029211956521739132 0.021739130434782608
0 0.826766304347826 0.4796195652173913 0.025135869565217392 0.019021739130434784
0 0.8702445652173914 0.4952445652173913 0.021739130434782608 0.016304347826086956
0 0.9497282608695652 0.47146739130434784 0.021059782608695652 0.016304347826086956
0 0.9184782608695652 0.4748641304347826 0.02377717391304348 0.017663043478260868
0 0.9626358695652174 0.4986413043478261 0.02309782608695652 0.016983695652173912
0 0.954483695652174 0.49116847826086957 0.022418478260869564 0.016983695652173912
0 0.9728260869565217 0.4741847826086957 0.021739130434782608 0.016304347826086956