0 0.9381793478260869 0.46875 0.014945652173913044 0.014945652173913044
0 0.9144021739130435 0.45991847826086957 0.016304347826086956 0.014945652173913044
0 0.5305706521739131 0.654891304347826 0.03125 0.027853260869565216
0 0.4789402173913043 0.5115489130434783 0.02377717391304348 0.024456521739130436
0 0.48097826086956524 0.49184782608695654 0.022418478260869564 0.021059782608695652
0 0.5101902173913043 0.45584239130434784 0.01970108695652174 0.019021739130434784
0 0.4857336956521739 0.45991847826086957 0.01970108695652174 0.020380434782608696
0 0.5387228260869565 0.44089673913043476 0.017663043478260868 0.016983695652173912
0 0.5645380434782609 0.4592391304347826 0.01970108695652174 0.01970108695652174
0 0.5869565217391305 0.4633152173913043 0.022418478260869564 0.021739130434782608
0 0.6216032608695652 0.47622282608695654 0.01970108695652174 0.019021739130434784
0 0.6786684782608695 0.4891304347826087 0.025135869565217392 0.022418478260869564
0 0.6216032608695652 0.515625 0.025135869565217392 0.02377717391304348
0 0.5889945652173914 0.5040760869565217 0.02377717391304348 0.02377717391304348
0 0.5536684782608695 0.49252717391304346 0.01970108695652174 0.021059782608695652
0 0.3960597826086957 0.5353260869565217 0.022418478260869564 0.024456521739130436
0 0.44089673913043476 0.47214673913043476 0.01970108695652174 0.01970108695652174
0 0.4279891304347826 0.46467391304347827 0.017663043478260868 0.018342391304347828
0 0.36752717391304346 0.4633152173913043 0.016304347826086956 0.016983695652173912
0 0.3267663043478261 0.45516304347826086 0.017663043478260868 0.016983695652173912
0 0.11480978260869565 0.5033967391304348 0.017663043478260868 0.02309782608695652
0 0.49252717391304346 0.41372282608695654 0.012907608695652174 0.012907608695652174
0 0.42459239130434784 0.44089673913043476 0.016304347826086956 0.016304347826086956
0 0.4313858695652174 0.40285326086956524 0.01358695652173913 0.01358695652173913
0 0.41372282608695654 0.4048913043478261 0.015625 0.01358695652173913
0 0.37160326086956524 0.39809782608695654 0.01358695652173913 0.012907608695652174
0 0.36277173913043476 0.4116847826086957 0.015625 0.01358695652173913
0 0.38383152173913043 0.43002717391304346 0.01358695652173913 0.014266304347826086
0 0.39809782608695654 0.438179347826087 0.017663043478260868 0.017663043478260868
0 0.344429347826087 0.41779891304347827 0.01358695652173913 0.012228260869565218
0 0.3172554347826087 0.438179347826087 0.01358695652173913 0.01358695652173913
0 0.297554347826087 0.43342391304347827 0.017663043478260868 0.018342391304347828
0 0.3016304347826087 0.41779891304347827 0.016304347826086956 0.015625
0 0.28872282608695654 0.4110054347826087 0.01358695652173913 0.01358695652173913
0 0.2764945652173913 0.4001358695652174 0.01358695652173913 0.01154891304347826
0 0.26834239130434784 0.406929347826087 0.016304347826086956 0.015625
0 0.26970108695652173 0.42527173913043476 0.016304347826086956 0.015625
0 0.24796195652173914 0.4123641304347826 0.015625 0.01358695652173913
0 0.24592391304347827 0.39470108695652173 0.015625 0.01358695652173913
0 0.234375 0.43410326086956524 0.016304347826086956 0.01358695652173913
0 0.22146739130434784 0.4123641304347826 0.012907608695652174 0.012228260869565218
0 0.20516304347826086 0.40285326086956524 0.01358695652173913 0.012907608695652174
0 0.19429347826086957 0.39470108695652173 0.01358695652173913 0.012228260869565218
0 0.19904891304347827 0.4232336956521739 0.014945652173913044 0.01358695652173913
0 0.18478260869565216 0.44497282608695654 0.014945652173913044 0.01358695652173913
0 0.18342391304347827 0.41304347826086957 0.012228260869565218 0.012228260869565218
0 0.16915760869565216 0.41304347826086957 0.015625 0.01358695652173913
0 0.171875 0.40353260869565216 0.012907608695652174 0.010869565217391304
0 0.15692934782608695 0.405570652173913 0.014945652173913044 0.012907608695652174
0 0.17595108695652173 0.3695652173913043 0.010190217391304348 0.01154891304347826
0 0.13179347826086957 0.36616847826086957 0.010190217391304348 0.010190217391304348
0 0.09782608695652174 0.36752717391304346 0.012907608695652174 0.012228260869565218
0 0.05502717391304348 0.37160326086956524 0.008152173913043478 0.008152173913043478
0 0.1297554347826087 0.39334239130434784 0.014945652173913044 0.014266304347826086
0 0.13179347826086957 0.42391304347826086 0.016304347826086956 0.015625
0 0.09850543478260869 0.4008152173913043 0.012907608695652174 0.012228260869565218
0 0.08355978260869565 0.40217391304347827 0.014945652173913044 0.012907608695652174
0 0.10326086956521739 0.4157608695652174 0.012907608695652174 0.012228260869565218
0 0.09646739130434782 0.42527173913043476 0.014945652173913044 0.012228260869565218
0 0.06046195652173913 0.43478260869565216 0.01358695652173913 0.012907608695652174
0 0.06046195652173913 0.4076086956521739 0.01358695652173913 0.012907608695652174
0 0.04619565217391304 0.4110054347826087 0.01358695652173913 0.012907608695652174
0 0.03192934782608696 0.39741847826086957 0.012907608695652174 0.01154891304347826
0 0.04008152173913043 0.38858695652173914 0.01358695652173913 0.012907608695652174
0 0.010190217391304348 0.4008152173913043 0.015625 0.01358695652173913
0 0.024456521739130436 0.41508152173913043 0.012228260869565218 0.012228260869565218
0 0.034646739130434784 0.4205163043478261 0.014945652173913044 0.012907608695652174
0 0.0020380434782608695 0.3919836956521739 0.004076086956521739 0.012228260869565218
0 0.008152173913043478 0.4741847826086957 0.016304347826086956 0.016304347826086956
0 0.012907608695652174 0.8206521739130435 0.025135869565217392 0.02377717391304348
0 0.10869565217391304 0.8967391304347826 0.04076086956521739 0.030570652173913044
0 0.16304347826086957 0.7839673913043478 0.03940217391304348 0.029891304347826088
0 0.06725543478260869 0.7296195652173914 0.030570652173913044 0.02309782608695652
0 0.08763586956521739 0.7275815217391305 0.03260869565217391 0.02377717391304348
0 0.16032608695652173 0.7126358695652174 0.036005434782608696 0.02717391304347826
0 0.22146739130434784 0.7221467391304348 0.03872282608695652 0.029211956521739132
0 0.24048913043478262 0.71875 0.03872282608695652 0.028532608695652172
0 0.32608695652173914 0.8077445652173914 0.042798913043478264 0.03125
0 0.34646739130434784 0.7540760869565217 0.04008152173913043 0.029891304347826088
0 0.44633152173913043 0.7432065217391305 0.03872282608695652 0.028532608695652172
0 0.5020380434782609 0.7703804347826086 0.03940217391304348 0.029891304347826088
0 0.4796195652173913 0.7160326086956522 0.03736413043478261 0.027853260869565216
0 0.5129076086956522 0.6970108695652174 0.036005434782608696 0.027853260869565216
0 0.37296195652173914 0.7072010869565217 0.03736413043478261 0.027853260869565216
0 0.29279891304347827 0.6936141304347826 0.036005434782608696 0.027853260869565216
0 0.2112771739130435 0.6970108695652174 0.036684782608695655 0.027853260869565216
0 0.10665760869565218 0.6915760869565217 0.03125 0.02377717391304348
0 0.04483695652173913 0.6949728260869565 0.029211956521739132 0.021739130434782608
0 0.6297554347826086 0.7126358695652174 0.036684782608695655 0.027853260869565216
0 0.734375 0.8043478260869565 0.04076086956521739 0.029891304347826088
0 0.8913043478260869 0.7737771739130435 0.041440217391304345 0.03125
0 0.8410326086956522 0.7105978260869565 0.03872282608695652 0.029211956521739132
0 0.8118206521739131 0.6793478260869565 0.036684782608695655 0.027853260869565216
0 0.8369565217391305 0.6480978260869565 0.035326086956521736 0.025815217391304348
0 0.8885869565217391 0.5658967391304348 0.034646739130434784 0.025815217391304348
0 0.9524456521739131 0.49728260869565216 0.025815217391304348 0.01970108695652174
0 0.8104619565217391 0.561141304347826 0.033967391304347824 0.025815217391304348
0 0.795516304347826 0.578125 0.036005434782608696 0.02717391304347826
0 0.8002717391304348 0.6046195652173914 0.03192934782608696 0.02377717391304348
0 0.7432065217391305 0.5869565217391305 0.030570652173913044 0.02309782608695652
0 0.7194293478260869 0.5597826086956522 0.029211956521739132 0.021739130434782608
0 0.7194293478260869 0.515625 0.027853260869565216 0.021059782608695652
0 0.6657608695652174 0.5448369565217391 0.029891304347826088 0.022418478260869564
0 0.6290760869565217 0.5658967391304348 0.029891304347826088 0.022418478260869564
0 0.7065217391304348 0.6175271739130435 0.03260869565217391 0.024456521739130436
0 0.6270380434782609 0.6691576086956522 0.034646739130434784 0.026494565217391304
0 0.6134510869565217 0.6324728260869565 0.03328804347826087 0.025135869565217392
0 0.5801630434782609 0.623641304347826 0.03260869565217391 0.025135869565217392
0 0.4626358695652174 0.6773097826086957 0.035326086956521736 0.026494565217391304
0 0.4279891304347826 0.6698369565217391 0.035326086956521736 0.026494565217391304
0 0.43546195652173914 0.639266304347826 0.033967391304347824 0.025815217391304348
0 0.43953804347826086 0.6168478260869565 0.03260869565217391 0.024456521739130436
0 0.4361413043478261 0.6032608695652174 0.03125 0.02377717391304348
0 0.4422554347826087 0.5883152173913043 0.030570652173913044 0.02309782608695652
0 0.4327445652173913 0.5699728260869565 0.029211956521739132 0.021739130434782608
0 0.3654891304347826 0.6345108695652174 0.03328804347826087 0.025135869565217392
0 0.5305706521739131 0.5822010869565217 0.030570652173913044 0.02309782608695652
0 0.46535326086956524 0.546875 0.028532608695652172 0.021739130434782608
0 0.5006793478260869 0.47622282608695654 0.02309782608695652 0.018342391304347828
0 0.5808423913043478 0.45584239130434784 0.021739130434782608 0.016304347826086956
0 0.6154891304347826 0.4986413043478261 0.026494565217391304 0.01970108695652174
0 0.5516304347826086 0.5917119565217391 0.03125 0.02309782608695652
0 0.030570652173913044 0.6480978260869565 0.02717391304347826 0.01970108695652174
0 0.018342391304347828 0.6141304347826086 0.024456521739130436 0.018342391304347828
0 0.06453804347826086 0.6644021739130435 0.026494565217391304 0.01970108695652174
0 0.09646739130434782 0.639266304347826 0.025135869565217392 0.019021739130434784
0 0.11684782608695653 0.65625 0.029211956521739132 0.021739130434782608
0 0.15489130434782608 0.6610054347826086 0.033967391304347824 0.025815217391304348
0 0.18546195652173914 0.6399456521739131 0.03260869565217391 0.024456521739130436
0 0.22418478260869565 0.6691576086956522 0.035326086956521736 0.026494565217391304
0 0.2642663043478261 0.6644021739130435 0.035326086956521736 0.026494565217391304
0 0.26290760869565216 0.6365489130434783 0.03328804347826087 0.025135869565217392
0 0.33559782608695654 0.6311141304347826 0.03328804347826087 0.025135869565217392
0 0.31046195652173914 0.5733695652173914 0.030570652173913044 0.02309782608695652
0 0.36277173913043476 0.5563858695652174 0.029211956521739132 0.021739130434782608
0 0.405570652173913 0.515625 0.026494565217391304 0.01970108695652174
0 0.4205163043478261 0.49320652173913043 0.024456521739130436 0.018342391304347828
0 0.38179347826086957 0.4789402173913043 0.022418478260869564 0.016304347826086956
0 0.3811141304347826 0.4626358695652174 0.020380434782608696 0.015625
0 0.19972826086956522 0.4904891304347826 0.021739130434782608 0.016304347826086956
0 0.3858695652173913 0.20244565217391305 0.018342391304347828 0.014266304347826086
0 0.5584239130434783 0.20176630434782608 0.033967391304347824 0.025815217391304348
0 0.5842391304347826 0.20108695652173914 0.028532608695652172 0.021739130434782608
0 0.6012228260869565 0.19972826086956522 0.014945652173913044 0.010869565217391304
0 0.765625 0.20176630434782608 0.03736413043478261 0.027853260869565216
0 0.9891304347826086 0.18410326086956522 0.021059782608695652 0.04483695652173913
0 0.45108695652173914 0.43070652173913043 0.018342391304347828 0.014266304347826086
0 0.44904891304347827 0.43953804347826086 0.019021739130434784 0.014266304347826086
0 0.438179347826087 0.45108695652173914 0.020380434782608696 0.014945652173913044
0 0.37296195652173914 0.43002717391304346 0.017663043478260868 0.012907608695652174
0 0.39402173913043476 0.44565217391304346 0.019021739130434784 0.014266304347826086
0 0.4266304347826087 0.4273097826086957 0.017663043478260868 0.01358695652173913
0 0.3539402173913043 0.436820652173913 0.017663043478260868 0.01358695652173913
0 0.3485054347826087 0.42934782608695654 0.017663043478260868 0.012228260869565218
0 0.3383152173913043 0.44972826086956524 0.018342391304347828 0.014266304347826086
0 0.23097826086956522 0.4205163043478261 0.016983695652173912 0.012228260869565218
0 0.22146739130434784 0.422554347826087 0.016304347826086956 0.01154891304347826
0 0.19293478260869565 0.40964673913043476 0.014945652173913044 0.010869565217391304
0 0.19293478260869565 0.41847826086956524 0.014945652173913044 0.01154891304347826
0 0.14130434782608695 0.3919836956521739 0.014945652173913044 0.010869565217391304
0 0.12364130434782608 0.40625 0.016304347826086956 0.01154891304347826
0 0.12296195652173914 0.41440217391304346 0.016304347826086956 0.012228260869565218
0 0.140625 0.41508152173913043 0.015625 0.01154891304347826
0 0.1358695652173913 0.4123641304347826 0.015625 0.01154891304347826
0 0.11413043478260869 0.40353260869565216 0.016304347826086956 0.01154891304347826
0 0.109375 0.39809782608695654 0.015625 0.01154891304347826
0 0.11684782608695653 0.39809782608695654 0.014945652173913044 0.010869565217391304
0 0.06997282608695653 0.39877717391304346 0.014266304347826086 0.010190217391304348
0 0.050271739130434784 0.4008152173913043 0.014266304347826086 0.010190217391304348
0 0.015625 0.3919836956521739 0.014945652173913044 0.010869565217391304
0 0.017663043478260868 0.4123641304347826 0.015625 0.01154891304347826
0 0.012907608695652174 0.41440217391304346 0.015625 0.010869565217391304
0 0.009510869565217392 0.38722826086956524 0.014945652173913044 0.01154891304347826
0 0.10733695652173914 0.4110054347826087 0.015625 0.01154891304347826
0 0.05366847826086957 0.33627717391304346 0.009510869565217392 0.006793478260869565