0 0.016304347826086956 0.5190217391304348 0.03260869565217391 0.05434782608695652
0 0.08491847826086957 0.6399456521739131 0.03872282608695652 0.036005434782608696
0 0.25203804347826086 0.5964673913043478 0.015625 0.021739130434782608
0 0.5149456521739131 0.625 0.017663043478260868 0.020380434782608696
0 0.7126358695652174 0.5998641304347826 0.04076086956521739 0.03940217391304348
0 0.8301630434782609 0.6399456521739131 0.024456521739130436 0.026494565217391304
0 0.14266304347826086 0.6480978260869565 0.022418478260869564 0.014945652173913044
0 0.15489130434782608 0.6168478260869565 0.03804347826086957 0.025135869565217392
0 0.16508152173913043 0.5849184782608695 0.04891304347826087 0.03260869565217391
0 0.5 0.5849184782608695 0.049592391304347824 0.03260869565217391
0 0.9877717391304348 0.6202445652173914 0.02377717391304348 0.024456521739130436
0 0.6650815217391305 0.6100543478260869 0.04008152173913043 0.026494565217391304