0 0.6039402173913043 0.29347826086956524 0.042119565217391304 0.030570652173913044
0 0.4313858695652174 0.29483695652173914 0.050271739130434784 0.033967391304347824
0 0.8417119565217391 0.3376358695652174 0.05434782608695652 0.042798913043478264
0 0.5163043478260869 0.296195652173913 0.034646739130434784 0.028532608695652172
0 0.9728260869565217 0.08627717391304347 0.016304347826086956 0.014266304347826086
0 0.33559782608695654 0.22282608695652173 0.034646739130434784 0.033967391304347824
0 0.19633152173913043 0.24116847826086957 0.03940217391304348 0.03328804347826087
0 0.1875 0.30434782608695654 0.042119565217391304 0.036684782608695655
0 0.5061141304347826 0.21942934782608695 0.029211956521739132 0.028532608695652172
0 0.04619565217391304 0.2595108695652174 0.03260869565217391 0.03125
0 0.4748641304347826 0.2554347826086957 0.02377717391304348 0.02309782608695652
0 0.9639945652173914 0.30095108695652173 0.029211956521739132 0.02309782608695652
0 0.41915760869565216 0.23301630434782608 0.03260869565217391 0.021739130434782608
0 0.7092391304347826 0.20244565217391305 0.017663043478260868 0.01970108695652174
0 0.8389945652173914 0.7411684782608695 0.22826086956521738 0.17595108695652173
0 0.06929347826086957 0.515625 0.12296195652173914 0.08152173913043478
0 0.5740489130434783 0.15625 0.017663043478260868 0.016304347826086956
0 0.11005434782608696 0.23505434782608695 0.029211956521739132 0.033967391304347824
0 0.22758152173913043 0.10869565217391304 0.021739130434782608 0.017663043478260868
0 0.28532608695652173 0.11141304347826086 0.01970108695652174 0.015625
0 0.343070652173913 0.10529891304347826 0.020380434782608696 0.016304347826086956
0 0.38654891304347827 0.11480978260869565 0.016304347826086956 0.016304347826086956
0 0.375 0.13790760869565216 0.020380434782608696 0.022418478260869564
0 0.46603260869565216 0.11820652173913043 0.020380434782608696 0.019021739130434784
0 0.45516304347826086 0.13790760869565216 0.01970108695652174 0.017663043478260868
0 0.6202445652173914 0.14402173913043478 0.014945652173913044 0.01358695652173913
0 0.579483695652174 0.15353260869565216 0.017663043478260868 0.014266304347826086
0 0.5713315217391305 0.14605978260869565 0.017663043478260868 0.015625
0 0.6929347826086957 0.15421195652173914 0.01970108695652174 0.016304347826086956
0 0.5400815217391305 0.17730978260869565 0.021739130434782608 0.019021739130434784
0 0.5604619565217391 0.20923913043478262 0.021739130434782608 0.021739130434782608
0 0.5808423913043478 0.1983695652173913 0.021739130434782608 0.019021739130434784
0 0.6297554347826086 0.203125 0.020380434782608696 0.017663043478260868
0 0.561141304347826 0.25 0.030570652173913044 0.02717391304347826
0 0.5665760869565217 0.265625 0.033967391304347824 0.02717391304347826
0 0.47146739130434784 0.18478260869565216 0.016304347826086956 0.019021739130434784
0 0.42866847826086957 0.20855978260869565 0.021739130434782608 0.017663043478260868
0 0.3797554347826087 0.16168478260869565 0.025135869565217392 0.021739130434782608
0 0.30570652173913043 0.20584239130434784 0.028532608695652172 0.024456521739130436
0 0.4735054347826087 0.23233695652173914 0.02377717391304348 0.020380434782608696
0 0.3125 0.26358695652173914 0.03260869565217391 0.02717391304347826
0 0.20720108695652173 0.20991847826086957 0.033967391304347824 0.02717391304347826
0 0.1610054347826087 0.21875 0.029211956521739132 0.03125
0 0.006114130434782609 0.234375 0.012228260869565218 0.03125
0 0.22758152173913043 0.32608695652173914 0.03940217391304348 0.036684782608695655
0 0.9884510869565217 0.2866847826086957 0.01970108695652174 0.016304347826086956
0 0.8199728260869565 0.23369565217391305 0.025135869565217392 0.021739130434782608
0 0.8199728260869565 0.21331521739130435 0.020380434782608696 0.016304347826086956
0 0.7771739130434783 0.11277173913043478 0.012907608695652174 0.012907608695652174
0 0.7785326086956522 0.12364130434782608 0.017663043478260868 0.015625
0 0.8050271739130435 0.11820652173913043 0.016304347826086956 0.014266304347826086
0 0.7398097826086957 0.14334239130434784 0.01970108695652174 0.017663043478260868
0 0.8308423913043478 0.13722826086956522 0.014945652173913044 0.014266304347826086
0 0.860733695652174 0.11480978260869565 0.012907608695652174 0.01154891304347826
0 0.8770380434782609 0.13043478260869565 0.016304347826086956 0.014266304347826086
0 0.9021739130434783 0.12839673913043478 0.014945652173913044 0.01358695652173913
0 0.9341032608695652 0.12635869565217392 0.014945652173913044 0.01154891304347826
0 0.9110054347826086 0.14198369565217392 0.01970108695652174 0.016304347826086956
0 0.8872282608695652 0.16168478260869565 0.020380434782608696 0.016304347826086956
0 0.9470108695652174 0.09510869565217392 0.012907608695652174 0.01154891304347826
0 0.9653532608695652 0.18342391304347827 0.017663043478260868 0.014266304347826086
0 0.31929347826086957 0.45584239130434784 0.050271739130434784 0.03328804347826087
0 0.5991847826086957 0.4361413043478261 0.13043478260869565 0.08627717391304347
0 0.9952445652173914 0.37839673913043476 0.009510869565217392 0.033967391304347824
0 0.09035326086956522 0.6433423913043478 0.18070652173913043 0.13722826086956522
0 0.8342391304347826 0.44497282608695654 0.08695652173913043 0.08016304347826086
0 0.24864130434782608 0.4436141304347826 0.02377717391304348 0.015625
0 0.46603260869565216 0.39945652173913043 0.058423913043478264 0.03940217391304348
0 0.3451086956521739 0.3763586956521739 0.052309782608695655 0.034646739130434784
0 0.7384510869565217 0.44565217391304346 0.06317934782608696 0.049592391304347824
0 0.938858695652174 0.38654891304347827 0.052309782608695655 0.033967391304347824
0 0.5122282608695652 0.6807065217391305 0.20108695652173914 0.16576086956521738
0 0.6243206521739131 0.21807065217391305 0.028532608695652172 0.01970108695652174
0 0.033967391304347824 0.007472826086956522 0.006793478260869565 0.004076086956521739
0 0.09375 0.008152173913043478 0.046875 0.015625
0 0.12567934782608695 0.006114130434782609 0.046875 0.012228260869565218
0 0.18342391304347827 0.11209239130434782 0.02309782608695652 0.014266304347826086
0 0.2262228260869565 0.12024456521739131 0.02309782608695652 0.014945652173913044
0 0.47758152173913043 0.09714673913043478 0.02309782608695652 0.014945652173913044
0 0.579483695652174 0.125 0.01970108695652174 0.012907608695652174
0 0.6086956521739131 0.1297554347826087 0.018342391304347828 0.01154891304347826
0 0.6175271739130435 0.15625 0.020380434782608696 0.01358695652173913
0 0.6902173913043478 0.13179347826086957 0.01970108695652174 0.012228260869565218
0 0.6528532608695652 0.1637228260869565 0.020380434782608696 0.01358695652173913
0 0.4891304347826087 0.15896739130434784 0.02309782608695652 0.015625
0 0.5387228260869565 0.2139945652173913 0.028532608695652172 0.018342391304347828
0 0.6868206521739131 0.20176630434782608 0.025135869565217392 0.015625
0 0.6881793478260869 0.23709239130434784 0.03260869565217391 0.021739130434782608
0 0.6868206521739131 0.2710597826086957 0.03804347826086957 0.025135869565217392
0 0.3960597826086957 0.2105978260869565 0.030570652173913044 0.020380434782608696
0 0.27445652173913043 0.32608695652173914 0.04891304347826087 0.03192934782608696
0 0.1324728260869565 0.3688858695652174 0.050271739130434784 0.033967391304347824
0 0.01154891304347826 0.36141304347826086 0.02309782608695652 0.046875
0 0.6745923913043478 0.38858695652173914 0.06385869565217392 0.042119565217391304
0 0.6739130434782609 0.34782608695652173 0.05570652173913043 0.036005434782608696
0 0.33491847826086957 0.6127717391304348 0.11413043478260869 0.09375
0 0.2391304347826087 0.578125 0.16847826086956522 0.11141304347826086
0 0.4945652173913043 0.5400815217391305 0.14198369565217392 0.09375
0 0.6623641304347826 0.5978260869565217 0.11413043478260869 0.09782608695652174
0 0.7479619565217391 0.23845108695652173 0.03260869565217391 0.021059782608695652
0 0.7730978260869565 0.3233695652173913 0.04551630434782609 0.030570652173913044
0 0.7697010869565217 0.36209239130434784 0.052309782608695655 0.034646739130434784
0 0.7622282608695652 0.38790760869565216 0.058423913043478264 0.03804347826086957
0 0.9021739130434783 0.3383152173913043 0.04483695652173913 0.029891304347826088
0 0.8729619565217391 0.3342391304347826 0.043478260869565216 0.028532608695652172
0 0.9945652173913043 0.2751358695652174 0.010869565217391304 0.018342391304347828
0 0.8627717391304348 0.30095108695652173 0.03940217391304348 0.025815217391304348
0 0.7894021739130435 0.1922554347826087 0.02377717391304348 0.015625
0 0.8444293478260869 0.12296195652173914 0.017663043478260868 0.012228260869565218
0 0.889266304347826 0.12364130434782608 0.017663043478260868 0.01154891304347826
0 0.9014945652173914 0.11820652173913043 0.016304347826086956 0.01154891304347826
0 0.8335597826086957 0.1610054347826087 0.020380434782608696 0.01358695652173913
0 0.9952445652173914 0.19089673913043478 0.009510869565217392 0.014945652173913044
0 0.9653532608695652 0.19701086956521738 0.02377717391304348 0.015625
0 0.9633152173913043 0.14266304347826086 0.018342391304347828 0.01154891304347826
0 0.9667119565217391 0.1644021739130435 0.020380434782608696 0.014266304347826086
0 0.9925271739130435 0.21942934782608695 0.014945652173913044 0.016304347826086956