0 0.014945652173913044 0.3919836956521739 0.012228260869565218 0.01154891304347826
0 0.07540760869565218 0.39741847826086957 0.012228260869565218 0.01154891304347826
0 0.11277173913043478 0.39402173913043476 0.008831521739130434 0.009510869565217392
0 0.13926630434782608 0.3892663043478261 0.012228260869565218 0.01154891304347826
0 0.15964673913043478 0.39402173913043476 0.01154891304347826 0.01154891304347826
0 0.2078804347826087 0.38790760869565216 0.012228260869565218 0.01154891304347826
0 0.234375 0.39470108695652173 0.012907608695652174 0.01154891304347826
0 0.2669836956521739 0.39470108695652173 0.012907608695652174 0.01154891304347826
0 0.3125 0.3851902173913043 0.03192934782608696 0.025135869565217392
0 0.35733695652173914 0.389945652173913 0.04008152173913043 0.03125
0 0.391304347826087 0.38790760869565216 0.014945652173913044 0.012907608695652174
0 0.5183423913043478 0.38654891304347827 0.012907608695652174 0.010869565217391304
0 0.5461956521739131 0.3845108695652174 0.012907608695652174 0.01154891304347826
0 0.5509510869565217 0.39877717391304346 0.012228260869565218 0.01154891304347826
0 0.5733695652173914 0.38858695652173914 0.014945652173913044 0.01154891304347826
0 0.6487771739130435 0.3695652173913043 0.0625 0.052309782608695655
0 0.6807065217391305 0.3688858695652174 0.02309782608695652 0.02717391304347826
0 0.8783967391304348 0.37296195652173914 0.051630434782608696 0.042798913043478264
0 0.9096467391304348 0.3845108695652174 0.012907608695652174 0.01154891304347826
0 0.9524456521739131 0.38315217391304346 0.015625 0.015625
0 0.297554347826087 0.39334239130434784 0.010869565217391304 0.009510869565217392
0 0.421875 0.389945652173913 0.009510869565217392 0.009510869565217392
0 0.5631793478260869 0.3892663043478261 0.012228260869565218 0.01154891304347826
0 0.007472826086956522 0.38858695652173914 0.014945652173913044 0.019021739130434784
0 0.041440217391304345 0.38790760869565216 0.03940217391304348 0.028532608695652172
0 0.06929347826086957 0.38383152173913043 0.06114130434782609 0.044157608695652176
0 0.08084239130434782 0.3858695652173913 0.05570652173913043 0.04008152173913043
0 0.09375 0.4001358695652174 0.01358695652173913 0.010190217391304348
0 0.1793478260869565 0.3967391304347826 0.012907608695652174 0.010190217391304348
0 0.2425271739130435 0.3851902173913043 0.03328804347826087 0.02377717391304348
0 0.43478260869565216 0.389945652173913 0.022418478260869564 0.016304347826086956
0 0.40964673913043476 0.38790760869565216 0.024456521739130436 0.018342391304347828
0 0.46127717391304346 0.3845108695652174 0.020380434782608696 0.014945652173913044
0 0.4986413043478261 0.39266304347826086 0.01970108695652174 0.014266304347826086
0 0.5047554347826086 0.39877717391304346 0.01970108695652174 0.01358695652173913
0 0.7126358695652174 0.38722826086956524 0.024456521739130436 0.017663043478260868
0 0.733016304347826 0.38722826086956524 0.02309782608695652 0.016304347826086956
0 0.985733695652174 0.37703804347826086 0.028532608695652172 0.029891304347826088
0 0.625 0.38790760869565216 0.022418478260869564 0.016304347826086956