0 0.004755434782608696 0.041440217391304345 0.009510869565217392 0.014945652173913044
0 0.03192934782608696 0.06453804347826086 0.012228260869565218 0.017663043478260868
0 0.12364130434782608 0.035326086956521736 0.012228260869565218 0.014945652173913044
0 0.007472826086956522 0.07336956521739131 0.014266304347826086 0.017663043478260868
0 0.008831521739130434 0.09986413043478261 0.017663043478260868 0.021059782608695652
0 0.019021739130434784 0.13451086956521738 0.01970108695652174 0.02377717391304348
0 0.06385869565217392 0.14198369565217392 0.019021739130434784 0.022418478260869564
0 0.07676630434782608 0.10394021739130435 0.014266304347826086 0.021059782608695652
0 0.11480978260869565 0.09782608695652174 0.019021739130434784 0.025135869565217392
0 0.12092391304347826 0.08491847826086957 0.015625 0.020380434782608696
0 0.14673913043478262 0.078125 0.016983695652173912 0.022418478260869564
0 0.15625 0.09782608695652174 0.01970108695652174 0.025135869565217392
0 0.1480978260869565 0.13926630434782608 0.019021739130434784 0.025135869565217392
0 0.13383152173913043 0.14605978260869565 0.019021739130434784 0.025135869565217392
0 0.09918478260869565 0.1637228260869565 0.01970108695652174 0.025135869565217392
0 0.057065217391304345 0.1793478260869565 0.021059782608695652 0.02377717391304348
0 0.029891304347826088 0.17798913043478262 0.01970108695652174 0.025135869565217392
0 0.05434782608695652 0.20855978260869565 0.02377717391304348 0.027853260869565216
0 0.12432065217391304 0.1983695652173913 0.021059782608695652 0.025815217391304348
0 0.06725543478260869 0.2425271739130435 0.02717391304347826 0.03260869565217391
0 0.019021739130434784 0.23029891304347827 0.02377717391304348 0.028532608695652172
0 0.036684782608695655 0.25815217391304346 0.029211956521739132 0.035326086956521736
0 0.012228260869565218 0.40896739130434784 0.02377717391304348 0.041440217391304345
0 0.043478260869565216 0.3532608695652174 0.03125 0.042798913043478264
0 0.041440217391304345 0.297554347826087 0.029211956521739132 0.036005434782608696
0 0.06997282608695653 0.2907608695652174 0.029211956521739132 0.036005434782608696
0 0.10394021739130435 0.2717391304347826 0.025135869565217392 0.03328804347826087
0 0.15625 0.25407608695652173 0.02717391304347826 0.03328804347826087
0 0.14945652173913043 0.22078804347826086 0.02717391304347826 0.03125
0 0.15828804347826086 0.28940217391304346 0.029211956521739132 0.035326086956521736
0 0.08695652173913043 0.37160326086956524 0.03260869565217391 0.04008152173913043
0 0.09986413043478261 0.31997282608695654 0.03260869565217391 0.03328804347826087
0 0.10801630434782608 0.40353260869565216 0.03736413043478261 0.042798913043478264
0 0.13722826086956522 0.4313858695652174 0.041440217391304345 0.043478260869565216
0 0.07472826086956522 0.48845108695652173 0.046875 0.05434782608695652
0 0.04755434782608696 0.4279891304347826 0.04076086956521739 0.04619565217391304
0 0.010869565217391304 0.5244565217391305 0.021739130434782608 0.050951086956521736
0 0.09918478260869565 0.5502717391304348 0.046875 0.050951086956521736
0 0.12703804347826086 0.6039402173913043 0.04823369565217391 0.05434782608695652
0 0.33152173913043476 0.09375 0.015625 0.018342391304347828
0 0.29347826086956524 0.09918478260869565 0.016983695652173912 0.021059782608695652
0 0.2710597826086957 0.09375 0.01970108695652174 0.02377717391304348
0 0.24796195652173914 0.08355978260869565 0.016983695652173912 0.020380434782608696
0 0.1956521739130435 0.06997282608695653 0.016983695652173912 0.020380434782608696
0 0.18206521739130435 0.10190217391304347 0.019021739130434784 0.020380434782608696
0 0.20380434782608695 0.12432065217391304 0.016983695652173912 0.021059782608695652
0 0.18478260869565216 0.125 0.016983695652173912 0.021059782608695652
0 0.18478260869565216 0.14402173913043478 0.021059782608695652 0.025815217391304348
0 0.23980978260869565 0.12296195652173914 0.01970108695652174 0.022418478260869564
0 0.34782608695652173 0.11073369565217392 0.019021739130434784 0.021059782608695652
0 0.3179347826086957 0.11548913043478261 0.019021739130434784 0.02377717391304348
0 0.2914402173913043 0.13111413043478262 0.016983695652173912 0.02377717391304348
0 0.26834239130434784 0.11684782608695653 0.019021739130434784 0.02377717391304348
0 0.24592391304347827 0.14334239130434784 0.021059782608695652 0.02377717391304348
0 0.26834239130434784 0.15217391304347827 0.021059782608695652 0.025135869565217392
0 0.28804347826086957 0.16847826086956522 0.02309782608695652 0.025815217391304348
0 0.31997282608695654 0.14470108695652173 0.021059782608695652 0.027853260869565216
0 0.34714673913043476 0.14198369565217392 0.01970108695652174 0.025815217391304348
0 0.38654891304347827 0.12567934782608695 0.021059782608695652 0.027853260869565216
0 0.3851902173913043 0.09782608695652174 0.019021739130434784 0.022418478260869564
0 0.23980978260869565 0.17391304347826086 0.02717391304347826 0.029891304347826088
0 0.20652173913043478 0.16576086956521738 0.021059782608695652 0.022418478260869564
0 0.20380434782608695 0.19361413043478262 0.02717391304347826 0.03125
0 0.18682065217391305 0.20176630434782608 0.02377717391304348 0.025815217391304348
0 0.1766304347826087 0.18070652173913043 0.021059782608695652 0.02377717391304348
0 0.1800271739130435 0.22758152173913043 0.027853260869565216 0.03125
0 0.23165760869565216 0.2642663043478261 0.029211956521739132 0.035326086956521736
0 0.25883152173913043 0.24932065217391305 0.025135869565217392 0.03260869565217391
0 0.25883152173913043 0.23233695652173914 0.02377717391304348 0.027853260869565216
0 0.25815217391304346 0.21331521739130435 0.02717391304347826 0.029891304347826088
0 0.30910326086956524 0.20176630434782608 0.02717391304347826 0.029891304347826088
0 0.35597826086956524 0.1875 0.02377717391304348 0.025815217391304348
0 0.389945652173913 0.17527173913043478 0.02309782608695652 0.025815217391304348
0 0.4436141304347826 0.14266304347826086 0.02377717391304348 0.028532608695652172
0 0.4789402173913043 0.11684782608695653 0.02309782608695652 0.027853260869565216
0 0.4517663043478261 0.10122282608695653 0.019021739130434784 0.018342391304347828
0 0.4945652173913043 0.08355978260869565 0.021059782608695652 0.02377717391304348
0 0.5597826086956522 0.008831521739130434 0.016983695652173912 0.017663043478260868
0 0.5706521739130435 0.004755434782608696 0.01358695652173913 0.009510869565217392
0 0.7221467391304348 0.009510869565217392 0.016983695652173912 0.018342391304347828
0 0.798233695652174 0.07948369565217392 0.02377717391304348 0.027853260869565216
0 0.8362771739130435 0.051630434782608696 0.01970108695652174 0.021059782608695652
0 0.6820652173913043 0.08491847826086957 0.02309782608695652 0.027853260869565216
0 0.6379076086956522 0.10665760869565218 0.02309782608695652 0.028532608695652172
0 0.5788043478260869 0.08967391304347826 0.021059782608695652 0.02377717391304348
0 0.5319293478260869 0.09782608695652174 0.021059782608695652 0.022418478260869564
0 0.5319293478260869 0.11752717391304347 0.02377717391304348 0.027853260869565216
0 0.5658967391304348 0.13519021739130435 0.02377717391304348 0.027853260869565216
0 0.563858695652174 0.23505434782608695 0.03260869565217391 0.03872282608695652
0 0.46127717391304346 0.1766304347826087 0.02377717391304348 0.027853260869565216
0 0.41915760869565216 0.18817934782608695 0.01970108695652174 0.027853260869565216
0 0.39402173913043476 0.19361413043478262 0.02377717391304348 0.027853260869565216
0 0.37160326086956524 0.2262228260869565 0.029211956521739132 0.035326086956521736
0 0.35733695652173914 0.21603260869565216 0.02309782608695652 0.028532608695652172
0 0.33695652173913043 0.23777173913043478 0.025135869565217392 0.028532608695652172
0 0.24932065217391305 0.28940217391304346 0.03125 0.036005434782608696
0 0.19904891304347827 0.32065217391304346 0.035326086956521736 0.036005434782608696
0 0.23845108695652173 0.327445652173913 0.03125 0.036005434782608696
0 0.2112771739130435 0.35597826086956524 0.036684782608695655 0.043478260869565216
0 0.18885869565217392 0.3688858695652174 0.035326086956521736 0.03872282608695652
0 0.20584239130434784 0.3960597826086957 0.036684782608695655 0.043478260869565216
0 0.2703804347826087 0.3811141304347826 0.036684782608695655 0.042798913043478264
0 0.27241847826086957 0.33491847826086957 0.03328804347826087 0.03804347826086957
0 0.3077445652173913 0.35190217391304346 0.03736413043478261 0.042798913043478264
0 0.3695652173913043 0.3267663043478261 0.036684782608695655 0.041440217391304345
0 0.34171195652173914 0.313179347826087 0.03125 0.036005434782608696
0 0.32472826086956524 0.2873641304347826 0.029211956521739132 0.035326086956521736
0 0.3804347826086957 0.264945652173913 0.029211956521739132 0.036005434782608696
0 0.3580163043478261 0.2561141304347826 0.029211956521739132 0.035326086956521736
0 0.41847826086956524 0.250679347826087 0.029211956521739132 0.03804347826086957
0 0.44972826086956524 0.2595108695652174 0.03260869565217391 0.04008152173913043
0 0.469429347826087 0.22486413043478262 0.03125 0.035326086956521736
0 0.43070652173913043 0.21467391304347827 0.02717391304347826 0.035326086956521736
0 0.4517663043478261 0.20584239130434784 0.025135869565217392 0.029891304347826088
0 0.5067934782608695 0.24932065217391305 0.03260869565217391 0.03872282608695652
0 0.5258152173913043 0.20720108695652173 0.027853260869565216 0.035326086956521736
0 0.5230978260869565 0.17051630434782608 0.025135869565217392 0.03328804347826087
0 0.7309782608695652 0.11005434782608696 0.02309782608695652 0.027853260869565216
0 0.6990489130434783 0.125 0.02377717391304348 0.025815217391304348
0 0.670516304347826 0.15217391304347827 0.027853260869565216 0.03260869565217391
0 0.6379076086956522 0.16576086956521738 0.029211956521739132 0.03260869565217391
0 0.6148097826086957 0.19429347826086957 0.027853260869565216 0.03125
0 0.5964673913043478 0.21671195652173914 0.03125 0.03328804347826087
0 0.548233695652174 0.26834239130434784 0.03125 0.036005434782608696
0 0.49320652173913043 0.3063858695652174 0.03260869565217391 0.03804347826086957
0 0.41372282608695654 0.36277173913043476 0.036684782608695655 0.03804347826086957
0 0.36616847826086957 0.38858695652173914 0.03736413043478261 0.04551630434782609
0 0.31997282608695654 0.41779891304347827 0.036684782608695655 0.04755434782608696
0 0.23980978260869565 0.47282608695652173 0.041440217391304345 0.04551630434782609
0 0.20720108695652173 0.4904891304347826 0.04076086956521739 0.04619565217391304
0 0.19633152173913043 0.5543478260869565 0.04483695652173913 0.05298913043478261
0 0.30570652173913043 0.5978260869565217 0.04891304347826087 0.05434782608695652
0 0.28804347826086957 0.5366847826086957 0.041440217391304345 0.050271739130434784
0 0.35190217391304346 0.4782608695652174 0.04076086956521739 0.043478260869565216
0 0.39877717391304346 0.43546195652173914 0.04076086956521739 0.043478260869565216
0 0.4388586956521739 0.40625 0.04076086956521739 0.03736413043478261
0 0.5210597826086957 0.36820652173913043 0.036684782608695655 0.03804347826086957
0 0.5550271739130435 0.34782608695652173 0.03260869565217391 0.03872282608695652
0 0.5788043478260869 0.32404891304347827 0.02717391304347826 0.035326086956521736
0 0.6005434782608695 0.29347826086956524 0.027853260869565216 0.035326086956521736
0 0.6052989130434783 0.2595108695652174 0.03125 0.03804347826086957
0 0.6311141304347826 0.2391304347826087 0.027853260869565216 0.036005434782608696
0 0.6759510869565217 0.23641304347826086 0.027853260869565216 0.03328804347826087
0 0.7024456521739131 0.19701086956521738 0.027853260869565216 0.03260869565217391
0 0.720108695652174 0.18410326086956522 0.029211956521739132 0.03328804347826087
0 0.7493206521739131 0.16644021739130435 0.025135869565217392 0.029891304347826088
0 0.7418478260869565 0.15081521739130435 0.025135869565217392 0.028532608695652172
0 0.7778532608695652 0.1324728260869565 0.029211956521739132 0.03125
0 0.8043478260869565 0.13858695652173914 0.01970108695652174 0.02377717391304348
0 0.8179347826086957 0.12296195652173914 0.02377717391304348 0.027853260869565216
0 0.876358695652174 0.09578804347826086 0.02377717391304348 0.025815217391304348
0 0.8023097826086957 0.1827445652173913 0.029211956521739132 0.035326086956521736
0 0.7737771739130435 0.20448369565217392 0.029211956521739132 0.03125
0 0.7520380434782609 0.22010869565217392 0.03125 0.03260869565217391
0 0.7004076086956522 0.25407608695652173 0.03328804347826087 0.03804347826086957
0 0.9442934782608695 0.140625 0.03260869565217391 0.036005434782608696
0 0.9898097826086957 0.11413043478260869 0.015625 0.025815217391304348
0 0.8872282608695652 0.1487771739130435 0.027853260869565216 0.03125
0 0.889266304347826 0.17798913043478262 0.03328804347826087 0.03328804347826087
0 0.8355978260869565 0.2112771739130435 0.03260869565217391 0.03260869565217391
0 0.8104619565217391 0.24592391304347827 0.03328804347826087 0.036005434782608696
0 0.766983695652174 0.264945652173913 0.03125 0.035326086956521736
0 0.7085597826086957 0.30027173913043476 0.035326086956521736 0.03872282608695652
0 0.6039402173913043 0.39334239130434784 0.036684782608695655 0.04008152173913043
0 0.5679347826086957 0.40217391304347827 0.04076086956521739 0.04551630434782609
0 0.516983695652174 0.44089673913043476 0.03736413043478261 0.04551630434782609
0 0.4741847826086957 0.46603260869565216 0.04076086956521739 0.04755434782608696
0 0.374320652173913 0.516983695652174 0.046875 0.05366847826086957
0 0.42527173913043476 0.5964673913043478 0.050951086956521736 0.06046195652173913
0 0.5115489130434783 0.5339673913043478 0.04891304347826087 0.057744565217391304
0 0.6005434782608695 0.48165760869565216 0.04483695652173913 0.050271739130434784
0 0.6460597826086957 0.4313858695652174 0.04483695652173913 0.04619565217391304
0 0.6820652173913043 0.39741847826086957 0.04076086956521739 0.042798913043478264
0 0.751358695652174 0.34578804347826086 0.043478260869565216 0.04755434782608696
0 0.7635869565217391 0.3226902173913043 0.03736413043478261 0.036005434782608696
0 0.826766304347826 0.3023097826086957 0.04076086956521739 0.04551630434782609
0 0.8682065217391305 0.25679347826086957 0.03328804347826087 0.036005434782608696
0 0.9089673913043478 0.23301630434782608 0.035326086956521736 0.036005434782608696
0 0.9408967391304348 0.21467391304347827 0.03328804347826087 0.03328804347826087
0 0.9891304347826086 0.19429347826086957 0.021739130434782608 0.03260869565217391
0 0.9891304347826086 0.24728260869565216 0.021739130434782608 0.03260869565217391
0 0.9762228260869565 0.265625 0.04076086956521739 0.03804347826086957
0 0.9252717391304348 0.3023097826086957 0.03940217391304348 0.04008152173913043
0 0.8845108695652174 0.3226902173913043 0.04076086956521739 0.043478260869565216
0 0.8519021739130435 0.374320652173913 0.04483695652173913 0.050951086956521736
0 0.813858695652174 0.4008152173913043 0.046875 0.04551630434782609
0 0.7214673913043478 0.5183423913043478 0.04891304347826087 0.057744565217391304
0 0.7411684782608695 0.5645380434782609 0.052309782608695655 0.05638586956521739
0 0.8335597826086957 0.6134510869565217 0.059103260869565216 0.06453804347826086
0 0.5760869565217391 0.5591032608695652 0.052309782608695655 0.05434782608695652
0 0.5842391304347826 0.6025815217391305 0.052309782608695655 0.06046195652173913
0 0.8668478260869565 0.5020380434782609 0.05298913043478261 0.05298913043478261
0 0.9021739130434783 0.436820652173913 0.052309782608695655 0.05434782608695652
0 0.9381793478260869 0.40217391304347827 0.046875 0.05298913043478261
0 0.9714673913043478 0.36820652173913043 0.04823369565217391 0.04891304347826087
0 0.657608695652174 0.6521739130434783 0.057065217391304345 0.058423913043478264
0 0.47690217391304346 0.6684782608695652 0.06046195652173913 0.06725543478260869
0 0.4232336956521739 0.7506793478260869 0.06114130434782609 0.06453804347826086
0 0.34714673913043476 0.6970108695652174 0.05502717391304348 0.06046195652173913
0 0.28532608695652173 0.7398097826086957 0.059103260869565216 0.06725543478260869
0 0.014266304347826086 0.6875 0.027853260869565216 0.05638586956521739
0 0.563858695652174 0.7751358695652174 0.06589673913043478 0.07744565217391304
0 0.6195652173913043 0.7133152173913043 0.06385869565217392 0.06861413043478261
0 0.701766304347826 0.7907608695652174 0.07676630434782608 0.07744565217391304
0 0.748641304347826 0.7581521739130435 0.06453804347826086 0.06317934782608696
0 0.811141304347826 0.7058423913043478 0.06793478260869565 0.06385869565217392
0 0.9619565217391305 0.6813858695652174 0.058423913043478264 0.06861413043478261
0 0.9667119565217391 0.7595108695652174 0.06657608695652174 0.07948369565217392
0 0.9028532608695652 0.8688858695652174 0.08423913043478261 0.08899456521739131
0 0.01358695652173913 0.04755434782608696 0.014266304347826086 0.012907608695652174
0 0.06385869565217392 0.021739130434782608 0.010190217391304348 0.010190217391304348
0 0.08831521739130435 0.04483695652173913 0.014266304347826086 0.012907608695652174
0 0.02309782608695652 0.07948369565217392 0.017663043478260868 0.015625
0 0.04483695652173913 0.12703804347826086 0.021059782608695652 0.018342391304347828
0 0.06929347826086957 0.125 0.021739130434782608 0.018342391304347828
0 0.15421195652173914 0.12160326086956522 0.021739130434782608 0.01970108695652174
0 0.13519021739130435 0.1297554347826087 0.021739130434782608 0.01970108695652174
0 0.10461956521739131 0.14605978260869565 0.021739130434782608 0.01970108695652174
0 0.14402173913043478 0.33016304347826086 0.036684782608695655 0.03260869565217391
0 0.016983695652173912 0.5849184782608695 0.03328804347826087 0.04823369565217391
0 0.343070652173913 0.08831521739130435 0.019021739130434784 0.016983695652173912
0 0.20380434782608695 0.08831521739130435 0.01970108695652174 0.017663043478260868
0 0.19769021739130435 0.27717391304347827 0.03328804347826087 0.029891304347826088
0 0.45584239130434784 0.12296195652173914 0.025135869565217392 0.022418478260869564
0 0.6066576086956522 0.11548913043478261 0.02717391304347826 0.02377717391304348
0 0.5570652173913043 0.16032608695652173 0.029211956521739132 0.02717391304347826
0 0.31046195652173914 0.26154891304347827 0.03260869565217391 0.028532608695652172
0 0.39809782608695654 0.28872282608695654 0.036684782608695655 0.03260869565217391
0 0.5190217391304348 0.29483695652173914 0.035326086956521736 0.03260869565217391
0 0.47078804347826086 0.34646739130434784 0.03872282608695652 0.033967391304347824
0 0.23980978260869565 0.609375 0.05502717391304348 0.04891304347826087
0 0.8410326086956522 0.13722826086956522 0.029891304347826088 0.02717391304347826
0 0.8260869565217391 0.15489130434782608 0.03125 0.02717391304347826
0 0.7214673913043478 0.23777173913043478 0.034646739130434784 0.030570652173913044
0 0.6616847826086957 0.27717391304347827 0.036684782608695655 0.03260869565217391
0 0.9008152173913043 0.15625 0.03260869565217391 0.028532608695652172
0 0.8675271739130435 0.1956521739130435 0.034646739130434784 0.030570652173913044
0 0.7296195652173914 0.29347826086956524 0.04076086956521739 0.035326086956521736
0 0.6630434782608695 0.3267663043478261 0.04076086956521739 0.035326086956521736
0 0.640625 0.34782608695652173 0.03940217391304348 0.033967391304347824
0 0.8199728260869565 0.2826086956521739 0.03940217391304348 0.035326086956521736
0 0.7764945652173914 0.4313858695652174 0.050951086956521736 0.044157608695652176
0 0.7316576086956522 0.46875 0.052309782608695655 0.04619565217391304
0 0.9918478260869565 0.3294836956521739 0.015625 0.041440217391304345
0 0.14266304347826086 0.701766304347826 0.06114130434782609 0.05434782608695652