0 0.08288043478260869 0.04755434782608696 0.015625 0.016983695652173912
0 0.016304347826086956 0.07404891304347826 0.01358695652173913 0.01358695652173913
0 0.08627717391304347 0.06453804347826086 0.015625 0.01358695652173913
0 0.057065217391304345 0.09578804347826086 0.019021739130434784 0.016983695652173912
0 0.03872282608695652 0.12907608695652173 0.01970108695652174 0.017663043478260868
0 0.10394021739130435 0.12839673913043478 0.019021739130434784 0.018342391304347828
0 0.11073369565217392 0.09782608695652174 0.016983695652173912 0.017663043478260868
0 0.11345108695652174 0.07744565217391304 0.014266304347826086 0.014945652173913044
0 0.16236413043478262 0.07472826086956522 0.015625 0.016983695652173912
0 0.19769021739130435 0.09510869565217392 0.015625 0.014945652173913044
0 0.1671195652173913 0.12024456521739131 0.015625 0.016983695652173912
0 0.125 0.11820652173913043 0.019021739130434784 0.016983695652173912
0 0.16032608695652173 0.14741847826086957 0.02309782608695652 0.021059782608695652
0 0.06589673913043478 0.21603260869565216 0.025135869565217392 0.02377717391304348
0 0.07676630434782608 0.1949728260869565 0.01970108695652174 0.018342391304347828
0 0.03940217391304348 0.23029891304347827 0.02309782608695652 0.02377717391304348
0 0.052309782608695655 0.26902173913043476 0.025135869565217392 0.027853260869565216
0 0.024456521739130436 0.3016304347826087 0.03125 0.035326086956521736
0 0.009510869565217392 0.39877717391304346 0.019021739130434784 0.03736413043478261
0 0.020380434782608696 0.4279891304347826 0.04076086956521739 0.04755434782608696
0 0.11209239130434782 0.36345108695652173 0.03125 0.03328804347826087
0 0.09035326086956522 0.29347826086956524 0.027853260869565216 0.03260869565217391
0 0.13043478260869565 0.3063858695652174 0.03260869565217391 0.03125
0 0.12160326086956522 0.27377717391304346 0.029211956521739132 0.025135869565217392
0 0.14130434782608695 0.25339673913043476 0.027853260869565216 0.025135869565217392
0 0.13722826086956522 0.22146739130434784 0.02377717391304348 0.022418478260869564
0 0.1671195652173913 0.19361413043478262 0.01970108695652174 0.020380434782608696
0 0.2269021739130435 0.18410326086956522 0.01970108695652174 0.022418478260869564
0 0.25339673913043476 0.1331521739130435 0.016983695652173912 0.017663043478260868
0 0.25883152173913043 0.10665760869565218 0.015625 0.016983695652173912
0 0.28464673913043476 0.09646739130434782 0.015625 0.014945652173913044
0 0.2513586956521739 0.08220108695652174 0.012228260869565218 0.01358695652173913
0 0.3172554347826087 0.07201086956521739 0.014266304347826086 0.014945652173913044
0 0.375679347826087 0.06046195652173913 0.012228260869565218 0.01358695652173913
0 0.344429347826087 0.07065217391304347 0.012228260869565218 0.01358695652173913
0 0.3220108695652174 0.13722826086956522 0.019021739130434784 0.018342391304347828
0 0.3226902173913043 0.21467391304347827 0.02309782608695652 0.020380434782608696
0 0.23980978260869565 0.21739130434782608 0.01970108695652174 0.021059782608695652
0 0.23980978260869565 0.23165760869565216 0.02377717391304348 0.022418478260869564
0 0.22146739130434784 0.2798913043478261 0.027853260869565216 0.029891304347826088
0 0.20380434782608695 0.27853260869565216 0.025135869565217392 0.028532608695652172
0 0.19429347826086957 0.3451086956521739 0.03125 0.029891304347826088
0 0.19904891304347827 0.375679347826087 0.03260869565217391 0.036005434782608696
0 0.171875 0.3858695652173913 0.03736413043478261 0.041440217391304345
0 0.11480978260869565 0.47758152173913043 0.043478260869565216 0.03872282608695652
0 0.07540760869565218 0.4232336956521739 0.03260869565217391 0.03328804347826087
0 0.13451086956521738 0.5509510869565217 0.04076086956521739 0.03872282608695652
0 0.09510869565217392 0.59375 0.05638586956521739 0.05638586956521739
0 0.2269021739130435 0.576766304347826 0.050951086956521736 0.05366847826086957
0 0.19972826086956522 0.48097826086956524 0.03736413043478261 0.043478260869565216
0 0.250679347826087 0.4266304347826087 0.036684782608695655 0.035326086956521736
0 0.27785326086956524 0.35733695652173914 0.035326086956521736 0.035326086956521736
0 0.30027173913043476 0.30910326086956524 0.027853260869565216 0.027853260869565216
0 0.3335597826086957 0.33627717391304346 0.02717391304347826 0.029891304347826088
0 0.3804347826086957 0.30910326086956524 0.027853260869565216 0.028532608695652172
0 0.38315217391304346 0.2873641304347826 0.027853260869565216 0.025815217391304348
0 0.40828804347826086 0.33152173913043476 0.029211956521739132 0.035326086956521736
0 0.453125 0.30095108695652173 0.02717391304347826 0.029891304347826088
0 0.4483695652173913 0.2710597826086957 0.02377717391304348 0.028532608695652172
0 0.38654891304347827 0.2425271739130435 0.02377717391304348 0.027853260869565216
0 0.3335597826086957 0.250679347826087 0.02377717391304348 0.027853260869565216
0 0.3023097826086957 0.250679347826087 0.021059782608695652 0.020380434782608696
0 0.36752717391304346 0.203125 0.01970108695652174 0.02377717391304348
0 0.4157608695652174 0.19701086956521738 0.021059782608695652 0.02377717391304348
0 0.40964673913043476 0.16644021739130435 0.01970108695652174 0.020380434782608696
0 0.40353260869565216 0.12092391304347826 0.015625 0.017663043478260868
0 0.3967391304347826 0.09103260869565218 0.01358695652173913 0.016983695652173912
0 0.3960597826086957 0.07404891304347826 0.012228260869565218 0.014945652173913044
0 0.421195652173913 0.06453804347826086 0.01154891304347826 0.01358695652173913
0 0.4483695652173913 0.08220108695652174 0.012228260869565218 0.014945652173913044
0 0.4673913043478261 0.15828804347826086 0.019021739130434784 0.021059782608695652
0 0.45040760869565216 0.17255434782608695 0.019021739130434784 0.021059782608695652
0 0.4483695652173913 0.19157608695652173 0.01970108695652174 0.02377717391304348
0 0.45108695652173914 0.23641304347826086 0.02309782608695652 0.027853260869565216
0 0.5067934782608695 0.17730978260869565 0.01970108695652174 0.021059782608695652
0 0.5516304347826086 0.14673913043478262 0.019021739130434784 0.020380434782608696
0 0.5706521739130435 0.12160326086956522 0.016983695652173912 0.017663043478260868
0 0.5230978260869565 0.08831521739130435 0.012228260869565218 0.01358695652173913
0 0.6005434782608695 0.05502717391304348 0.012228260869565218 0.01358695652173913
0 0.6379076086956522 0.05298913043478261 0.012228260869565218 0.016983695652173912
0 0.6019021739130435 0.08152173913043478 0.015625 0.016983695652173912
0 0.6331521739130435 0.09171195652173914 0.015625 0.017663043478260868
0 0.6433423913043478 0.11073369565217392 0.015625 0.017663043478260868
0 0.6290760869565217 0.1480978260869565 0.015625 0.018342391304347828
0 0.6127717391304348 0.16508152173913043 0.019021739130434784 0.018342391304347828
0 0.5957880434782609 0.16236413043478262 0.019021739130434784 0.018342391304347828
0 0.6066576086956522 0.1875 0.02309782608695652 0.02377717391304348
0 0.5971467391304348 0.22758152173913043 0.02377717391304348 0.02377717391304348
0 0.5101902173913043 0.296875 0.027853260869565216 0.03328804347826087
0 0.485054347826087 0.3851902173913043 0.029211956521739132 0.03328804347826087
0 0.38179347826086957 0.3851902173913043 0.03260869565217391 0.03328804347826087
0 0.42866847826086957 0.452445652173913 0.03328804347826087 0.04008152173913043
0 0.29483695652173914 0.5033967391304348 0.04076086956521739 0.03872282608695652
0 0.4388586956521739 0.5604619565217391 0.03940217391304348 0.04755434782608696
0 0.5489130434782609 0.44157608695652173 0.04076086956521739 0.04755434782608696
0 0.5516304347826086 0.40625 0.03125 0.03260869565217391
0 0.5917119565217391 0.36141304347826086 0.03260869565217391 0.03125
0 0.548233695652174 0.3335597826086957 0.029211956521739132 0.029891304347826088
0 0.576766304347826 0.26222826086956524 0.01970108695652174 0.025135869565217392
0 0.6480978260869565 0.28532608695652173 0.029211956521739132 0.03125
0 0.640625 0.3335597826086957 0.03125 0.03125
0 0.6385869565217391 0.39809782608695654 0.03260869565217391 0.03872282608695652
0 0.734375 0.33559782608695654 0.03125 0.029891304347826088
0 0.688858695652174 0.2669836956521739 0.02717391304347826 0.03260869565217391
0 0.7269021739130435 0.27377717391304346 0.02377717391304348 0.027853260869565216
0 0.654891304347826 0.21603260869565216 0.02309782608695652 0.025135869565217392
0 0.6895380434782609 0.19157608695652173 0.01970108695652174 0.025135869565217392
0 0.7370923913043478 0.18342391304347827 0.021059782608695652 0.02377717391304348
0 0.7520380434782609 0.20855978260869565 0.02717391304347826 0.03125
0 0.7941576086956522 0.12839673913043478 0.01970108695652174 0.022418478260869564
0 0.7730978260869565 0.11345108695652174 0.015625 0.018342391304347828
0 0.7601902173913043 0.078125 0.012228260869565218 0.016983695652173912
0 0.779891304347826 0.09375 0.016983695652173912 0.016983695652173912
0 0.8023097826086957 0.06182065217391304 0.014266304347826086 0.016983695652173912
0 0.8179347826086957 0.052309782608695655 0.012228260869565218 0.012228260869565218
0 0.8328804347826086 0.06997282608695653 0.014266304347826086 0.016983695652173912
0 0.845108695652174 0.05298913043478261 0.012228260869565218 0.016983695652173912
0 0.8559782608695652 0.041440217391304345 0.012228260869565218 0.016983695652173912
0 0.8804347826086957 0.05298913043478261 0.014266304347826086 0.016983695652173912
0 0.8376358695652174 0.09918478260869565 0.019021739130434784 0.020380434782608696
0 0.8777173913043478 0.10529891304347826 0.016983695652173912 0.020380434782608696
0 0.9069293478260869 0.051630434782608696 0.014266304347826086 0.016983695652173912
0 0.9252717391304348 0.05570652173913043 0.014266304347826086 0.017663043478260868
0 0.9442934782608695 0.06861413043478261 0.014266304347826086 0.018342391304347828
0 0.9769021739130435 0.050271739130434784 0.012228260869565218 0.016983695652173912
0 0.998641304347826 0.041440217391304345 0.0020380434782608695 0.014945652173913044
0 0.7601902173913043 0.057744565217391304 0.01154891304347826 0.014945652173913044
0 0.7506793478260869 0.05298913043478261 0.01154891304347826 0.012907608695652174
0 0.7364130434782609 0.050951086956521736 0.009510869565217392 0.010869565217391304
0 0.7099184782608695 0.059103260869565216 0.012228260869565218 0.01358695652173913
0 0.6854619565217391 0.05570652173913043 0.012228260869565218 0.014945652173913044
0 0.7004076086956522 0.08423913043478261 0.014266304347826086 0.016983695652173912
0 0.6745923913043478 0.12703804347826086 0.016983695652173912 0.017663043478260868
0 0.7051630434782609 0.140625 0.019021739130434784 0.021059782608695652
0 0.7180706521739131 0.125 0.015625 0.017663043478260868
0 0.8213315217391305 0.17595108695652173 0.019021739130434784 0.022418478260869564
0 0.8308423913043478 0.1949728260869565 0.02309782608695652 0.025135869565217392
0 0.8383152173913043 0.16168478260869565 0.01970108695652174 0.021059782608695652
0 0.8831521739130435 0.1827445652173913 0.021059782608695652 0.027853260869565216
0 0.8851902173913043 0.16032608695652173 0.01970108695652174 0.021059782608695652
0 0.9096467391304348 0.15760869565217392 0.02309782608695652 0.027853260869565216
0 0.9293478260869565 0.13111413043478262 0.019021739130434784 0.021059782608695652
0 0.9463315217391305 0.15421195652173914 0.02309782608695652 0.025135869565217392
0 0.9741847826086957 0.1480978260869565 0.021059782608695652 0.022418478260869564
0 0.9816576086956522 0.13179347826086957 0.019021739130434784 0.021059782608695652
0 0.9836956521739131 0.09646739130434782 0.015625 0.018342391304347828
0 0.936141304347826 0.09103260869565218 0.015625 0.017663043478260868
0 0.9993206521739131 0.09986413043478261 0.001358695652173913 0.021059782608695652
0 0.9707880434782609 0.20108695652173914 0.02377717391304348 0.027853260869565216
0 0.954483695652174 0.19157608695652173 0.019021739130434784 0.025135869565217392
0 0.920516304347826 0.22894021739130435 0.02377717391304348 0.029891304347826088
0 0.8851902173913043 0.22282608695652173 0.02377717391304348 0.025815217391304348
0 0.9055706521739131 0.26358695652173914 0.025135869565217392 0.029891304347826088
0 0.829483695652174 0.24388586956521738 0.025135869565217392 0.028532608695652172
0 0.8002717391304348 0.2608695652173913 0.02717391304347826 0.028532608695652172
0 0.845108695652174 0.3063858695652174 0.03260869565217391 0.03872282608695652
0 0.813858695652174 0.28872282608695654 0.027853260869565216 0.03260869565217391
0 0.7934782608695652 0.33559782608695654 0.036684782608695655 0.04008152173913043
0 0.985733695652174 0.2758152173913043 0.02717391304347826 0.03125
0 0.9735054347826086 0.25203804347826086 0.025135869565217392 0.025815217391304348
0 0.9429347826086957 0.29279891304347827 0.03260869565217391 0.036005434782608696
0 0.9660326086956522 0.31589673913043476 0.03125 0.03328804347826087
0 0.904891304347826 0.35258152173913043 0.03125 0.03804347826086957
0 0.8355978260869565 0.37907608695652173 0.03125 0.036005434782608696
0 0.8152173913043478 0.42934782608695654 0.03736413043478261 0.041440217391304345
0 0.7778532608695652 0.40353260869565216 0.03328804347826087 0.04008152173913043
0 0.7180706521739131 0.43410326086956524 0.035326086956521736 0.03804347826086957
0 0.7540760869565217 0.46875 0.035326086956521736 0.04619565217391304
0 0.6385869565217391 0.47282608695652173 0.035326086956521736 0.04551630434782609
0 0.6664402173913043 0.5047554347826086 0.043478260869565216 0.04755434782608696
0 0.6820652173913043 0.5774456521739131 0.046875 0.050271739130434784
0 0.5862771739130435 0.5577445652173914 0.043478260869565216 0.042798913043478264
0 0.5570652173913043 0.5190217391304348 0.03125 0.043478260869565216
0 0.5543478260869565 0.6012228260869565 0.04483695652173913 0.04619565217391304
0 0.7839673913043478 0.5183423913043478 0.04076086956521739 0.04551630434782609
0 0.8070652173913043 0.5760869565217391 0.04823369565217391 0.05638586956521739
0 0.9198369565217391 0.5658967391304348 0.050951086956521736 0.057744565217391304
0 0.8947010869565217 0.5210597826086957 0.04076086956521739 0.04891304347826087
0 0.8960597826086957 0.46059782608695654 0.03940217391304348 0.050271739130434784
0 0.8940217391304348 0.41440217391304346 0.035326086956521736 0.03804347826086957
0 0.9612771739130435 0.4422554347826087 0.042798913043478264 0.04619565217391304
0 0.9721467391304348 0.38722826086956524 0.035326086956521736 0.04008152173913043
0 0.9938858695652174 0.40828804347826086 0.012228260869565218 0.042119565217391304
0 0.9898097826086957 0.5244565217391305 0.01970108695652174 0.050951086956521736
0 0.9870923913043478 0.6868206521739131 0.025815217391304348 0.05570652173913043
0 0.9116847826086957 0.6637228260869565 0.052309782608695655 0.058423913043478264
0 0.5747282608695652 0.6372282608695652 0.050951086956521736 0.050951086956521736
0 0.46535326086956524 0.6447010869565217 0.04891304347826087 0.050271739130434784
0 0.8009510869565217 0.625 0.05502717391304348 0.06385869565217392
0 0.06793478260869565 0.05298913043478261 0.014266304347826086 0.01358695652173913
0 0.01970108695652174 0.052309782608695655 0.014266304347826086 0.012907608695652174
0 0.042798913043478264 0.08355978260869565 0.016983695652173912 0.014945652173913044
0 0.07540760869565218 0.07744565217391304 0.016983695652173912 0.014945652173913044
0 0.028532608695652172 0.11005434782608696 0.017663043478260868 0.016983695652173912
0 0.010190217391304348 0.13519021739130435 0.01970108695652174 0.017663043478260868
0 0.058423913043478264 0.16032608695652173 0.021059782608695652 0.018342391304347828
0 0.09714673913043478 0.15489130434782608 0.021059782608695652 0.01970108695652174
0 0.06997282608695653 0.11820652173913043 0.019021739130434784 0.016983695652173912
0 0.13451086956521738 0.09171195652173914 0.016983695652173912 0.014945652173913044
0 0.1297554347826087 0.07948369565217392 0.017663043478260868 0.015625
0 0.14741847826086957 0.0625 0.015625 0.01358695652173913
0 0.1800271739130435 0.06046195652173913 0.014266304347826086 0.012907608695652174
0 0.19157608695652173 0.0625 0.014266304347826086 0.01358695652173913
0 0.21331521739130435 0.07201086956521739 0.015625 0.01358695652173913
0 0.23097826086956522 0.09782608695652174 0.016983695652173912 0.014945652173913044
0 0.20652173913043478 0.08220108695652174 0.014266304347826086 0.012907608695652174
0 0.17730978260869565 0.12703804347826086 0.01970108695652174 0.017663043478260868
0 0.15217391304347827 0.13654891304347827 0.019021739130434784 0.017663043478260868
0 0.033967391304347824 0.20923913043478262 0.025135869565217392 0.022418478260869564
0 0.006793478260869565 0.18817934782608695 0.01358695652173913 0.020380434782608696
0 0.009510869565217392 0.25815217391304346 0.019021739130434784 0.02377717391304348
0 0.14198369565217392 0.17595108695652173 0.021059782608695652 0.018342391304347828
0 0.23777173913043478 0.15217391304347827 0.019021739130434784 0.017663043478260868
0 0.23369565217391305 0.06997282608695653 0.015625 0.01358695652173913
0 0.25883152173913043 0.07065217391304347 0.014266304347826086 0.01358695652173913
0 0.26902173913043476 0.06657608695652174 0.01358695652173913 0.012907608695652174
0 0.2982336956521739 0.06317934782608696 0.01358695652173913 0.012228260869565218
0 0.29959239130434784 0.07744565217391304 0.015625 0.012907608695652174
0 0.3335597826086957 0.06453804347826086 0.01358695652173913 0.012228260869565218
0 0.35665760869565216 0.06317934782608696 0.01358695652173913 0.012228260869565218
0 0.344429347826087 0.08627717391304347 0.015625 0.01358695652173913
0 0.33491847826086957 0.12432065217391304 0.017663043478260868 0.016983695652173912
0 0.3172554347826087 0.10597826086956522 0.017663043478260868 0.014945652173913044
0 0.3423913043478261 0.15489130434782608 0.01970108695652174 0.017663043478260868
0 0.3335597826086957 0.16032608695652173 0.021059782608695652 0.018342391304347828
0 0.2269021739130435 0.24796195652173914 0.025135869565217392 0.02309782608695652
0 0.33016304347826086 0.23097826086956522 0.02377717391304348 0.021059782608695652
0 0.436820652173913 0.13519021739130435 0.019021739130434784 0.016983695652173912
0 0.45584239130434784 0.07472826086956522 0.01358695652173913 0.012907608695652174
0 0.4673913043478261 0.06725543478260869 0.01358695652173913 0.012228260869565218
0 0.5 0.06929347826086957 0.014266304347826086 0.012228260869565218
0 0.5115489130434783 0.057744565217391304 0.012228260869565218 0.010869565217391304
0 0.4789402173913043 0.09239130434782608 0.015625 0.012907608695652174
0 0.46603260869565216 0.11005434782608696 0.016983695652173912 0.014945652173913044
0 0.5033967391304348 0.13179347826086957 0.017663043478260868 0.016983695652173912
0 0.48777173913043476 0.1922554347826087 0.02309782608695652 0.020380434782608696
0 0.4904891304347826 0.20855978260869565 0.025135869565217392 0.022418478260869564
0 0.5190217391304348 0.19089673913043478 0.02309782608695652 0.020380434782608696
0 0.5414402173913043 0.10665760869565218 0.017663043478260868 0.014945652173913044
0 0.5489130434782609 0.05502717391304348 0.01358695652173913 0.012228260869565218
0 0.563858695652174 0.06453804347826086 0.014266304347826086 0.012907608695652174
0 0.6148097826086957 0.06589673913043478 0.015625 0.012907608695652174
0 0.576766304347826 0.07744565217391304 0.015625 0.01358695652173913
0 0.6426630434782609 0.078125 0.015625 0.01358695652173913
0 0.5917119565217391 0.1766304347826087 0.021739130434782608 0.01970108695652174
0 0.5387228260869565 0.24932065217391305 0.02717391304347826 0.02377717391304348
0 0.5366847826086957 0.26358695652173914 0.02717391304347826 0.025135869565217392
0 0.5027173913043478 0.34646739130434784 0.03260869565217391 0.028532608695652172
0 0.35122282608695654 0.43546195652173914 0.03736413043478261 0.033967391304347824
0 0.3498641304347826 0.5197010869565217 0.04551630434782609 0.04008152173913043
0 0.33627717391304346 0.592391304347826 0.04891304347826087 0.044157608695652176
0 0.59375 0.2710597826086957 0.029211956521739132 0.025135869565217392
0 0.6847826086956522 0.36277173913043476 0.034646739130434784 0.030570652173913044
0 0.7275815217391305 0.37296195652173914 0.036684782608695655 0.03260869565217391
0 0.735733695652174 0.2866847826086957 0.03260869565217391 0.028532608695652172
0 0.7764945652173914 0.15828804347826086 0.021739130434782608 0.020380434782608696
0 0.7730978260869565 0.19089673913043478 0.025135869565217392 0.022418478260869564
0 0.7554347826086957 0.09918478260869565 0.017663043478260868 0.015625
0 0.8729619565217391 0.07608695652173914 0.017663043478260868 0.015625
0 0.8926630434782609 0.08016304347826086 0.017663043478260868 0.015625
0 0.8974184782608695 0.050951086956521736 0.015625 0.014945652173913044
0 0.9313858695652174 0.04483695652173913 0.014266304347826086 0.01358695652173913
0 0.9612771739130435 0.050951086956521736 0.015625 0.01358695652173913
0 0.7683423913043478 0.044157608695652176 0.01154891304347826 0.010190217391304348
0 0.7241847826086957 0.04891304347826087 0.012228260869565218 0.010869565217391304
0 0.6847826086956522 0.044157608695652176 0.012228260869565218 0.010869565217391304
0 0.6929347826086957 0.09782608695652174 0.017663043478260868 0.014945652173913044
0 0.7105978260869565 0.10122282608695653 0.017663043478260868 0.014945652173913044
0 0.8872282608695652 0.2425271739130435 0.029211956521739132 0.025815217391304348
0 0.7880434782608695 0.2561141304347826 0.029891304347826088 0.02717391304347826
0 0.9714673913043478 0.34375 0.036684782608695655 0.03260869565217391
0 0.6902173913043478 0.6059782608695652 0.05298913043478261 0.04755434782608696
0 0.9565217391304348 0.4904891304347826 0.04891304347826087 0.042798913043478264
0 0.9891304347826086 0.5842391304347826 0.021739130434782608 0.04891304347826087