0 0.15421195652173914 0.46603260869565216 0.051630434782608696 0.05366847826086957
0 0.45040760869565216 0.4205163043478261 0.04008152173913043 0.041440217391304345
0 0.5047554347826086 0.43478260869565216 0.051630434782608696 0.04551630434782609
0 0.5237771739130435 0.484375 0.0625 0.058423913043478264
0 0.45516304347826086 0.4830163043478261 0.06182065217391304 0.06046195652173913
0 0.27241847826086957 0.5006793478260869 0.06385869565217392 0.06046195652173913
0 0.21671195652173914 0.4898097826086957 0.0625 0.06046195652173913
0 0.203125 0.75 0.06385869565217392 0.05502717391304348
0 0.5625 0.8192934782608695 0.07404891304347826 0.07133152173913043
0 0.8091032608695652 0.671875 0.04823369565217391 0.049592391304347824
0 0.7452445652173914 0.4327445652173913 0.046875 0.04755434782608696
0 0.779891304347826 0.4279891304347826 0.052309782608695655 0.051630434782608696
0 0.8355978260869565 0.44429347826086957 0.05434782608695652 0.052309782608695655
0 0.4741847826086957 0.4327445652173913 0.049592391304347824 0.044157608695652176
0 0.20516304347826086 0.438179347826087 0.057744565217391304 0.051630434782608696
0 0.5427989130434783 0.41847826086956524 0.04551630434782609 0.04008152173913043