0 0.5489130434782609 0.7411684782608695 0.01154891304347826 0.012228260869565218
0 0.30978260869565216 0.7690217391304348 0.012228260869565218 0.010869565217391304
0 0.2921195652173913 0.7622282608695652 0.01154891304347826 0.01154891304347826
0 0.2601902173913043 0.7567934782608695 0.01154891304347826 0.012228260869565218
0 0.25203804347826086 0.7547554347826086 0.012228260869565218 0.01154891304347826
0 0.24864130434782608 0.7432065217391305 0.008831521739130434 0.008831521739130434
0 0.2561141304347826 0.7323369565217391 0.006793478260869565 0.006793478260869565
0 0.2860054347826087 0.7364130434782609 0.006793478260869565 0.006793478260869565
0 0.2982336956521739 0.7350543478260869 0.006793478260869565 0.006793478260869565
0 0.343070652173913 0.7377717391304348 0.010190217391304348 0.010190217391304348
0 0.35733695652173914 0.7418478260869565 0.010190217391304348 0.01154891304347826
0 0.39945652173913043 0.7377717391304348 0.007472826086956522 0.006793478260869565
0 0.43410326086956524 0.735733695652174 0.009510869565217392 0.008831521739130434
0 0.19361413043478262 0.7649456521739131 0.012907608695652174 0.012228260869565218
0 0.18817934782608695 0.7547554347826086 0.010869565217391304 0.010190217391304348
0 0.15760869565217392 0.7676630434782609 0.008831521739130434 0.008831521739130434
0 0.14130434782608695 0.7438858695652174 0.01154891304347826 0.009510869565217392
0 0.059103260869565216 0.7323369565217391 0.005434782608695652 0.005434782608695652
0 0.06929347826086957 0.734375 0.006114130434782609 0.006114130434782609
0 0.10461956521739131 0.733016304347826 0.006114130434782609 0.006114130434782609
0 0.13654891304347827 0.7323369565217391 0.006793478260869565 0.006793478260869565
0 0.873641304347826 0.7370923913043478 0.010869565217391304 0.008152173913043478
0 0.5183423913043478 0.733016304347826 0.010869565217391304 0.008152173913043478
0 0.28532608695652173 0.7690217391304348 0.014266304347826086 0.010869565217391304
0 0.2418478260869565 0.7581521739130435 0.01358695652173913 0.009510869565217392
0 0.24048913043478262 0.7547554347826086 0.012228260869565218 0.009510869565217392
0 0.2764945652173913 0.734375 0.008152173913043478 0.006114130434782609
0 0.3063858695652174 0.7370923913043478 0.010190217391304348 0.007472826086956522
0 0.32404891304347827 0.7364130434782609 0.009510869565217392 0.007472826086956522
0 0.38722826086956524 0.7432065217391305 0.010869565217391304 0.008152173913043478
0 0.37160326086956524 0.7567934782608695 0.012228260869565218 0.009510869565217392
0 0.4436141304347826 0.7336956521739131 0.010869565217391304 0.008152173913043478
0 0.468070652173913 0.734375 0.010869565217391304 0.007472826086956522
0 0.19904891304347827 0.7384510869565217 0.010190217391304348 0.007472826086956522
0 0.17527173913043478 0.764266304347826 0.01358695652173913 0.009510869565217392
0 0.11413043478260869 0.7384510869565217 0.008831521739130434 0.006793478260869565
0 0.07676630434782608 0.7370923913043478 0.008831521739130434 0.006793478260869565
0 0.016983695652173912 0.7370923913043478 0.008831521739130434 0.006793478260869565
0 0.025815217391304348 0.735733695652174 0.009510869565217392 0.007472826086956522
0 0.006114130434782609 0.734375 0.009510869565217392 0.006793478260869565
0 0.05502717391304348 0.7336956521739131 0.009510869565217392 0.006793478260869565
0 0.030570652173913044 0.7302989130434783 0.010190217391304348 0.007472826086956522
0 0.002717391304347826 0.7377717391304348 0.004755434782608696 0.006793478260869565
0 0.07201086956521739 0.7350543478260869 0.009510869565217392 0.006793478260869565
0 0.09986413043478261 0.7323369565217391 0.008152173913043478 0.005434782608695652
0 0.10597826086956522 0.7398097826086957 0.009510869565217392 0.006793478260869565
0 0.12024456521739131 0.7309782608695652 0.007472826086956522 0.005434782608695652
0 0.17595108695652173 0.733016304347826 0.008831521739130434 0.006793478260869565
0 0.18478260869565216 0.733016304347826 0.008831521739130434 0.006793478260869565
0 0.19021739130434784 0.7323369565217391 0.009510869565217392 0.006793478260869565
0 0.19701086956521738 0.7309782608695652 0.008831521739130434 0.006793478260869565
0 0.20108695652173914 0.7323369565217391 0.008831521739130434 0.006793478260869565
0 0.20584239130434784 0.7309782608695652 0.009510869565217392 0.006793478260869565
0 0.20923913043478262 0.7309782608695652 0.009510869565217392 0.006793478260869565
0 0.21195652173913043 0.7302989130434783 0.009510869565217392 0.007472826086956522
0 0.21535326086956522 0.7302989130434783 0.008152173913043478 0.006114130434782609
0 0.21739130434782608 0.7302989130434783 0.007472826086956522 0.006114130434782609
0 0.21875 0.7309782608695652 0.008152173913043478 0.006114130434782609
0 0.2601902173913043 0.7370923913043478 0.008831521739130434 0.006793478260869565
0 0.19972826086956522 0.7479619565217391 0.01154891304347826 0.008831521739130434