0 0.171875 0.6813858695652174 0.004076086956521739 0.004755434782608696
0 0.19904891304347827 0.6684782608695652 0.002717391304347826 0.0033967391304347825
0 0.37296195652173914 0.7099184782608695 0.004076086956521739 0.004755434782608696
0 0.40421195652173914 0.6936141304347826 0.004076086956521739 0.004755434782608696
0 0.4110054347826087 0.6997282608695652 0.004076086956521739 0.004755434782608696
0 0.027853260869565216 0.4782608695652174 0.008152173913043478 0.006793478260869565
0 0.018342391304347828 0.499320652173913 0.006793478260869565 0.006114130434782609
0 0.03872282608695652 0.5047554347826086 0.008152173913043478 0.006793478260869565
0 0.07948369565217392 0.4938858695652174 0.006793478260869565 0.006114130434782609
0 0.07676630434782608 0.49796195652173914 0.006793478260869565 0.006793478260869565
0 0.08220108695652174 0.5081521739130435 0.006793478260869565 0.006114130434782609
0 0.6936141304347826 0.5224184782608695 0.006793478260869565 0.006114130434782609
0 0.001358695652173913 0.5652173913043478 0.002717391304347826 0.006114130434782609
0 0.002717391304347826 0.5597826086956522 0.004755434782608696 0.005434782608695652
0 0.0033967391304347825 0.5523097826086957 0.006793478260869565 0.006114130434782609
0 0.014266304347826086 0.5536684782608695 0.006793478260869565 0.006114130434782609
0 0.012228260869565218 0.5597826086956522 0.006793478260869565 0.005434782608695652
0 0.014266304347826086 0.5699728260869565 0.006114130434782609 0.006114130434782609
0 0.02717391304347826 0.5726902173913043 0.006114130434782609 0.006114130434782609
0 0.025815217391304348 0.563858695652174 0.006114130434782609 0.006114130434782609
0 0.02717391304347826 0.5570652173913043 0.006114130434782609 0.005434782608695652
0 0.03804347826086957 0.5597826086956522 0.006114130434782609 0.005434782608695652
0 0.02377717391304348 0.5869565217391305 0.006793478260869565 0.005434782608695652
0 0.012907608695652174 0.5842391304347826 0.006114130434782609 0.006114130434782609
0 0.008152173913043478 0.5828804347826086 0.006114130434782609 0.006114130434782609
0 0.004755434782608696 0.5842391304347826 0.006114130434782609 0.005434782608695652
0 0.001358695652173913 0.579483695652174 0.002717391304347826 0.005434782608695652
0 0.004076086956521739 0.5944293478260869 0.006114130434782609 0.005434782608695652
0 0.025815217391304348 0.5964673913043478 0.006114130434782609 0.005434782608695652
0 0.036684782608695655 0.5998641304347826 0.006114130434782609 0.005434782608695652
0 0.035326086956521736 0.6046195652173914 0.006114130434782609 0.005434782608695652
0 0.05366847826086957 0.5604619565217391 0.006114130434782609 0.006114130434782609
0 0.06725543478260869 0.5625 0.006793478260869565 0.005434782608695652
0 0.08559782608695653 0.5652173913043478 0.006793478260869565 0.005434782608695652
0 0.10122282608695653 0.5679347826086957 0.006793478260869565 0.005434782608695652
0 0.11480978260869565 0.5713315217391305 0.006114130434782609 0.006114130434782609
0 0.13179347826086957 0.5740489130434783 0.006114130434782609 0.006114130434782609
0 0.11752717391304347 0.5801630434782609 0.006793478260869565 0.005434782608695652
0 0.10461956521739131 0.578125 0.006793478260869565 0.006114130434782609
0 0.08831521739130435 0.5760869565217391 0.006793478260869565 0.005434782608695652
0 0.07269021739130435 0.5713315217391305 0.006114130434782609 0.005434782608695652
0 0.05570652173913043 0.5692934782608695 0.006114130434782609 0.006114130434782609
0 0.042798913043478264 0.5658967391304348 0.006793478260869565 0.005434782608695652
0 0.042119565217391304 0.5754076086956522 0.006114130434782609 0.005434782608695652
0 0.059782608695652176 0.5774456521739131 0.006793478260869565 0.005434782608695652
0 0.07608695652173914 0.5822010869565217 0.006114130434782609 0.005434782608695652
0 0.09307065217391304 0.5842391304347826 0.006114130434782609 0.005434782608695652
0 0.10733695652173914 0.5869565217391305 0.006114130434782609 0.006114130434782609
0 0.08831521739130435 0.5985054347826086 0.006114130434782609 0.005434782608695652
0 0.07269021739130435 0.5957880434782609 0.006114130434782609 0.005434782608695652
0 0.05502717391304348 0.5917119565217391 0.006114130434782609 0.005434782608695652
0 0.04551630434782609 0.5903532608695652 0.006114130434782609 0.006114130434782609
0 0.05570652173913043 0.6012228260869565 0.006114130434782609 0.005434782608695652
0 0.04755434782608696 0.6059782608695652 0.006114130434782609 0.005434782608695652
0 0.07133152173913043 0.6073369565217391 0.006114130434782609 0.005434782608695652
0 0.20380434782608695 0.5720108695652174 0.006793478260869565 0.006114130434782609
0 0.20923913043478262 0.5801630434782609 0.006793478260869565 0.005434782608695652
0 0.203125 0.5869565217391305 0.006114130434782609 0.005434782608695652
0 0.1983695652173913 0.5862771739130435 0.006114130434782609 0.006114130434782609
0 0.18817934782608695 0.5869565217391305 0.006114130434782609 0.005434782608695652
0 0.18478260869565216 0.5869565217391305 0.006114130434782609 0.005434782608695652
0 0.1800271739130435 0.5842391304347826 0.006114130434782609 0.005434782608695652
0 0.16576086956521738 0.5828804347826086 0.006114130434782609 0.005434782608695652
0 0.17391304347826086 0.5808423913043478 0.006114130434782609 0.005434782608695652
0 0.19293478260869565 0.5869565217391305 0.006114130434782609 0.005434782608695652
0 0.37228260869565216 0.5380434782608695 0.006793478260869565 0.006114130434782609
0 0.39266304347826086 0.5407608695652174 0.006793478260869565 0.006114130434782609
0 0.46467391304347827 0.5788043478260869 0.006793478260869565 0.006114130434782609
0 0.4945652173913043 0.6046195652173914 0.006114130434782609 0.005434782608695652
0 0.4436141304347826 0.6066576086956522 0.006114130434782609 0.005434782608695652
0 0.422554347826087 0.6127717391304348 0.006114130434782609 0.005434782608695652
0 0.41779891304347827 0.6114130434782609 0.006114130434782609 0.004755434782608696
0 0.4116847826086957 0.6059782608695652 0.006114130434782609 0.005434782608695652
0 0.4076086956521739 0.6039402173913043 0.006114130434782609 0.005434782608695652
0 0.40285326086956524 0.6019021739130435 0.006114130434782609 0.005434782608695652
0 0.28804347826086957 0.5985054347826086 0.006114130434782609 0.005434782608695652
0 0.3029891304347826 0.6012228260869565 0.006114130434782609 0.005434782608695652
0 0.3226902173913043 0.6059782608695652 0.004755434782608696 0.005434782608695652
0 0.3342391304347826 0.6175271739130435 0.004755434782608696 0.005434782608695652
0 0.34578804347826086 0.609375 0.006114130434782609 0.005434782608695652
0 0.36684782608695654 0.6141304347826086 0.006114130434782609 0.005434782608695652
0 0.39266304347826086 0.6161684782608695 0.006114130434782609 0.005434782608695652
0 0.42527173913043476 0.6229619565217391 0.004755434782608696 0.005434782608695652
0 0.4361413043478261 0.6161684782608695 0.006114130434782609 0.005434782608695652
0 0.45516304347826086 0.6304347826086957 0.006114130434782609 0.005434782608695652
0 0.46195652173913043 0.6413043478260869 0.006114130434782609 0.004755434782608696
0 0.4796195652173913 0.6338315217391305 0.004755434782608696 0.005434782608695652
0 0.49728260869565216 0.6358695652173914 0.004755434782608696 0.004755434782608696
0 0.485054347826087 0.6460597826086957 0.006114130434782609 0.004755434782608696
0 0.45516304347826086 0.6514945652173914 0.004755434782608696 0.005434782608695652
0 0.44089673913043476 0.6474184782608695 0.004755434782608696 0.004755434782608696
0 0.41032608695652173 0.641983695652174 0.006114130434782609 0.005434782608695652
0 0.4014945652173913 0.6358695652173914 0.004755434782608696 0.004755434782608696
0 0.40964673913043476 0.6290760869565217 0.006114130434782609 0.005434782608695652
0 0.38315217391304346 0.625 0.006114130434782609 0.004755434782608696
0 0.36820652173913043 0.6331521739130435 0.004755434782608696 0.005434782608695652
0 0.3607336956521739 0.6216032608695652 0.006114130434782609 0.005434782608695652
0 0.3498641304347826 0.6324728260869565 0.006114130434782609 0.004755434782608696
0 0.3226902173913043 0.625 0.006114130434782609 0.004755434782608696
0 0.30027173913043476 0.6229619565217391 0.006114130434782609 0.005434782608695652
0 0.3023097826086957 0.6120923913043478 0.006114130434782609 0.004755434782608696
0 0.28940217391304346 0.6100543478260869 0.006114130434782609 0.005434782608695652
0 0.2764945652173913 0.6052989130434783 0.006114130434782609 0.005434782608695652
0 0.26290760869565216 0.6134510869565217 0.006114130434782609 0.004755434782608696
0 0.27717391304347827 0.6175271739130435 0.006114130434782609 0.005434782608695652
0 0.24320652173913043 0.6256793478260869 0.006114130434782609 0.005434782608695652
0 0.2452445652173913 0.640625 0.006114130434782609 0.004755434782608696
0 0.234375 0.6372282608695652 0.004755434782608696 0.005434782608695652
0 0.26290760869565216 0.6317934782608695 0.006114130434782609 0.004755434782608696
0 0.28328804347826086 0.6365489130434783 0.004755434782608696 0.005434782608695652
0 0.30502717391304346 0.6413043478260869 0.004755434782608696 0.004755434782608696
0 0.328804347826087 0.6460597826086957 0.006114130434782609 0.005434782608695652
0 0.3607336956521739 0.6508152173913043 0.004755434782608696 0.004755434782608696
0 0.5577445652173914 0.6175271739130435 0.006114130434782609 0.005434782608695652
0 0.5706521739130435 0.5808423913043478 0.006793478260869565 0.005434782608695652
0 0.5862771739130435 0.5523097826086957 0.006793478260869565 0.005434782608695652
0 0.5652173913043478 0.5563858695652174 0.006793478260869565 0.005434782608695652
0 0.6610054347826086 0.5563858695652174 0.006114130434782609 0.005434782608695652
0 0.735733695652174 0.5692934782608695 0.006114130434782609 0.006114130434782609
0 0.7180706521739131 0.5625 0.006114130434782609 0.005434782608695652
0 0.7411684782608695 0.6487771739130435 0.004755434782608696 0.004755434782608696
0 0.7493206521739131 0.6501358695652174 0.006114130434782609 0.004755434782608696
0 0.8743206521739131 0.5495923913043478 0.006793478260869565 0.006114130434782609
0 0.8648097826086957 0.5489130434782609 0.006793478260869565 0.006114130434782609
0 0.008152173913043478 0.7112771739130435 0.004076086956521739 0.004755434782608696
0 0.004755434782608696 0.7051630434782609 0.004076086956521739 0.0033967391304347825
0 0.015625 0.6983695652173914 0.004755434782608696 0.0033967391304347825
0 0.02377717391304348 0.7078804347826086 0.004076086956521739 0.0033967391304347825
0 0.016983695652173912 0.7282608695652174 0.004076086956521739 0.002717391304347826
0 0.026494565217391304 0.7180706521739131 0.004076086956521739 0.0033967391304347825
0 0.03872282608695652 0.7051630434782609 0.004755434782608696 0.004755434782608696
0 0.03328804347826087 0.7010869565217391 0.004076086956521739 0.0033967391304347825
0 0.030570652173913044 0.7099184782608695 0.004076086956521739 0.0033967391304347825
0 0.033967391304347824 0.7099184782608695 0.004076086956521739 0.0033967391304347825
0 0.036684782608695655 0.7282608695652174 0.004076086956521739 0.0033967391304347825
0 0.08016304347826086 0.657608695652174 0.004755434782608696 0.005434782608695652
0 0.09442934782608696 0.6589673913043478 0.004755434782608696 0.004755434782608696
0 0.046875 0.7139945652173914 0.004076086956521739 0.0033967391304347825
0 0.05570652173913043 0.7092391304347826 0.004076086956521739 0.0033967391304347825
0 0.05502717391304348 0.7180706521739131 0.004076086956521739 0.0033967391304347825
0 0.06453804347826086 0.7194293478260869 0.004076086956521739 0.0033967391304347825
0 0.06521739130434782 0.7112771739130435 0.004076086956521739 0.0033967391304347825
0 0.06929347826086957 0.7228260869565217 0.004076086956521739 0.0033967391304347825
0 0.07880434782608696 0.7282608695652174 0.004076086956521739 0.0033967391304347825
0 0.07472826086956522 0.7398097826086957 0.004076086956521739 0.002717391304347826
0 0.08967391304347826 0.7146739130434783 0.004076086956521739 0.0033967391304347825
0 0.08559782608695653 0.7194293478260869 0.004076086956521739 0.0033967391304347825
0 0.09035326086956522 0.7207880434782609 0.002717391304347826 0.0033967391304347825
0 0.09850543478260869 0.720108695652174 0.004076086956521739 0.0033967391304347825
0 0.10733695652173914 0.7350543478260869 0.004076086956521739 0.0033967391304347825
0 0.11073369565217392 0.7370923913043478 0.004076086956521739 0.002717391304347826
0 0.11820652173913043 0.7282608695652174 0.004076086956521739 0.0033967391304347825
0 0.11073369565217392 0.7255434782608695 0.002717391304347826 0.0033967391304347825
0 0.10733695652173914 0.7139945652173914 0.004076086956521739 0.0033967391304347825
0 0.12092391304347826 0.7139945652173914 0.004076086956521739 0.004755434782608696
0 0.12092391304347826 0.7051630434782609 0.004076086956521739 0.0033967391304347825
0 0.13179347826086957 0.6677989130434783 0.004755434782608696 0.004755434782608696
0 0.14198369565217392 0.65625 0.004755434782608696 0.004755434782608696
0 0.171875 0.6603260869565217 0.004755434782608696 0.004755434782608696
0 0.16983695652173914 0.6664402173913043 0.004755434782608696 0.004755434782608696
0 0.1644021739130435 0.6677989130434783 0.004755434782608696 0.004755434782608696
0 0.18546195652173914 0.6711956521739131 0.004755434782608696 0.0033967391304347825
0 0.1827445652173913 0.6766304347826086 0.004755434782608696 0.004755434782608696
0 0.16508152173913043 0.6868206521739131 0.004076086956521739 0.004755434782608696
0 0.12092391304347826 0.7323369565217391 0.004076086956521739 0.0033967391304347825
0 0.13179347826086957 0.7323369565217391 0.004076086956521739 0.0033967391304347825
0 0.1358695652173913 0.735733695652174 0.004076086956521739 0.002717391304347826
0 0.14198369565217392 0.7370923913043478 0.004076086956521739 0.0033967391304347825
0 0.13179347826086957 0.7425271739130435 0.002717391304347826 0.0033967391304347825
0 0.12567934782608695 0.7425271739130435 0.004076086956521739 0.002717391304347826
0 0.12024456521739131 0.7384510869565217 0.004076086956521739 0.0033967391304347825
0 0.12364130434782608 0.7527173913043478 0.002717391304347826 0.002717391304347826
0 0.11820652173913043 0.751358695652174 0.002717391304347826 0.002717391304347826
0 0.11616847826086957 0.7574728260869565 0.002717391304347826 0.002717391304347826
0 0.11141304347826086 0.764266304347826 0.002717391304347826 0.002717391304347826
0 0.12432065217391304 0.7601902173913043 0.002717391304347826 0.002717391304347826
0 0.13926630434782608 0.7574728260869565 0.002717391304347826 0.002717391304347826
0 0.13722826086956522 0.7438858695652174 0.002717391304347826 0.0033967391304347825
0 0.1487771739130435 0.7411684782608695 0.004076086956521739 0.002717391304347826
0 0.14673913043478262 0.748641304347826 0.002717391304347826 0.002717391304347826
0 0.14945652173913043 0.7663043478260869 0.002717391304347826 0.002717391304347826
0 0.15489130434782608 0.7744565217391305 0.0020380434782608695 0.002717391304347826
0 0.15625 0.735733695652174 0.004076086956521739 0.0033967391304347825
0 0.16168478260869565 0.7398097826086957 0.002717391304347826 0.002717391304347826
0 0.1671195652173913 0.7370923913043478 0.004076086956521739 0.0033967391304347825
0 0.171875 0.7316576086956522 0.004076086956521739 0.0033967391304347825
0 0.16644021739130435 0.7466032608695652 0.002717391304347826 0.0033967391304347825
0 0.16032608695652173 0.751358695652174 0.002717391304347826 0.0033967391304347825
0 0.18546195652173914 0.7581521739130435 0.002717391304347826 0.002717391304347826
0 0.1827445652173913 0.735733695652174 0.002717391304347826 0.002717391304347826
0 0.1800271739130435 0.7336956521739131 0.004076086956521739 0.002717391304347826
0 0.18478260869565216 0.7316576086956522 0.004076086956521739 0.0033967391304347825
0 0.1922554347826087 0.6698369565217391 0.004755434782608696 0.004755434782608696
0 0.18953804347826086 0.670516304347826 0.004755434782608696 0.004755434782608696
0 0.1983695652173913 0.6650815217391305 0.004755434782608696 0.004755434782608696
0 0.1983695652173913 0.657608695652174 0.004755434782608696 0.004755434782608696
0 0.20040760869565216 0.6596467391304348 0.004755434782608696 0.004755434782608696
0 0.203125 0.6569293478260869 0.006114130434782609 0.004755434782608696
0 0.20720108695652173 0.6535326086956522 0.006114130434782609 0.004755434782608696
0 0.21671195652173914 0.6813858695652174 0.004755434782608696 0.004755434782608696
0 0.20720108695652173 0.6766304347826086 0.004076086956521739 0.004755434782608696
0 0.20923913043478262 0.6868206521739131 0.004076086956521739 0.0033967391304347825
0 0.19633152173913043 0.7296195652173914 0.002717391304347826 0.002717391304347826
0 0.20176630434782608 0.7255434782608695 0.004076086956521739 0.002717391304347826
0 0.19904891304347827 0.733016304347826 0.004076086956521739 0.0033967391304347825
0 0.1922554347826087 0.7370923913043478 0.004076086956521739 0.0033967391304347825
0 0.21195652173913043 0.7282608695652174 0.004076086956521739 0.0033967391304347825
0 0.20516304347826086 0.7411684782608695 0.004076086956521739 0.002717391304347826
0 0.21331521739130435 0.748641304347826 0.004076086956521739 0.002717391304347826
0 0.20380434782608695 0.7601902173913043 0.002717391304347826 0.002717391304347826
0 0.18138586956521738 0.7533967391304348 0.002717391304347826 0.002717391304347826
0 0.21942934782608695 0.7438858695652174 0.002717391304347826 0.0033967391304347825
0 0.21331521739130435 0.7404891304347826 0.004076086956521739 0.0033967391304347825
0 0.22146739130434784 0.7296195652173914 0.002717391304347826 0.0033967391304347825
0 0.2262228260869565 0.7289402173913043 0.002717391304347826 0.0033967391304347825
0 0.23233695652173914 0.7323369565217391 0.002717391304347826 0.002717391304347826
0 0.2269021739130435 0.734375 0.004076086956521739 0.0033967391304347825
0 0.24048913043478262 0.7214673913043478 0.004076086956521739 0.0033967391304347825
0 0.23845108695652173 0.7289402173913043 0.002717391304347826 0.0033967391304347825
0 0.24660326086956522 0.733016304347826 0.002717391304347826 0.0033967391304347825
0 0.24388586956521738 0.735733695652174 0.004076086956521739 0.0033967391304347825
0 0.2452445652173913 0.748641304347826 0.004076086956521739 0.0033967391304347825
0 0.250679347826087 0.7384510869565217 0.002717391304347826 0.002717391304347826
0 0.25747282608695654 0.7459239130434783 0.002717391304347826 0.0033967391304347825
0 0.26290760869565216 0.7533967391304348 0.002717391304347826 0.002717391304347826
0 0.24796195652173914 0.7275815217391305 0.004076086956521739 0.002717391304347826
0 0.25271739130434784 0.7235054347826086 0.004076086956521739 0.0033967391304347825
0 0.25747282608695654 0.7275815217391305 0.004076086956521739 0.002717391304347826
0 0.2595108695652174 0.7221467391304348 0.004076086956521739 0.0033967391304347825
0 0.2642663043478261 0.7241847826086957 0.004076086956521739 0.002717391304347826
0 0.26766304347826086 0.720108695652174 0.004076086956521739 0.0033967391304347825
0 0.2710597826086957 0.7241847826086957 0.004076086956521739 0.0033967391304347825
0 0.2751358695652174 0.7221467391304348 0.004076086956521739 0.0033967391304347825
0 0.27853260869565216 0.7269021739130435 0.004076086956521739 0.0033967391304347825
0 0.28125 0.71875 0.004076086956521739 0.0033967391304347825
0 0.28532608695652173 0.720108695652174 0.004076086956521739 0.0033967391304347825
0 0.28940217391304346 0.7207880434782609 0.004076086956521739 0.0033967391304347825
0 0.27853260869565216 0.6847826086956522 0.004755434782608696 0.004755434782608696
0 0.27241847826086957 0.6766304347826086 0.004755434782608696 0.004755434782608696
0 0.2717391304347826 0.6793478260869565 0.004076086956521739 0.004755434782608696
0 0.28464673913043476 0.671875 0.004755434782608696 0.004755434782608696
0 0.25883152173913043 0.6813858695652174 0.004755434782608696 0.004755434782608696
0 0.2547554347826087 0.6766304347826086 0.004755434782608696 0.004755434782608696
0 0.24116847826086957 0.6800271739130435 0.004755434782608696 0.004755434782608696
0 0.2452445652173913 0.6847826086956522 0.004755434782608696 0.0033967391304347825
0 0.2425271739130435 0.6881793478260869 0.004755434782608696 0.0033967391304347825
0 0.2269021739130435 0.6854619565217391 0.004076086956521739 0.0033967391304347825
0 0.13383152173913043 0.6813858695652174 0.004755434782608696 0.004755434782608696
0 0.01154891304347826 0.6922554347826086 0.004755434782608696 0.0033967391304347825
0 0.004755434782608696 0.6949728260869565 0.004755434782608696 0.004755434782608696
0 0.30027173913043476 0.673233695652174 0.004755434782608696 0.004755434782608696
0 0.296875 0.6793478260869565 0.004755434782608696 0.0033967391304347825
0 0.30570652173913043 0.6752717391304348 0.004076086956521739 0.004755434782608696
0 0.32065217391304346 0.6773097826086957 0.004755434782608696 0.0033967391304347825
0 0.29415760869565216 0.720108695652174 0.004076086956521739 0.0033967391304347825
0 0.28804347826086957 0.7221467391304348 0.004076086956521739 0.0033967391304347825
0 0.2982336956521739 0.7194293478260869 0.004076086956521739 0.0033967391304347825
0 0.30570652173913043 0.717391304347826 0.004076086956521739 0.0033967391304347825
0 0.311820652173913 0.7160326086956522 0.004076086956521739 0.0033967391304347825
0 0.311820652173913 0.7194293478260869 0.004076086956521739 0.0033967391304347825
0 0.31929347826086957 0.7207880434782609 0.004076086956521739 0.0033967391304347825
0 0.32540760869565216 0.720108695652174 0.004076086956521739 0.002717391304347826
0 0.32540760869565216 0.7167119565217391 0.004076086956521739 0.0033967391304347825
0 0.33491847826086957 0.7139945652173914 0.004076086956521739 0.004755434782608696
0 0.3328804347826087 0.7207880434782609 0.004076086956521739 0.0033967391304347825
0 0.3451086956521739 0.7153532608695652 0.004076086956521739 0.0033967391304347825
0 0.35122282608695654 0.7112771739130435 0.004076086956521739 0.0033967391304347825
0 0.35258152173913043 0.7221467391304348 0.004076086956521739 0.0033967391304347825
0 0.36141304347826086 0.7153532608695652 0.004076086956521739 0.0033967391304347825
0 0.38383152173913043 0.7072010869565217 0.004076086956521739 0.004755434782608696
0 0.390625 0.7065217391304348 0.004076086956521739 0.004755434782608696
0 0.39266304347826086 0.7112771739130435 0.004076086956521739 0.0033967391304347825
0 0.38654891304347827 0.7180706521739131 0.004076086956521739 0.0033967391304347825
0 0.40285326086956524 0.7160326086956522 0.004076086956521739 0.0033967391304347825
0 0.390625 0.7010869565217391 0.004755434782608696 0.0033967391304347825
0 0.39266304347826086 0.6942934782608695 0.004755434782608696 0.0033967391304347825
0 0.40421195652173914 0.6976902173913043 0.004076086956521739 0.0033967391304347825
0 0.405570652173913 0.7065217391304348 0.004755434782608696 0.004755434782608696
0 0.4008152173913043 0.7085597826086957 0.004076086956521739 0.0033967391304347825
0 0.4157608695652174 0.6922554347826086 0.004076086956521739 0.004755434782608696
0 0.421875 0.7038043478260869 0.004076086956521739 0.0033967391304347825
0 0.42866847826086957 0.704483695652174 0.004076086956521739 0.0033967391304347825
0 0.469429347826087 0.751358695652174 0.002717391304347826 0.002717391304347826
0 0.46535326086956524 0.7574728260869565 0.002717391304347826 0.002717391304347826
0 0.264945652173913 0.6460597826086957 0.006114130434782609 0.004755434782608696
0 0.28872282608695654 0.6508152173913043 0.006114130434782609 0.004755434782608696
0 0.32133152173913043 0.6528532608695652 0.006114130434782609 0.004755434782608696
0 0.3485054347826087 0.6616847826086957 0.004755434782608696 0.004755434782608696
0 0.38315217391304346 0.6677989130434783 0.004755434782608696 0.004755434782608696
0 0.39945652173913043 0.6616847826086957 0.004755434782608696 0.004755434782608696
0 0.41915760869565216 0.6623641304347826 0.004755434782608696 0.004755434782608696
0 0.41983695652173914 0.6759510869565217 0.004755434782608696 0.004755434782608696
0 0.4476902173913043 0.6677989130434783 0.004755434782608696 0.004755434782608696
0 0.4388586956521739 0.6800271739130435 0.004755434782608696 0.004755434782608696
0 0.453804347826087 0.6847826086956522 0.004755434782608696 0.0033967391304347825
0 0.469429347826087 0.6739130434782609 0.004755434782608696 0.004755434782608696
0 0.4857336956521739 0.7024456521739131 0.004755434782608696 0.0033967391304347825
0 0.48233695652173914 0.7099184782608695 0.004076086956521739 0.0033967391304347825
0 0.5081521739130435 0.7051630434782609 0.004076086956521739 0.004755434782608696
0 0.5101902173913043 0.6997282608695652 0.004755434782608696 0.004755434782608696
0 0.5129076086956522 0.6997282608695652 0.004076086956521739 0.0033967391304347825
0 0.5183423913043478 0.6990489130434783 0.004076086956521739 0.0033967391304347825
0 0.5237771739130435 0.6875 0.004076086956521739 0.004755434782608696
0 0.5217391304347826 0.6922554347826086 0.004076086956521739 0.0033967391304347825
0 0.5319293478260869 0.6936141304347826 0.004076086956521739 0.004755434782608696
0 0.5346467391304348 0.6895380434782609 0.004755434782608696 0.004755434782608696
0 0.5292119565217391 0.6990489130434783 0.004076086956521739 0.004755434782608696
0 0.3125 0.7744565217391305 0.002717391304347826 0.0020380434782608695
0 0.32472826086956524 0.7717391304347826 0.0020380434782608695 0.002717391304347826
0 0.5536684782608695 0.6766304347826086 0.004755434782608696 0.004755434782608696
0 0.5502717391304348 0.6766304347826086 0.004755434782608696 0.004755434782608696
0 0.548233695652174 0.6976902173913043 0.004755434782608696 0.0033967391304347825
0 0.5597826086956522 0.6868206521739131 0.004755434782608696 0.004755434782608696
0 0.5692934782608695 0.6820652173913043 0.004755434782608696 0.004755434782608696
0 0.578125 0.7194293478260869 0.004076086956521739 0.0033967391304347825
0 0.5706521739130435 0.7139945652173914 0.004076086956521739 0.0033967391304347825
0 0.5489130434782609 0.7567934782608695 0.002717391304347826 0.002717391304347826
0 0.576766304347826 0.7241847826086957 0.004076086956521739 0.0033967391304347825
0 0.5713315217391305 0.7269021739130435 0.002717391304347826 0.0033967391304347825
0 0.7126358695652174 0.7418478260869565 0.002717391304347826 0.002717391304347826
0 0.7051630434782609 0.7425271739130435 0.002717391304347826 0.002717391304347826
0 0.701766304347826 0.7466032608695652 0.002717391304347826 0.0033967391304347825
0 0.7119565217391305 0.673233695652174 0.004755434782608696 0.004755434782608696
0 0.7092391304347826 0.6779891304347826 0.004755434782608696 0.004755434782608696
0 0.1514945652173913 0.7914402173913043 0.004755434782608696 0.004755434782608696
0 0.1793478260869565 0.8165760869565217 0.004076086956521739 0.0033967391304347825
0 0.18138586956521738 0.8322010869565217 0.004755434782608696 0.0033967391304347825
0 0.17527173913043478 0.858016304347826 0.004076086956521739 0.0033967391304347825
0 0.1983695652173913 0.8376358695652174 0.004076086956521739 0.0033967391304347825
0 0.21467391304347827 0.8519021739130435 0.004076086956521739 0.0033967391304347825
0 0.07201086956521739 0.8145380434782609 0.004076086956521739 0.0033967391304347825
0 0.08559782608695653 0.8131793478260869 0.004076086956521739 0.0033967391304347825
0 0.32608695652173914 0.779891304347826 0.0020380434782608695 0.002717391304347826
0 0.3919836956521739 0.78125 0.0020380434782608695 0.0020380434782608695
0 0.39945652173913043 0.8804347826086957 0.004076086956521739 0.0033967391304347825
0 0.3641304347826087 0.8682065217391305 0.004076086956521739 0.0033967391304347825
0 0.7479619565217391 0.8233695652173914 0.004076086956521739 0.0033967391304347825
0 0.8002717391304348 0.8179347826086957 0.004076086956521739 0.004755434782608696
0 0.10529891304347826 0.9069293478260869 0.004076086956521739 0.002717391304347826
0 0.11820652173913043 0.9334239130434783 0.004076086956521739 0.0033967391304347825
0 0.09918478260869565 0.9375 0.004076086956521739 0.0033967391304347825
0 0.08288043478260869 0.9055706521739131 0.004076086956521739 0.0033967391304347825
0 0.07540760869565218 0.9069293478260869 0.004076086956521739 0.002717391304347826
0 0.06997282608695653 0.9150815217391305 0.004076086956521739 0.0033967391304347825
0 0.05298913043478261 0.9341032608695652 0.004076086956521739 0.0033967391304347825
0 0.2418478260869565 0.9538043478260869 0.004076086956521739 0.0033967391304347825
0 0.2764945652173913 0.9184782608695652 0.004076086956521739 0.0033967391304347825
0 0.3423913043478261 0.9436141304347826 0.004076086956521739 0.0033967391304347825
0 0.026494565217391304 0.65625 0.004755434782608696 0.004755434782608696
0 0.025815217391304348 0.6650815217391305 0.004755434782608696 0.004755434782608696