0 0.39470108695652173 0.25 0.07269021739130435 0.07201086956521739
0 0.6895380434782609 0.3125 0.11345108695652174 0.08491847826086957
0 0.8960597826086957 0.2866847826086957 0.10258152173913043 0.07608695652173914
0 0.28532608695652173 0.27785326086956524 0.09782608695652174 0.07336956521739131
0 0.96875 0.23709239130434784 0.06182065217391304 0.05638586956521739
0 0.6317934782608695 0.25 0.08288043478260869 0.0625
0 0.48165760869565216 0.2078804347826087 0.052309782608695655 0.03940217391304348
0 0.5067934782608695 0.22758152173913043 0.06861413043478261 0.050951086956521736
0 0.7139945652173914 0.25 0.08220108695652174 0.0625
0 0.7927989130434783 0.23233695652173914 0.07201086956521739 0.05366847826086957
0 0.8743206521739131 0.24116847826086957 0.07744565217391304 0.057744565217391304
0 0.9972826086956522 0.24660326086956522 0.005434782608695652 0.06046195652173913