0 0.036684782608695655 0.7112771739130435 0.012907608695652174 0.01154891304347826
0 0.07269021739130435 0.7126358695652174 0.010190217391304348 0.010190217391304348
0 0.09307065217391304 0.7112771739130435 0.012228260869565218 0.010190217391304348
0 0.11480978260869565 0.7065217391304348 0.009510869565217392 0.010190217391304348
0 0.13519021739130435 0.6997282608695652 0.009510869565217392 0.009510869565217392
0 0.17866847826086957 0.7004076086956522 0.010190217391304348 0.010190217391304348
0 0.19361413043478262 0.7072010869565217 0.010190217391304348 0.010190217391304348
0 0.21942934782608695 0.6970108695652174 0.009510869565217392 0.009510869565217392
0 0.20991847826086957 0.7153532608695652 0.012228260869565218 0.01154891304347826
0 0.22282608695652173 0.7241847826086957 0.012907608695652174 0.012228260869565218
0 0.27853260869565216 0.720108695652174 0.01358695652173913 0.012907608695652174
0 0.19157608695652173 0.7425271739130435 0.01358695652173913 0.012228260869565218
0 0.17730978260869565 0.7588315217391305 0.01970108695652174 0.016983695652173912
0 0.15013586956521738 0.7506793478260869 0.015625 0.014266304347826086
0 0.13926630434782608 0.7601902173913043 0.015625 0.014266304347826086
0 0.11209239130434782 0.7540760869565217 0.015625 0.014266304347826086
0 0.030570652173913044 0.7588315217391305 0.012907608695652174 0.012228260869565218
0 0.22010869565217392 0.7608695652173914 0.015625 0.014945652173913044
0 0.19972826086956522 0.7615489130434783 0.016304347826086956 0.014945652173913044
0 0.2642663043478261 0.7629076086956522 0.016304347826086956 0.014945652173913044
0 0.27921195652173914 0.7425271739130435 0.016304347826086956 0.014945652173913044
0 0.28396739130434784 0.75 0.015625 0.012907608695652174
0 0.30027173913043476 0.7527173913043478 0.015625 0.014266304347826086
0 0.3328804347826087 0.7235054347826086 0.012228260869565218 0.009510869565217392
0 0.328804347826087 0.7418478260869565 0.017663043478260868 0.015625
0 0.31657608695652173 0.7262228260869565 0.012907608695652174 0.012228260869565218
0 0.4008152173913043 0.7282608695652174 0.01358695652173913 0.012907608695652174
0 0.4048913043478261 0.7153532608695652 0.010190217391304348 0.010190217391304348
0 0.41983695652173914 0.7160326086956522 0.012907608695652174 0.012228260869565218
0 0.42391304347826086 0.6983695652173914 0.008152173913043478 0.008152173913043478
0 0.45652173913043476 0.6956521739130435 0.009510869565217392 0.008831521739130434
0 0.43410326086956524 0.7282608695652174 0.01358695652173913 0.012907608695652174
0 0.4157608695652174 0.7547554347826086 0.015625 0.012907608695652174
0 0.37228260869565216 0.7547554347826086 0.01358695652173913 0.014266304347826086
0 0.453804347826087 0.7595108695652174 0.012907608695652174 0.012907608695652174
0 0.4789402173913043 0.7445652173913043 0.017663043478260868 0.016983695652173912
0 0.4938858695652174 0.733016304347826 0.012907608695652174 0.012228260869565218
0 0.5448369565217391 0.7160326086956522 0.012228260869565218 0.01154891304347826
0 0.5523097826086957 0.7078804347826086 0.010190217391304348 0.009510869565217392
0 0.5244565217391305 0.7275815217391305 0.012228260869565218 0.012228260869565218
0 0.5108695652173914 0.7350543478260869 0.012228260869565218 0.01154891304347826
0 0.5258152173913043 0.7466032608695652 0.01358695652173913 0.014945652173913044
0 0.561141304347826 0.7663043478260869 0.016304347826086956 0.018342391304347828
0 0.6134510869565217 0.720108695652174 0.015625 0.014266304347826086
0 0.5889945652173914 0.7207880434782609 0.012907608695652174 0.012228260869565218
0 0.5788043478260869 0.734375 0.012907608695652174 0.012907608695652174
0 0.5991847826086957 0.7404891304347826 0.012907608695652174 0.012228260869565218
0 0.6182065217391305 0.7404891304347826 0.015625 0.014266304347826086
0 0.6379076086956522 0.7262228260869565 0.01358695652173913 0.012228260869565218
0 0.6467391304347826 0.7078804347826086 0.009510869565217392 0.009510869565217392
0 0.6603260869565217 0.7105978260869565 0.010190217391304348 0.009510869565217392
0 0.6807065217391305 0.6868206521739131 0.009510869565217392 0.009510869565217392
0 0.6963315217391305 0.703125 0.012228260869565218 0.010190217391304348
0 0.6834239130434783 0.7004076086956522 0.009510869565217392 0.008831521739130434
0 0.7758152173913043 0.6895380434782609 0.010190217391304348 0.010190217391304348
0 0.717391304347826 0.7105978260869565 0.009510869565217392 0.010190217391304348
0 0.6881793478260869 0.7275815217391305 0.012907608695652174 0.01154891304347826
0 0.686141304347826 0.7398097826086957 0.01358695652173913 0.012907608695652174
0 0.6338315217391305 0.751358695652174 0.01358695652173913 0.014945652173913044
0 0.6569293478260869 0.7703804347826086 0.015625 0.014945652173913044
0 0.5747282608695652 0.748641304347826 0.012907608695652174 0.012907608695652174
0 0.5760869565217391 0.7635869565217391 0.012907608695652174 0.014945652173913044
0 0.7194293478260869 0.748641304347826 0.016304347826086956 0.014266304347826086
0 0.7506793478260869 0.7302989130434783 0.012907608695652174 0.010190217391304348
0 0.7778532608695652 0.7336956521739131 0.012228260869565218 0.012228260869565218
0 0.7948369565217391 0.748641304347826 0.01358695652173913 0.014945652173913044
0 0.795516304347826 0.7370923913043478 0.012907608695652174 0.01154891304347826
0 0.8145380434782609 0.7377717391304348 0.01358695652173913 0.012907608695652174
0 0.8023097826086957 0.703125 0.009510869565217392 0.009510869565217392
0 0.8274456521739131 0.6915760869565217 0.010190217391304348 0.009510869565217392
0 0.8383152173913043 0.6847826086956522 0.009510869565217392 0.008831521739130434
0 0.8396739130434783 0.7425271739130435 0.012907608695652174 0.012228260869565218
0 0.8668478260869565 0.7262228260869565 0.012228260869565218 0.010190217391304348
0 0.8770380434782609 0.6990489130434783 0.010190217391304348 0.008831521739130434
0 0.8838315217391305 0.6915760869565217 0.010190217391304348 0.009510869565217392
0 0.9211956521739131 0.7085597826086957 0.012228260869565218 0.010190217391304348
0 0.9035326086956522 0.6895380434782609 0.010190217391304348 0.010190217391304348
0 0.9198369565217391 0.7275815217391305 0.012228260869565218 0.012907608695652174
0 0.9456521739130435 0.7065217391304348 0.012228260869565218 0.01154891304347826
0 0.984375 0.7105978260869565 0.012228260869565218 0.01154891304347826
0 0.9619565217391305 0.7275815217391305 0.012228260869565218 0.01154891304347826
0 0.9850543478260869 0.7289402173913043 0.012228260869565218 0.012228260869565218
0 0.9802989130434783 0.7472826086956522 0.012907608695652174 0.014266304347826086
0 0.9042119565217391 0.7527173913043478 0.016304347826086956 0.014945652173913044
0 0.9103260869565217 0.7697010869565217 0.019021739130434784 0.01970108695652174
0 0.9870923913043478 0.6895380434782609 0.009510869565217392 0.008831521739130434
0 0.9667119565217391 0.686141304347826 0.008152173913043478 0.008831521739130434
0 0.08288043478260869 0.7927989130434783 0.017663043478260868 0.017663043478260868
0 0.018342391304347828 0.8206521739130435 0.016304347826086956 0.02377717391304348
0 0.01154891304347826 0.7927989130434783 0.016304347826086956 0.016983695652173912
0 0.012907608695652174 0.8716032608695652 0.018342391304347828 0.034646739130434784
0 0.057744565217391304 0.8403532608695652 0.025815217391304348 0.022418478260869564
0 0.08355978260869565 0.8396739130434783 0.030570652173913044 0.029211956521739132
0 0.12228260869565218 0.8240489130434783 0.02717391304347826 0.02717391304347826
0 0.20244565217391305 0.811141304347826 0.021059782608695652 0.021059782608695652
0 0.29483695652173914 0.7846467391304348 0.016304347826086956 0.016983695652173912
0 0.18410326086956522 0.923233695652174 0.027853260869565216 0.027853260869565216
0 0.3226902173913043 0.8614130434782609 0.022418478260869564 0.029211956521739132
0 0.28328804347826086 0.9626358695652174 0.033967391304347824 0.034646739130434784
0 0.38383152173913043 0.7819293478260869 0.019021739130434784 0.016983695652173912
0 0.44497282608695654 0.7907608695652174 0.017663043478260868 0.015625
0 0.46603260869565216 0.7934782608695652 0.019021739130434784 0.018342391304347828
0 0.483695652173913 0.8097826086956522 0.01970108695652174 0.022418478260869564
0 0.4898097826086957 0.9225543478260869 0.030570652173913044 0.03328804347826087
0 0.5475543478260869 0.9646739130434783 0.03125 0.03328804347826087
0 0.5991847826086957 0.7894021739130435 0.01970108695652174 0.022418478260869564
0 0.5509510869565217 0.7860054347826086 0.017663043478260868 0.018342391304347828
0 0.6480978260869565 0.8933423913043478 0.02309782608695652 0.027853260869565216
0 0.6739130434782609 0.8641304347826086 0.019021739130434784 0.02377717391304348
0 0.7384510869565217 0.8858695652173914 0.02309782608695652 0.03192934782608696
0 0.7459239130434783 0.8125 0.021059782608695652 0.01970108695652174
0 0.8233695652173914 0.811141304347826 0.017663043478260868 0.020380434782608696
0 0.8620923913043478 0.9381793478260869 0.035326086956521736 0.034646739130434784
0 0.9341032608695652 0.7635869565217391 0.016304347826086956 0.017663043478260868
0 0.983016304347826 0.9864130434782609 0.033967391304347824 0.024456521739130436
0 0.034646739130434784 0.6759510869565217 0.008831521739130434 0.007472826086956522
0 0.014945652173913044 0.6834239130434783 0.009510869565217392 0.007472826086956522
0 0.01358695652173913 0.688858695652174 0.010190217391304348 0.008152173913043478
0 0.0033967391304347825 0.6847826086956522 0.006793478260869565 0.007472826086956522
0 0.019021739130434784 0.6963315217391305 0.01154891304347826 0.008152173913043478
0 0.04891304347826087 0.6827445652173914 0.010190217391304348 0.008152173913043478
0 0.06793478260869565 0.6711956521739131 0.008831521739130434 0.006793478260869565
0 0.08491847826086957 0.6779891304347826 0.008152173913043478 0.006114130434782609
0 0.08016304347826086 0.686141304347826 0.01154891304347826 0.008152173913043478
0 0.06929347826086957 0.6834239130434783 0.010190217391304348 0.008152173913043478
0 0.03736413043478261 0.7010869565217391 0.012228260869565218 0.008152173913043478
0 0.041440217391304345 0.6970108695652174 0.01154891304347826 0.008152173913043478
0 0.09646739130434782 0.6963315217391305 0.01154891304347826 0.008152173913043478
0 0.09578804347826086 0.6786684782608695 0.008152173913043478 0.006793478260869565
0 0.11005434782608696 0.6793478260869565 0.008831521739130434 0.006114130434782609
0 0.10869565217391304 0.6875 0.009510869565217392 0.007472826086956522
0 0.10461956521739131 0.6752717391304348 0.008152173913043478 0.006114130434782609
0 0.12567934782608695 0.6773097826086957 0.008152173913043478 0.006114130434782609
0 0.12635869565217392 0.6827445652173914 0.008831521739130434 0.006793478260869565
0 0.12296195652173914 0.6895380434782609 0.009510869565217392 0.007472826086956522
0 0.140625 0.6881793478260869 0.009510869565217392 0.008152173913043478
0 0.14470108695652173 0.6807065217391305 0.008831521739130434 0.006793478260869565
0 0.13654891304347827 0.6745923913043478 0.008152173913043478 0.006114130434782609
0 0.14741847826086957 0.6725543478260869 0.008152173913043478 0.005434782608695652
0 0.16644021739130435 0.670516304347826 0.006114130434782609 0.004755434782608696
0 0.17730978260869565 0.673233695652174 0.008152173913043478 0.006114130434782609
0 0.1487771739130435 0.7065217391304348 0.012228260869565218 0.008831521739130434
0 0.13043478260869565 0.7126358695652174 0.012907608695652174 0.009510869565217392
0 0.17459239130434784 0.7194293478260869 0.012907608695652174 0.009510869565217392
0 0.20720108695652173 0.7038043478260869 0.012228260869565218 0.008831521739130434
0 0.21603260869565216 0.6834239130434783 0.009510869565217392 0.007472826086956522
0 0.21467391304347827 0.6671195652173914 0.006793478260869565 0.006114130434782609
0 0.1983695652173913 0.6684782608695652 0.005434782608695652 0.004076086956521739
0 0.18682065217391305 0.6739130434782609 0.008152173913043478 0.006793478260869565
0 0.16168478260869565 0.686141304347826 0.009510869565217392 0.006793478260869565
0 0.23029891304347827 0.6684782608695652 0.002717391304347826 0.0020380434782608695
0 0.23301630434782608 0.6773097826086957 0.004076086956521739 0.0033967391304347825
0 0.25883152173913043 0.6745923913043478 0.002717391304347826 0.0020380434782608695
0 0.25815217391304346 0.6698369565217391 0.004076086956521739 0.004076086956521739
0 0.2710597826086957 0.6664402173913043 0.0033967391304347825 0.0033967391304347825
0 0.24796195652173914 0.6963315217391305 0.010190217391304348 0.008152173913043478
0 0.26222826086956524 0.6847826086956522 0.006793478260869565 0.004755434782608696
0 0.2955163043478261 0.6691576086956522 0.006114130434782609 0.004755434782608696
0 0.3029891304347826 0.6664402173913043 0.005434782608695652 0.0033967391304347825
0 0.23641304347826086 0.7214673913043478 0.01358695652173913 0.010869565217391304
0 0.2554347826086957 0.717391304347826 0.01358695652173913 0.010190217391304348
0 0.28328804347826086 0.7153532608695652 0.01358695652173913 0.010190217391304348
0 0.28872282608695654 0.6990489130434783 0.01154891304347826 0.008152173913043478
0 0.09307065217391304 0.7690217391304348 0.01970108695652174 0.014945652173913044
0 0.06793478260869565 0.7717391304347826 0.018342391304347828 0.012907608695652174
0 0.04823369565217391 0.7730978260869565 0.018342391304347828 0.01358695652173913
0 0.2452445652173913 0.7608695652173914 0.018342391304347828 0.012907608695652174
0 0.3023097826086957 0.7615489130434783 0.018342391304347828 0.01358695652173913
0 0.3111413043478261 0.6691576086956522 0.006114130434782609 0.004755434782608696
0 0.33084239130434784 0.6725543478260869 0.027853260869565216 0.020380434782608696
0 0.328125 0.6677989130434783 0.027853260869565216 0.021059782608695652
0 0.33967391304347827 0.6664402173913043 0.012228260869565218 0.009510869565217392
0 0.3063858695652174 0.6841032608695652 0.008831521739130434 0.006793478260869565
0 0.36752717391304346 0.7391304347826086 0.016304347826086956 0.012228260869565218
0 0.38383152173913043 0.7248641304347826 0.014945652173913044 0.010190217391304348
0 0.3858695652173913 0.7024456521739131 0.01154891304347826 0.008152173913043478
0 0.35597826086956524 0.6868206521739131 0.006793478260869565 0.006114130434782609
0 0.35597826086956524 0.6949728260869565 0.008831521739130434 0.007472826086956522
0 0.35190217391304346 0.6684782608695652 0.012228260869565218 0.008831521739130434
0 0.36141304347826086 0.673233695652174 0.0033967391304347825 0.002717391304347826
0 0.375679347826087 0.6684782608695652 0.005434782608695652 0.0033967391304347825
0 0.37092391304347827 0.6623641304347826 0.002717391304347826 0.0020380434782608695
0 0.39741847826086957 0.6623641304347826 0.002717391304347826 0.0020380434782608695
0 0.38858695652173914 0.6623641304347826 0.009510869565217392 0.007472826086956522
0 0.40896739130434784 0.6610054347826086 0.0020380434782608695 0.0020380434782608695
0 0.42391304347826086 0.6684782608695652 0.005434782608695652 0.004076086956521739
0 0.39809782608695654 0.673233695652174 0.002717391304347826 0.002717391304347826
0 0.3919836956521739 0.6745923913043478 0.004076086956521739 0.002717391304347826
0 0.4116847826086957 0.6800271739130435 0.008152173913043478 0.005434782608695652
0 0.44157608695652173 0.6691576086956522 0.002717391304347826 0.0020380434782608695
0 0.4313858695652174 0.671875 0.0033967391304347825 0.002717391304347826
0 0.4361413043478261 0.6637228260869565 0.009510869565217392 0.007472826086956522
0 0.4585597826086957 0.6616847826086957 0.010190217391304348 0.008152173913043478
0 0.4544836956521739 0.6739130434782609 0.004076086956521739 0.0033967391304347825
0 0.453804347826087 0.6854619565217391 0.006114130434782609 0.004755434782608696
0 0.4476902173913043 0.6868206521739131 0.006114130434782609 0.005434782608695652
0 0.38315217391304346 0.734375 0.015625 0.01154891304347826
0 0.46671195652173914 0.7255434782608695 0.014945652173913044 0.010190217391304348
0 0.4789402173913043 0.6908967391304348 0.008831521739130434 0.006793478260869565
0 0.469429347826087 0.6779891304347826 0.006114130434782609 0.004755434782608696
0 0.485054347826087 0.6603260869565217 0.005434782608695652 0.004076086956521739
0 0.49116847826086957 0.6603260869565217 0.005434782608695652 0.004076086956521739
0 0.5095108695652174 0.6623641304347826 0.006114130434782609 0.004755434782608696
0 0.5149456521739131 0.6610054347826086 0.004076086956521739 0.0033967391304347825
0 0.5305706521739131 0.6630434782608695 0.006793478260869565 0.005434782608695652
0 0.5509510869565217 0.6589673913043478 0.006114130434782609 0.005434782608695652
0 0.5183423913043478 0.6677989130434783 0.006114130434782609 0.004755434782608696
0 0.49728260869565216 0.6807065217391305 0.004076086956521739 0.0033967391304347825
0 0.4986413043478261 0.6691576086956522 0.008152173913043478 0.006114130434782609
0 0.5108695652173914 0.701766304347826 0.01154891304347826 0.008152173913043478
0 0.5319293478260869 0.7065217391304348 0.012228260869565218 0.008831521739130434
0 0.5387228260869565 0.6786684782608695 0.008831521739130434 0.006793478260869565
0 0.5339673913043478 0.7214673913043478 0.01358695652173913 0.010190217391304348
0 0.5095108695652174 0.7214673913043478 0.01358695652173913 0.010190217391304348
0 0.5726902173913043 0.654891304347826 0.01154891304347826 0.008831521739130434
0 0.5849184782608695 0.6569293478260869 0.012228260869565218 0.008152173913043478
0 0.5523097826086957 0.6677989130434783 0.008152173913043478 0.006114130434782609
0 0.5339673913043478 0.6868206521739131 0.009510869565217392 0.007472826086956522
0 0.5591032608695652 0.6908967391304348 0.012228260869565218 0.008831521739130434
0 0.5788043478260869 0.6813858695652174 0.009510869565217392 0.007472826086956522
0 0.576766304347826 0.673233695652174 0.004076086956521739 0.004076086956521739
0 0.5835597826086957 0.6664402173913043 0.01154891304347826 0.008152173913043478
0 0.6012228260869565 0.6623641304347826 0.019021739130434784 0.014266304347826086
0 0.6154891304347826 0.6569293478260869 0.010190217391304348 0.008152173913043478
0 0.6005434782608695 0.6745923913043478 0.005434782608695652 0.004076086956521739
0 0.6025815217391305 0.6942934782608695 0.010190217391304348 0.008152173913043478
0 0.5774456521739131 0.7126358695652174 0.01358695652173913 0.010190217391304348
0 0.6480978260869565 0.6976902173913043 0.01154891304347826 0.008152173913043478
0 0.6161684782608695 0.703125 0.012228260869565218 0.008831521739130434
0 0.6229619565217391 0.6847826086956522 0.008152173913043478 0.006114130434782609
0 0.6304347826086957 0.6963315217391305 0.01154891304347826 0.008152173913043478
0 0.6616847826086957 0.6942934782608695 0.01154891304347826 0.008152173913043478
0 0.6650815217391305 0.6875 0.010190217391304348 0.008152173913043478
0 0.6508152173913043 0.688858695652174 0.010190217391304348 0.008152173913043478
0 0.6555706521739131 0.6820652173913043 0.008831521739130434 0.006793478260869565
0 0.6358695652173914 0.6793478260869565 0.008152173913043478 0.006114130434782609
0 0.6820652173913043 0.6807065217391305 0.009510869565217392 0.007472826086956522
0 0.6644021739130435 0.6752717391304348 0.008152173913043478 0.006793478260869565
0 0.6929347826086957 0.6915760869565217 0.010190217391304348 0.008152173913043478
0 0.6942934782608695 0.6956521739130435 0.01154891304347826 0.008152173913043478
0 0.6725543478260869 0.701766304347826 0.012228260869565218 0.008831521739130434
0 0.7038043478260869 0.6813858695652174 0.010190217391304348 0.008152173913043478
0 0.7126358695652174 0.688858695652174 0.01154891304347826 0.008152173913043478
0 0.7255434782608695 0.688858695652174 0.01154891304347826 0.008152173913043478
0 0.7432065217391305 0.6854619565217391 0.010190217391304348 0.008152173913043478
0 0.7289402173913043 0.673233695652174 0.010190217391304348 0.008152173913043478
0 0.7160326086956522 0.673233695652174 0.009510869565217392 0.008152173913043478
0 0.701766304347826 0.671875 0.009510869565217392 0.008152173913043478
0 0.7683423913043478 0.7133152173913043 0.012907608695652174 0.009510869565217392
0 0.7588315217391305 0.7425271739130435 0.016304347826086956 0.01154891304347826
0 0.8192934782608695 0.6854619565217391 0.01154891304347826 0.008152173913043478
0 0.8485054347826086 0.6847826086956522 0.01154891304347826 0.008152173913043478
0 0.8430706521739131 0.7099184782608695 0.012228260869565218 0.009510869565217392
0 0.8777173913043478 0.688858695652174 0.01154891304347826 0.008152173913043478
0 0.8974184782608695 0.6820652173913043 0.010190217391304348 0.008152173913043478
0 0.8872282608695652 0.6569293478260869 0.006793478260869565 0.006114130434782609
0 0.8980978260869565 0.6610054347826086 0.008831521739130434 0.006114130434782609
0 0.9008152173913043 0.6589673913043478 0.008152173913043478 0.006114130434782609
0 0.9137228260869565 0.6637228260869565 0.008152173913043478 0.006114130434782609
0 0.9334239130434783 0.6542119565217391 0.006793478260869565 0.005434782608695652
0 0.9320652173913043 0.6610054347826086 0.008152173913043478 0.006114130434782609
0 0.9524456521739131 0.6542119565217391 0.006114130434782609 0.005434782608695652
0 0.9619565217391305 0.6582880434782609 0.006793478260869565 0.005434782608695652
0 0.9442934782608695 0.6610054347826086 0.008152173913043478 0.006114130434782609
0 0.9585597826086957 0.6630434782608695 0.008152173913043478 0.006114130434782609
0 0.9381793478260869 0.670516304347826 0.008831521739130434 0.006793478260869565
0 0.9510869565217391 0.6711956521739131 0.010190217391304348 0.008152173913043478
0 0.9354619565217391 0.6779891304347826 0.009510869565217392 0.008152173913043478
0 0.9415760869565217 0.6854619565217391 0.01154891304347826 0.008152173913043478
0 0.9979619565217391 0.7051630434782609 0.0033967391304347825 0.008831521739130434
0 0.9755434782608695 0.688858695652174 0.01154891304347826 0.008152173913043478
0 0.9633152173913043 0.6779891304347826 0.010190217391304348 0.008152173913043478
0 0.9694293478260869 0.671875 0.009510869565217392 0.007472826086956522
0 0.9714673913043478 0.6630434782608695 0.008152173913043478 0.006114130434782609
0 0.9870923913043478 0.6569293478260869 0.006793478260869565 0.005434782608695652
0 0.9904891304347826 0.6623641304347826 0.008152173913043478 0.006114130434782609
0 0.06861413043478261 0.8722826086956522 0.030570652173913044 0.02309782608695652
0 0.11345108695652174 0.8084239130434783 0.025815217391304348 0.01970108695652174
0 0.18817934782608695 0.8790760869565217 0.03125 0.02377717391304348
0 0.11616847826086957 0.9103260869565217 0.03328804347826087 0.024456521739130436
0 0.07880434782608696 0.9585597826086957 0.03736413043478261 0.027853260869565216
0 0.036684782608695655 0.9578804347826086 0.036684782608695655 0.02717391304347826
0 0.16168478260869565 0.9592391304347826 0.03736413043478261 0.027853260869565216
0 0.23573369565217392 0.873641304347826 0.030570652173913044 0.02309782608695652
0 0.296195652173913 0.8335597826086957 0.025815217391304348 0.01970108695652174
0 0.4008152173913043 0.967391304347826 0.03804347826086957 0.028532608695652172
0 0.4048913043478261 0.9137228260869565 0.034646739130434784 0.025815217391304348
0 0.41779891304347827 0.8247282608695652 0.024456521739130436 0.019021739130434784
0 0.48165760869565216 0.8682065217391305 0.030570652173913044 0.022418478260869564
0 0.49728260869565216 0.9667119565217391 0.03804347826086957 0.028532608695652172
0 0.47690217391304346 0.9891304347826086 0.04076086956521739 0.021739130434782608
0 0.6086956521739131 0.9877717391304348 0.04008152173913043 0.02377717391304348
0 0.6168478260869565 0.9001358695652174 0.03192934782608696 0.02377717391304348
0 0.7629076086956522 0.9082880434782609 0.03328804347826087 0.024456521739130436
0 0.8179347826086957 0.9313858695652174 0.036684782608695655 0.02717391304347826
0 0.8179347826086957 0.8987771739130435 0.03192934782608696 0.02377717391304348
0 0.7921195652173914 0.8661684782608695 0.028532608695652172 0.022418478260869564
0 0.7914402173913043 0.8355978260869565 0.024456521739130436 0.018342391304347828
0 0.7506793478260869 0.7860054347826086 0.01970108695652174 0.014945652173913044
0 0.8695652173913043 0.7934782608695652 0.021739130434782608 0.015625
0 0.8620923913043478 0.8634510869565217 0.03125 0.02309782608695652
0 0.9395380434782609 0.8933423913043478 0.035326086956521736 0.026494565217391304
0 0.9347826086956522 0.845108695652174 0.030570652173913044 0.02309782608695652
0 0.9796195652173914 0.7805706521739131 0.021739130434782608 0.016983695652173912
0 0.938858695652174 0.9911684782608695 0.04483695652173913 0.017663043478260868