0 0.9979619565217391 0.4205163043478261 0.004076086956521739 0.006793478260869565
0 0.9721467391304348 0.41779891304347827 0.016983695652173912 0.007472826086956522
0 0.9802989130434783 0.44497282608695654 0.03940217391304348 0.03125
0 0.876358695652174 0.44565217391304346 0.03260869565217391 0.016304347826086956
0 0.907608695652174 0.4483695652173913 0.024456521739130436 0.012228260869565218
0 0.8879076086956522 0.421195652173913 0.015625 0.007472826086956522
0 0.9490489130434783 0.42866847826086957 0.014945652173913044 0.007472826086956522
0 0.8668478260869565 0.4171195652173913 0.014945652173913044 0.007472826086956522
0 0.7853260869565217 0.41847826086956524 0.014266304347826086 0.007472826086956522
0 0.7785326086956522 0.44565217391304346 0.015625 0.007472826086956522
0 0.7547554347826086 0.45516304347826086 0.012228260869565218 0.005434782608695652
0 0.7622282608695652 0.42459239130434784 0.012228260869565218 0.005434782608695652
0 0.7302989130434783 0.4171195652173913 0.014945652173913044 0.007472826086956522
0 0.6834239130434783 0.41847826086956524 0.012228260869565218 0.006114130434782609
0 0.6467391304347826 0.422554347826087 0.016983695652173912 0.008152173913043478
0 0.5957880434782609 0.4164402173913043 0.016983695652173912 0.008152173913043478
0 0.576766304347826 0.4171195652173913 0.017663043478260868 0.008152173913043478
0 0.6120923913043478 0.44565217391304346 0.051630434782608696 0.02717391304347826
0 0.6745923913043478 0.45108695652173914 0.035326086956521736 0.016304347826086956
0 0.5400815217391305 0.44089673913043476 0.01970108695652174 0.008831521739130434
0 0.5033967391304348 0.41779891304347827 0.016983695652173912 0.007472826086956522
0 0.46467391304347827 0.41508152173913043 0.016983695652173912 0.008831521739130434
0 0.43546195652173914 0.41983695652173914 0.015625 0.007472826086956522
0 0.34782608695652173 0.42391304347826086 0.012907608695652174 0.007472826086956522
0 0.3023097826086957 0.4205163043478261 0.017663043478260868 0.008152173913043478
0 0.27785326086956524 0.41847826086956524 0.016983695652173912 0.007472826086956522
0 0.24660326086956522 0.4205163043478261 0.022418478260869564 0.009510869565217392
0 0.2078804347826087 0.41508152173913043 0.014945652173913044 0.007472826086956522
0 0.16915760869565216 0.421195652173913 0.019021739130434784 0.008831521739130434
0 0.08220108695652174 0.41032608695652173 0.020380434782608696 0.010190217391304348
0 0.016983695652173912 0.41508152173913043 0.021739130434782608 0.01154891304347826
0 0.014266304347826086 0.46195652173913043 0.021739130434782608 0.010869565217391304
0 0.07880434782608696 0.45108695652173914 0.022418478260869564 0.010869565217391304
0 0.31453804347826086 0.44972826086956524 0.04483695652173913 0.020380434782608696
0 0.8974184782608695 0.41779891304347827 0.01358695652173913 0.004755434782608696
0 0.8342391304347826 0.4205163043478261 0.016304347826086956 0.006114130434782609
0 0.8512228260869565 0.4205163043478261 0.014945652173913044 0.005434782608695652
0 0.8077445652173914 0.4232336956521739 0.017663043478260868 0.006793478260869565
0 0.7493206521739131 0.41983695652173914 0.015625 0.006114130434782609
0 0.7119565217391305 0.4171195652173913 0.014266304347826086 0.005434782608695652
0 0.5088315217391305 0.45720108695652173 0.050951086956521736 0.019021739130434784
0 0.3953804347826087 0.422554347826087 0.020380434782608696 0.007472826086956522
0 0.3688858695652174 0.4232336956521739 0.02377717391304348 0.008831521739130434
0 0.22894021739130435 0.41847826086956524 0.020380434782608696 0.007472826086956522
0 0.15353260869565216 0.41847826086956524 0.021739130434782608 0.008152173913043478
0 0.22554347826086957 0.5264945652173914 0.04755434782608696 0.017663043478260868