0 0.7459239130434783 0.4436141304347826 0.04008152173913043 0.04008152173913043
0 0.26970108695652173 0.438179347826087 0.04008152173913043 0.050271739130434784
0 0.5027173913043478 0.45584239130434784 0.029891304347826088 0.026494565217391304
0 0.7574728260869565 0.3892663043478261 0.02717391304347826 0.02309782608695652
0 0.5353260869565217 0.4436141304347826 0.02717391304347826 0.025135869565217392
0 0.5788043478260869 0.4327445652173913 0.02717391304347826 0.025135869565217392
0 0.6114130434782609 0.436820652173913 0.12228260869565218 0.09850543478260869
0 0.6501358695652174 0.4476902173913043 0.02717391304347826 0.026494565217391304
0 0.78125 0.44157608695652173 0.029891304347826088 0.026494565217391304
0 0.7561141304347826 0.44429347826086957 0.029891304347826088 0.029891304347826088
0 0.8661684782608695 0.4436141304347826 0.0625 0.04008152173913043
0 0.44497282608695654 0.43070652173913043 0.050271739130434784 0.035326086956521736
0 0.39741847826086957 0.453125 0.06997282608695653 0.046875
0 0.5536684782608695 0.4436141304347826 0.057744565217391304 0.04008152173913043
0 0.842391304347826 0.421875 0.04008152173913043 0.026494565217391304