0 0.04619565217391304 0.09986413043478261 0.01358695652173913 0.014945652173913044
0 0.10258152173913043 0.09239130434782608 0.014945652173913044 0.01358695652173913
0 0.12364130434782608 0.09782608695652174 0.010869565217391304 0.012907608695652174
0 0.13926630434782608 0.09986413043478261 0.01358695652173913 0.010869565217391304
0 0.010869565217391304 0.15013586956521738 0.014945652173913044 0.014945652173913044
0 0.08355978260869565 0.15760869565217392 0.01358695652173913 0.01358695652173913
0 0.1331521739130435 0.15489130434782608 0.014945652173913044 0.014945652173913044
0 0.125 0.18070652173913043 0.014945652173913044 0.014945652173913044
0 0.11820652173913043 0.20244565217391305 0.016983695652173912 0.016983695652173912
0 0.058423913043478264 0.20244565217391305 0.01358695652173913 0.01358695652173913
0 0.04619565217391304 0.24796195652173914 0.018342391304347828 0.016983695652173912
0 0.06385869565217392 0.22010869565217392 0.018342391304347828 0.016983695652173912
0 0.09782608695652174 0.22486413043478262 0.018342391304347828 0.017663043478260868
0 0.09375 0.24932065217391305 0.018342391304347828 0.018342391304347828
0 0.07404891304347826 0.29483695652173914 0.01970108695652174 0.020380434782608696
0 0.07948369565217392 0.27853260869565216 0.016983695652173912 0.014945652173913044
0 0.13451086956521738 0.2955163043478261 0.016983695652173912 0.014945652173913044
0 0.17255434782608695 0.1793478260869565 0.016983695652173912 0.014945652173913044
0 0.15760869565217392 0.1983695652173913 0.014945652173913044 0.01358695652173913
0 0.1956521739130435 0.20040760869565216 0.014945652173913044 0.014945652173913044
0 0.23573369565217392 0.22486413043478262 0.016983695652173912 0.014945652173913044
0 0.23369565217391305 0.24592391304347827 0.016983695652173912 0.017663043478260868
0 0.1644021739130435 0.2751358695652174 0.016983695652173912 0.014945652173913044
0 0.13179347826086957 0.2513586956521739 0.016983695652173912 0.016983695652173912
0 0.1793478260869565 0.3023097826086957 0.01970108695652174 0.017663043478260868
0 0.21739130434782608 0.27921195652173914 0.018342391304347828 0.016983695652173912
0 0.24660326086956522 0.27785326086956524 0.016983695652173912 0.017663043478260868
0 0.26970108695652173 0.25203804347826086 0.018342391304347828 0.014945652173913044
0 0.30570652173913043 0.27921195652173914 0.016983695652173912 0.018342391304347828
0 0.27377717391304346 0.3023097826086957 0.022418478260869564 0.020380434782608696
0 0.3138586956521739 0.30434782608695654 0.016983695652173912 0.014945652173913044
0 0.18410326086956522 0.042798913043478264 0.010869565217391304 0.010869565217391304
0 0.20108695652173914 0.0625 0.010869565217391304 0.010190217391304348
0 0.27445652173913043 0.09714673913043478 0.01358695652173913 0.010869565217391304
0 0.2717391304347826 0.08220108695652174 0.010869565217391304 0.010869565217391304
0 0.2982336956521739 0.09510869565217392 0.01358695652173913 0.012907608695652174
0 0.32540760869565216 0.09782608695652174 0.01358695652173913 0.010869565217391304
0 0.44429347826086957 0.12296195652173914 0.010869565217391304 0.012907608695652174
0 0.4701086956521739 0.12024456521739131 0.01358695652173913 0.01358695652173913
0 0.501358695652174 0.11888586956521739 0.01358695652173913 0.012907608695652174
0 0.5366847826086957 0.11345108695652174 0.01358695652173913 0.01358695652173913
0 0.4639945652173913 0.14266304347826086 0.014945652173913044 0.01358695652173913
0 0.35597826086956524 0.15353260869565216 0.016983695652173912 0.014945652173913044
0 0.25271739130434784 0.15285326086956522 0.01358695652173913 0.01358695652173913
0 0.2873641304347826 0.18546195652173914 0.014945652173913044 0.012907608695652174
0 0.3220108695652174 0.1800271739130435 0.014945652173913044 0.014945652173913044
0 0.36820652173913043 0.18070652173913043 0.016983695652173912 0.016983695652173912
0 0.39877717391304346 0.18138586956521738 0.014945652173913044 0.014945652173913044
0 0.328125 0.20108695652173914 0.014945652173913044 0.014945652173913044
0 0.35122282608695654 0.20584239130434784 0.014945652173913044 0.014945652173913044
0 0.3546195652173913 0.22486413043478262 0.016983695652173912 0.016983695652173912
0 0.39809782608695654 0.22894021739130435 0.014945652173913044 0.016983695652173912
0 0.3967391304347826 0.20991847826086957 0.016983695652173912 0.014945652173913044
0 0.422554347826087 0.20991847826086957 0.014945652173913044 0.01358695652173913
0 0.5074728260869565 0.1637228260869565 0.01358695652173913 0.012907608695652174
0 0.5366847826086957 0.1610054347826087 0.014945652173913044 0.01358695652173913
0 0.6086956521739131 0.16508152173913043 0.01358695652173913 0.01358695652173913
0 0.6182065217391305 0.18478260869565216 0.014945652173913044 0.01358695652173913
0 0.5448369565217391 0.18953804347826086 0.01358695652173913 0.012907608695652174
0 0.5190217391304348 0.18682065217391305 0.014945652173913044 0.012907608695652174
0 0.4830163043478261 0.20244565217391305 0.016983695652173912 0.014945652173913044
0 0.5163043478260869 0.20584239130434784 0.016983695652173912 0.016983695652173912
0 0.436820652173913 0.25 0.016983695652173912 0.016983695652173912
0 0.39741847826086957 0.24932065217391305 0.016983695652173912 0.016983695652173912
0 0.48097826086956524 0.25271739130434784 0.016983695652173912 0.017663043478260868
0 0.43070652173913043 0.27717391304347827 0.018342391304347828 0.016983695652173912
0 0.47622282608695654 0.2826086956521739 0.014945652173913044 0.016983695652173912
0 0.47622282608695654 0.3029891304347826 0.018342391304347828 0.017663043478260868
0 0.516983695652174 0.297554347826087 0.018342391304347828 0.017663043478260868
0 0.5665760869565217 0.27717391304347827 0.016983695652173912 0.016983695652173912
0 0.5808423913043478 0.29959239130434784 0.018342391304347828 0.017663043478260868
0 0.6086956521739131 0.296875 0.018342391304347828 0.016983695652173912
0 0.6168478260869565 0.24796195652173914 0.016983695652173912 0.014945652173913044
0 0.6290760869565217 0.234375 0.014945652173913044 0.01358695652173913
0 0.6358695652173914 0.2554347826086957 0.016983695652173912 0.016983695652173912
0 0.6644021739130435 0.1644021739130435 0.014945652173913044 0.014945652173913044
0 0.6514945652173914 0.18953804347826086 0.014945652173913044 0.014945652173913044
0 0.7065217391304348 0.22486413043478262 0.016983695652173912 0.016983695652173912
0 0.6501358695652174 0.2710597826086957 0.018342391304347828 0.016983695652173912
0 0.6100543478260869 0.280570652173913 0.018342391304347828 0.018342391304347828
0 0.686141304347826 0.27853260869565216 0.018342391304347828 0.016983695652173912
0 0.6983695652173914 0.2595108695652174 0.016983695652173912 0.016983695652173912
0 0.7126358695652174 0.25815217391304346 0.016983695652173912 0.014945652173913044
0 0.7377717391304348 0.25271739130434784 0.018342391304347828 0.017663043478260868
0 0.733016304347826 0.28464673913043476 0.016983695652173912 0.014945652173913044
0 0.764266304347826 0.27717391304347827 0.018342391304347828 0.017663043478260868
0 0.7975543478260869 0.280570652173913 0.016983695652173912 0.016983695652173912
0 0.7921195652173914 0.25407608695652173 0.018342391304347828 0.017663043478260868
0 0.8118206521739131 0.24932065217391305 0.016983695652173912 0.016983695652173912
0 0.7873641304347826 0.23505434782608695 0.01358695652173913 0.01358695652173913
0 0.7554347826086957 0.21263586956521738 0.014945652173913044 0.01358695652173913
0 0.704483695652174 0.20040760869565216 0.016983695652173912 0.016983695652173912
0 0.7262228260869565 0.13790760869565216 0.014945652173913044 0.012907608695652174
0 0.7404891304347826 0.18410326086956522 0.01358695652173913 0.014945652173913044
0 0.7921195652173914 0.16032608695652173 0.014945652173913044 0.01358695652173913
0 0.8199728260869565 0.16983695652173914 0.01358695652173913 0.01358695652173913
0 0.8729619565217391 0.15896739130434784 0.014945652173913044 0.014945652173913044
0 0.9307065217391305 0.15625 0.014945652173913044 0.012907608695652174
0 0.8845108695652174 0.27445652173913043 0.018342391304347828 0.017663043478260868
0 0.8498641304347826 0.27717391304347827 0.016983695652173912 0.014945652173913044
0 0.8206521739130435 0.297554347826087 0.018342391304347828 0.018342391304347828
0 0.8804347826086957 0.30095108695652173 0.018342391304347828 0.016983695652173912
0 0.05366847826086957 0.43002717391304346 0.057744565217391304 0.050951086956521736
0 0.11209239130434782 0.39470108695652173 0.022418478260869564 0.021059782608695652
0 0.10122282608695653 0.33152173913043476 0.01970108695652174 0.018342391304347828
0 0.20244565217391305 0.41440217391304346 0.043478260869565216 0.043478260869565216
0 0.1983695652173913 0.4748641304347826 0.07133152173913043 0.058423913043478264
0 0.36684782608695654 0.40285326086956524 0.050951086956521736 0.04619565217391304
0 0.3016304347826087 0.33016304347826086 0.022418478260869564 0.018342391304347828
0 0.17730978260869565 0.33220108695652173 0.01970108695652174 0.017663043478260868
0 0.3580163043478261 0.3063858695652174 0.016983695652173912 0.016983695652173912
0 0.41779891304347827 0.33084239130434784 0.01970108695652174 0.016983695652173912
0 0.5421195652173914 0.48029891304347827 0.03940217391304348 0.04891304347826087
0 0.6467391304347826 0.3539402173913043 0.09986413043478261 0.07880434782608696
0 0.9782608695652174 0.3851902173913043 0.029891304347826088 0.027853260869565216
0 0.9082880434782609 0.32472826086956524 0.01970108695652174 0.017663043478260868
0 0.8913043478260869 0.3233695652173913 0.01970108695652174 0.017663043478260868
0 0.782608695652174 0.29891304347826086 0.018342391304347828 0.016983695652173912
0 0.7282608695652174 0.3294836956521739 0.01970108695652174 0.017663043478260868
0 0.7737771739130435 0.328125 0.01970108695652174 0.018342391304347828
0 0.006793478260869565 0.6358695652173914 0.01358695652173913 0.07201086956521739
0 0.4476902173913043 0.6066576086956522 0.07744565217391304 0.07133152173913043
0 0.8254076086956522 0.546875 0.07269021739130435 0.06046195652173913
0 0.042798913043478264 0.15421195652173914 0.016983695652173912 0.012228260869565218
0 0.17323369565217392 0.25203804347826086 0.018342391304347828 0.01358695652173913
0 0.2425271739130435 0.06589673913043478 0.01358695652173913 0.010190217391304348
0 0.23097826086956522 0.10665760869565218 0.014945652173913044 0.010190217391304348
0 0.264945652173913 0.09239130434782608 0.01358695652173913 0.010869565217391304
0 0.296195652173913 0.08491847826086957 0.01358695652173913 0.010190217391304348
0 0.36684782608695654 0.11480978260869565 0.014945652173913044 0.010869565217391304
0 0.3532608695652174 0.12703804347826086 0.016304347826086956 0.012228260869565218
0 0.4123641304347826 0.15625 0.016983695652173912 0.012907608695652174
0 0.32540760869565216 0.16168478260869565 0.016983695652173912 0.012907608695652174
0 0.5876358695652174 0.16508152173913043 0.016304347826086956 0.012228260869565218
0 0.47690217391304346 0.18682065217391305 0.016304347826086956 0.012228260869565218
0 0.453804347826087 0.22758152173913043 0.018342391304347828 0.01358695652173913
0 0.5047554347826086 0.23233695652173914 0.016983695652173912 0.012907608695652174
0 0.6650815217391305 0.20380434782608695 0.016983695652173912 0.012907608695652174
0 0.2703804347826087 0.3294836956521739 0.022418478260869564 0.017663043478260868
0 0.22078804347826086 0.33152173913043476 0.022418478260869564 0.016983695652173912
0 0.17527173913043478 0.31929347826086957 0.022418478260869564 0.016983695652173912
0 0.3532608695652174 0.33152173913043476 0.03192934782608696 0.02377717391304348
0 0.9123641304347826 0.374320652173913 0.029891304347826088 0.02309782608695652
0 0.8152173913043478 0.3233695652173913 0.021059782608695652 0.015625
0 0.7078804347826086 0.3063858695652174 0.021059782608695652 0.015625