0 0.5217391304347826 0.9775815217391305 0.05502717391304348 0.03872282608695652
0 0.2907608695652174 0.7391304347826086 0.03328804347826087 0.04076086956521739
0 0.21195652173913043 0.5740489130434783 0.025815217391304348 0.033967391304347824
0 0.19293478260869565 0.5373641304347826 0.024456521739130436 0.029891304347826088
0 0.12567934782608695 0.5332880434782609 0.022418478260869564 0.03125
0 0.052309782608695655 0.49320652173913043 0.02309782608695652 0.029891304347826088
0 0.033967391304347824 0.44429347826086957 0.025135869565217392 0.03328804347826087
0 0.171875 0.48641304347826086 0.01970108695652174 0.026494565217391304
0 0.30027173913043476 0.5394021739130435 0.017663043478260868 0.026494565217391304
0 0.48233695652173914 0.6100543478260869 0.02717391304347826 0.028532608695652172
0 0.5427989130434783 0.5040760869565217 0.029891304347826088 0.02717391304347826
0 0.640625 0.47078804347826086 0.03125 0.027853260869565216
0 0.9605978260869565 0.45652173913043476 0.028532608695652172 0.02717391304347826
0 0.7730978260869565 0.4436141304347826 0.026494565217391304 0.02377717391304348
0 0.5067934782608695 0.3383152173913043 0.020380434782608696 0.019021739130434784
0 0.49796195652173914 0.3063858695652174 0.019021739130434784 0.021059782608695652
0 0.5067934782608695 0.2907608695652174 0.024456521739130436 0.02309782608695652
0 0.5706521739130435 0.24592391304347827 0.018342391304347828 0.019021739130434784
0 0.47554347826086957 0.296875 0.025135869565217392 0.025135869565217392
0 0.4320652173913043 0.3226902173913043 0.02309782608695652 0.01970108695652174
0 0.41440217391304346 0.3070652173913043 0.022418478260869564 0.021739130434782608
0 0.41440217391304346 0.2860054347826087 0.026494565217391304 0.02377717391304348
0 0.3892663043478261 0.30978260869565216 0.02309782608695652 0.022418478260869564
0 0.37228260869565216 0.3294836956521739 0.026494565217391304 0.02377717391304348
0 0.37771739130434784 0.344429347826087 0.025815217391304348 0.026494565217391304
0 0.391304347826087 0.3702445652173913 0.02717391304347826 0.025135869565217392
0 0.38315217391304346 0.39470108695652173 0.022418478260869564 0.021059782608695652
0 0.3695652173913043 0.38179347826086957 0.024456521739130436 0.02377717391304348
0 0.35597826086956524 0.390625 0.02309782608695652 0.025815217391304348
0 0.358695652173913 0.5108695652173914 0.019021739130434784 0.027853260869565216
0 0.14198369565217392 0.38790760869565216 0.025815217391304348 0.02717391304347826
0 0.15692934782608695 0.3919836956521739 0.025135869565217392 0.025135869565217392
0 0.1453804347826087 0.34375 0.028532608695652172 0.025135869565217392
0 0.1637228260869565 0.328125 0.02309782608695652 0.025135869565217392
0 0.2860054347826087 0.3383152173913043 0.026494565217391304 0.025815217391304348
0 0.2601902173913043 0.35529891304347827 0.026494565217391304 0.021739130434782608
0 0.30095108695652173 0.37160326086956524 0.025815217391304348 0.025135869565217392
0 0.23165760869565216 0.453125 0.024456521739130436 0.029891304347826088
0 0.26970108695652173 0.4592391304347826 0.019021739130434784 0.027853260869565216
0 0.29483695652173914 0.47078804347826086 0.021059782608695652 0.025135869565217392
0 0.33084239130434784 0.469429347826087 0.02309782608695652 0.029211956521739132
0 0.27309782608695654 0.234375 0.021059782608695652 0.020380434782608696
0 0.16576086956521738 0.21331521739130435 0.021059782608695652 0.021739130434782608
0 0.14470108695652173 0.21807065217391305 0.014266304347826086 0.015625
0 0.10258152173913043 0.2112771739130435 0.019021739130434784 0.019021739130434784
0 0.2758152173913043 0.12024456521739131 0.019021739130434784 0.018342391304347828
0 0.5 0.6290760869565217 0.021059782608695652 0.029211956521739132
0 0.18478260869565216 0.9836956521739131 0.058423913043478264 0.03260869565217391
0 0.6277173913043478 0.9932065217391305 0.057065217391304345 0.01358695652173913
0 0.22214673913043478 0.6324728260869565 0.036005434782608696 0.02717391304347826
0 0.20991847826086957 0.6168478260869565 0.035326086956521736 0.026494565217391304
0 0.11413043478260869 0.6052989130434783 0.029891304347826088 0.02309782608695652
0 0.4048913043478261 0.6182065217391305 0.033967391304347824 0.025135869565217392
0 0.3016304347826087 0.6324728260869565 0.033967391304347824 0.025815217391304348
0 0.3532608695652174 0.6270380434782609 0.033967391304347824 0.025135869565217392
0 0.27921195652173914 0.6447010869565217 0.035326086956521736 0.025815217391304348
0 0.25339673913043476 0.6467391304347826 0.036684782608695655 0.027853260869565216
0 0.27921195652173914 0.5964673913043478 0.03192934782608696 0.02377717391304348
0 0.28125 0.5686141304347826 0.030570652173913044 0.02309782608695652
0 0.1793478260869565 0.5658967391304348 0.03125 0.02309782608695652
0 0.043478260869565216 0.5149456521739131 0.03125 0.02309782608695652
0 0.030570652173913044 0.49592391304347827 0.030570652173913044 0.02309782608695652
0 0.07065217391304347 0.48165760869565216 0.029891304347826088 0.02309782608695652
0 0.09782608695652174 0.4898097826086957 0.030570652173913044 0.022418478260869564
0 0.13451086956521738 0.4585597826086957 0.030570652173913044 0.02309782608695652
0 0.17798913043478262 0.47554347826086957 0.029211956521739132 0.022418478260869564
0 0.203125 0.499320652173913 0.028532608695652172 0.021059782608695652
0 0.16168478260869565 0.5088315217391305 0.029891304347826088 0.022418478260869564
0 0.2955163043478261 0.5197010869565217 0.029211956521739132 0.021739130434782608
0 0.2703804347826087 0.49796195652173914 0.028532608695652172 0.021059782608695652
0 0.26766304347826086 0.5414402173913043 0.029891304347826088 0.022418478260869564
0 0.24320652173913043 0.5427989130434783 0.029891304347826088 0.022418478260869564
0 0.33220108695652173 0.5733695652173914 0.03125 0.02309782608695652
0 0.4517663043478261 0.579483695652174 0.029891304347826088 0.022418478260869564
0 0.47554347826086957 0.640625 0.034646739130434784 0.025815217391304348
0 0.4476902173913043 0.6120923913043478 0.030570652173913044 0.02309782608695652
0 0.5740489130434783 0.6209239130434783 0.029211956521739132 0.021739130434782608
0 0.5679347826086957 0.6073369565217391 0.029211956521739132 0.021739130434782608
0 0.5788043478260869 0.65625 0.034646739130434784 0.025815217391304348
0 0.609375 0.6243206521739131 0.029211956521739132 0.021739130434782608
0 0.6650815217391305 0.6243206521739131 0.028532608695652172 0.021739130434782608
0 0.6759510869565217 0.7785326086956522 0.04619565217391304 0.034646739130434784
0 0.7112771739130435 0.6677989130434783 0.036005434782608696 0.02717391304347826
0 0.5509510869565217 0.344429347826087 0.025815217391304348 0.019021739130434784
0 0.5088315217391305 0.2717391304347826 0.025815217391304348 0.019021739130434784
0 0.6032608695652174 0.2561141304347826 0.025815217391304348 0.019021739130434784
0 0.4205163043478261 0.2914402173913043 0.026494565217391304 0.01970108695652174
0 0.40217391304347827 0.3294836956521739 0.027853260869565216 0.021059782608695652
0 0.4014945652173913 0.34714673913043476 0.027853260869565216 0.021059782608695652
0 0.3539402173913043 0.46059782608695654 0.027853260869565216 0.021059782608695652
0 0.17866847826086957 0.39945652173913043 0.029211956521739132 0.021739130434782608
0 0.13043478260869565 0.3648097826086957 0.029211956521739132 0.022418478260869564
0 0.036684782608695655 0.3654891304347826 0.028532608695652172 0.021739130434782608
0 0.08967391304347826 0.4273097826086957 0.029891304347826088 0.022418478260869564
0 0.24864130434782608 0.33220108695652173 0.029211956521739132 0.021739130434782608
0 0.22894021739130435 0.4157608695652174 0.028532608695652172 0.021739130434782608
0 0.28940217391304346 0.42459239130434784 0.028532608695652172 0.021739130434782608
0 0.2418478260869565 0.44021739130434784 0.028532608695652172 0.021059782608695652
0 0.3389945652173913 0.5033967391304348 0.028532608695652172 0.021059782608695652
0 0.06997282608695653 0.2262228260869565 0.02309782608695652 0.016983695652173912
0 0.27309782608695654 0.40421195652173914 0.028532608695652172 0.021739130434782608
0 0.28328804347826086 0.37771739130434784 0.027853260869565216 0.021059782608695652
0 0.19904891304347827 0.4585597826086957 0.028532608695652172 0.021739130434782608