0 0.0006793478260869565 0.48777173913043476 0.001358695652173913 0.016983695652173912
0 0.010190217391304348 0.4735054347826087 0.010190217391304348 0.010190217391304348
0 0.01970108695652174 0.48029891304347827 0.014945652173913044 0.01358695652173913
0 0.029891304347826088 0.49796195652173914 0.022418478260869564 0.022418478260869564
0 0.03192934782608696 0.545516304347826 0.03804347826086957 0.035326086956521736
0 0.034646739130434784 0.4857336956521739 0.016304347826086956 0.016983695652173912
0 0.06521739130434782 0.48641304347826086 0.018342391304347828 0.017663043478260868
0 0.06453804347826086 0.47690217391304346 0.016983695652173912 0.01358695652173913
0 0.042119565217391304 0.4748641304347826 0.010869565217391304 0.010869565217391304
0 0.07269021739130435 0.46875 0.010190217391304348 0.010190217391304348
0 0.08559782608695653 0.47214673913043476 0.010869565217391304 0.010190217391304348
0 0.09782608695652174 0.469429347826087 0.010190217391304348 0.010190217391304348
0 0.11073369565217392 0.4782608695652174 0.01358695652173913 0.010869565217391304
0 0.09239130434782608 0.4898097826086957 0.01970108695652174 0.018342391304347828
0 0.125 0.48641304347826086 0.016983695652173912 0.016983695652173912
0 0.11684782608695653 0.485054347826087 0.016983695652173912 0.014945652173913044
0 0.15557065217391305 0.4938858695652174 0.022418478260869564 0.021059782608695652
0 0.14334239130434784 0.483695652173913 0.01358695652173913 0.014945652173913044
0 0.11956521739130435 0.4701086956521739 0.010190217391304348 0.008152173913043478
0 0.18138586956521738 0.48029891304347827 0.010869565217391304 0.010869565217391304
0 0.1949728260869565 0.485054347826087 0.018342391304347828 0.017663043478260868
0 0.1875 0.4673913043478261 0.010869565217391304 0.010190217391304348
0 0.20855978260869565 0.46535326086956524 0.010190217391304348 0.008152173913043478
0 0.20380434782608695 0.4741847826086957 0.010869565217391304 0.010869565217391304
0 0.2262228260869565 0.46603260869565216 0.010869565217391304 0.010190217391304348
0 0.2425271739130435 0.4748641304347826 0.01358695652173913 0.01358695652173913
0 0.21671195652173914 0.4789402173913043 0.014945652173913044 0.01358695652173913
0 0.20380434782608695 0.5033967391304348 0.03328804347826087 0.03260869565217391
0 0.26222826086956524 0.49320652173913043 0.014945652173913044 0.016983695652173912
0 0.28328804347826086 0.4830163043478261 0.016983695652173912 0.016983695652173912
0 0.22758152173913043 0.47690217391304346 0.010869565217391304 0.012228260869565218
0 0.19293478260869565 0.47622282608695654 0.010190217391304348 0.010190217391304348
0 0.296195652173913 0.47146739130434784 0.01358695652173913 0.01358695652173913
0 0.2921195652173913 0.4585597826086957 0.010190217391304348 0.010190217391304348
0 0.27785326086956524 0.438179347826087 0.008831521739130434 0.008152173913043478
0 0.3016304347826087 0.43478260869565216 0.008831521739130434 0.008152173913043478
0 0.31453804347826086 0.4422554347826087 0.008831521739130434 0.007472826086956522
0 0.3342391304347826 0.436820652173913 0.008831521739130434 0.008152173913043478
0 0.33695652173913043 0.44021739130434784 0.010190217391304348 0.010190217391304348
0 0.3376358695652174 0.4517663043478261 0.010869565217391304 0.010190217391304348
0 0.32065217391304346 0.46603260869565216 0.01358695652173913 0.010869565217391304
0 0.3125 0.47214673913043476 0.01358695652173913 0.012228260869565218
0 0.34103260869565216 0.4701086956521739 0.01358695652173913 0.012228260869565218
0 0.37703804347826086 0.46875 0.010869565217391304 0.012907608695652174
0 0.38858695652173914 0.469429347826087 0.014945652173913044 0.01358695652173913
0 0.35258152173913043 0.46535326086956524 0.010190217391304348 0.010869565217391304
0 0.37092391304347827 0.44497282608695654 0.010190217391304348 0.008152173913043478
0 0.35597826086956524 0.4327445652173913 0.008831521739130434 0.007472826086956522
0 0.37092391304347827 0.4327445652173913 0.010190217391304348 0.010190217391304348
0 0.3858695652173913 0.43546195652173914 0.008831521739130434 0.007472826086956522
0 0.3953804347826087 0.436820652173913 0.010190217391304348 0.010190217391304348
0 0.390625 0.44157608695652173 0.010869565217391304 0.010869565217391304
0 0.391304347826087 0.4592391304347826 0.010869565217391304 0.010190217391304348
0 0.4232336956521739 0.484375 0.022418478260869564 0.020380434782608696
0 0.42391304347826086 0.47146739130434784 0.016983695652173912 0.01358695652173913
0 0.436820652173913 0.4429347826086957 0.010869565217391304 0.010190217391304348
0 0.41779891304347827 0.4375 0.008831521739130434 0.008152173913043478
0 0.44157608695652173 0.43410326086956524 0.008831521739130434 0.010190217391304348
0 0.45040760869565216 0.43410326086956524 0.010190217391304348 0.008152173913043478
0 0.4735054347826087 0.43410326086956524 0.010190217391304348 0.010869565217391304
0 0.45720108695652173 0.46467391304347827 0.010869565217391304 0.010869565217391304
0 0.469429347826087 0.4639945652173913 0.010869565217391304 0.010869565217391304
0 0.4986413043478261 0.44157608695652173 0.010869565217391304 0.010869565217391304
0 0.49184782608695654 0.43410326086956524 0.010190217391304348 0.010190217391304348
0 0.5210597826086957 0.43410326086956524 0.010869565217391304 0.010869565217391304
0 0.5278532608695652 0.4375 0.010869565217391304 0.010869565217391304
0 0.5217391304347826 0.46127717391304346 0.01358695652173913 0.012228260869565218
0 0.5033967391304348 0.4626358695652174 0.01358695652173913 0.010869565217391304
0 0.5197010869565217 0.48097826086956524 0.016983695652173912 0.017663043478260868
0 0.48233695652173914 0.49252717391304346 0.01970108695652174 0.018342391304347828
0 0.4633152173913043 0.484375 0.016983695652173912 0.014945652173913044
0 0.47758152173913043 0.47214673913043476 0.014945652173913044 0.01358695652173913
0 0.4639945652173913 0.5054347826086957 0.02717391304347826 0.02377717391304348
0 0.4014945652173913 0.43002717391304346 0.006114130434782609 0.007472826086956522
0 0.5434782608695652 0.43410326086956524 0.010869565217391304 0.010869565217391304
0 0.5631793478260869 0.43478260869565216 0.010190217391304348 0.010869565217391304
0 0.5917119565217391 0.43410326086956524 0.01358695652173913 0.010869565217391304
0 0.6120923913043478 0.43546195652173914 0.010869565217391304 0.010869565217391304
0 0.6283967391304348 0.4279891304347826 0.01358695652173913 0.010869565217391304
0 0.654891304347826 0.4361413043478261 0.01358695652173913 0.012228260869565218
0 0.6433423913043478 0.46195652173913043 0.016304347826086956 0.014945652173913044
0 0.6331521739130435 0.4585597826086957 0.014945652173913044 0.01358695652173913
0 0.623641304347826 0.4701086956521739 0.018342391304347828 0.017663043478260868
0 0.5828804347826086 0.46535326086956524 0.01358695652173913 0.010869565217391304
0 0.563858695652174 0.46535326086956524 0.014945652173913044 0.01358695652173913
0 0.5489130434782609 0.4626358695652174 0.01358695652173913 0.010869565217391304
0 0.5679347826086957 0.4748641304347826 0.018342391304347828 0.014945652173913044
0 0.548233695652174 0.47146739130434784 0.01358695652173913 0.012907608695652174
0 0.6188858695652174 0.4945652173913043 0.02717391304347826 0.021059782608695652
0 0.610733695652174 0.47282608695652173 0.016983695652173912 0.016983695652173912
0 0.6677989130434783 0.47282608695652173 0.02377717391304348 0.021059782608695652
0 0.6841032608695652 0.47758152173913043 0.03328804347826087 0.027853260869565216
0 0.7065217391304348 0.4673913043478261 0.016983695652173912 0.014945652173913044
0 0.6725543478260869 0.45584239130434784 0.016983695652173912 0.01358695652173913
0 0.6766304347826086 0.46195652173913043 0.01970108695652174 0.017663043478260868
0 0.6881793478260869 0.43953804347826086 0.014945652173913044 0.012228260869565218
0 0.6841032608695652 0.4320652173913043 0.014945652173913044 0.012907608695652174
0 0.7051630434782609 0.43070652173913043 0.01358695652173913 0.012907608695652174
0 0.7221467391304348 0.4361413043478261 0.016983695652173912 0.01358695652173913
0 0.7269021739130435 0.42934782608695654 0.01358695652173913 0.012228260869565218
0 0.75 0.42934782608695654 0.01358695652173913 0.012228260869565218
0 0.766983695652174 0.44972826086956524 0.016304347826086956 0.01358695652173913
0 0.7574728260869565 0.46467391304347827 0.018342391304347828 0.014945652173913044
0 0.7262228260869565 0.47078804347826086 0.024456521739130436 0.020380434782608696
0 0.7635869565217391 0.48029891304347827 0.02717391304347826 0.022418478260869564
0 0.7778532608695652 0.4673913043478261 0.018342391304347828 0.01358695652173913
0 0.8512228260869565 0.438179347826087 0.018342391304347828 0.014945652173913044
0 0.8186141304347826 0.4633152173913043 0.01970108695652174 0.016983695652173912
0 0.8097826086956522 0.4735054347826087 0.024456521739130436 0.018342391304347828
0 0.8614130434782609 0.48641304347826086 0.03192934782608696 0.022418478260869564
0 0.889266304347826 0.46059782608695654 0.022418478260869564 0.014945652173913044
0 0.8179347826086957 0.42866847826086957 0.014945652173913044 0.01358695652173913
0 0.7961956521739131 0.43002717391304346 0.01358695652173913 0.012228260869565218
0 0.8362771739130435 0.42866847826086957 0.014945652173913044 0.012228260869565218
0 0.845108695652174 0.4266304347826087 0.016983695652173912 0.01358695652173913
0 0.8695652173913043 0.4266304347826087 0.016983695652173912 0.014945652173913044
0 0.8851902173913043 0.4279891304347826 0.018342391304347828 0.014945652173913044
0 0.8974184782608695 0.422554347826087 0.016983695652173912 0.012907608695652174
0 0.9096467391304348 0.4273097826086957 0.016983695652173912 0.01358695652173913
0 0.9347826086956522 0.42391304347826086 0.022418478260869564 0.014945652173913044
0 0.9592391304347826 0.41779891304347827 0.016983695652173912 0.01358695652173913
0 0.9735054347826086 0.42527173913043476 0.016983695652173912 0.012228260869565218
0 0.9918478260869565 0.4205163043478261 0.016304347826086956 0.014945652173913044
0 0.951766304347826 0.4544836956521739 0.01970108695652174 0.014945652173913044
0 0.9449728260869565 0.468070652173913 0.02377717391304348 0.017663043478260868
0 0.9123641304347826 0.4748641304347826 0.02717391304347826 0.018342391304347828
0 0.9769021739130435 0.46535326086956524 0.01970108695652174 0.01358695652173913
0 0.9925271739130435 0.46059782608695654 0.014945652173913044 0.01358695652173913
0 0.44157608695652173 0.5672554347826086 0.050951086956521736 0.042798913043478264
0 0.33491847826086957 0.5563858695652174 0.04823369565217391 0.04891304347826087
0 0.20991847826086957 0.5461956521739131 0.03736413043478261 0.03804347826086957
0 0.281929347826087 0.5258152173913043 0.03192934782608696 0.027853260869565216
0 0.4830163043478261 0.5305706521739131 0.042119565217391304 0.03260869565217391
0 0.6148097826086957 0.532608695652174 0.050951086956521736 0.03804347826086957
0 0.5760869565217391 0.501358695652174 0.03736413043478261 0.03260869565217391
0 0.07880434782608696 0.5108695652173914 0.022418478260869564 0.021059782608695652
0 0.13179347826086957 0.5135869565217391 0.02717391304347826 0.025135869565217392
0 0.921875 0.46127717391304346 0.01970108695652174 0.014945652173913044
0 0.6956521739130435 0.516983695652174 0.034646739130434784 0.025135869565217392
0 0.027853260869565216 0.47690217391304346 0.01358695652173913 0.010869565217391304
0 0.026494565217391304 0.5394021739130435 0.03804347826086957 0.028532608695652172
0 0.004755434782608696 0.48165760869565216 0.009510869565217392 0.012228260869565218
0 0.050271739130434784 0.4701086956521739 0.010869565217391304 0.009510869565217392
0 0.14130434782608695 0.4701086956521739 0.010869565217391304 0.007472826086956522
0 0.12907608695652173 0.468070652173913 0.007472826086956522 0.005434782608695652
0 0.16847826086956522 0.4673913043478261 0.008831521739130434 0.007472826086956522
0 0.15489130434782608 0.46671195652173914 0.006114130434782609 0.005434782608695652
0 0.15692934782608695 0.48029891304347827 0.016304347826086956 0.012228260869565218
0 0.1610054347826087 0.483695652173913 0.016983695652173912 0.012907608695652174
0 0.18070652173913043 0.45991847826086957 0.007472826086956522 0.005434782608695652
0 0.2269021739130435 0.4592391304347826 0.008831521739130434 0.007472826086956522
0 0.24116847826086957 0.4633152173913043 0.012228260869565218 0.009510869565217392
0 0.2425271739130435 0.4673913043478261 0.012228260869565218 0.009510869565217392
0 0.21195652173913043 0.483695652173913 0.016304347826086956 0.012228260869565218
0 0.20516304347826086 0.4904891304347826 0.024456521739130436 0.017663043478260868
0 0.25815217391304346 0.5020380434782609 0.024456521739130436 0.01970108695652174
0 0.25 0.4857336956521739 0.016983695652173912 0.012907608695652174
0 0.26902173913043476 0.47214673913043476 0.014945652173913044 0.010869565217391304
0 0.26222826086956524 0.46467391304347827 0.01358695652173913 0.010190217391304348
0 0.26970108695652173 0.4626358695652174 0.01358695652173913 0.010190217391304348
0 0.2860054347826087 0.4626358695652174 0.01358695652173913 0.010869565217391304
0 0.27785326086956524 0.4673913043478261 0.014945652173913044 0.010190217391304348
0 0.2826086956521739 0.4429347826086957 0.010190217391304348 0.007472826086956522
0 0.25407608695652173 0.452445652173913 0.010869565217391304 0.008152173913043478
0 0.30095108695652173 0.44021739130434784 0.010869565217391304 0.007472826086956522
0 0.30910326086956524 0.4375 0.010190217391304348 0.007472826086956522
0 0.3233695652173913 0.484375 0.018342391304347828 0.012907608695652174
0 0.31589673913043476 0.48845108695652173 0.018342391304347828 0.01358695652173913
0 0.31589673913043476 0.5006793478260869 0.025815217391304348 0.01970108695652174
0 0.3648097826086957 0.4891304347826087 0.02377717391304348 0.017663043478260868
0 0.36616847826086957 0.43070652173913043 0.010190217391304348 0.007472826086956522
0 0.374320652173913 0.4830163043478261 0.01970108695652174 0.014945652173913044
0 0.4014945652173913 0.4945652173913043 0.024456521739130436 0.018342391304347828
0 0.4273097826086957 0.46127717391304346 0.016304347826086956 0.010869565217391304
0 0.41915760869565216 0.46603260869565216 0.016304347826086956 0.012228260869565218
0 0.4578804347826087 0.4578804347826087 0.01358695652173913 0.010190217391304348
0 0.484375 0.43546195652173914 0.012228260869565218 0.009510869565217392
0 0.516983695652174 0.42934782608695654 0.012228260869565218 0.009510869565217392
0 0.5108695652173914 0.4592391304347826 0.016304347826086956 0.010869565217391304
0 0.529891304347826 0.483695652173913 0.01970108695652174 0.014945652173913044
0 0.45720108695652173 0.49592391304347827 0.024456521739130436 0.017663043478260868
0 0.46671195652173914 0.49660326086956524 0.02377717391304348 0.018342391304347828
0 0.43342391304347827 0.48777173913043476 0.022418478260869564 0.015625
0 0.4048913043478261 0.43546195652173914 0.010869565217391304 0.008152173913043478
0 0.5618206521739131 0.4279891304347826 0.01358695652173913 0.009510869565217392
0 0.5733695652173914 0.4313858695652174 0.012228260869565218 0.009510869565217392
0 0.5991847826086957 0.43410326086956524 0.01358695652173913 0.010190217391304348
0 0.6066576086956522 0.46467391304347827 0.016983695652173912 0.012907608695652174
0 0.5509510869565217 0.45720108695652173 0.014945652173913044 0.010869565217391304
0 0.5686141304347826 0.4891304347826087 0.029891304347826088 0.021059782608695652
0 0.5461956521739131 0.49320652173913043 0.029891304347826088 0.02309782608695652
0 0.5733695652173914 0.4830163043478261 0.02717391304347826 0.01970108695652174
0 0.6059782608695652 0.483695652173913 0.025815217391304348 0.01970108695652174
0 0.640625 0.49796195652173914 0.034646739130434784 0.02717391304347826
0 0.6474184782608695 0.48233695652173914 0.025815217391304348 0.020380434782608696
0 0.6983695652173914 0.45584239130434784 0.01970108695652174 0.014945652173913044
0 0.6773097826086957 0.43546195652173914 0.014945652173913044 0.010869565217391304
0 0.6644021739130435 0.43410326086956524 0.016304347826086956 0.012228260869565218
0 0.7160326086956522 0.43546195652173914 0.016304347826086956 0.010869565217391304
0 0.766983695652174 0.4327445652173913 0.016304347826086956 0.012228260869565218
0 0.7540760869565217 0.4592391304347826 0.01970108695652174 0.014945652173913044
0 0.7336956521739131 0.45720108695652173 0.018342391304347828 0.014945652173913044
0 0.7180706521739131 0.46467391304347827 0.02377717391304348 0.017663043478260868
0 0.7459239130434783 0.47554347826086957 0.02377717391304348 0.017663043478260868
0 0.7703804347826086 0.4741847826086957 0.02377717391304348 0.017663043478260868
0 0.7792119565217391 0.485054347826087 0.025815217391304348 0.01970108695652174
0 0.7805706521739131 0.49320652173913043 0.029891304347826088 0.021059782608695652
0 0.8525815217391305 0.4626358695652174 0.022418478260869564 0.017663043478260868
0 0.828125 0.4585597826086957 0.01970108695652174 0.014945652173913044
0 0.8349184782608695 0.47758152173913043 0.024456521739130436 0.018342391304347828
0 0.8865489130434783 0.48029891304347827 0.025815217391304348 0.018342391304347828
0 0.8783967391304348 0.46875 0.02377717391304348 0.017663043478260868
0 0.9504076086956522 0.42391304347826086 0.018342391304347828 0.012907608695652174
0 0.9239130434782609 0.4327445652173913 0.018342391304347828 0.01358695652173913
0 0.9898097826086957 0.45040760869565216 0.01970108695652174 0.014945652173913044
0 0.9395380434782609 0.45516304347826086 0.01970108695652174 0.015625
0 0.36345108695652173 0.5230978260869565 0.04551630434782609 0.033967391304347824
0 0.31657608695652173 0.46127717391304346 0.01358695652173913 0.009510869565217392
0 0.8573369565217391 0.4585597826086957 0.02377717391304348 0.017663043478260868
0 0.9646739130434783 0.47146739130434784 0.022418478260869564 0.015625