0 0.15760869565217392 0.47282608695652173 0.07948369565217392 0.09510869565217392
0 0.548233695652174 0.3797554347826087 0.07472826086956522 0.10122282608695653
0 0.595108695652174 0.4673913043478261 0.08016304347826086 0.11141304347826086
0 0.720108695652174 0.3892663043478261 0.07608695652173914 0.08967391304347826
0 0.78125 0.4673913043478261 0.07676630434782608 0.08695652173913043
0 0.8471467391304348 0.43342391304347827 0.06385869565217392 0.07472826086956522
0 0.764266304347826 0.37160326086956524 0.052309782608695655 0.06385869565217392
0 0.9802989130434783 0.37160326086956524 0.03940217391304348 0.10258152173913043
0 0.9877717391304348 0.2751358695652174 0.02377717391304348 0.07608695652173914
0 0.42934782608695654 0.171875 0.07269021739130435 0.07472826086956522
0 0.36616847826086957 0.09578804347826086 0.06861413043478261 0.07065217391304347
0 0.29008152173913043 0.09986413043478261 0.04891304347826087 0.050951086956521736
0 0.5543478260869565 0.08491847826086957 0.06046195652173913 0.06657608695652174
0 0.5353260869565217 0.20584239130434784 0.06861413043478261 0.07744565217391304
0 0.6338315217391305 0.050951086956521736 0.03940217391304348 0.042798913043478264
0 0.748641304347826 0.02717391304347826 0.050951086956521736 0.04619565217391304
0 0.7533967391304348 0.23980978260869565 0.06793478260869565 0.08152173913043478
0 0.6453804347826086 0.32608695652173914 0.06861413043478261 0.07880434782608696
0 0.8947010869565217 0.16236413043478262 0.07472826086956522 0.07744565217391304
0 0.4483695652173913 0.23505434782608695 0.07608695652173914 0.07472826086956522
0 0.436820652173913 0.38179347826086957 0.08831521739130435 0.07880434782608696
0 0.2703804347826087 0.23777173913043478 0.078125 0.06929347826086957
0 0.8091032608695652 0.12092391304347826 0.06453804347826086 0.05638586956521739
0 0.6997282608695652 0.13722826086956522 0.06861413043478261 0.06046195652173913
0 0.7418478260869565 0.020380434782608696 0.05502717391304348 0.04076086956521739
0 0.9144021739130435 0.021739130434782608 0.04823369565217391 0.041440217391304345
0 0.829483695652174 0.010190217391304348 0.046875 0.020380434782608696
0 0.49660326086956524 0.012907608695652174 0.04891304347826087 0.025815217391304348
0 0.39334239130434784 0.029211956521739132 0.052309782608695655 0.04755434782608696
0 0.23845108695652173 0.014945652173913044 0.050271739130434784 0.029891304347826088
0 0.1487771739130435 0.012228260869565218 0.05570652173913043 0.024456521739130436
0 0.23097826086956522 0.28872282608695654 0.08220108695652174 0.07336956521739131
0 0.10869565217391304 0.31657608695652173 0.08423913043478261 0.07404891304347826
0 0.027853260869565216 0.35665760869565216 0.05502717391304348 0.07676630434782608
0 0.024456521739130436 0.22146739130434784 0.04891304347826087 0.06861413043478261
0 0.07608695652173914 0.20176630434782608 0.07608695652173914 0.06725543478260869
0 0.1324728260869565 0.11345108695652174 0.06861413043478261 0.06182065217391304
0 0.057065217391304345 0.10529891304347826 0.06861413043478261 0.06046195652173913
0 0.06997282608695653 0.03125 0.058423913043478264 0.050951086956521736
0 0.025815217391304348 0.021059782608695652 0.050951086956521736 0.041440217391304345
0 0.6216032608695652 0.010190217391304348 0.052309782608695655 0.020380434782608696