0 0.04891304347826087 0.6073369565217391 0.029891304347826088 0.02309782608695652
0 0.30910326086956524 0.5883152173913043 0.018342391304347828 0.016983695652173912
0 0.4266304347826087 0.5971467391304348 0.029211956521739132 0.025815217391304348
0 0.484375 0.595108695652174 0.01970108695652174 0.016983695652173912
0 0.501358695652174 0.5808423913043478 0.020380434782608696 0.016304347826086956
0 0.5346467391304348 0.592391304347826 0.014945652173913044 0.012907608695652174
0 0.561141304347826 0.5957880434782609 0.015625 0.014266304347826086
0 0.6990489130434783 0.6025815217391305 0.016983695652173912 0.018342391304347828
0 0.9164402173913043 0.5991847826086957 0.018342391304347828 0.015625
0 0.8940217391304348 0.6032608695652174 0.017663043478260868 0.014266304347826086
0 0.907608695652174 0.5971467391304348 0.015625 0.012907608695652174
0 0.9375 0.5964673913043478 0.016304347826086956 0.012907608695652174
0 0.9592391304347826 0.5944293478260869 0.01154891304347826 0.009510869565217392
0 0.9694293478260869 0.5896739130434783 0.010190217391304348 0.008831521739130434
0 0.9626358695652174 0.5801630434782609 0.006793478260869565 0.006114130434782609
0 0.6501358695652174 0.6025815217391305 0.012228260869565218 0.010869565217391304
0 0.7717391304347826 0.5869565217391305 0.012228260869565218 0.010869565217391304
0 0.8036684782608695 0.5903532608695652 0.010190217391304348 0.010190217391304348
0 0.8756793478260869 0.5957880434782609 0.015625 0.01154891304347826
0 0.006114130434782609 0.6677989130434783 0.012228260869565218 0.025135869565217392
0 0.42459239130434784 0.5828804347826086 0.021059782608695652 0.014266304347826086
0 0.4470108695652174 0.5835597826086957 0.021059782608695652 0.014266304347826086
0 0.6270380434782609 0.6005434782608695 0.017663043478260868 0.01154891304347826
0 0.5835597826086957 0.6046195652173914 0.02309782608695652 0.014945652173913044
0 0.7921195652173914 0.608016304347826 0.020380434782608696 0.01358695652173913
0 0.842391304347826 0.6100543478260869 0.021739130434782608 0.014266304347826086
0 0.9198369565217391 0.6582880434782609 0.06453804347826086 0.046875
0 0.9823369565217391 0.5889945652173914 0.012907608695652174 0.008831521739130434
0 0.9578804347826086 0.5855978260869565 0.010869565217391304 0.007472826086956522
0 0.9442934782608695 0.5801630434782609 0.006793478260869565 0.004755434782608696
0 0.6956521739130435 0.5849184782608695 0.019021739130434784 0.012907608695652174
0 0.6813858695652174 0.5910326086956522 0.018342391304347828 0.012228260869565218
0 0.7146739130434783 0.5869565217391305 0.014266304347826086 0.009510869565217392
0 0.7391304347826086 0.5883152173913043 0.01358695652173913 0.009510869565217392
0 0.8620923913043478 0.579483695652174 0.007472826086956522 0.005434782608695652
0 0.9198369565217391 0.5869565217391305 0.01154891304347826 0.007472826086956522
0 0.9313858695652174 0.5930706521739131 0.014945652173913044 0.010190217391304348
0 0.826766304347826 0.5855978260869565 0.01154891304347826 0.007472826086956522
0 0.8885869565217391 0.5754076086956522 0.002717391304347826 0.001358695652173913
0 0.921875 0.5808423913043478 0.007472826086956522 0.004755434782608696
0 0.9082880434782609 0.5842391304347826 0.010190217391304348 0.006793478260869565
0 0.9123641304347826 0.5876358695652174 0.012228260869565218 0.008152173913043478
0 0.9572010869565217 0.5903532608695652 0.01358695652173913 0.009510869565217392