0 0.15964673913043478 0.3688858695652174 0.033967391304347824 0.026494565217391304
0 0.11548913043478261 0.3845108695652174 0.021059782608695652 0.02309782608695652
0 0.06997282608695653 0.3702445652173913 0.017663043478260868 0.024456521739130436
0 0.3953804347826087 0.4266304347826087 0.05638586956521739 0.03872282608695652
0 0.40285326086956524 0.389945652173913 0.052309782608695655 0.03872282608695652
0 0.37160326086956524 0.38179347826086957 0.036684782608695655 0.03125
0 0.5149456521739131 0.39877717391304346 0.04823369565217391 0.050271739130434784
0 0.5047554347826086 0.3763586956521739 0.036684782608695655 0.02309782608695652
0 0.43070652173913043 0.36616847826086957 0.021059782608695652 0.01970108695652174
0 0.6487771739130435 0.43546195652173914 0.08627717391304347 0.05366847826086957
0 0.5570652173913043 0.3736413043478261 0.028532608695652172 0.024456521739130436
0 0.5366847826086957 0.38247282608695654 0.028532608695652172 0.02309782608695652
0 0.405570652173913 0.3335597826086957 0.010190217391304348 0.008152173913043478
0 0.42459239130434784 0.3423913043478261 0.010190217391304348 0.008831521739130434
0 0.4952445652173913 0.35733695652173914 0.017663043478260868 0.012907608695652174
0 0.5115489130434783 0.3491847826086957 0.014945652173913044 0.012228260869565218
0 0.485054347826087 0.3342391304347826 0.008831521739130434 0.007472826086956522
0 0.546875 0.3532608695652174 0.017663043478260868 0.012907608695652174
0 0.545516304347826 0.34578804347826086 0.019021739130434784 0.012907608695652174
0 0.578125 0.36141304347826086 0.025815217391304348 0.021059782608695652
0 0.5971467391304348 0.3546195652173913 0.02377717391304348 0.019021739130434784
0 0.5720108695652174 0.3376358695652174 0.010869565217391304 0.008831521739130434
0 0.610733695652174 0.34375 0.021059782608695652 0.016304347826086956
0 0.5855978260869565 0.3383152173913043 0.010869565217391304 0.008831521739130434
0 0.5822010869565217 0.3335597826086957 0.008831521739130434 0.007472826086956522
0 0.6114130434782609 0.36277173913043476 0.02309782608695652 0.017663043478260868
0 0.6168478260869565 0.375 0.030570652173913044 0.02309782608695652
0 0.6487771739130435 0.36277173913043476 0.03736413043478261 0.02717391304347826
0 0.6773097826086957 0.3580163043478261 0.016983695652173912 0.014266304347826086
0 0.6875 0.3736413043478261 0.028532608695652172 0.021059782608695652
0 0.7092391304347826 0.3648097826086957 0.02377717391304348 0.01970108695652174
0 0.6963315217391305 0.343070652173913 0.01358695652173913 0.010869565217391304
0 0.7092391304347826 0.3451086956521739 0.01358695652173913 0.010869565217391304
0 0.6691576086956522 0.3451086956521739 0.01358695652173913 0.010869565217391304
0 0.6467391304347826 0.3383152173913043 0.014945652173913044 0.010869565217391304
0 0.6358695652173914 0.3376358695652174 0.012228260869565218 0.009510869565217392
0 0.6779891304347826 0.3423913043478261 0.010869565217391304 0.009510869565217392
0 0.7058423913043478 0.33695652173913043 0.008831521739130434 0.007472826086956522
0 0.7479619565217391 0.3451086956521739 0.016983695652173912 0.012907608695652174
0 0.7649456521739131 0.3485054347826087 0.017663043478260868 0.014266304347826086
0 0.7479619565217391 0.37296195652173914 0.02309782608695652 0.019021739130434784
0 0.7887228260869565 0.34646739130434784 0.020380434782608696 0.015625
0 0.8050271739130435 0.34035326086956524 0.012228260869565218 0.009510869565217392
0 0.7730978260869565 0.3383152173913043 0.010869565217391304 0.009510869565217392
0 0.765625 0.33967391304347827 0.008831521739130434 0.007472826086956522
0 0.829483695652174 0.3498641304347826 0.017663043478260868 0.016983695652173912
0 0.8498641304347826 0.35597826086956524 0.03125 0.025815217391304348
0 0.8301630434782609 0.33695652173913043 0.012228260869565218 0.009510869565217392
0 0.8179347826086957 0.3389945652173913 0.010190217391304348 0.008831521739130434
0 0.8845108695652174 0.34714673913043476 0.020380434782608696 0.016304347826086956
0 0.907608695652174 0.35190217391304346 0.022418478260869564 0.019021739130434784
0 0.9796195652173914 0.3485054347826087 0.014945652173913044 0.012907608695652174
0 0.9667119565217391 0.34171195652173914 0.016304347826086956 0.012907608695652174
0 0.9721467391304348 0.33627717391304346 0.012228260869565218 0.010190217391304348
0 0.9449728260869565 0.33695652173913043 0.014266304347826086 0.012228260869565218
0 0.9307065217391305 0.3376358695652174 0.012228260869565218 0.010190217391304348
0 0.9932065217391305 0.33491847826086957 0.01358695652173913 0.010190217391304348
0 0.983016304347826 0.34171195652173914 0.012228260869565218 0.010190217391304348
0 0.8668478260869565 0.3328804347826087 0.010869565217391304 0.008831521739130434
0 0.8695652173913043 0.3172554347826087 0.006114130434782609 0.005434782608695652
0 0.9823369565217391 0.3267663043478261 0.010190217391304348 0.007472826086956522
0 0.9870923913043478 0.3220108695652174 0.008831521739130434 0.006793478260869565
0 0.7995923913043478 0.33084239130434784 0.008831521739130434 0.006114130434782609
0 0.8396739130434783 0.33084239130434784 0.010190217391304348 0.008152173913043478
0 0.6895380434782609 0.33559782608695654 0.008152173913043478 0.006793478260869565
0 0.5292119565217391 0.33695652173913043 0.010190217391304348 0.007472826086956522
0 0.5101902173913043 0.33220108695652173 0.008831521739130434 0.006793478260869565
0 0.5665760869565217 0.32540760869565216 0.006793478260869565 0.005434782608695652
0 0.7194293478260869 0.343070652173913 0.008831521739130434 0.008152173913043478
0 0.7336956521739131 0.3376358695652174 0.008831521739130434 0.007472826086956522
0 0.9599184782608695 0.3138586956521739 0.008152173913043478 0.006114130434782609
0 0.8974184782608695 0.311820652173913 0.006114130434782609 0.004076086956521739
0 0.8790760869565217 0.33084239130434784 0.008152173913043478 0.006114130434782609
0 0.8586956521739131 0.33220108695652173 0.008152173913043478 0.006793478260869565
0 0.6671195652173914 0.3695652173913043 0.016983695652173912 0.014266304347826086
0 0.9211956521739131 0.35258152173913043 0.022418478260869564 0.019021739130434784
0 0.9735054347826086 0.48165760869565216 0.05298913043478261 0.06793478260869565
0 0.47214673913043476 0.5 0.09918478260869565 0.06793478260869565
0 0.16779891304347827 0.5380434782608695 0.11752717391304347 0.07336956521739131
0 0.08016304347826086 0.45991847826086957 0.06589673913043478 0.041440217391304345
0 0.020380434782608696 0.40964673913043476 0.04008152173913043 0.03125
0 0.7466032608695652 0.41847826086956524 0.05638586956521739 0.035326086956521736
0 0.27717391304347827 0.406929347826087 0.050271739130434784 0.03125
0 0.22214673913043478 0.3892663043478261 0.042119565217391304 0.026494565217391304
0 0.2112771739130435 0.360054347826087 0.028532608695652172 0.018342391304347828
0 0.3063858695652174 0.3688858695652174 0.036684782608695655 0.02309782608695652
0 0.46059782608695654 0.3695652173913043 0.03328804347826087 0.021059782608695652
0 0.43546195652173914 0.3546195652173913 0.026494565217391304 0.016983695652173912
0 0.37839673913043476 0.3485054347826087 0.021739130434782608 0.01358695652173913
0 0.43070652173913043 0.3376358695652174 0.007472826086956522 0.005434782608695652
0 0.45652173913043476 0.3485054347826087 0.019021739130434784 0.012228260869565218
0 0.44633152173913043 0.344429347826087 0.016983695652173912 0.010869565217391304
0 0.41915760869565216 0.35597826086956524 0.02717391304347826 0.016983695652173912
0 0.47554347826086957 0.360054347826087 0.024456521739130436 0.015625
0 0.4904891304347826 0.34714673913043476 0.017663043478260868 0.010869565217391304
0 0.49592391304347827 0.3294836956521739 0.007472826086956522 0.004755434782608696
0 0.48777173913043476 0.34035326086956524 0.01358695652173913 0.008152173913043478
0 0.5332880434782609 0.3607336956521739 0.025815217391304348 0.016304347826086956
0 0.546875 0.33084239130434784 0.009510869565217392 0.006114130434782609
0 0.6195652173913043 0.33559782608695654 0.010869565217391304 0.006793478260869565
0 0.5631793478260869 0.3376358695652174 0.014266304347826086 0.008831521739130434
0 0.6711956521739131 0.37703804347826086 0.03328804347826087 0.021059782608695652
0 0.7160326086956522 0.3539402173913043 0.021739130434782608 0.01358695652173913
0 0.6677989130434783 0.3389945652173913 0.01358695652173913 0.008152173913043478
0 0.7262228260869565 0.35054347826086957 0.019021739130434784 0.012228260869565218
0 0.7377717391304348 0.3498641304347826 0.019021739130434784 0.012228260869565218
0 0.7350543478260869 0.34375 0.015625 0.009510869565217392
0 0.7792119565217391 0.3695652173913043 0.025135869565217392 0.016304347826086956
0 0.7839673913043478 0.3389945652173913 0.01358695652173913 0.008831521739130434
0 0.7588315217391305 0.33695652173913043 0.010869565217391304 0.006793478260869565
0 0.9245923913043478 0.37160326086956524 0.030570652173913044 0.019021739130434784
0 0.9626358695652174 0.36209239130434784 0.025815217391304348 0.016304347826086956
0 0.9599184782608695 0.35054347826086957 0.018342391304347828 0.010869565217391304
0 0.9144021739130435 0.33559782608695654 0.016304347826086956 0.010190217391304348
0 0.9959239130434783 0.3539402173913043 0.008152173913043478 0.012228260869565218
0 0.9972826086956522 0.36141304347826086 0.005434782608695652 0.024456521739130436
0 0.9966032608695652 0.328804347826087 0.006793478260869565 0.008152173913043478
0 0.9925271739130435 0.33084239130434784 0.012907608695652174 0.008152173913043478
0 0.9775815217391305 0.33220108695652173 0.01358695652173913 0.008152173913043478
0 0.9191576086956522 0.32608695652173914 0.012907608695652174 0.008152173913043478
0 0.8879076086956522 0.33084239130434784 0.01358695652173913 0.008152173913043478
0 0.875 0.32065217391304346 0.007472826086956522 0.004755434782608696
0 0.8960597826086957 0.3220108695652174 0.008831521739130434 0.005434782608695652
0 0.90625 0.32133152173913043 0.009510869565217392 0.006114130434782609
0 0.9150815217391305 0.32065217391304346 0.008831521739130434 0.005434782608695652
0 0.9123641304347826 0.3267663043478261 0.012228260869565218 0.007472826086956522
0 0.9103260869565217 0.33016304347826086 0.014266304347826086 0.008831521739130434
0 0.9354619565217391 0.31589673913043476 0.007472826086956522 0.004755434782608696
0 0.9252717391304348 0.31929347826086957 0.008152173913043478 0.005434782608695652
0 0.9551630434782609 0.3138586956521739 0.006793478260869565 0.0033967391304347825
0 0.9504076086956522 0.3138586956521739 0.006793478260869565 0.004076086956521739
0 0.9415760869565217 0.31657608695652173 0.008152173913043478 0.005434782608695652
0 0.9809782608695652 0.31929347826086957 0.008831521739130434 0.005434782608695652
0 0.9714673913043478 0.3233695652173913 0.010869565217391304 0.006793478260869565
0 0.9972826086956522 0.32404891304347827 0.005434782608695652 0.006793478260869565
0 0.9341032608695652 0.32472826086956524 0.010869565217391304 0.007472826086956522
0 0.8885869565217391 0.3220108695652174 0.007472826086956522 0.004755434782608696
0 0.8933423913043478 0.3172554347826087 0.002717391304347826 0.001358695652173913
0 0.8885869565217391 0.31657608695652173 0.001358695652173913 0.0006793478260869565
0 0.8817934782608695 0.32065217391304346 0.007472826086956522 0.004755434782608696
0 0.860733695652174 0.32065217391304346 0.006793478260869565 0.004755434782608696
0 0.8532608695652174 0.32608695652173914 0.006793478260869565 0.004076086956521739
0 0.8084239130434783 0.3294836956521739 0.0020380434782608695 0.0006793478260869565
0 0.7921195652173914 0.328804347826087 0.008152173913043478 0.005434782608695652
0 0.7839673913043478 0.3294836956521739 0.009510869565217392 0.006114130434782609
0 0.7873641304347826 0.32540760869565216 0.007472826086956522 0.005434782608695652
0 0.7744565217391305 0.327445652173913 0.008152173913043478 0.005434782608695652
0 0.7601902173913043 0.327445652173913 0.02717391304347826 0.016983695652173912
0 0.7479619565217391 0.3226902173913043 0.010190217391304348 0.006793478260869565
0 0.7601902173913043 0.31997282608695654 0.03328804347826087 0.021059782608695652
0 0.764266304347826 0.31929347826086957 0.006114130434782609 0.004076086956521739
0 0.7730978260869565 0.3179347826086957 0.0033967391304347825 0.002717391304347826
0 0.7710597826086957 0.31929347826086957 0.006114130434782609 0.004076086956521739
0 0.8029891304347826 0.32472826086956524 0.007472826086956522 0.004755434782608696
0 0.8057065217391305 0.32133152173913043 0.005434782608695652 0.0033967391304347825
0 0.8165760869565217 0.3233695652173913 0.004755434782608696 0.002717391304347826
0 0.8165760869565217 0.327445652173913 0.007472826086956522 0.004755434782608696
0 0.8179347826086957 0.3335597826086957 0.010190217391304348 0.006793478260869565
0 0.829483695652174 0.33016304347826086 0.008152173913043478 0.005434782608695652
0 0.8389945652173914 0.32472826086956524 0.008831521739130434 0.005434782608695652
0 0.829483695652174 0.3233695652173913 0.008152173913043478 0.005434782608695652
0 0.8315217391304348 0.3186141304347826 0.006114130434782609 0.004076086956521739
0 0.8240489130434783 0.3172554347826087 0.005434782608695652 0.0033967391304347825
0 0.8179347826086957 0.31997282608695654 0.006793478260869565 0.004755434782608696
0 0.8145380434782609 0.31453804347826086 0.002717391304347826 0.0020380434782608695
0 0.8091032608695652 0.31589673913043476 0.009510869565217392 0.005434782608695652
0 0.8050271739130435 0.3179347826086957 0.0033967391304347825 0.0020380434782608695
0 0.8206521739130435 0.31589673913043476 0.004755434782608696 0.0033967391304347825
0 0.8165760869565217 0.3186141304347826 0.006793478260869565 0.0033967391304347825
0 0.8532608695652174 0.3186141304347826 0.008152173913043478 0.004755434782608696
0 0.845108695652174 0.31657608695652173 0.005434782608695652 0.0033967391304347825
0 0.8417119565217391 0.31997282608695654 0.007472826086956522 0.004076086956521739
0 0.859375 0.313179347826087 0.006114130434782609 0.0033967391304347825
0 0.8641304347826086 0.30978260869565216 0.004755434782608696 0.002717391304347826
0 0.8512228260869565 0.3138586956521739 0.006114130434782609 0.004076086956521739
0 0.8430706521739131 0.313179347826087 0.002717391304347826 0.0020380434782608695
0 0.8389945652173914 0.31046195652173914 0.0020380434782608695 0.0020380434782608695
0 0.8288043478260869 0.31453804347826086 0.0033967391304347825 0.0020380434782608695
0 0.8206521739130435 0.3111413043478261 0.009510869565217392 0.006114130434782609
0 0.8240489130434783 0.30842391304347827 0.014266304347826086 0.008152173913043478
0 0.8125 0.31046195652173914 0.009510869565217392 0.006114130434782609
0 0.798233695652174 0.313179347826087 0.008152173913043478 0.005434782608695652
0 0.7989130434782609 0.31521739130434784 0.008152173913043478 0.005434782608695652
0 0.7927989130434783 0.31453804347826086 0.008152173913043478 0.005434782608695652
0 0.7900815217391305 0.3125 0.007472826086956522 0.004755434782608696
0 0.7846467391304348 0.31589673913043476 0.0020380434782608695 0.0020380434782608695
0 0.7846467391304348 0.3186141304347826 0.005434782608695652 0.002717391304347826
0 0.7805706521739131 0.31453804347826086 0.0033967391304347825 0.0020380434782608695
0 0.782608695652174 0.30978260869565216 0.009510869565217392 0.006114130434782609
0 0.7717391304347826 0.3125 0.002717391304347826 0.0020380434782608695
0 0.7663043478260869 0.31453804347826086 0.0033967391304347825 0.0020380434782608695
0 0.7581521739130435 0.31453804347826086 0.006793478260869565 0.004076086956521739
0 0.7452445652173914 0.31589673913043476 0.010190217391304348 0.006793478260869565
0 0.7364130434782609 0.3172554347826087 0.008152173913043478 0.005434782608695652
0 0.7316576086956522 0.31997282608695654 0.008831521739130434 0.005434782608695652
0 0.7269021739130435 0.3220108695652174 0.008831521739130434 0.005434782608695652
0 0.7384510869565217 0.32472826086956524 0.010190217391304348 0.006793478260869565
0 0.733016304347826 0.327445652173913 0.009510869565217392 0.006114130434782609
0 0.7302989130434783 0.328804347826087 0.009510869565217392 0.006114130434782609
0 0.7194293478260869 0.3335597826086957 0.005434782608695652 0.0033967391304347825
0 0.7119565217391305 0.33152173913043476 0.004755434782608696 0.002717391304347826
0 0.6331521739130435 0.3342391304347826 0.009510869565217392 0.006114130434782609
0 0.6399456521739131 0.32608695652173914 0.014266304347826086 0.008831521739130434
0 0.6114130434782609 0.33084239130434784 0.008831521739130434 0.005434782608695652
0 0.5978260869565217 0.328804347826087 0.005434782608695652 0.0033967391304347825
0 0.6283967391304348 0.32472826086956524 0.01358695652173913 0.008152173913043478
0 0.6161684782608695 0.3186141304347826 0.01358695652173913 0.008152173913043478
0 0.6052989130434783 0.3186141304347826 0.002717391304347826 0.001358695652173913
0 0.6066576086956522 0.3226902173913043 0.010190217391304348 0.006793478260869565
0 0.6582880434782609 0.32065217391304346 0.0033967391304347825 0.0020380434782608695
0 0.6684782608695652 0.328125 0.008152173913043478 0.005434782608695652
0 0.6596467391304348 0.33084239130434784 0.009510869565217392 0.006114130434782609
0 0.6528532608695652 0.33152173913043476 0.010869565217391304 0.006793478260869565
0 0.6827445652173914 0.3342391304347826 0.010190217391304348 0.006793478260869565
0 0.7010869565217391 0.328804347826087 0.010190217391304348 0.006793478260869565
0 0.6922554347826086 0.32472826086956524 0.009510869565217392 0.006114130434782609
0 0.7058423913043478 0.32472826086956524 0.010190217391304348 0.006793478260869565
0 0.6841032608695652 0.3226902173913043 0.0020380434782608695 0.001358695652173913
0 0.6745923913043478 0.31929347826086957 0.001358695652173913 0.0006793478260869565
0 0.6807065217391305 0.313179347826087 0.008831521739130434 0.006114130434782609
0 0.6711956521739131 0.313179347826087 0.009510869565217392 0.006114130434782609
0 0.6698369565217391 0.31589673913043476 0.009510869565217392 0.006114130434782609
0 0.6671195652173914 0.31521739130434784 0.004755434782608696 0.0033967391304347825
0 0.6616847826086957 0.3172554347826087 0.006114130434782609 0.0033967391304347825
0 0.6637228260869565 0.32065217391304346 0.002717391304347826 0.0020380434782608695
0 0.6569293478260869 0.3186141304347826 0.0020380434782608695 0.001358695652173913
0 0.657608695652174 0.313179347826087 0.0033967391304347825 0.0020380434782608695
0 0.6501358695652174 0.31589673913043476 0.005434782608695652 0.0033967391304347825
0 0.654891304347826 0.31521739130434784 0.005434782608695652 0.0033967391304347825
0 0.6691576086956522 0.311820652173913 0.008831521739130434 0.005434782608695652
0 0.6793478260869565 0.30910326086956524 0.009510869565217392 0.006114130434782609
0 0.6766304347826086 0.30570652173913043 0.009510869565217392 0.006114130434782609
0 0.686141304347826 0.30842391304347827 0.008831521739130434 0.006114130434782609
0 0.686141304347826 0.3138586956521739 0.008831521739130434 0.006114130434782609
0 0.6936141304347826 0.311820652173913 0.009510869565217392 0.006114130434782609
0 0.6936141304347826 0.31657608695652173 0.009510869565217392 0.006114130434782609
0 0.6983695652173914 0.31521739130434784 0.008831521739130434 0.006114130434782609
0 0.6983695652173914 0.3186141304347826 0.009510869565217392 0.006114130434782609
0 0.7038043478260869 0.31453804347826086 0.004755434782608696 0.0020380434782608695
0 0.7072010869565217 0.3172554347826087 0.006114130434782609 0.0033967391304347825
0 0.71875 0.31589673913043476 0.004755434782608696 0.0033967391304347825
0 0.7112771739130435 0.3111413043478261 0.002717391304347826 0.0020380434782608695
0 0.7072010869565217 0.31046195652173914 0.0020380434782608695 0.001358695652173913
0 0.720108695652174 0.3077445652173913 0.007472826086956522 0.004755434782608696
0 0.7160326086956522 0.30842391304347827 0.010190217391304348 0.006793478260869565
0 0.7112771739130435 0.30502717391304346 0.010190217391304348 0.006793478260869565
0 0.6426630434782609 0.31657608695652173 0.002717391304347826 0.0020380434782608695
0 0.6440217391304348 0.313179347826087 0.0033967391304347825 0.0020380434782608695
0 0.6501358695652174 0.313179347826087 0.0033967391304347825 0.0020380434782608695
0 0.6372282608695652 0.3138586956521739 0.014266304347826086 0.008152173913043478
0 0.6283967391304348 0.31657608695652173 0.01358695652173913 0.008152173913043478
0 0.6304347826086957 0.313179347826087 0.01358695652173913 0.008152173913043478
0 0.6324728260869565 0.30910326086956524 0.014266304347826086 0.008152173913043478
0 0.6175271739130435 0.31453804347826086 0.01358695652173913 0.008152173913043478
0 0.6127717391304348 0.31521739130434784 0.01358695652173913 0.008152173913043478
0 0.6086956521739131 0.31521739130434784 0.010190217391304348 0.006793478260869565
0 0.5998641304347826 0.3179347826086957 0.001358695652173913 0.001358695652173913
0 0.5910326086956522 0.32065217391304346 0.005434782608695652 0.0033967391304347825
0 0.592391304347826 0.3172554347826087 0.0020380434782608695 0.001358695652173913
0 0.6019021739130435 0.3125 0.007472826086956522 0.004755434782608696
0 0.6012228260869565 0.3138586956521739 0.010190217391304348 0.006793478260869565
0 0.5862771739130435 0.3267663043478261 0.0006793478260869565 0.0006793478260869565
0 0.5815217391304348 0.3233695652173913 0.006793478260869565 0.004076086956521739
0 0.5822010869565217 0.31929347826086957 0.004755434782608696 0.002717391304347826
0 0.578125 0.31521739130434784 0.0020380434782608695 0.0020380434782608695
0 0.4789402173913043 0.3267663043478261 0.005434782608695652 0.0033967391304347825
0 0.49184782608695654 0.32472826086956524 0.008152173913043478 0.005434782608695652
0 0.5149456521739131 0.31997282608695654 0.006793478260869565 0.004755434782608696
0 0.5271739130434783 0.3179347826086957 0.004755434782608696 0.0033967391304347825
0 0.5346467391304348 0.3179347826086957 0.004755434782608696 0.002717391304347826
0 0.5421195652173914 0.31929347826086957 0.005434782608695652 0.0033967391304347825
0 0.5271739130434783 0.3233695652173913 0.0020380434782608695 0.0020380434782608695
0 0.5040760869565217 0.328125 0.007472826086956522 0.004755434782608696
0 0.516983695652174 0.3294836956521739 0.008831521739130434 0.005434782608695652
0 0.5237771739130435 0.33016304347826086 0.009510869565217392 0.006114130434782609
0 0.5509510869565217 0.31997282608695654 0.006114130434782609 0.0033967391304347825
0 0.5346467391304348 0.3138586956521739 0.0020380434782608695 0.001358695652173913
0 0.5366847826086957 0.3186141304347826 0.005434782608695652 0.0033967391304347825
0 0.5183423913043478 0.3138586956521739 0.0020380434782608695 0.001358695652173913
0 0.5197010869565217 0.3111413043478261 0.004755434782608696 0.0033967391304347825
0 0.5122282608695652 0.313179347826087 0.006114130434782609 0.0033967391304347825
0 0.5278532608695652 0.3111413043478261 0.004755434782608696 0.0033967391304347825
0 0.5319293478260869 0.31046195652173914 0.007472826086956522 0.004755434782608696
0 0.548233695652174 0.31046195652173914 0.007472826086956522 0.004755434782608696
0 0.5400815217391305 0.313179347826087 0.0006793478260869565 0.0006793478260869565
0 0.5427989130434783 0.31453804347826086 0.0020380434782608695 0.001358695652173913
0 0.5692934782608695 0.31453804347826086 0.001358695652173913 0.0006793478260869565
0 0.5618206521739131 0.31657608695652173 0.0033967391304347825 0.0020380434782608695
0 0.5570652173913043 0.3138586956521739 0.0020380434782608695 0.001358695652173913
0 0.5577445652173914 0.3267663043478261 0.006114130434782609 0.0033967391304347825
0 0.5699728260869565 0.31929347826086957 0.005434782608695652 0.0033967391304347825
0 0.5747282608695652 0.3125 0.007472826086956522 0.004755434782608696
0 0.5842391304347826 0.31453804347826086 0.001358695652173913 0.0006793478260869565
0 0.5849184782608695 0.3077445652173913 0.007472826086956522 0.004755434782608696
0 0.5917119565217391 0.313179347826087 0.007472826086956522 0.004755434782608696
0 0.59375 0.313179347826087 0.007472826086956522 0.004755434782608696
0 0.5978260869565217 0.3220108695652174 0.006114130434782609 0.0033967391304347825
0 0.5964673913043478 0.30910326086956524 0.007472826086956522 0.004755434782608696
0 0.6066576086956522 0.30842391304347827 0.007472826086956522 0.004755434782608696
0 0.5808423913043478 0.3077445652173913 0.007472826086956522 0.004755434782608696
0 0.6413043478260869 0.31046195652173914 0.01358695652173913 0.008152173913043478
0 0.5033967391304348 0.31997282608695654 0.007472826086956522 0.004755434782608696
0 0.5088315217391305 0.32472826086956524 0.004755434782608696 0.002717391304347826
0 0.6467391304347826 0.32472826086956524 0.008831521739130434 0.005434782608695652
0 0.6963315217391305 0.3233695652173913 0.009510869565217392 0.005434782608695652
0 0.7119565217391305 0.3233695652173913 0.007472826086956522 0.004076086956521739
0 0.6779891304347826 0.33084239130434784 0.008152173913043478 0.005434782608695652
0 0.6569293478260869 0.3376358695652174 0.012907608695652174 0.008152173913043478
0 0.6603260869565217 0.34103260869565216 0.01358695652173913 0.008152173913043478
0 0.7445652173913043 0.3328804347826087 0.010190217391304348 0.006793478260869565
0 0.7724184782608695 0.30842391304347827 0.008831521739130434 0.006114130434782609
0 0.7690217391304348 0.3077445652173913 0.008831521739130434 0.006114130434782609
0 0.7663043478260869 0.3063858695652174 0.009510869565217392 0.005434782608695652
0 0.7608695652173914 0.30910326086956524 0.04076086956521739 0.025815217391304348
0 0.7418478260869565 0.3125 0.010190217391304348 0.006793478260869565
0 0.7377717391304348 0.3077445652173913 0.007472826086956522 0.004755434782608696
0 0.7316576086956522 0.30570652173913043 0.007472826086956522 0.004076086956521739
0 0.7255434782608695 0.3070652173913043 0.007472826086956522 0.004076086956521739
0 0.7241847826086957 0.30978260869565216 0.001358695652173913 0.0006793478260869565
0 0.7235054347826086 0.31521739130434784 0.004755434782608696 0.002717391304347826
0 0.796875 0.30978260869565216 0.006793478260869565 0.004076086956521739
0 0.7873641304347826 0.3077445652173913 0.006114130434782609 0.0033967391304347825
0 0.8043478260869565 0.31046195652173914 0.009510869565217392 0.006114130434782609
0 0.8050271739130435 0.30570652173913043 0.005434782608695652 0.0033967391304347825
0 0.8002717391304348 0.3029891304347826 0.004755434782608696 0.0033967391304347825
0 0.8029891304347826 0.30434782608695654 0.006114130434782609 0.0033967391304347825
0 0.7934782608695652 0.30502717391304346 0.006114130434782609 0.0033967391304347825
0 0.7880434782608695 0.30502717391304346 0.005434782608695652 0.0033967391304347825
0 0.9110054347826086 0.3172554347826087 0.006793478260869565 0.004076086956521739
0 0.9103260869565217 0.313179347826087 0.002717391304347826 0.001358695652173913
0 0.9028532608695652 0.31521739130434784 0.006793478260869565 0.004076086956521739
0 0.9184782608695652 0.311820652173913 0.005434782608695652 0.0033967391304347825
0 0.9116847826086957 0.3077445652173913 0.002717391304347826 0.001358695652173913
0 0.921875 0.313179347826087 0.006114130434782609 0.0033967391304347825
0 0.9293478260869565 0.31046195652173914 0.004755434782608696 0.002717391304347826
0 0.9286684782608695 0.3077445652173913 0.001358695652173913 0.0006793478260869565
0 0.9300271739130435 0.30502717391304346 0.0033967391304347825 0.0020380434782608695
0 0.9239130434782609 0.3063858695652174 0.002717391304347826 0.001358695652173913
0 0.9449728260869565 0.31046195652173914 0.0033967391304347825 0.0020380434782608695
0 0.8811141304347826 0.313179347826087 0.006793478260869565 0.0033967391304347825
0 0.875 0.31589673913043476 0.007472826086956522 0.004076086956521739
0 0.8899456521739131 0.30842391304347827 0.0033967391304347825 0.0020380434782608695
0 0.8872282608695652 0.30842391304347827 0.005434782608695652 0.0033967391304347825
0 0.875 0.30978260869565216 0.005434782608695652 0.002717391304347826
0 0.8756793478260869 0.3063858695652174 0.002717391304347826 0.0020380434782608695
0 0.8980978260869565 0.30910326086956524 0.005434782608695652 0.0033967391304347825
0 0.8824728260869565 0.30570652173913043 0.0033967391304347825 0.0020380434782608695
0 0.7778532608695652 0.30502717391304346 0.008831521739130434 0.006114130434782609
0 0.7778532608695652 0.3016304347826087 0.008831521739130434 0.006114130434782609
0 0.7717391304347826 0.3023097826086957 0.008831521739130434 0.006114130434782609
0 0.7737771739130435 0.30434782608695654 0.009510869565217392 0.006114130434782609
0 0.7663043478260869 0.3016304347826087 0.009510869565217392 0.006114130434782609
0 0.7703804347826086 0.3016304347826087 0.009510869565217392 0.006114130434782609
0 0.7608695652173914 0.3029891304347826 0.008831521739130434 0.006114130434782609
0 0.7567934782608695 0.30570652173913043 0.004755434782608696 0.0020380434782608695
0 0.7527173913043478 0.30366847826086957 0.0033967391304347825 0.0020380434782608695
0 0.748641304347826 0.30434782608695654 0.0033967391304347825 0.0020380434782608695
0 0.7506793478260869 0.3016304347826087 0.001358695652173913 0.0006793478260869565
0 0.7418478260869565 0.30366847826086957 0.010190217391304348 0.006793478260869565
0 0.7418478260869565 0.3016304347826087 0.010190217391304348 0.006793478260869565
0 0.7384510869565217 0.3029891304347826 0.006793478260869565 0.004076086956521739
0 0.7370923913043478 0.30570652173913043 0.007472826086956522 0.004076086956521739
0 0.7235054347826086 0.3029891304347826 0.006793478260869565 0.004076086956521739
0 0.7153532608695652 0.3023097826086957 0.010190217391304348 0.006793478260869565
0 0.8084239130434783 0.3023097826086957 0.009510869565217392 0.006114130434782609
0 0.7941576086956522 0.3023097826086957 0.004755434782608696 0.002717391304347826
0 0.7860054347826086 0.3023097826086957 0.004755434782608696 0.0020380434782608695
0 0.7805706521739131 0.3023097826086957 0.0033967391304347825 0.002717391304347826
0 0.654891304347826 0.30842391304347827 0.015625 0.010190217391304348
0 0.7160326086956522 0.30366847826086957 0.010190217391304348 0.006793478260869565
0 0.6413043478260869 0.3063858695652174 0.01358695652173913 0.008152173913043478
0 0.6229619565217391 0.3077445652173913 0.01358695652173913 0.008152173913043478
0 0.6290760869565217 0.30570652173913043 0.01358695652173913 0.008152173913043478
0 0.5998641304347826 0.3063858695652174 0.007472826086956522 0.004755434782608696
0 0.5917119565217391 0.3070652173913043 0.007472826086956522 0.004755434782608696
0 0.6603260869565217 0.3125 0.002717391304347826 0.0020380434782608695
0 0.6983695652173914 0.31046195652173914 0.008831521739130434 0.005434782608695652
0 0.720108695652174 0.30434782608695654 0.010190217391304348 0.006793478260869565
0 0.7323369565217391 0.3029891304347826 0.006793478260869565 0.004076086956521739
0 0.7567934782608695 0.30502717391304346 0.0033967391304347825 0.0020380434782608695
0 0.7547554347826086 0.30842391304347827 0.005434782608695652 0.0033967391304347825
0 0.7506793478260869 0.30978260869565216 0.005434782608695652 0.0033967391304347825
0 0.5543478260869565 0.30910326086956524 0.007472826086956522 0.004755434782608696
0 0.5584239130434783 0.30910326086956524 0.007472826086956522 0.004755434782608696
0 0.5686141304347826 0.30842391304347827 0.007472826086956522 0.004755434782608696
0 0.8165760869565217 0.30570652173913043 0.008831521739130434 0.005434782608695652
0 0.8118206521739131 0.30570652173913043 0.009510869565217392 0.005434782608695652
0 0.8288043478260869 0.30570652173913043 0.006793478260869565 0.004076086956521739
0 0.8213315217391305 0.30570652173913043 0.009510869565217392 0.005434782608695652
0 0.8288043478260869 0.3111413043478261 0.0020380434782608695 0.001358695652173913
0 0.8675271739130435 0.30842391304347827 0.004755434782608696 0.0020380434782608695
0 0.8552989130434783 0.31046195652173914 0.006114130434782609 0.0033967391304347825
0 0.845108695652174 0.31046195652173914 0.005434782608695652 0.0033967391304347825
0 0.8838315217391305 0.31046195652173914 0.006114130434782609 0.0033967391304347825
0 0.8301630434782609 0.3023097826086957 0.006793478260869565 0.004755434782608696
0 0.8274456521739131 0.3023097826086957 0.006793478260869565 0.004755434782608696
0 0.8199728260869565 0.3023097826086957 0.009510869565217392 0.006114130434782609
0 0.8131793478260869 0.3023097826086957 0.009510869565217392 0.006114130434782609
0 0.7839673913043478 0.29959239130434784 0.002717391304347826 0.0020380434782608695
0 0.7635869565217391 0.3023097826086957 0.008831521739130434 0.006114130434782609
0 0.7635869565217391 0.3016304347826087 0.009510869565217392 0.006114130434782609
0 0.890625 0.3016304347826087 0.0006793478260869565 0.0006793478260869565
0 0.8845108695652174 0.3016304347826087 0.0006793478260869565 0.0006793478260869565
0 0.876358695652174 0.3023097826086957 0.001358695652173913 0.0006793478260869565
0 0.8688858695652174 0.3016304347826087 0.0006793478260869565 0.0006793478260869565
0 0.8627717391304348 0.3023097826086957 0.001358695652173913 0.0006793478260869565
0 0.8695652173913043 0.30502717391304346 0.001358695652173913 0.0006793478260869565
0 0.9578804347826086 0.32133152173913043 0.010190217391304348 0.006114130434782609
0 0.8247282608695652 0.40896739130434784 0.03940217391304348 0.024456521739130436
0 0.8349184782608695 0.38722826086956524 0.042798913043478264 0.026494565217391304
0 0.8797554347826086 0.3763586956521739 0.036684782608695655 0.02309782608695652
0 0.9694293478260869 0.406929347826087 0.06114130434782609 0.03940217391304348
0 0.9639945652173914 0.4375 0.07133152173913043 0.05502717391304348
0 0.7805706521739131 0.33627717391304346 0.010869565217391304 0.006793478260869565
0 0.7262228260869565 0.33967391304347827 0.012228260869565218 0.007472826086956522
0 0.7724184782608695 0.33016304347826086 0.0033967391304347825 0.0020380434782608695
0 0.7697010869565217 0.3233695652173913 0.007472826086956522 0.004755434782608696
0 0.7595108695652174 0.313179347826087 0.0020380434782608695 0.001358695652173913
0 0.7533967391304348 0.3186141304347826 0.008152173913043478 0.005434782608695652
0 0.7540760869565217 0.3125 0.006793478260869565 0.0033967391304347825
0 0.8186141304347826 0.30910326086956524 0.009510869565217392 0.006114130434782609
0 0.7921195652173914 0.3077445652173913 0.006114130434782609 0.0033967391304347825
0 0.7900815217391305 0.30978260869565216 0.006793478260869565 0.004076086956521739
0 0.8152173913043478 0.31657608695652173 0.005434782608695652 0.0033967391304347825
0 0.8519021739130435 0.3226902173913043 0.008831521739130434 0.005434782608695652
0 0.8335597826086957 0.313179347826087 0.002717391304347826 0.0020380434782608695
0 0.8328804347826086 0.30978260869565216 0.012228260869565218 0.007472826086956522
0 0.8376358695652174 0.30910326086956524 0.006793478260869565 0.004755434782608696
0 0.8566576086956522 0.30842391304347827 0.004755434782608696 0.002717391304347826
0 0.860733695652174 0.30842391304347827 0.004755434782608696 0.002717391304347826
0 0.8498641304347826 0.30978260869565216 0.004755434782608696 0.0033967391304347825
0 0.873641304347826 0.3125 0.006793478260869565 0.0033967391304347825
0 0.8709239130434783 0.311820652173913 0.006114130434782609 0.0033967391304347825
0 0.8783967391304348 0.30434782608695654 0.002717391304347826 0.0020380434782608695
0 0.8797554347826086 0.3016304347826087 0.001358695652173913 0.0006793478260869565
0 0.890625 0.311820652173913 0.006114130434782609 0.0033967391304347825
0 0.8729619565217391 0.30027173913043476 0.004755434782608696 0.002717391304347826
0 0.8695652173913043 0.29891304347826086 0.004755434782608696 0.002717391304347826
0 0.8675271739130435 0.2982336956521739 0.0033967391304347825 0.0020380434782608695
0 0.8831521739130435 0.29959239130434784 0.004755434782608696 0.002717391304347826
0 0.7574728260869565 0.3016304347826087 0.0020380434782608695 0.0006793478260869565
0 0.7520380434782609 0.3070652173913043 0.004755434782608696 0.002717391304347826
0 0.7459239130434783 0.3077445652173913 0.010190217391304348 0.006793478260869565
0 0.7432065217391305 0.30910326086956524 0.010190217391304348 0.006793478260869565
0 0.7425271739130435 0.3063858695652174 0.010190217391304348 0.006793478260869565
0 0.7296195652173914 0.311820652173913 0.007472826086956522 0.004755434782608696
0 0.717391304347826 0.3111413043478261 0.002717391304347826 0.001358695652173913
0 0.7160326086956522 0.31521739130434784 0.004755434782608696 0.002717391304347826
0 0.703125 0.30910326086956524 0.0006793478260869565 0.0006793478260869565
0 0.7527173913043478 0.31589673913043476 0.006793478260869565 0.004755434782608696
0 0.7377717391304348 0.3220108695652174 0.010190217391304348 0.006793478260869565
0 0.8131793478260869 0.33559782608695654 0.012907608695652174 0.008152173913043478
0 0.8417119565217391 0.33627717391304346 0.014266304347826086 0.008831521739130434
0 0.7778532608695652 0.33152173913043476 0.005434782608695652 0.0033967391304347825
0 0.9300271739130435 0.328804347826087 0.012907608695652174 0.008152173913043478
0 0.9259510869565217 0.328804347826087 0.01358695652173913 0.008152173913043478
0 0.9028532608695652 0.3294836956521739 0.01358695652173913 0.008152173913043478
0 0.8899456521739131 0.32472826086956524 0.008831521739130434 0.005434782608695652
0 0.8648097826086957 0.327445652173913 0.010190217391304348 0.006793478260869565
0 0.9279891304347826 0.3226902173913043 0.010190217391304348 0.006793478260869565
0 0.9184782608695652 0.31589673913043476 0.005434782608695652 0.0033967391304347825
0 0.8811141304347826 0.30910326086956524 0.004755434782608696 0.0033967391304347825
0 0.8668478260869565 0.30434782608695654 0.0033967391304347825 0.0020380434782608695
0 0.8654891304347826 0.30095108695652173 0.001358695652173913 0.0006793478260869565
0 0.858016304347826 0.2982336956521739 0.006114130434782609 0.0033967391304347825
0 0.8552989130434783 0.3125 0.006793478260869565 0.004076086956521739
0 0.8505434782608695 0.3111413043478261 0.006114130434782609 0.0033967391304347825
0 0.8376358695652174 0.3125 0.002717391304347826 0.0020380434782608695
0 0.8301630434782609 0.3077445652173913 0.010869565217391304 0.007472826086956522
0 0.9456521739130435 0.3179347826086957 0.008831521739130434 0.005434782608695652
0 0.9307065217391305 0.313179347826087 0.006793478260869565 0.004755434782608696
0 0.9273097826086957 0.31657608695652173 0.008152173913043478 0.005434782608695652
0 0.9694293478260869 0.328125 0.012228260869565218 0.007472826086956522
0 0.40828804347826086 0.35529891304347827 0.026494565217391304 0.016983695652173912
0 0.5271739130434783 0.34646739130434784 0.016304347826086956 0.010190217391304348
0 0.5346467391304348 0.3335597826086957 0.012228260869565218 0.006793478260869565
0 0.5346467391304348 0.328804347826087 0.008152173913043478 0.005434782608695652
0 0.5366847826086957 0.32540760869565216 0.005434782608695652 0.0033967391304347825
0 0.5285326086956522 0.31453804347826086 0.002717391304347826 0.001358695652173913
0 0.5258152173913043 0.313179347826087 0.005434782608695652 0.0033967391304347825
0 0.5230978260869565 0.31521739130434784 0.002717391304347826 0.0020380434782608695
0 0.5224184782608695 0.311820652173913 0.005434782608695652 0.0033967391304347825
0 0.5135869565217391 0.31589673913043476 0.006114130434782609 0.0033967391304347825
0 0.5095108695652174 0.3179347826086957 0.006793478260869565 0.004076086956521739
0 0.5502717391304348 0.31521739130434784 0.002717391304347826 0.0020380434782608695
0 0.5516304347826086 0.3172554347826087 0.004755434782608696 0.002717391304347826
0 0.5563858695652174 0.3220108695652174 0.007472826086956522 0.004076086956521739
0 0.5523097826086957 0.32472826086956524 0.0033967391304347825 0.0020380434782608695
0 0.5448369565217391 0.32540760869565216 0.001358695652173913 0.001358695652173913
0 0.5747282608695652 0.3220108695652174 0.006114130434782609 0.004076086956521739
0 0.5754076086956522 0.3186141304347826 0.004755434782608696 0.0020380434782608695
0 0.5720108695652174 0.31657608695652173 0.0033967391304347825 0.0020380434782608695
0 0.5903532608695652 0.31046195652173914 0.007472826086956522 0.004755434782608696
0 0.5842391304347826 0.31046195652173914 0.007472826086956522 0.004755434782608696
0 0.5754076086956522 0.31046195652173914 0.007472826086956522 0.004755434782608696
0 0.6175271739130435 0.3077445652173913 0.01358695652173913 0.008152173913043478
0 0.6073369565217391 0.30842391304347827 0.007472826086956522 0.004755434782608696
0 0.6154891304347826 0.31046195652173914 0.01358695652173913 0.008152173913043478
0 0.6209239130434783 0.31046195652173914 0.01358695652173913 0.008152173913043478
0 0.6209239130434783 0.3138586956521739 0.01358695652173913 0.008152173913043478
0 0.6256793478260869 0.313179347826087 0.01358695652173913 0.008152173913043478
0 0.6229619565217391 0.3172554347826087 0.01358695652173913 0.008152173913043478
0 0.6127717391304348 0.32133152173913043 0.019021739130434784 0.012228260869565218
0 0.6019021739130435 0.32065217391304346 0.004755434782608696 0.002717391304347826
0 0.5944293478260869 0.31929347826086957 0.0033967391304347825 0.0020380434782608695
0 0.5971467391304348 0.31521739130434784 0.0020380434782608695 0.0006793478260869565
0 0.5883152173913043 0.31589673913043476 0.002717391304347826 0.0020380434782608695
0 0.6358695652173914 0.311820652173913 0.01358695652173913 0.008152173913043478
0 0.610733695652174 0.311820652173913 0.01358695652173913 0.008152173913043478
0 0.5971467391304348 0.31046195652173914 0.007472826086956522 0.004755434782608696
0 0.5957880434782609 0.30570652173913043 0.007472826086956522 0.004755434782608696
0 0.5760869565217391 0.3063858695652174 0.007472826086956522 0.005434782608695652
0 0.6813858695652174 0.3186141304347826 0.009510869565217392 0.006114130434782609
0 0.670516304347826 0.31453804347826086 0.008831521739130434 0.005434782608695652
0 0.6759510869565217 0.31589673913043476 0.009510869565217392 0.006114130434782609
0 0.6766304347826086 0.3138586956521739 0.008831521739130434 0.006114130434782609
0 0.6569293478260869 0.32404891304347827 0.006114130434782609 0.004076086956521739
0 0.6494565217391305 0.32065217391304346 0.008152173913043478 0.004755434782608696
0 0.7214673913043478 0.3125 0.0033967391304347825 0.0020380434782608695
0 0.6881793478260869 0.3111413043478261 0.009510869565217392 0.006114130434782609
0 0.7282608695652174 0.3029891304347826 0.006793478260869565 0.004076086956521739
0 0.7269021739130435 0.30027173913043476 0.006114130434782609 0.0033967391304347825
0 0.6881793478260869 0.344429347826087 0.01358695652173913 0.008152173913043478
0 0.6834239130434783 0.3376358695652174 0.012228260869565218 0.007472826086956522
0 0.6766304347826086 0.33559782608695654 0.010190217391304348 0.006793478260869565
0 0.7194293478260869 0.3383152173913043 0.010190217391304348 0.006793478260869565
0 0.6983695652173914 0.3328804347826087 0.006114130434782609 0.0033967391304347825
0 0.6698369565217391 0.3342391304347826 0.010869565217391304 0.006793478260869565
0 0.735733695652174 0.30978260869565216 0.007472826086956522 0.004755434782608696
0 0.734375 0.3077445652173913 0.007472826086956522 0.004755434782608696
0 0.75 0.3029891304347826 0.002717391304347826 0.0020380434782608695
0 0.7479619565217391 0.3016304347826087 0.0020380434782608695 0.001358695652173913
0 0.7588315217391305 0.3077445652173913 0.004755434782608696 0.002717391304347826
0 0.7581521739130435 0.311820652173913 0.006114130434782609 0.0033967391304347825
0 0.765625 0.3111413043478261 0.0006793478260869565 0.0006793478260869565
0 0.7622282608695652 0.31453804347826086 0.002717391304347826 0.0020380434782608695
0 0.7493206521739131 0.313179347826087 0.010190217391304348 0.006793478260869565
0 0.7425271739130435 0.30978260869565216 0.010190217391304348 0.006793478260869565
0 0.7785326086956522 0.3070652173913043 0.009510869565217392 0.006114130434782609
0 0.7758152173913043 0.30978260869565216 0.009510869565217392 0.006114130434782609
0 0.796875 0.32065217391304346 0.004755434782608696 0.0033967391304347825
0 0.7853260869565217 0.32065217391304346 0.006114130434782609 0.0033967391304347825
0 0.7778532608695652 0.3179347826086957 0.004755434782608696 0.0020380434782608695
0 0.7540760869565217 0.3233695652173913 0.010190217391304348 0.006793478260869565
0 0.8057065217391305 0.31453804347826086 0.009510869565217392 0.006114130434782609
0 0.9408967391304348 0.30842391304347827 0.0033967391304347825 0.0020380434782608695
0 0.9368206521739131 0.3070652173913043 0.002717391304347826 0.0020380434782608695
0 0.9476902173913043 0.30978260869565216 0.0033967391304347825 0.0020380434782608695
0 0.9592391304347826 0.3111413043478261 0.004755434782608696 0.002717391304347826
0 0.9449728260869565 0.313179347826087 0.006114130434782609 0.004076086956521739
0 0.9171195652173914 0.30910326086956524 0.0033967391304347825 0.0020380434782608695
0 0.9198369565217391 0.30910326086956524 0.0033967391304347825 0.0020380434782608695
0 0.9245923913043478 0.30910326086956524 0.002717391304347826 0.0020380434782608695
0 0.9334239130434783 0.30978260869565216 0.0033967391304347825 0.0020380434782608695
0 0.9402173913043478 0.31046195652173914 0.004755434782608696 0.002717391304347826
0 0.8872282608695652 0.30027173913043476 0.004755434782608696 0.002717391304347826
0 0.8885869565217391 0.29959239130434784 0.002717391304347826 0.0020380434782608695
0 0.8349184782608695 0.3023097826086957 0.007472826086956522 0.004076086956521739
0 0.8091032608695652 0.30842391304347827 0.008831521739130434 0.006114130434782609
0 0.8145380434782609 0.3077445652173913 0.009510869565217392 0.006114130434782609
0 0.8254076086956522 0.30570652173913043 0.012228260869565218 0.007472826086956522
0 0.8240489130434783 0.3063858695652174 0.01358695652173913 0.008152173913043478
0 0.8233695652173914 0.31046195652173914 0.01358695652173913 0.008152173913043478
0 0.8247282608695652 0.311820652173913 0.001358695652173913 0.0006793478260869565
0 0.8355978260869565 0.31046195652173914 0.0020380434782608695 0.0020380434782608695
0 0.8362771739130435 0.3138586956521739 0.0033967391304347825 0.002717391304347826
0 0.7941576086956522 0.313179347826087 0.008152173913043478 0.004755434782608696
0 0.8023097826086957 0.31589673913043476 0.009510869565217392 0.006114130434782609
0 0.8023097826086957 0.3172554347826087 0.002717391304347826 0.001358695652173913
0 0.8179347826086957 0.31521739130434784 0.004755434782608696 0.002717391304347826
0 0.826766304347826 0.3172554347826087 0.006114130434782609 0.0033967391304347825
0 0.7819293478260869 0.3029891304347826 0.005434782608695652 0.002717391304347826
0 0.7697010869565217 0.30570652173913043 0.009510869565217392 0.006114130434782609
0 0.7574728260869565 0.30366847826086957 0.0033967391304347825 0.0020380434782608695
0 0.7452445652173914 0.3016304347826087 0.010190217391304348 0.006793478260869565
0 0.7432065217391305 0.311820652173913 0.010190217391304348 0.006793478260869565
0 0.7404891304347826 0.31589673913043476 0.010190217391304348 0.006793478260869565
0 0.7316576086956522 0.3077445652173913 0.006793478260869565 0.004755434782608696
0 0.7302989130434783 0.31521739130434784 0.008152173913043478 0.005434782608695652
0 0.6997282608695652 0.30978260869565216 0.009510869565217392 0.006114130434782609
0 0.7126358695652174 0.3077445652173913 0.010190217391304348 0.006793478260869565
0 0.5502717391304348 0.30842391304347827 0.007472826086956522 0.004755434782608696
0 0.545516304347826 0.3125 0.007472826086956522 0.004755434782608696
0 0.5427989130434783 0.3111413043478261 0.008152173913043478 0.004755434782608696
0 0.042798913043478264 0.36345108695652173 0.03125 0.01970108695652174
0 0.4789402173913043 0.3688858695652174 0.026494565217391304 0.016983695652173912
0 0.5366847826086957 0.3491847826086957 0.019021739130434784 0.012228260869565218
0 0.5353260869565217 0.3451086956521739 0.016304347826086956 0.010190217391304348
0 0.5563858695652174 0.3383152173913043 0.014266304347826086 0.008152173913043478
0 0.5543478260869565 0.33967391304347827 0.014945652173913044 0.009510869565217392
0 0.6086956521739131 0.3376358695652174 0.014945652173913044 0.009510869565217392
0 0.8288043478260869 0.37703804347826086 0.03804347826086957 0.02377717391304348
0 0.9341032608695652 0.35529891304347827 0.024456521739130436 0.015625
0 0.938858695652174 0.3654891304347826 0.028532608695652172 0.017663043478260868
0 0.8987771739130435 0.3423913043478261 0.018342391304347828 0.01154891304347826
0 0.8885869565217391 0.3389945652173913 0.016983695652173912 0.010190217391304348
0 0.875 0.34035326086956524 0.020380434782608696 0.012228260869565218
0 0.876358695652174 0.33559782608695654 0.016983695652173912 0.010190217391304348
0 0.8790760869565217 0.3335597826086957 0.014945652173913044 0.009510869565217392
0 0.9769021739130435 0.32133152173913043 0.010190217391304348 0.006114130434782609