0 0.27377717391304346 0.720108695652174 0.050271739130434784 0.050271739130434784
0 0.10529891304347826 0.7567934782608695 0.046875 0.034646739130434784
0 0.75 0.6650815217391305 0.04551630434782609 0.050271739130434784
0 0.8029891304347826 0.6671195652173914 0.02717391304347826 0.03940217391304348
0 0.6949728260869565 0.5849184782608695 0.03328804347826087 0.03872282608695652
0 0.7880434782608695 0.5760869565217391 0.025135869565217392 0.029891304347826088
0 0.9341032608695652 0.5835597826086957 0.02377717391304348 0.024456521739130436
0 0.9904891304347826 0.5747282608695652 0.017663043478260868 0.025135869565217392
0 0.983016304347826 0.5502717391304348 0.021059782608695652 0.021059782608695652
0 0.7608695652173914 0.48845108695652173 0.016304347826086956 0.016304347826086956
0 0.6956521739130435 0.5529891304347826 0.028532608695652172 0.029891304347826088
0 0.7717391304347826 0.5550271739130435 0.01970108695652174 0.021059782608695652
0 0.5495923913043478 0.5658967391304348 0.03872282608695652 0.042119565217391304
0 0.59375 0.5557065217391305 0.035326086956521736 0.03260869565217391
0 0.04483695652173913 0.5903532608695652 0.02309782608695652 0.026494565217391304
0 0.03260869565217391 0.654891304347826 0.034646739130434784 0.03872282608695652
0 0.029211956521739132 0.47690217391304346 0.017663043478260868 0.017663043478260868
0 0.041440217391304345 0.46671195652173914 0.01358695652173913 0.015625
0 0.036005434782608696 0.45040760869565216 0.012907608695652174 0.014945652173913044
0 0.021739130434782608 0.44565217391304346 0.009510869565217392 0.012228260869565218
0 0.08288043478260869 0.48233695652173914 0.021739130434782608 0.02377717391304348
0 0.10733695652173914 0.48097826086956524 0.016304347826086956 0.020380434782608696
0 0.11820652173913043 0.48097826086956524 0.014945652173913044 0.01970108695652174
0 0.1671195652173913 0.49184782608695654 0.012228260869565218 0.021059782608695652
0 0.06114130434782609 0.48097826086956524 0.015625 0.018342391304347828
0 0.05298913043478261 0.4320652173913043 0.010190217391304348 0.010869565217391304
0 0.17730978260869565 0.46195652173913043 0.012907608695652174 0.017663043478260868
0 0.3892663043478261 0.5163043478260869 0.016304347826086956 0.020380434782608696
0 0.36345108695652173 0.5672554347826086 0.028532608695652172 0.026494565217391304
0 0.43546195652173914 0.5149456521739131 0.024456521739130436 0.02717391304347826
0 0.4436141304347826 0.49116847826086957 0.024456521739130436 0.026494565217391304
0 0.469429347826087 0.4891304347826087 0.018342391304347828 0.01970108695652174
0 0.45584239130434784 0.5387228260869565 0.01970108695652174 0.02717391304347826
0 0.44972826086956524 0.579483695652174 0.018342391304347828 0.029891304347826088
0 0.5625 0.468070652173913 0.010190217391304348 0.017663043478260868
0 0.6372282608695652 0.5489130434782609 0.014945652173913044 0.015625
0 0.15896739130434784 0.8362771739130435 0.06114130434782609 0.05434782608695652
0 0.38654891304347827 0.970108695652174 0.06453804347826086 0.05638586956521739
0 0.39741847826086957 0.875 0.05638586956521739 0.050271739130434784
0 0.3953804347826087 0.7649456521739131 0.04891304347826087 0.043478260869565216
0 0.1480978260869565 0.701766304347826 0.043478260869565216 0.03872282608695652
0 0.21603260869565216 0.6847826086956522 0.041440217391304345 0.036684782608695655
0 0.6222826086956522 0.9266304347826086 0.06453804347826086 0.057744565217391304
0 0.9259510869565217 0.826766304347826 0.06182065217391304 0.05502717391304348
0 0.9035326086956522 0.6059782608695652 0.03328804347826087 0.029891304347826088
0 0.9836956521739131 0.6202445652173914 0.03260869565217391 0.03125
0 0.9089673913043478 0.5523097826086957 0.025135869565217392 0.022418478260869564
0 0.8865489130434783 0.548233695652174 0.024456521739130436 0.021739130434782608
0 0.8362771739130435 0.48233695652173914 0.01358695652173913 0.012228260869565218
0 0.7493206521739131 0.5652173913043478 0.029211956521739132 0.025815217391304348
0 0.7819293478260869 0.5407608695652174 0.024456521739130436 0.021739130434782608
0 0.5129076086956522 0.5672554347826086 0.03328804347826087 0.029891304347826088
0 0.08016304347826086 0.6351902173913043 0.033967391304347824 0.030570652173913044
0 0.012228260869565218 0.7459239130434783 0.024456521739130436 0.04619565217391304
0 0.020380434782608696 0.499320652173913 0.022418478260869564 0.020380434782608696
0 0.23777173913043478 0.641983695652174 0.03736413043478261 0.03328804347826087
0 0.21875 0.6317934782608695 0.036684782608695655 0.03260869565217391
0 0.14334239130434784 0.4904891304347826 0.01970108695652174 0.017663043478260868
0 0.17119565217391305 0.47622282608695654 0.018342391304347828 0.015625
0 0.01970108695652174 0.43342391304347827 0.01154891304347826 0.010190217391304348
0 0.027853260869565216 0.42934782608695654 0.010190217391304348 0.008152173913043478
0 0.058423913043478264 0.42934782608695654 0.008152173913043478 0.006793478260869565
0 0.05298913043478261 0.45108695652173914 0.01358695652173913 0.012228260869565218
0 0.06046195652173913 0.46127717391304346 0.016304347826086956 0.014266304347826086
0 0.06997282608695653 0.45652173913043476 0.014945652173913044 0.01358695652173913
0 0.08627717391304347 0.45516304347826086 0.014945652173913044 0.012907608695652174
0 0.13111413043478262 0.4701086956521739 0.016983695652173912 0.015625
0 0.14266304347826086 0.4436141304347826 0.012907608695652174 0.01154891304347826
0 0.15692934782608695 0.4626358695652174 0.016304347826086956 0.014266304347826086
0 0.19293478260869565 0.452445652173913 0.014266304347826086 0.012907608695652174
0 0.30095108695652173 0.5027173913043478 0.022418478260869564 0.019021739130434784
0 0.2866847826086957 0.4986413043478261 0.021739130434782608 0.019021739130434784
0 0.3389945652173913 0.5101902173913043 0.02309782608695652 0.020380434782608696
0 0.3736413043478261 0.499320652173913 0.022418478260869564 0.01970108695652174
0 0.47078804347826086 0.5027173913043478 0.02309782608695652 0.020380434782608696
0 0.40625 0.469429347826087 0.01970108695652174 0.017663043478260868
0 0.3763586956521739 0.6915760869565217 0.04755434782608696 0.042119565217391304
0 0.5394021739130435 0.7601902173913043 0.058423913043478264 0.051630434782608696
0 0.5815217391304348 0.5217391304347826 0.02717391304347826 0.02377717391304348
0 0.5285326086956522 0.5135869565217391 0.026494565217391304 0.02377717391304348
0 0.5054347826086957 0.5230978260869565 0.027853260869565216 0.024456521739130436
0 0.5394021739130435 0.48029891304347827 0.017663043478260868 0.015625
0 0.640625 0.5135869565217391 0.02309782608695652 0.021059782608695652
0 0.6372282608695652 0.5339673913043478 0.02717391304347826 0.024456521739130436
0 0.6460597826086957 0.5346467391304348 0.027853260869565216 0.024456521739130436
0 0.9082880434782609 0.579483695652174 0.029211956521739132 0.025815217391304348