0 0.5536684782608695 0.75 0.058423913043478264 0.059782608695652176
0 0.8913043478260869 0.7520380434782609 0.058423913043478264 0.06317934782608696
0 0.6813858695652174 0.6752717391304348 0.042119565217391304 0.03872282608695652
0 0.782608695652174 0.6650815217391305 0.041440217391304345 0.041440217391304345
0 0.5652173913043478 0.6413043478260869 0.04483695652173913 0.046875
0 0.14198369565217392 0.5971467391304348 0.06317934782608696 0.059103260869565216
0 0.3267663043478261 0.6134510869565217 0.029891304347826088 0.03736413043478261
0 0.546875 0.6229619565217391 0.026494565217391304 0.018342391304347828
0 0.47554347826086957 0.5747282608695652 0.02717391304347826 0.029211956521739132
0 0.7690217391304348 0.5910326086956522 0.033967391304347824 0.036005434782608696
0 0.8532608695652174 0.6100543478260869 0.03192934782608696 0.025135869565217392
0 0.2764945652173913 0.49184782608695654 0.02717391304347826 0.03125
0 0.3607336956521739 0.5047554347826086 0.02717391304347826 0.030570652173913044
0 0.05638586956521739 0.4796195652173913 0.030570652173913044 0.036005434782608696
0 0.017663043478260868 0.5040760869565217 0.02309782608695652 0.03328804347826087
0 0.328125 0.45516304347826086 0.018342391304347828 0.020380434782608696
0 0.296195652173913 0.4388586956521739 0.012907608695652174 0.014945652173913044
0 0.3179347826086957 0.42391304347826086 0.01154891304347826 0.012907608695652174
0 0.3423913043478261 0.4266304347826087 0.01358695652173913 0.016304347826086956
0 0.38247282608695654 0.43002717391304346 0.010190217391304348 0.012907608695652174
0 0.4001358695652174 0.4429347826086957 0.01970108695652174 0.022418478260869564
0 0.46875 0.453804347826087 0.016983695652173912 0.022418478260869564
0 0.5047554347826086 0.44633152173913043 0.01154891304347826 0.015625
0 0.8057065217391305 0.4789402173913043 0.01358695652173913 0.021059782608695652
0 0.8322010869565217 0.47622282608695654 0.01970108695652174 0.022418478260869564
0 0.7690217391304348 0.4701086956521739 0.015625 0.021739130434782608
0 0.7778532608695652 0.46535326086956524 0.01358695652173913 0.018342391304347828
0 0.7533967391304348 0.4483695652173913 0.016983695652173912 0.019021739130434784
0 0.9381793478260869 0.4952445652173913 0.018342391304347828 0.019021739130434784
0 0.951766304347826 0.47146739130434784 0.020380434782608696 0.02309782608695652
0 0.9925271739130435 0.4476902173913043 0.010190217391304348 0.014945652173913044
0 0.9639945652173914 0.4429347826086957 0.01154891304347826 0.016304347826086956
0 0.7581521739130435 0.4273097826086957 0.010190217391304348 0.014945652173913044
0 0.717391304347826 0.421875 0.010190217391304348 0.01154891304347826
0 0.6922554347826086 0.421195652173913 0.01154891304347826 0.01358695652173913
0 0.7771739130434783 0.422554347826087 0.008831521739130434 0.010190217391304348
0 0.9938858695652174 0.4320652173913043 0.010190217391304348 0.012228260869565218
0 0.5027173913043478 0.8002717391304348 0.06453804347826086 0.057744565217391304
0 0.7730978260869565 0.7900815217391305 0.06657608695652174 0.059103260869565216
0 0.9415760869565217 0.8546195652173914 0.06317934782608696 0.05638586956521739
0 0.8009510869565217 0.9347826086956522 0.07404891304347826 0.06589673913043478
0 0.9245923913043478 0.6813858695652174 0.04483695652173913 0.03940217391304348
0 0.8444293478260869 0.7248641304347826 0.049592391304347824 0.044157608695652176
0 0.7622282608695652 0.7296195652173914 0.057744565217391304 0.050951086956521736
0 0.9082880434782609 0.6317934782608695 0.041440217391304345 0.03736413043478261
0 0.5536684782608695 0.6915760869565217 0.049592391304347824 0.044157608695652176
0 0.43546195652173914 0.6569293478260869 0.04551630434782609 0.04076086956521739
0 0.37228260869565216 0.7846467391304348 0.06046195652173913 0.05434782608695652
0 0.44565217391304346 0.6331521739130435 0.042798913043478264 0.03804347826086957
0 0.7262228260869565 0.6372282608695652 0.03872282608695652 0.034646739130434784
0 0.9660326086956522 0.6086956521739131 0.03192934782608696 0.027853260869565216
0 0.9184782608695652 0.6046195652173914 0.033967391304347824 0.030570652173913044
0 0.9864130434782609 0.7459239130434783 0.02717391304347826 0.04619565217391304
0 0.09510869565217392 0.46127717391304346 0.024456521739130436 0.021739130434782608
0 0.14673913043478262 0.5095108695652174 0.035326086956521736 0.03125
0 0.33559782608695654 0.47690217391304346 0.026494565217391304 0.02377717391304348
0 0.31521739130434784 0.44633152173913043 0.019021739130434784 0.016983695652173912
0 0.2982336956521739 0.4205163043478261 0.008831521739130434 0.008152173913043478
0 0.3267663043478261 0.40964673913043476 0.006114130434782609 0.005434782608695652
0 0.35665760869565216 0.41847826086956524 0.008152173913043478 0.007472826086956522
0 0.3532608695652174 0.453804347826087 0.021059782608695652 0.019021739130434784
0 0.36277173913043476 0.43953804347826086 0.016983695652173912 0.014945652173913044
0 0.35054347826086957 0.4327445652173913 0.014945652173913044 0.012907608695652174
0 0.3851902173913043 0.4123641304347826 0.0033967391304347825 0.0033967391304347825
0 0.40421195652173914 0.4205163043478261 0.008831521739130434 0.008152173913043478
0 0.41847826086956524 0.43002717391304346 0.01358695652173913 0.012228260869565218
0 0.43478260869565216 0.4422554347826087 0.017663043478260868 0.015625
0 0.4578804347826087 0.452445652173913 0.01970108695652174 0.017663043478260868
0 0.46875 0.438179347826087 0.017663043478260868 0.015625
0 0.48709239130434784 0.46603260869565216 0.021059782608695652 0.019021739130434784
0 0.4673913043478261 0.4952445652173913 0.025135869565217392 0.022418478260869564
0 0.03328804347826087 0.5978260869565217 0.050271739130434784 0.044157608695652176
0 0.343070652173913 0.5815217391304348 0.033967391304347824 0.029891304347826088
0 0.36820652173913043 0.6637228260869565 0.050271739130434784 0.04483695652173913
0 0.07676630434782608 0.967391304347826 0.08016304347826086 0.06521739130434782
0 0.546875 0.5828804347826086 0.036684782608695655 0.03260869565217391
0 0.828125 0.5665760869565217 0.03192934782608696 0.027853260869565216
0 0.7194293478260869 0.47554347826086957 0.018342391304347828 0.016304347826086956
0 0.7282608695652174 0.4639945652173913 0.017663043478260868 0.015625
0 0.7194293478260869 0.45652173913043476 0.016304347826086956 0.014945652173913044
0 0.8824728260869565 0.48233695652173914 0.01970108695652174 0.017663043478260868
0 0.8648097826086957 0.44972826086956524 0.016304347826086956 0.014266304347826086
0 0.9558423913043478 0.4578804347826087 0.015625 0.01358695652173913
0 0.9789402173913043 0.45991847826086957 0.016304347826086956 0.014266304347826086
0 0.9809782608695652 0.44157608695652173 0.012907608695652174 0.010869565217391304
0 0.6949728260869565 0.4436141304347826 0.014945652173913044 0.01358695652173913
0 0.7425271739130435 0.4327445652173913 0.01358695652173913 0.012228260869565218
0 0.7432065217391305 0.42527173913043476 0.012228260869565218 0.010869565217391304
0 0.7085597826086957 0.421195652173913 0.01154891304347826 0.010190217391304348
0 0.7255434782608695 0.421875 0.01154891304347826 0.010190217391304348
0 0.6976902173913043 0.41508152173913043 0.010869565217391304 0.009510869565217392
0 0.6929347826086957 0.4171195652173913 0.01154891304347826 0.009510869565217392
0 0.78125 0.43002717391304346 0.012907608695652174 0.01154891304347826
0 0.7873641304347826 0.468070652173913 0.018342391304347828 0.016304347826086956
0 0.8627717391304348 0.44089673913043476 0.014266304347826086 0.012907608695652174
0 0.8505434782608695 0.4266304347826087 0.012228260869565218 0.010869565217391304
0 0.8634510869565217 0.42934782608695654 0.012907608695652174 0.010869565217391304
0 0.8417119565217391 0.4735054347826087 0.018342391304347828 0.016304347826086956
0 0.8396739130434783 0.43410326086956524 0.01358695652173913 0.012228260869565218
0 0.8743206521739131 0.4273097826086957 0.012228260869565218 0.010869565217391304
0 0.7622282608695652 0.4422554347826087 0.014945652173913044 0.012907608695652174
0 0.9932065217391305 0.42527173913043476 0.009510869565217392 0.008831521739130434