0 0.07336956521739131 0.3172554347826087 0.026494565217391304 0.025135869565217392
0 0.4578804347826087 0.30366847826086957 0.012228260869565218 0.017663043478260868
0 0.25815217391304346 0.3125 0.018342391304347828 0.017663043478260868
0 0.8865489130434783 0.453804347826087 0.051630434782608696 0.051630434782608696
0 0.04551630434782609 0.20584239130434784 0.014266304347826086 0.014266304347826086
0 0.23029891304347827 0.3063858695652174 0.025815217391304348 0.02377717391304348
0 0.13043478260869565 0.32404891304347827 0.034646739130434784 0.03260869565217391
0 0.3328804347826087 0.28804347826086957 0.024456521739130436 0.022418478260869564
0 0.40828804347826086 0.296195652173913 0.016304347826086956 0.014945652173913044
0 0.4266304347826087 0.28872282608695654 0.025815217391304348 0.022418478260869564
0 0.7635869565217391 0.27921195652173914 0.05434782608695652 0.049592391304347824
0 0.6039402173913043 0.2751358695652174 0.016304347826086956 0.014266304347826086
0 0.5822010869565217 0.28940217391304346 0.0020380434782608695 0.002717391304347826
0 0.39402173913043476 0.28872282608695654 0.024456521739130436 0.022418478260869564
0 0.3695652173913043 0.29008152173913043 0.004076086956521739 0.004076086956521739
0 0.5366847826086957 0.28328804347826086 0.022418478260869564 0.020380434782608696
0 0.5224184782608695 0.28532608695652173 0.02377717391304348 0.021739130434782608
0 0.49660326086956524 0.27921195652173914 0.021739130434782608 0.01970108695652174
0 0.38315217391304346 0.2873641304347826 0.024456521739130436 0.022418478260869564