0 0.9809782608695652 0.44429347826086957 0.008831521739130434 0.008152173913043478
0 0.9538043478260869 0.4429347826086957 0.009510869565217392 0.008831521739130434
0 0.9184782608695652 0.4857336956521739 0.014266304347826086 0.012907608695652174
0 0.9096467391304348 0.483695652173913 0.010869565217391304 0.010190217391304348
0 0.9612771739130435 0.4673913043478261 0.012228260869565218 0.009510869565217392
0 0.970108695652174 0.4748641304347826 0.012228260869565218 0.010190217391304348
0 0.970108695652174 0.484375 0.010869565217391304 0.009510869565217392
0 0.9592391304347826 0.485054347826087 0.010190217391304348 0.009510869565217392
0 0.9538043478260869 0.4952445652173913 0.014266304347826086 0.01154891304347826
0 0.9694293478260869 0.4945652173913043 0.012228260869565218 0.010869565217391304
0 0.9884510869565217 0.501358695652174 0.012907608695652174 0.01154891304347826
0 0.9762228260869565 0.5149456521739131 0.01358695652173913 0.012907608695652174
0 0.998641304347826 0.5101902173913043 0.002717391304347826 0.012228260869565218
0 0.9966032608695652 0.48233695652173914 0.006793478260869565 0.01154891304347826
0 0.8783967391304348 0.4476902173913043 0.009510869565217392 0.008831521739130434
0 0.8145380434782609 0.4476902173913043 0.010190217391304348 0.008831521739130434
0 0.8152173913043478 0.47282608695652173 0.012228260869565218 0.010190217391304348
0 0.8444293478260869 0.4891304347826087 0.01154891304347826 0.009510869565217392
0 0.8525815217391305 0.5 0.01358695652173913 0.010190217391304348
0 0.8804347826086957 0.4952445652173913 0.01358695652173913 0.010869565217391304
0 0.8743206521739131 0.485054347826087 0.012907608695652174 0.01154891304347826
0 0.6521739130434783 0.469429347826087 0.010869565217391304 0.008831521739130434
0 0.6603260869565217 0.4796195652173913 0.014266304347826086 0.012228260869565218
0 0.673233695652174 0.4891304347826087 0.012907608695652174 0.012228260869565218
0 0.6508152173913043 0.4904891304347826 0.012907608695652174 0.01154891304347826
0 0.6854619565217391 0.4904891304347826 0.012228260869565218 0.01154891304347826
0 0.6963315217391305 0.49320652173913043 0.010869565217391304 0.008831521739130434
0 0.7432065217391305 0.48029891304347827 0.01154891304347826 0.010190217391304348
0 0.7411684782608695 0.4904891304347826 0.012907608695652174 0.010869565217391304
0 0.7934782608695652 0.49320652173913043 0.01154891304347826 0.01154891304347826
0 0.8043478260869565 0.48845108695652173 0.012228260869565218 0.010190217391304348
0 0.8213315217391305 0.49796195652173914 0.014266304347826086 0.01154891304347826
0 0.8342391304347826 0.49796195652173914 0.01154891304347826 0.009510869565217392
0 0.6161684782608695 0.46127717391304346 0.010869565217391304 0.008831521739130434
0 0.5876358695652174 0.49728260869565216 0.012907608695652174 0.010190217391304348
0 0.5679347826086957 0.4782608695652174 0.01154891304347826 0.009510869565217392
0 0.5183423913043478 0.45516304347826086 0.010869565217391304 0.008831521739130434
0 0.5006793478260869 0.46467391304347827 0.01154891304347826 0.008831521739130434
0 0.49728260869565216 0.4748641304347826 0.010190217391304348 0.008831521739130434
0 0.5427989130434783 0.49320652173913043 0.012228260869565218 0.01154891304347826
0 0.49116847826086957 0.49320652173913043 0.012228260869565218 0.010190217391304348
0 0.483695652173913 0.469429347826087 0.010869565217391304 0.010190217391304348
0 0.48097826086956524 0.453125 0.010869565217391304 0.008831521739130434
0 0.4470108695652174 0.4388586956521739 0.008831521739130434 0.008152173913043478
0 0.4544836956521739 0.44429347826086957 0.008831521739130434 0.007472826086956522
0 0.44972826086956524 0.453125 0.010869565217391304 0.009510869565217392
0 0.406929347826087 0.44429347826086957 0.010190217391304348 0.008831521739130434
0 0.41372282608695654 0.4585597826086957 0.010190217391304348 0.008831521739130434
0 0.43478260869565216 0.4626358695652174 0.010190217391304348 0.008831521739130434
0 0.4320652173913043 0.47078804347826086 0.010190217391304348 0.008831521739130434
0 0.1800271739130435 0.4585597826086957 0.010869565217391304 0.009510869565217392
0 0.15557065217391305 0.47078804347826086 0.012907608695652174 0.010190217391304348
0 0.15489130434782608 0.48165760869565216 0.012228260869565218 0.010190217391304348
0 0.1610054347826087 0.49116847826086957 0.01154891304347826 0.009510869565217392
0 0.19293478260869565 0.4639945652173913 0.012228260869565218 0.010190217391304348
0 0.20448369565217392 0.46603260869565216 0.01154891304347826 0.009510869565217392
0 0.23980978260869565 0.46535326086956524 0.01154891304347826 0.010190217391304348
0 0.22758152173913043 0.47078804347826086 0.012228260869565218 0.010190217391304348
0 0.24320652173913043 0.4782608695652174 0.012907608695652174 0.010869565217391304
0 0.24456521739130435 0.5033967391304348 0.015625 0.012907608695652174
0 0.21875 0.5067934782608695 0.016304347826086956 0.014266304347826086
0 0.20380434782608695 0.514266304347826 0.015625 0.01358695652173913
0 0.18682065217391305 0.49320652173913043 0.014266304347826086 0.012907608695652174
0 0.18953804347826086 0.5006793478260869 0.016983695652173912 0.014266304347826086
0 0.1610054347826087 0.5006793478260869 0.014945652173913044 0.012907608695652174
0 0.1514945652173913 0.5047554347826086 0.014266304347826086 0.012907608695652174
0 0.17798913043478262 0.5135869565217391 0.016304347826086956 0.012907608695652174
0 0.2826086956521739 0.5237771739130435 0.016983695652173912 0.01358695652173913
0 0.296875 0.5278532608695652 0.015625 0.012907608695652174
0 0.2561141304347826 0.5217391304347826 0.017663043478260868 0.012907608695652174
0 0.29959239130434784 0.5074728260869565 0.01358695652173913 0.01358695652173913
0 0.2873641304347826 0.49252717391304346 0.012907608695652174 0.01154891304347826
0 0.2764945652173913 0.4898097826086957 0.012228260869565218 0.010190217391304348
0 0.27921195652173914 0.47622282608695654 0.01154891304347826 0.008831521739130434
0 0.27853260869565216 0.4639945652173913 0.012228260869565218 0.010190217391304348
0 0.29959239130434784 0.4375 0.008831521739130434 0.008831521739130434
0 0.328804347826087 0.44497282608695654 0.008831521739130434 0.007472826086956522
0 0.31046195652173914 0.452445652173913 0.010190217391304348 0.008831521739130434
0 0.328804347826087 0.47554347826086957 0.012228260869565218 0.010190217391304348
0 0.3029891304347826 0.47690217391304346 0.012228260869565218 0.01154891304347826
0 0.3294836956521739 0.4891304347826087 0.01154891304347826 0.01154891304347826
0 0.35122282608695654 0.4789402173913043 0.012228260869565218 0.010190217391304348
0 0.3389945652173913 0.45108695652173914 0.009510869565217392 0.008152173913043478
0 0.3688858695652174 0.45584239130434784 0.010190217391304348 0.008152173913043478
0 0.358695652173913 0.45108695652173914 0.008831521739130434 0.007472826086956522
0 0.37160326086956524 0.47282608695652173 0.01154891304347826 0.009510869565217392
0 0.3892663043478261 0.49116847826086957 0.012228260869565218 0.010190217391304348
0 0.3851902173913043 0.47146739130434784 0.01154891304347826 0.010190217391304348
0 0.39402173913043476 0.45991847826086957 0.010190217391304348 0.008831521739130434
0 0.39877717391304346 0.499320652173913 0.01154891304347826 0.012228260869565218
0 0.07880434782608696 0.4578804347826087 0.012228260869565218 0.010190217391304348
0 0.01154891304347826 0.5224184782608695 0.015625 0.014266304347826086
0 0.028532608695652172 0.5224184782608695 0.015625 0.014266304347826086
0 0.05298913043478261 0.48233695652173914 0.014266304347826086 0.010869565217391304
0 0.029891304347826088 0.546875 0.017663043478260868 0.014266304347826086
0 0.06793478260869565 0.5332880434782609 0.015625 0.01358695652173913
0 0.10326086956521739 0.5713315217391305 0.016304347826086956 0.015625
0 0.09103260869565218 0.5849184782608695 0.020380434782608696 0.016304347826086956
0 0.06114130434782609 0.5658967391304348 0.016983695652173912 0.014266304347826086
0 0.04483695652173913 0.5713315217391305 0.019021739130434784 0.014266304347826086
0 0.059103260869565216 0.5747282608695652 0.016983695652173912 0.015625
0 0.06725543478260869 0.5910326086956522 0.021059782608695652 0.017663043478260868
0 0.09646739130434782 0.5991847826086957 0.01970108695652174 0.016983695652173912
0 0.05366847826086957 0.6005434782608695 0.022418478260869564 0.018342391304347828
0 0.041440217391304345 0.5862771739130435 0.017663043478260868 0.014945652173913044
0 0.015625 0.5849184782608695 0.01970108695652174 0.015625
0 0.01358695652173913 0.6025815217391305 0.01970108695652174 0.016983695652173912
0 0.041440217391304345 0.6209239130434783 0.022418478260869564 0.019021739130434784
0 0.078125 0.6331521739130435 0.024456521739130436 0.01970108695652174
0 0.1324728260869565 0.6182065217391305 0.016983695652173912 0.015625
0 0.10054347826086957 0.6508152173913043 0.024456521739130436 0.021059782608695652
0 0.16779891304347827 0.6474184782608695 0.024456521739130436 0.019021739130434784
0 0.18342391304347827 0.6270380434782609 0.02309782608695652 0.017663043478260868
0 0.1983695652173913 0.6426630434782609 0.022418478260869564 0.017663043478260868
0 0.22078804347826086 0.6351902173913043 0.025815217391304348 0.020380434782608696
0 0.26154891304347827 0.6460597826086957 0.02377717391304348 0.01970108695652174
0 0.25 0.6345108695652174 0.021059782608695652 0.016304347826086956
0 0.23641304347826086 0.6175271739130435 0.02309782608695652 0.017663043478260868
0 0.20991847826086957 0.5876358695652174 0.019021739130434784 0.015625
0 0.17527173913043478 0.5597826086956522 0.01970108695652174 0.016983695652173912
0 0.17595108695652173 0.5380434782608695 0.016304347826086956 0.014266304347826086
0 0.19633152173913043 0.5448369565217391 0.017663043478260868 0.014266304347826086
0 0.2139945652173913 0.5360054347826086 0.017663043478260868 0.014945652173913044
0 0.25 0.5332880434782609 0.017663043478260868 0.015625
0 0.31997282608695654 0.5394021739130435 0.016304347826086956 0.014266304347826086
0 0.3389945652173913 0.5509510869565217 0.01970108695652174 0.016983695652173912
0 0.3383152173913043 0.529891304347826 0.019021739130434784 0.01358695652173913
0 0.3376358695652174 0.5726902173913043 0.021739130434782608 0.015625
0 0.34103260869565216 0.5828804347826086 0.020380434782608696 0.016983695652173912
0 0.31046195652173914 0.5618206521739131 0.017663043478260868 0.015625
0 0.29959239130434784 0.5726902173913043 0.01970108695652174 0.014266304347826086
0 0.2866847826086957 0.5604619565217391 0.01970108695652174 0.015625
0 0.26766304347826086 0.5543478260869565 0.016983695652173912 0.014266304347826086
0 0.24728260869565216 0.5625 0.016304347826086956 0.014266304347826086
0 0.296875 0.6066576086956522 0.019021739130434784 0.016304347826086956
0 0.3423913043478261 0.6046195652173914 0.021739130434782608 0.017663043478260868
0 0.3498641304347826 0.6202445652173914 0.02377717391304348 0.020380434782608696
0 0.33967391304347827 0.6460597826086957 0.02309782608695652 0.019021739130434784
0 0.3172554347826087 0.626358695652174 0.022418478260869564 0.018342391304347828
0 0.30095108695652173 0.6358695652173914 0.026494565217391304 0.02309782608695652
0 0.281929347826087 0.6514945652173914 0.026494565217391304 0.020380434782608696
0 0.32472826086956524 0.6521739130434783 0.028532608695652172 0.020380434782608696
0 0.11820652173913043 0.6311141304347826 0.022418478260869564 0.020380434782608696
0 0.3654891304347826 0.6338315217391305 0.025815217391304348 0.020380434782608696
0 0.389945652173913 0.6134510869565217 0.02309782608695652 0.019021739130434784
0 0.37160326086956524 0.5427989130434783 0.01970108695652174 0.016983695652173912
0 0.39877717391304346 0.5509510869565217 0.017663043478260868 0.014266304347826086
0 0.38654891304347827 0.5740489130434783 0.025135869565217392 0.020380434782608696
0 0.41372282608695654 0.5876358695652174 0.021059782608695652 0.015625
0 0.41372282608695654 0.6032608695652174 0.021739130434782608 0.016304347826086956
0 0.40964673913043476 0.6120923913043478 0.021059782608695652 0.016983695652173912
0 0.41508152173913043 0.6216032608695652 0.02377717391304348 0.019021739130434784
0 0.40353260869565216 0.6379076086956522 0.02717391304347826 0.01970108695652174
0 0.4429347826086957 0.6243206521739131 0.021739130434782608 0.019021739130434784
0 0.4592391304347826 0.6290760869565217 0.025135869565217392 0.020380434782608696
0 0.4748641304347826 0.6501358695652174 0.025815217391304348 0.020380434782608696
0 0.4830163043478261 0.6202445652173914 0.02309782608695652 0.021739130434782608
0 0.46467391304347827 0.610733695652174 0.02377717391304348 0.019021739130434784
0 0.44497282608695654 0.5862771739130435 0.022418478260869564 0.018342391304347828
0 0.5006793478260869 0.5855978260869565 0.021739130434782608 0.017663043478260868
0 0.5251358695652174 0.5862771739130435 0.022418478260869564 0.017663043478260868
0 0.5509510869565217 0.5801630434782609 0.01970108695652174 0.015625
0 0.592391304347826 0.5876358695652174 0.019021739130434784 0.015625
0 0.5774456521739131 0.5835597826086957 0.017663043478260868 0.01358695652173913
0 0.5665760869565217 0.5699728260869565 0.020380434782608696 0.016983695652173912
0 0.5869565217391305 0.5645380434782609 0.019021739130434784 0.017663043478260868
0 0.5985054347826086 0.548233695652174 0.017663043478260868 0.01358695652173913
0 0.5835597826086957 0.548233695652174 0.017663043478260868 0.014266304347826086
0 0.5577445652173914 0.5489130434782609 0.015625 0.01358695652173913
0 0.5244565217391305 0.548233695652174 0.016983695652173912 0.014945652173913044
0 0.2296195652173913 0.5625 0.017663043478260868 0.015625
0 0.22010869565217392 0.5754076086956522 0.021059782608695652 0.016983695652173912
0 0.6351902173913043 0.5489130434782609 0.01358695652173913 0.012907608695652174
0 0.6589673913043478 0.545516304347826 0.014945652173913044 0.014266304347826086
0 0.7540760869565217 0.59375 0.019021739130434784 0.016983695652173912
0 0.7608695652173914 0.5489130434782609 0.017663043478260868 0.014945652173913044
0 0.8301630434782609 0.5489130434782609 0.016983695652173912 0.01358695652173913
0 0.84375 0.5896739130434783 0.02717391304347826 0.02309782608695652
0 0.8104619565217391 0.5788043478260869 0.021739130434782608 0.018342391304347828
0 0.8417119565217391 0.6154891304347826 0.025815217391304348 0.021739130434782608
0 0.8362771739130435 0.6440217391304348 0.028532608695652172 0.020380434782608696
0 0.7894021739130435 0.6426630434782609 0.029211956521739132 0.025815217391304348
0 0.8029891304347826 0.6256793478260869 0.02717391304347826 0.02309782608695652
0 0.8050271739130435 0.6052989130434783 0.02377717391304348 0.019021739130434784
0 0.9925271739130435 0.5441576086956522 0.014945652173913044 0.01358695652173913
0 0.9483695652173914 0.5557065217391305 0.017663043478260868 0.014945652173913044
0 0.9239130434782609 0.5509510869565217 0.014945652173913044 0.01154891304347826
0 0.8933423913043478 0.5509510869565217 0.015625 0.014266304347826086
0 0.985733695652174 0.5557065217391305 0.01970108695652174 0.015625
0 0.9966032608695652 0.6059782608695652 0.006793478260869565 0.019021739130434784
0 0.9925271739130435 0.6216032608695652 0.014945652173913044 0.017663043478260868
0 0.9021739130434783 0.717391304347826 0.030570652173913044 0.024456521739130436
0 0.9334239130434783 0.7452445652173914 0.03328804347826087 0.024456521739130436
0 0.9592391304347826 0.734375 0.02717391304347826 0.02309782608695652
0 0.9864130434782609 0.7676630434782609 0.02717391304347826 0.030570652173913044
0 0.9497282608695652 0.7622282608695652 0.03125 0.025135869565217392
0 0.9245923913043478 0.7676630434782609 0.03804347826086957 0.029891304347826088
0 0.8036684782608695 0.6698369565217391 0.02717391304347826 0.024456521739130436
0 0.8301630434782609 0.6610054347826086 0.02717391304347826 0.021739130434782608
0 0.828125 0.6820652173913043 0.03125 0.02377717391304348
0 0.8987771739130435 0.6868206521739131 0.03125 0.024456521739130436
0 0.8716032608695652 0.7248641304347826 0.02309782608695652 0.021059782608695652
0 0.8512228260869565 0.7228260869565217 0.030570652173913044 0.024456521739130436
0 0.8389945652173914 0.7411684782608695 0.02717391304347826 0.02377717391304348
0 0.8097826086956522 0.7608695652173914 0.030570652173913044 0.027853260869565216
0 0.8546195652173914 0.7663043478260869 0.03125 0.025135869565217392
0 0.8804347826086957 0.7472826086956522 0.035326086956521736 0.025815217391304348
0 0.438179347826087 0.6813858695652174 0.02717391304347826 0.025135869565217392
0 0.469429347826087 0.6881793478260869 0.026494565217391304 0.021739130434782608
0 0.49320652173913043 0.6745923913043478 0.026494565217391304 0.022418478260869564
0 0.40828804347826086 0.6793478260869565 0.029211956521739132 0.02309782608695652
0 0.421195652173913 0.6956521739130435 0.03125 0.024456521739130436
0 0.4327445652173913 0.7146739130434783 0.03328804347826087 0.02717391304347826
0 0.4741847826086957 0.7139945652173914 0.03260869565217391 0.02377717391304348
0 0.49796195652173914 0.7112771739130435 0.026494565217391304 0.024456521739130436
0 0.4898097826086957 0.735733695652174 0.03260869565217391 0.025815217391304348
0 0.45516304347826086 0.7418478260869565 0.04076086956521739 0.036005434782608696
0 0.47554347826086957 0.7663043478260869 0.026494565217391304 0.022418478260869564
0 0.18410326086956522 0.6773097826086957 0.030570652173913044 0.021739130434782608
0 0.1827445652173913 0.6902173913043478 0.029211956521739132 0.02309782608695652
0 0.21467391304347827 0.6908967391304348 0.02717391304347826 0.021059782608695652
0 0.23980978260869565 0.686141304347826 0.021739130434782608 0.019021739130434784
0 0.27445652173913043 0.6745923913043478 0.02717391304347826 0.020380434782608696
0 0.3023097826086957 0.6915760869565217 0.02717391304347826 0.02309782608695652
0 0.3532608695652174 0.6711956521739131 0.02717391304347826 0.022418478260869564
0 0.33491847826086957 0.6671195652173914 0.02717391304347826 0.021739130434782608
0 0.328804347826087 0.686141304347826 0.024456521739130436 0.020380434782608696
0 0.3485054347826087 0.6881793478260869 0.028532608695652172 0.02309782608695652
0 0.35529891304347827 0.7119565217391305 0.029211956521739132 0.02309782608695652
0 0.33016304347826086 0.7119565217391305 0.03125 0.024456521739130436
0 0.327445652173913 0.7377717391304348 0.029211956521739132 0.024456521739130436
0 0.31589673913043476 0.7574728260869565 0.030570652173913044 0.025815217391304348
0 0.3539402173913043 0.7676630434782609 0.036684782608695655 0.028532608695652172
0 0.35597826086956524 0.7506793478260869 0.03872282608695652 0.02717391304347826
0 0.40964673913043476 0.688858695652174 0.02717391304347826 0.02309782608695652
0 0.017663043478260868 0.6684782608695652 0.02377717391304348 0.021739130434782608
0 0.09375 0.7024456521739131 0.028532608695652172 0.024456521739130436
0 0.03872282608695652 0.6983695652173914 0.03328804347826087 0.02717391304347826
0 0.005434782608695652 0.7078804347826086 0.010869565217391304 0.028532608695652172
0 0.020380434782608696 0.7411684782608695 0.035326086956521736 0.028532608695652172
0 0.01154891304347826 0.7710597826086957 0.02309782608695652 0.028532608695652172
0 0.14605978260869565 0.670516304347826 0.030570652173913044 0.021739130434782608
0 0.24048913043478262 0.7024456521739131 0.029211956521739132 0.024456521739130436
0 0.022418478260869564 0.8152173913043478 0.03872282608695652 0.027853260869565216
0 0.05502717391304348 0.8186141304347826 0.035326086956521736 0.028532608695652172
0 0.06385869565217392 0.8050271739130435 0.03125 0.024456521739130436
0 0.04823369565217391 0.845108695652174 0.036684782608695655 0.03260869565217391
0 0.015625 0.8471467391304348 0.03125 0.03192934782608696
0 0.06929347826086957 0.8532608695652174 0.03328804347826087 0.03192934782608696
0 0.20991847826086957 0.8104619565217391 0.04755434782608696 0.03328804347826087
0 0.23505434782608695 0.8355978260869565 0.03872282608695652 0.033967391304347824
0 0.2751358695652174 0.8668478260869565 0.03804347826086957 0.03260869565217391
0 0.31046195652173914 0.8573369565217391 0.042798913043478264 0.03736413043478261
0 0.313179347826087 0.8226902173913043 0.04008152173913043 0.03125
0 0.3063858695652174 0.8016304347826086 0.03804347826086957 0.02717391304347826
0 0.3389945652173913 0.7887228260869565 0.03328804347826087 0.03192934782608696
0 0.1983695652173913 0.7914402173913043 0.04008152173913043 0.025815217391304348
0 0.3580163043478261 0.8532608695652174 0.04076086956521739 0.036005434782608696
0 0.36345108695652173 0.798233695652174 0.04076086956521739 0.034646739130434784
0 0.39809782608695654 0.811141304347826 0.04076086956521739 0.030570652173913044
0 0.42866847826086957 0.860733695652174 0.042798913043478264 0.03736413043478261
0 0.49252717391304346 0.8335597826086957 0.03872282608695652 0.03736413043478261
0 0.5244565217391305 0.8512228260869565 0.04483695652173913 0.034646739130434784
0 0.5699728260869565 0.8471467391304348 0.034646739130434784 0.029891304347826088
0 0.5217391304347826 0.8240489130434783 0.03125 0.030570652173913044
0 0.48641304347826086 0.7975543478260869 0.03328804347826087 0.025815217391304348
0 0.45652173913043476 0.7839673913043478 0.036005434782608696 0.030570652173913044
0 0.5876358695652174 0.8199728260869565 0.035326086956521736 0.029891304347826088
0 0.6304347826086957 0.8804347826086957 0.04619565217391304 0.03736413043478261
0 0.7160326086956522 0.8519021739130435 0.042119565217391304 0.036005434782608696
0 0.7629076086956522 0.8756793478260869 0.04619565217391304 0.03736413043478261
0 0.7832880434782609 0.8559782608695652 0.03872282608695652 0.03328804347826087
0 0.7744565217391305 0.8240489130434783 0.042798913043478264 0.03192934782608696
0 0.6677989130434783 0.7914402173913043 0.028532608695652172 0.024456521739130436
0 0.6990489130434783 0.8043478260869565 0.03872282608695652 0.03260869565217391
0 0.8396739130434783 0.8770380434782609 0.042119565217391304 0.03872282608695652
0 0.8057065217391305 0.7717391304347826 0.03125 0.028532608695652172
0 0.8444293478260869 0.7771739130434783 0.03872282608695652 0.033967391304347824
0 0.8349184782608695 0.8091032608695652 0.036684782608695655 0.029211956521739132
0 0.9245923913043478 0.8614130434782609 0.042798913043478264 0.03872282608695652
0 0.9069293478260869 0.8288043478260869 0.042119565217391304 0.03328804347826087
0 0.8913043478260869 0.7995923913043478 0.03872282608695652 0.029211956521739132
0 0.9490489130434783 0.8036684782608695 0.04076086956521739 0.03192934782608696
0 0.9775815217391305 0.8002717391304348 0.03125 0.028532608695652172
0 0.983016304347826 0.8505434782608695 0.03328804347826087 0.03736413043478261
0 0.09103260869565218 0.9646739130434783 0.036684782608695655 0.03260869565217391
0 0.15896739130434784 0.9239130434782609 0.044157608695652176 0.036684782608695655
0 0.422554347826087 0.38858695652173914 0.002717391304347826 0.001358695652173913
0 0.468070652173913 0.3845108695652174 0.004755434782608696 0.002717391304347826
0 0.5054347826086957 0.38247282608695654 0.001358695652173913 0.0006793478260869565
0 0.5427989130434783 0.3804347826086957 0.012228260869565218 0.008152173913043478
0 0.5760869565217391 0.37839673913043476 0.004076086956521739 0.002717391304347826
0 0.9966032608695652 0.3186141304347826 0.006793478260869565 0.009510869565217392
0 0.9748641304347826 0.3233695652173913 0.019021739130434784 0.012907608695652174
0 0.9762228260869565 0.32472826086956524 0.018342391304347828 0.012907608695652174
0 0.967391304347826 0.3226902173913043 0.006793478260869565 0.004755434782608696
0 0.96875 0.32608695652173914 0.006793478260869565 0.004755434782608696
0 0.9619565217391305 0.32540760869565216 0.007472826086956522 0.004755434782608696
0 0.9619565217391305 0.33084239130434784 0.007472826086956522 0.004755434782608696
0 0.9646739130434783 0.3342391304347826 0.008152173913043478 0.005434782608695652
0 0.9612771739130435 0.33559782608695654 0.008152173913043478 0.004755434782608696
0 0.9538043478260869 0.3328804347826087 0.007472826086956522 0.004755434782608696
0 0.9558423913043478 0.328804347826087 0.007472826086956522 0.004755434782608696
0 0.9429347826086957 0.328804347826087 0.006793478260869565 0.004755434782608696
0 0.9463315217391305 0.33559782608695654 0.007472826086956522 0.005434782608695652
0 0.9497282608695652 0.33559782608695654 0.007472826086956522 0.005434782608695652
0 0.9259510869565217 0.31521739130434784 0.006793478260869565 0.004076086956521739
0 0.9157608695652174 0.31929347826086957 0.006793478260869565 0.004076086956521739
0 0.9184782608695652 0.3172554347826087 0.006793478260869565 0.004076086956521739
0 0.9123641304347826 0.31589673913043476 0.006793478260869565 0.004076086956521739
0 0.9103260869565217 0.31453804347826086 0.006114130434782609 0.004076086956521739
0 0.9096467391304348 0.31589673913043476 0.006793478260869565 0.004076086956521739
0 0.9055706521739131 0.31453804347826086 0.006793478260869565 0.004076086956521739
0 0.9089673913043478 0.3125 0.006793478260869565 0.004076086956521739
0 0.9110054347826086 0.30570652173913043 0.005434782608695652 0.004076086956521739
0 0.9014945652173914 0.30570652173913043 0.006114130434782609 0.0033967391304347825
0 0.9021739130434783 0.3111413043478261 0.006114130434782609 0.004076086956521739
0 0.8994565217391305 0.311820652173913 0.006793478260869565 0.004076086956521739
0 0.8987771739130435 0.3179347826086957 0.01154891304347826 0.007472826086956522
0 0.9021739130434783 0.31589673913043476 0.006793478260869565 0.004076086956521739
0 0.9055706521739131 0.31997282608695654 0.006793478260869565 0.004076086956521739
0 0.9008152173913043 0.32133152173913043 0.010869565217391304 0.007472826086956522
0 0.9028532608695652 0.328804347826087 0.0020380434782608695 0.001358695652173913
0 0.90625 0.327445652173913 0.001358695652173913 0.0006793478260869565
0 0.9103260869565217 0.32608695652173914 0.006793478260869565 0.004076086956521739
0 0.9164402173913043 0.3226902173913043 0.006793478260869565 0.004755434782608696
0 0.8974184782608695 0.33084239130434784 0.002717391304347826 0.001358695652173913
0 0.9082880434782609 0.3294836956521739 0.0020380434782608695 0.001358695652173913
0 0.9035326086956522 0.3342391304347826 0.002717391304347826 0.0020380434782608695
0 0.9069293478260869 0.3328804347826087 0.002717391304347826 0.0020380434782608695
0 0.8940217391304348 0.3342391304347826 0.002717391304347826 0.0020380434782608695
0 0.8967391304347826 0.33491847826086957 0.002717391304347826 0.0020380434782608695
0 0.8967391304347826 0.3383152173913043 0.0033967391304347825 0.0020380434782608695
0 0.889266304347826 0.3383152173913043 0.006793478260869565 0.004755434782608696
0 0.8987771739130435 0.3389945652173913 0.0033967391304347825 0.002717391304347826
0 0.904891304347826 0.3389945652173913 0.004076086956521739 0.0020380434782608695
0 0.9123641304347826 0.3383152173913043 0.004076086956521739 0.0020380434782608695
0 0.9164402173913043 0.3383152173913043 0.0033967391304347825 0.0020380434782608695
0 0.923233695652174 0.3267663043478261 0.006793478260869565 0.004755434782608696
0 0.9225543478260869 0.32472826086956524 0.006793478260869565 0.004755434782608696
0 0.9184782608695652 0.32404891304347827 0.006793478260869565 0.004755434782608696
0 0.9307065217391305 0.3267663043478261 0.006793478260869565 0.004755434782608696
0 0.9368206521739131 0.32472826086956524 0.006793478260869565 0.004755434782608696
0 0.9259510869565217 0.3328804347826087 0.007472826086956522 0.004755434782608696
0 0.9273097826086957 0.33627717391304346 0.007472826086956522 0.004755434782608696
0 0.9368206521739131 0.33491847826086957 0.007472826086956522 0.004755434782608696
0 0.9279891304347826 0.3423913043478261 0.008152173913043478 0.004755434782608696
0 0.923233695652174 0.34375 0.004755434782608696 0.002717391304347826
0 0.9211956521739131 0.34103260869565216 0.008152173913043478 0.004755434782608696
0 0.9191576086956522 0.33967391304347827 0.004076086956521739 0.002717391304347826
0 0.9177989130434783 0.33627717391304346 0.007472826086956522 0.004755434782608696
0 0.8790760869565217 0.33695652173913043 0.006793478260869565 0.004076086956521739
0 0.875 0.3376358695652174 0.006793478260869565 0.004076086956521739
0 0.8817934782608695 0.344429347826087 0.006793478260869565 0.004076086956521739
0 0.8845108695652174 0.34375 0.006793478260869565 0.004755434782608696
0 0.8729619565217391 0.34578804347826086 0.006793478260869565 0.004755434782608696
0 0.8620923913043478 0.3383152173913043 0.006793478260869565 0.004076086956521739
0 0.8648097826086957 0.34714673913043476 0.006793478260869565 0.004755434782608696
0 0.859375 0.360054347826087 0.007472826086956522 0.004755434782608696
0 0.8627717391304348 0.36141304347826086 0.008152173913043478 0.005434782608695652
0 0.8491847826086957 0.3607336956521739 0.007472826086956522 0.005434782608695652
0 0.842391304347826 0.3654891304347826 0.008152173913043478 0.005434782608695652
0 0.8403532608695652 0.3695652173913043 0.008831521739130434 0.005434782608695652
0 0.8376358695652174 0.375 0.0020380434782608695 0.001358695652173913
0 0.8342391304347826 0.37839673913043476 0.0033967391304347825 0.0020380434782608695
0 0.8362771739130435 0.38315217391304346 0.006793478260869565 0.004076086956521739
0 0.8260869565217391 0.3919836956521739 0.006793478260869565 0.004755434782608696
0 0.84375 0.38315217391304346 0.004755434782608696 0.002717391304347826
0 0.8396739130434783 0.3858695652173913 0.006793478260869565 0.004755434782608696
0 0.8383152173913043 0.3892663043478261 0.006793478260869565 0.004755434782608696
0 0.8464673913043478 0.391304347826087 0.006793478260869565 0.004755434782608696
0 0.8417119565217391 0.3960597826086957 0.008152173913043478 0.005434782608695652
0 0.8600543478260869 0.3688858695652174 0.008831521739130434 0.005434782608695652
0 0.8654891304347826 0.37160326086956524 0.008152173913043478 0.005434782608695652
0 0.876358695652174 0.36345108695652173 0.007472826086956522 0.005434782608695652
0 0.8851902173913043 0.3641304347826087 0.008152173913043478 0.005434782608695652
0 0.8851902173913043 0.374320652173913 0.008152173913043478 0.005434782608695652
0 0.8729619565217391 0.374320652173913 0.008831521739130434 0.005434782608695652
0 0.8682065217391305 0.37296195652173914 0.008152173913043478 0.005434782608695652
0 0.8648097826086957 0.37839673913043476 0.008831521739130434 0.005434782608695652
0 0.8682065217391305 0.38179347826086957 0.008831521739130434 0.005434782608695652
0 0.8777173913043478 0.3804347826086957 0.008831521739130434 0.005434782608695652
0 0.8770380434782609 0.3845108695652174 0.0006793478260869565 0.0006793478260869565
0 0.8675271739130435 0.391304347826087 0.0033967391304347825 0.0020380434782608695
0 0.8600543478260869 0.3967391304347826 0.006793478260869565 0.004755434782608696
0 0.8559782608695652 0.3858695652173913 0.005434782608695652 0.0033967391304347825
0 0.8532608695652174 0.37703804347826086 0.008831521739130434 0.005434782608695652
0 0.8464673913043478 0.3763586956521739 0.002717391304347826 0.0020380434782608695
0 0.8485054347826086 0.37092391304347827 0.008152173913043478 0.005434782608695652
0 0.8926630434782609 0.360054347826087 0.007472826086956522 0.004755434782608696
0 0.9028532608695652 0.3607336956521739 0.006114130434782609 0.004076086956521739
0 0.9042119565217391 0.35054347826086957 0.004755434782608696 0.0033967391304347825
0 0.9021739130434783 0.34578804347826086 0.004755434782608696 0.002717391304347826
0 0.9069293478260869 0.3451086956521739 0.004755434782608696 0.002717391304347826
0 0.9177989130434783 0.343070652173913 0.004076086956521739 0.002717391304347826
0 0.9096467391304348 0.3423913043478261 0.004076086956521739 0.002717391304347826
0 0.9150815217391305 0.35054347826086957 0.0006793478260869565 0.0006793478260869565
0 0.921875 0.3491847826086957 0.004755434782608696 0.002717391304347826
0 0.9293478260869565 0.35258152173913043 0.0020380434782608695 0.001358695652173913
0 0.9259510869565217 0.3532608695652174 0.0020380434782608695 0.001358695652173913
0 0.923233695652174 0.3546195652173913 0.002717391304347826 0.001358695652173913
0 0.9184782608695652 0.3532608695652174 0.002717391304347826 0.001358695652173913
0 0.9252717391304348 0.35665760869565216 0.002717391304347826 0.0020380434782608695
0 0.9211956521739131 0.36141304347826086 0.004076086956521739 0.0020380434782608695
0 0.9211956521739131 0.358695652173913 0.0033967391304347825 0.0020380434782608695
0 0.9157608695652174 0.35665760869565216 0.002717391304347826 0.0020380434782608695
0 0.9144021739130435 0.3539402173913043 0.005434782608695652 0.0033967391304347825
0 0.9116847826086957 0.3607336956521739 0.006114130434782609 0.004076086956521739
0 0.8729619565217391 0.39334239130434784 0.004755434782608696 0.002717391304347826
0 0.8722826086956522 0.3967391304347826 0.004755434782608696 0.0033967391304347825
0 0.8804347826086957 0.39877717391304346 0.005434782608695652 0.0033967391304347825
0 0.8879076086956522 0.390625 0.0033967391304347825 0.0020380434782608695
0 0.8872282608695652 0.3811141304347826 0.008831521739130434 0.005434782608695652
0 0.8987771739130435 0.37703804347826086 0.007472826086956522 0.004755434782608696
0 0.8987771739130435 0.39809782608695654 0.005434782608695652 0.0033967391304347825
0 0.9021739130434783 0.39470108695652173 0.004755434782608696 0.0033967391304347825
0 0.8960597826086957 0.39266304347826086 0.004076086956521739 0.002717391304347826
0 0.9150815217391305 0.39402173913043476 0.006793478260869565 0.004755434782608696
0 0.9089673913043478 0.39402173913043476 0.004755434782608696 0.0033967391304347825
0 0.9103260869565217 0.4008152173913043 0.006114130434782609 0.004076086956521739
0 0.9313858695652174 0.3967391304347826 0.006793478260869565 0.004755434782608696
0 0.9313858695652174 0.40285326086956524 0.007472826086956522 0.004755434782608696
0 0.9402173913043478 0.3960597826086957 0.004076086956521739 0.0020380434782608695
0 0.9510869565217391 0.3919836956521739 0.002717391304347826 0.001358695652173913
0 0.9626358695652174 0.3892663043478261 0.008831521739130434 0.005434782608695652
0 0.9605978260869565 0.4001358695652174 0.004755434782608696 0.002717391304347826
0 0.9497282608695652 0.4048913043478261 0.006114130434782609 0.004076086956521739
0 0.9137228260869565 0.36345108695652173 0.006114130434782609 0.004076086956521739
0 0.9123641304347826 0.3695652173913043 0.006793478260869565 0.004076086956521739
0 0.9198369565217391 0.37160326086956524 0.004755434782608696 0.0033967391304347825
0 0.9286684782608695 0.3695652173913043 0.004755434782608696 0.0033967391304347825
0 0.920516304347826 0.3654891304347826 0.004755434782608696 0.002717391304347826
0 0.9245923913043478 0.3641304347826087 0.004755434782608696 0.002717391304347826
0 0.9286684782608695 0.3607336956521739 0.0033967391304347825 0.0020380434782608695
0 0.9055706521739131 0.36684782608695654 0.006793478260869565 0.004076086956521739
0 0.904891304347826 0.37228260869565216 0.006793478260869565 0.004076086956521739
0 0.9082880434782609 0.374320652173913 0.006793478260869565 0.004755434782608696
0 0.8994565217391305 0.36820652173913043 0.006793478260869565 0.004076086956521739
0 0.9008152173913043 0.374320652173913 0.006793478260869565 0.004755434782608696
0 0.9259510869565217 0.37228260869565216 0.004755434782608696 0.0033967391304347825
0 0.9334239130434783 0.37296195652173914 0.004755434782608696 0.0033967391304347825
0 0.9429347826086957 0.35122282608695654 0.004755434782608696 0.002717391304347826
0 0.9395380434782609 0.3539402173913043 0.004755434782608696 0.0033967391304347825
0 0.9320652173913043 0.3539402173913043 0.002717391304347826 0.001358695652173913
0 0.9572010869565217 0.374320652173913 0.006793478260869565 0.004755434782608696
0 0.9551630434782609 0.36752717391304346 0.006114130434782609 0.004076086956521739
0 0.9538043478260869 0.36752717391304346 0.006793478260869565 0.004076086956521739
0 0.9572010869565217 0.3648097826086957 0.006114130434782609 0.004076086956521739
0 0.9612771739130435 0.3736413043478261 0.008831521739130434 0.006114130434782609
0 0.9667119565217391 0.36820652173913043 0.008831521739130434 0.006114130434782609
0 0.9707880434782609 0.3641304347826087 0.008831521739130434 0.006114130434782609
0 0.9646739130434783 0.3607336956521739 0.008831521739130434 0.006114130434782609
0 0.9599184782608695 0.35733695652173914 0.008831521739130434 0.006114130434782609
0 0.954483695652174 0.359375 0.005434782608695652 0.0033967391304347825
0 0.9504076086956522 0.3580163043478261 0.005434782608695652 0.0033967391304347825
0 0.9565217391304348 0.35258152173913043 0.008831521739130434 0.005434782608695652
0 0.9463315217391305 0.3451086956521739 0.0033967391304347825 0.0020380434782608695
0 0.9429347826086957 0.34171195652173914 0.0033967391304347825 0.0020380434782608695
0 0.9497282608695652 0.34035326086956524 0.008152173913043478 0.005434782608695652
0 0.951766304347826 0.3389945652173913 0.008152173913043478 0.005434782608695652
0 0.9572010869565217 0.34171195652173914 0.008152173913043478 0.005434782608695652
0 0.9619565217391305 0.34035326086956524 0.008152173913043478 0.005434782608695652
0 0.9633152173913043 0.3383152173913043 0.008152173913043478 0.005434782608695652
0 0.9694293478260869 0.33627717391304346 0.008152173913043478 0.004755434782608696
0 0.985733695652174 0.3451086956521739 0.01154891304347826 0.007472826086956522
0 0.9769021739130435 0.34646739130434784 0.008152173913043478 0.005434782608695652
0 0.9735054347826086 0.34035326086956524 0.007472826086956522 0.005434782608695652
0 0.970108695652174 0.3423913043478261 0.008152173913043478 0.005434782608695652
0 0.9680706521739131 0.34714673913043476 0.008831521739130434 0.005434782608695652
0 0.9809782608695652 0.3485054347826087 0.008831521739130434 0.005434782608695652
0 0.9809782608695652 0.3423913043478261 0.008152173913043478 0.005434782608695652
0 0.9775815217391305 0.33559782608695654 0.007472826086956522 0.004755434782608696
0 0.9911684782608695 0.34035326086956524 0.014266304347826086 0.009510869565217392
0 0.9898097826086957 0.34782608695652173 0.01154891304347826 0.007472826086956522
0 0.9911684782608695 0.35190217391304346 0.01358695652173913 0.009510869565217392
0 0.9938858695652174 0.35122282608695654 0.012228260869565218 0.009510869565217392
0 0.9898097826086957 0.35665760869565216 0.008831521739130434 0.006114130434782609
0 0.9877717391304348 0.35258152173913043 0.008831521739130434 0.006114130434782609
0 0.9789402173913043 0.3532608695652174 0.008831521739130434 0.005434782608695652
0 0.9735054347826086 0.3539402173913043 0.008831521739130434 0.005434782608695652
0 0.9823369565217391 0.35529891304347827 0.008831521739130434 0.006114130434782609
0 0.9775815217391305 0.359375 0.008831521739130434 0.006114130434782609
0 0.984375 0.3580163043478261 0.008831521739130434 0.006114130434782609
0 0.9796195652173914 0.36209239130434784 0.008831521739130434 0.006114130434782609
0 0.9735054347826086 0.36209239130434784 0.008831521739130434 0.006114130434782609
0 0.9660326086956522 0.3539402173913043 0.008831521739130434 0.005434782608695652
0 0.9660326086956522 0.3580163043478261 0.008831521739130434 0.005434782608695652
0 0.9633152173913043 0.3498641304347826 0.008831521739130434 0.005434782608695652
0 0.9592391304347826 0.34714673913043476 0.008152173913043478 0.005434782608695652
0 0.9633152173913043 0.3451086956521739 0.008152173913043478 0.005434782608695652
0 0.9925271739130435 0.360054347826087 0.008831521739130434 0.006114130434782609
0 0.9952445652173914 0.358695652173913 0.009510869565217392 0.008831521739130434
0 0.9932065217391305 0.36277173913043476 0.008831521739130434 0.006114130434782609
0 0.9823369565217391 0.3695652173913043 0.009510869565217392 0.006114130434782609
0 0.9775815217391305 0.37160326086956524 0.009510869565217392 0.006114130434782609
0 0.96875 0.375679347826087 0.009510869565217392 0.006114130434782609
0 0.9762228260869565 0.3763586956521739 0.008831521739130434 0.006114130434782609
0 0.9904891304347826 0.374320652173913 0.009510869565217392 0.006114130434782609
0 0.9979619565217391 0.3702445652173913 0.0033967391304347825 0.008831521739130434
0 0.9952445652173914 0.36752717391304346 0.009510869565217392 0.009510869565217392
0 0.9952445652173914 0.34171195652173914 0.009510869565217392 0.009510869565217392
0 0.9966032608695652 0.34103260869565216 0.006793478260869565 0.009510869565217392
0 0.998641304347826 0.34035326086956524 0.002717391304347826 0.009510869565217392
0 0.9993206521739131 0.3654891304347826 0.001358695652173913 0.008152173913043478
0 0.9966032608695652 0.375 0.006793478260869565 0.005434782608695652
0 0.9938858695652174 0.3695652173913043 0.009510869565217392 0.006114130434782609
0 0.9877717391304348 0.3654891304347826 0.009510869565217392 0.006114130434782609
0 0.9911684782608695 0.3654891304347826 0.008831521739130434 0.006114130434782609
0 0.9966032608695652 0.390625 0.006793478260869565 0.006793478260869565
0 0.9286684782608695 0.3125 0.006114130434782609 0.004076086956521739
0 0.9313858695652174 0.3125 0.006114130434782609 0.004076086956521739
0 0.938858695652174 0.3125 0.006793478260869565 0.004076086956521739
0 0.9422554347826086 0.3125 0.006114130434782609 0.004076086956521739
0 0.9157608695652174 0.30842391304347827 0.006114130434782609 0.004076086956521739
0 0.90625 0.30910326086956524 0.006114130434782609 0.004076086956521739
0 0.9096467391304348 0.30842391304347827 0.006114130434782609 0.004076086956521739
0 0.9347826086956522 0.41032608695652173 0.008152173913043478 0.005434782608695652
0 0.9599184782608695 0.4076086956521739 0.006793478260869565 0.004076086956521739
0 0.9585597826086957 0.4116847826086957 0.006793478260869565 0.004755434782608696
0 0.9510869565217391 0.4157608695652174 0.007472826086956522 0.004755434782608696
0 0.9402173913043478 0.422554347826087 0.010190217391304348 0.006793478260869565
0 0.9375 0.4164402173913043 0.008831521739130434 0.006114130434782609
0 0.9225543478260869 0.4123641304347826 0.008831521739130434 0.006114130434782609
0 0.904891304347826 0.4076086956521739 0.006793478260869565 0.004076086956521739
0 0.9042119565217391 0.4116847826086957 0.007472826086956522 0.004755434782608696
0 0.9021739130434783 0.405570652173913 0.006793478260869565 0.004076086956521739
0 0.9035326086956522 0.43002717391304346 0.008831521739130434 0.006114130434782609
0 0.9110054347826086 0.41915760869565216 0.008831521739130434 0.005434782608695652
0 0.9211956521739131 0.41779891304347827 0.008152173913043478 0.005434782608695652
0 0.9171195652173914 0.4266304347826087 0.008152173913043478 0.005434782608695652
0 0.9123641304347826 0.43070652173913043 0.008831521739130434 0.006114130434782609
0 0.9116847826086957 0.44089673913043476 0.010190217391304348 0.006793478260869565
0 0.9035326086956522 0.44089673913043476 0.010190217391304348 0.006793478260869565
0 0.9042119565217391 0.4517663043478261 0.01154891304347826 0.008152173913043478
0 0.9259510869565217 0.4313858695652174 0.009510869565217392 0.006114130434782609
0 0.9422554347826086 0.4313858695652174 0.010190217391304348 0.006793478260869565
0 0.9592391304347826 0.43342391304347827 0.010190217391304348 0.006793478260869565
0 0.9599184782608695 0.4232336956521739 0.008831521739130434 0.005434782608695652
0 0.9714673913043478 0.4157608695652174 0.008152173913043478 0.005434782608695652
0 0.9796195652173914 0.41372282608695654 0.007472826086956522 0.004755434782608696
0 0.9932065217391305 0.41372282608695654 0.010190217391304348 0.006793478260869565
0 0.998641304347826 0.40828804347826086 0.002717391304347826 0.007472826086956522
0 0.9972826086956522 0.421195652173913 0.005434782608695652 0.005434782608695652
0 0.985733695652174 0.43002717391304346 0.009510869565217392 0.006114130434782609
0 0.9748641304347826 0.43410326086956524 0.010190217391304348 0.006114130434782609
0 0.9667119565217391 0.44157608695652173 0.010869565217391304 0.007472826086956522
0 0.9660326086956522 0.45040760869565216 0.010869565217391304 0.007472826086956522
0 0.9415760869565217 0.44429347826086957 0.010869565217391304 0.007472826086956522
0 0.9422554347826086 0.45040760869565216 0.010869565217391304 0.007472826086956522
0 0.9279891304347826 0.44633152173913043 0.010869565217391304 0.006793478260869565
0 0.920516304347826 0.49728260869565216 0.014945652173913044 0.010190217391304348
0 0.9021739130434783 0.49184782608695654 0.014266304347826086 0.009510869565217392
0 0.9442934782608695 0.4585597826086957 0.012228260869565218 0.008152173913043478
0 0.9334239130434783 0.45516304347826086 0.01154891304347826 0.007472826086956522
0 0.9334239130434783 0.4470108695652174 0.010869565217391304 0.007472826086956522
0 0.954483695652174 0.45584239130434784 0.01154891304347826 0.007472826086956522
0 0.9789402173913043 0.45652173913043476 0.012228260869565218 0.008152173913043478
0 0.9639945652173914 0.4782608695652174 0.01358695652173913 0.008831521739130434
0 0.9572010869565217 0.49184782608695654 0.014266304347826086 0.009510869565217392
0 0.9809782608695652 0.4904891304347826 0.014266304347826086 0.009510869565217392
0 0.9823369565217391 0.5088315217391305 0.014945652173913044 0.010190217391304348
0 0.9789402173913043 0.5197010869565217 0.016304347826086956 0.010869565217391304
0 0.9707880434782609 0.5224184782608695 0.016304347826086956 0.010869565217391304
0 0.967391304347826 0.5292119565217391 0.017663043478260868 0.01154891304347826
0 0.9938858695652174 0.5271739130434783 0.012228260869565218 0.01154891304347826
0 0.9898097826086957 0.46195652173913043 0.012228260869565218 0.008152173913043478
0 0.998641304347826 0.4592391304347826 0.002717391304347826 0.008152173913043478
0 0.9972826086956522 0.44565217391304346 0.005434782608695652 0.006793478260869565
0 0.9375 0.4830163043478261 0.014266304347826086 0.008831521739130434
0 0.9490489130434783 0.4782608695652174 0.012907608695652174 0.008831521739130434
0 0.8077445652173914 0.38858695652173914 0.006793478260869565 0.004755434782608696
0 0.8172554347826086 0.3851902173913043 0.006114130434782609 0.004076086956521739
0 0.8213315217391305 0.3797554347826087 0.004755434782608696 0.0033967391304347825
0 0.8213315217391305 0.37703804347826086 0.004755434782608696 0.0033967391304347825
0 0.7975543478260869 0.39470108695652173 0.007472826086956522 0.005434782608695652
0 0.8152173913043478 0.39945652173913043 0.008152173913043478 0.005434782608695652
0 0.8233695652173914 0.40217391304347827 0.008152173913043478 0.005434782608695652
0 0.8328804347826086 0.40217391304347827 0.008831521739130434 0.005434782608695652
0 0.8512228260869565 0.406929347826087 0.008831521739130434 0.005434782608695652
0 0.8464673913043478 0.4123641304347826 0.009510869565217392 0.006114130434782609
0 0.8559782608695652 0.41915760869565216 0.009510869565217392 0.006114130434782609
0 0.8614130434782609 0.40828804347826086 0.008152173913043478 0.005434782608695652
0 0.876358695652174 0.4116847826086957 0.006793478260869565 0.004755434782608696
0 0.8756793478260869 0.4048913043478261 0.006793478260869565 0.004076086956521739
0 0.8858695652173914 0.42459239130434784 0.008831521739130434 0.006114130434782609
0 0.8899456521739131 0.4123641304347826 0.007472826086956522 0.004755434782608696
0 0.8770380434782609 0.4388586956521739 0.010190217391304348 0.006793478260869565
0 0.8851902173913043 0.45991847826086957 0.012228260869565218 0.008152173913043478
0 0.8756793478260869 0.4592391304347826 0.012228260869565218 0.008152173913043478
0 0.8967391304347826 0.4578804347826087 0.012228260869565218 0.008152173913043478
0 0.8546195652173914 0.453804347826087 0.012228260869565218 0.008152173913043478
0 0.8505434782608695 0.4585597826086957 0.012228260869565218 0.008152173913043478
0 0.8716032608695652 0.4273097826086957 0.009510869565217392 0.006114130434782609
0 0.8457880434782609 0.41847826086956524 0.009510869565217392 0.006793478260869565
0 0.8362771739130435 0.42595108695652173 0.010190217391304348 0.006793478260869565
0 0.8247282608695652 0.41372282608695654 0.010190217391304348 0.006793478260869565
0 0.8383152173913043 0.40828804347826086 0.009510869565217392 0.006114130434782609
0 0.8131793478260869 0.41508152173913043 0.009510869565217392 0.006114130434782609
0 0.8152173913043478 0.405570652173913 0.008831521739130434 0.005434782608695652
0 0.8050271739130435 0.406929347826087 0.008831521739130434 0.005434782608695652
0 0.8050271739130435 0.39945652173913043 0.008831521739130434 0.005434782608695652
0 0.78125 0.4076086956521739 0.008831521739130434 0.006114130434782609
0 0.7737771739130435 0.4048913043478261 0.008831521739130434 0.005434782608695652
0 0.765625 0.40896739130434784 0.008152173913043478 0.005434782608695652
0 0.7588315217391305 0.4157608695652174 0.009510869565217392 0.006114130434782609
0 0.765625 0.41983695652173914 0.010190217391304348 0.006114130434782609
0 0.7785326086956522 0.4116847826086957 0.008831521739130434 0.006114130434782609
0 0.7785326086956522 0.4205163043478261 0.010190217391304348 0.006114130434782609
0 0.7887228260869565 0.41372282608695654 0.008831521739130434 0.006114130434782609
0 0.7989130434782609 0.4171195652173913 0.009510869565217392 0.006114130434782609
0 0.7948369565217391 0.4076086956521739 0.008831521739130434 0.005434782608695652
0 0.795516304347826 0.40217391304347827 0.008831521739130434 0.005434782608695652
0 0.8125 0.42595108695652173 0.010190217391304348 0.006793478260869565
0 0.8233695652173914 0.42391304347826086 0.010190217391304348 0.006793478260869565
0 0.8335597826086957 0.44429347826086957 0.01154891304347826 0.007472826086956522
0 0.8322010869565217 0.4361413043478261 0.010869565217391304 0.007472826086956522
0 0.8247282608695652 0.44565217391304346 0.01154891304347826 0.007472826086956522
0 0.8274456521739131 0.453804347826087 0.012228260869565218 0.008152173913043478
0 0.8260869565217391 0.46127717391304346 0.012228260869565218 0.008152173913043478
0 0.8036684782608695 0.4633152173913043 0.012228260869565218 0.008152173913043478
0 0.8247282608695652 0.4701086956521739 0.012907608695652174 0.008831521739130434
0 0.858016304347826 0.49252717391304346 0.014266304347826086 0.009510869565217392
0 0.8913043478260869 0.48029891304347827 0.01358695652173913 0.008831521739130434
0 0.7771739130434783 0.438179347826087 0.010190217391304348 0.006793478260869565
0 0.7771739130434783 0.43070652173913043 0.010190217391304348 0.006793478260869565
0 0.7948369565217391 0.438179347826087 0.010869565217391304 0.006793478260869565
0 0.7887228260869565 0.421195652173913 0.010190217391304348 0.006114130434782609
0 0.8050271739130435 0.43953804347826086 0.01154891304347826 0.007472826086956522
0 0.7744565217391305 0.44972826086956524 0.01154891304347826 0.007472826086956522
0 0.7873641304347826 0.44972826086956524 0.012228260869565218 0.008152173913043478
0 0.7547554347826086 0.44429347826086957 0.012228260869565218 0.008152173913043478
0 0.7506793478260869 0.43070652173913043 0.010869565217391304 0.007472826086956522
0 0.7554347826086957 0.42459239130434784 0.010190217391304348 0.006793478260869565
0 0.7350543478260869 0.42934782608695654 0.010190217391304348 0.006793478260869565
0 0.7275815217391305 0.4205163043478261 0.010190217391304348 0.006114130434782609
0 0.7275815217391305 0.43478260869565216 0.010869565217391304 0.006793478260869565
0 0.7207880434782609 0.42866847826086957 0.010190217391304348 0.006793478260869565
0 0.717391304347826 0.42391304347826086 0.010190217391304348 0.006114130434782609
0 0.7099184782608695 0.41847826086956524 0.008831521739130434 0.006114130434782609
0 0.6841032608695652 0.4157608695652174 0.008831521739130434 0.005434782608695652
0 0.6752717391304348 0.4205163043478261 0.008831521739130434 0.006114130434782609
0 0.6596467391304348 0.41304347826086957 0.008831521739130434 0.005434782608695652
0 0.6555706521739131 0.422554347826087 0.008831521739130434 0.006114130434782609
0 0.6684782608695652 0.4232336956521739 0.008831521739130434 0.006114130434782609
0 0.657608695652174 0.4320652173913043 0.010190217391304348 0.006793478260869565
0 0.6684782608695652 0.45991847826086957 0.012228260869565218 0.008152173913043478
0 0.6936141304347826 0.47690217391304346 0.01358695652173913 0.008831521739130434
0 0.6997282608695652 0.47146739130434784 0.01358695652173913 0.008831521739130434
0 0.6847826086956522 0.4748641304347826 0.01358695652173913 0.008831521739130434
0 0.6827445652173914 0.46671195652173914 0.012228260869565218 0.008152173913043478
0 0.6875 0.4633152173913043 0.012228260869565218 0.008152173913043478
0 0.7105978260869565 0.45991847826086957 0.012228260869565218 0.008152173913043478
0 0.6963315217391305 0.4483695652173913 0.01154891304347826 0.007472826086956522
0 0.704483695652174 0.44972826086956524 0.012228260869565218 0.008152173913043478
0 0.7228260869565217 0.45516304347826086 0.012228260869565218 0.008152173913043478
0 0.7139945652173914 0.4327445652173913 0.010190217391304348 0.006793478260869565
0 0.686141304347826 0.44021739130434784 0.010869565217391304 0.007472826086956522
0 0.6868206521739131 0.43070652173913043 0.010190217391304348 0.006793478260869565
0 0.6949728260869565 0.4320652173913043 0.010190217391304348 0.006793478260869565
0 0.6922554347826086 0.42527173913043476 0.009510869565217392 0.006114130434782609
0 0.7010869565217391 0.4232336956521739 0.009510869565217392 0.006114130434782609
0 0.7425271739130435 0.43478260869565216 0.010190217391304348 0.007472826086956522
0 0.7411684782608695 0.44633152173913043 0.012228260869565218 0.007472826086956522
0 0.7459239130434783 0.4701086956521739 0.012228260869565218 0.008152173913043478
0 0.7323369565217391 0.4701086956521739 0.012907608695652174 0.008831521739130434
0 0.7262228260869565 0.4830163043478261 0.01358695652173913 0.009510869565217392
0 0.7296195652173914 0.4741847826086957 0.01358695652173913 0.008831521739130434
0 0.7119565217391305 0.4796195652173913 0.01358695652173913 0.009510869565217392
0 0.764266304347826 0.4891304347826087 0.01358695652173913 0.008831521739130434
0 0.7710597826086957 0.48165760869565216 0.01358695652173913 0.008831521739130434
0 0.7758152173913043 0.47690217391304346 0.012907608695652174 0.008831521739130434
0 0.7595108695652174 0.46875 0.012228260869565218 0.008831521739130434
0 0.78125 0.46671195652173914 0.012907608695652174 0.008152173913043478
0 0.798233695652174 0.47622282608695654 0.012907608695652174 0.008831521739130434
0 0.6216032608695652 0.4076086956521739 0.005434782608695652 0.0033967391304347825
0 0.6175271739130435 0.41032608695652173 0.006114130434782609 0.004076086956521739
0 0.6433423913043478 0.39741847826086957 0.012228260869565218 0.008152173913043478
0 0.6508152173913043 0.41440217391304346 0.008152173913043478 0.005434782608695652
0 0.6399456521739131 0.41915760869565216 0.008831521739130434 0.006114130434782609
0 0.6474184782608695 0.41779891304347827 0.008831521739130434 0.005434782608695652
0 0.6358695652173914 0.44157608695652173 0.010190217391304348 0.006793478260869565
0 0.6413043478260869 0.4266304347826087 0.009510869565217392 0.006114130434782609
0 0.6134510869565217 0.42866847826086957 0.008831521739130434 0.006114130434782609
0 0.6127717391304348 0.41779891304347827 0.007472826086956522 0.004755434782608696
0 0.5917119565217391 0.41847826086956524 0.007472826086956522 0.005434782608695652
0 0.5917119565217391 0.4157608695652174 0.007472826086956522 0.004755434782608696
0 0.59375 0.4232336956521739 0.008152173913043478 0.005434782608695652
0 0.5747282608695652 0.41779891304347827 0.008152173913043478 0.005434782608695652
0 0.5747282608695652 0.42459239130434784 0.009510869565217392 0.006114130434782609
0 0.5835597826086957 0.42595108695652173 0.009510869565217392 0.006114130434782609
0 0.5991847826086957 0.4327445652173913 0.009510869565217392 0.006114130434782609
0 0.592391304347826 0.438179347826087 0.010190217391304348 0.006793478260869565
0 0.6086956521739131 0.44429347826086957 0.010869565217391304 0.007472826086956522
0 0.5991847826086957 0.3967391304347826 0.010190217391304348 0.006793478260869565
0 0.5978260869565217 0.3811141304347826 0.008831521739130434 0.006114130434782609
0 0.608016304347826 0.391304347826087 0.010190217391304348 0.006793478260869565
0 0.6311141304347826 0.45652173913043476 0.01154891304347826 0.007472826086956522
0 0.6297554347826086 0.44904891304347827 0.010869565217391304 0.007472826086956522
0 0.5964673913043478 0.453804347826087 0.01154891304347826 0.007472826086956522
0 0.6297554347826086 0.47690217391304346 0.012907608695652174 0.008831521739130434
0 0.6440217391304348 0.4782608695652174 0.01358695652173913 0.008831521739130434
0 0.6399456521739131 0.4857336956521739 0.014266304347826086 0.009510869565217392
0 0.6277173913043478 0.4857336956521739 0.014266304347826086 0.009510869565217392
0 0.5862771739130435 0.483695652173913 0.014266304347826086 0.009510869565217392
0 0.6073369565217391 0.47146739130434784 0.012907608695652174 0.008831521739130434
0 0.5686141304347826 0.46875 0.012228260869565218 0.008152173913043478
0 0.5726902173913043 0.49660326086956524 0.014945652173913044 0.010190217391304348
0 0.6019021739130435 0.484375 0.014266304347826086 0.009510869565217392
0 0.5604619565217391 0.4483695652173913 0.010869565217391304 0.007472826086956522
0 0.5400815217391305 0.4232336956521739 0.008831521739130434 0.006114130434782609
0 0.545516304347826 0.4157608695652174 0.008831521739130434 0.005434782608695652
0 0.5523097826086957 0.4157608695652174 0.008831521739130434 0.006114130434782609
0 0.5536684782608695 0.4320652173913043 0.010190217391304348 0.006793478260869565
0 0.5658967391304348 0.4279891304347826 0.010190217391304348 0.006114130434782609
0 0.5774456521739131 0.4313858695652174 0.010190217391304348 0.006793478260869565
0 0.5108695652173914 0.41847826086956524 0.008831521739130434 0.006114130434782609
0 0.5176630434782609 0.42459239130434784 0.009510869565217392 0.006114130434782609
0 0.5271739130434783 0.43546195652173914 0.010190217391304348 0.006793478260869565
0 0.5183423913043478 0.43342391304347827 0.010190217391304348 0.006793478260869565
0 0.5074728260869565 0.4320652173913043 0.010190217391304348 0.006793478260869565
0 0.532608695652174 0.45516304347826086 0.01154891304347826 0.007472826086956522
0 0.5380434782608695 0.44497282608695654 0.010190217391304348 0.006793478260869565
0 0.5027173913043478 0.45516304347826086 0.01154891304347826 0.008152173913043478
0 0.5006793478260869 0.4796195652173913 0.012907608695652174 0.008831521739130434
0 0.5292119565217391 0.4782608695652174 0.012907608695652174 0.008831521739130434
0 0.5427989130434783 0.4830163043478261 0.01358695652173913 0.008831521739130434
0 0.5264945652173914 0.49184782608695654 0.014266304347826086 0.009510869565217392
0 0.45991847826086957 0.49592391304347827 0.01358695652173913 0.008831521739130434
0 0.48641304347826086 0.4436141304347826 0.010869565217391304 0.007472826086956522
0 0.49116847826086957 0.43546195652173914 0.010190217391304348 0.006793478260869565
0 0.48097826086956524 0.4375 0.010190217391304348 0.006793478260869565
0 0.4633152173913043 0.4273097826086957 0.009510869565217392 0.006114130434782609
0 0.46467391304347827 0.41983695652173914 0.008831521739130434 0.005434782608695652
0 0.47078804347826086 0.4313858695652174 0.009510869565217392 0.006114130434782609
0 0.4429347826086957 0.41915760869565216 0.008831521739130434 0.006114130434782609
0 0.44429347826086957 0.42866847826086957 0.010190217391304348 0.006793478260869565
0 0.43070652173913043 0.42459239130434784 0.010190217391304348 0.006793478260869565
0 0.40896739130434784 0.42866847826086957 0.008831521739130434 0.006114130434782609
0 0.42459239130434784 0.4375 0.010190217391304348 0.006793478260869565
0 0.4361413043478261 0.438179347826087 0.010190217391304348 0.006793478260869565
0 0.46059782608695654 0.4476902173913043 0.010869565217391304 0.007472826086956522
0 0.4327445652173913 0.44497282608695654 0.010869565217391304 0.007472826086956522
0 0.40353260869565216 0.4544836956521739 0.012228260869565218 0.008152173913043478
0 0.42527173913043476 0.453804347826087 0.01154891304347826 0.007472826086956522
0 0.421195652173913 0.4470108695652174 0.010869565217391304 0.007472826086956522
0 0.4157608695652174 0.44089673913043476 0.010869565217391304 0.007472826086956522
0 0.422554347826087 0.49660326086956524 0.014266304347826086 0.009510869565217392
0 0.4171195652173913 0.485054347826087 0.01358695652173913 0.008831521739130434
0 0.4123641304347826 0.4891304347826087 0.01358695652173913 0.009510869565217392
0 0.41372282608695654 0.4735054347826087 0.012228260869565218 0.008831521739130434
0 0.40217391304347827 0.47282608695652173 0.012907608695652174 0.008152173913043478
0 0.4626358695652174 0.4639945652173913 0.012228260869565218 0.008152173913043478
0 0.45516304347826086 0.4789402173913043 0.012228260869565218 0.008152173913043478
0 0.5135869565217391 0.5 0.014266304347826086 0.009510869565217392
0 0.5489130434782609 0.4782608695652174 0.01358695652173913 0.008831521739130434
0 0.5523097826086957 0.45584239130434784 0.01154891304347826 0.008152173913043478
0 0.22826086956521738 0.3851902173913043 0.0006793478260869565 0.0006793478260869565
0 0.1637228260869565 0.436820652173913 0.012907608695652174 0.008831521739130434
0 0.24932065217391305 0.44157608695652173 0.010869565217391304 0.007472826086956522
0 0.20991847826086957 0.4375 0.009510869565217392 0.006114130434782609
0 0.19904891304347827 0.44089673913043476 0.010869565217391304 0.007472826086956522
0 0.17730978260869565 0.44633152173913043 0.012907608695652174 0.008831521739130434
0 0.17866847826086957 0.453804347826087 0.01358695652173913 0.008831521739130434
0 0.20380434782608695 0.44972826086956524 0.012228260869565218 0.008152173913043478
0 0.16168478260869565 0.45991847826086957 0.01154891304347826 0.008152173913043478
0 0.17595108695652173 0.4701086956521739 0.012907608695652174 0.008831521739130434
0 0.16847826086956522 0.48233695652173914 0.014945652173913044 0.009510869565217392
0 0.1827445652173913 0.4735054347826087 0.014266304347826086 0.008831521739130434
0 0.22758152173913043 0.4626358695652174 0.012907608695652174 0.008152173913043478
0 0.24864130434782608 0.45991847826086957 0.012907608695652174 0.008831521739130434
0 0.24456521739130435 0.45720108695652173 0.012907608695652174 0.008831521739130434
0 0.21263586956521738 0.48029891304347827 0.014945652173913044 0.010190217391304348
0 0.22758152173913043 0.48777173913043476 0.016304347826086956 0.010190217391304348
0 0.21671195652173914 0.49116847826086957 0.016304347826086956 0.010869565217391304
0 0.20720108695652173 0.49116847826086957 0.016304347826086956 0.010869565217391304
0 0.2418478260869565 0.4945652173913043 0.016304347826086956 0.010869565217391304
0 0.23029891304347827 0.4986413043478261 0.016983695652173912 0.01154891304347826
0 0.26222826086956524 0.49728260869565216 0.016304347826086956 0.010869565217391304
0 0.20855978260869565 0.501358695652174 0.016304347826086956 0.010869565217391304
0 0.33016304347826086 0.5278532608695652 0.018342391304347828 0.012228260869565218
0 0.27717391304347827 0.49660326086956524 0.016304347826086956 0.010869565217391304
0 0.2860054347826087 0.44497282608695654 0.010190217391304348 0.007472826086956522
0 0.32540760869565216 0.4375 0.009510869565217392 0.006114130434782609
0 0.311820652173913 0.44497282608695654 0.010190217391304348 0.006793478260869565
0 0.2921195652173913 0.45516304347826086 0.01154891304347826 0.008152173913043478
0 0.29891304347826086 0.46603260869565216 0.012228260869565218 0.008152173913043478
0 0.3023097826086957 0.46127717391304346 0.012228260869565218 0.008152173913043478
0 0.327445652173913 0.4633152173913043 0.012228260869565218 0.008152173913043478
0 0.343070652173913 0.4891304347826087 0.014266304347826086 0.009510869565217392
0 0.34171195652173914 0.46671195652173914 0.012228260869565218 0.008152173913043478
0 0.3491847826086957 0.44089673913043476 0.009510869565217392 0.006793478260869565
0 0.3580163043478261 0.43546195652173914 0.010190217391304348 0.006793478260869565
0 0.37296195652173914 0.43953804347826086 0.009510869565217392 0.006114130434782609
0 0.36752717391304346 0.4626358695652174 0.012228260869565218 0.008152173913043478
0 0.3491847826086957 0.4585597826086957 0.01154891304347826 0.007472826086956522
0 0.3648097826086957 0.484375 0.01358695652173913 0.008831521739130434
0 0.3607336956521739 0.4952445652173913 0.014945652173913044 0.010190217391304348
0 0.3851902173913043 0.49660326086956524 0.014266304347826086 0.009510869565217392
0 0.38179347826086957 0.483695652173913 0.01358695652173913 0.008831521739130434
0 0.38247282608695654 0.4483695652173913 0.010869565217391304 0.006793478260869565
0 0.3953804347826087 0.4388586956521739 0.010190217391304348 0.006793478260869565
0 0.3967391304347826 0.42866847826086957 0.008831521739130434 0.006114130434782609
0 0.49116847826086957 0.5033967391304348 0.014266304347826086 0.009510869565217392
0 0.35190217391304346 0.5285326086956522 0.018342391304347828 0.012228260869565218
0 0.30842391304347827 0.5183423913043478 0.017663043478260868 0.01154891304347826
0 0.27853260869565216 0.5067934782608695 0.016304347826086956 0.010869565217391304
0 0.23709239130434784 0.5217391304347826 0.018342391304347828 0.012228260869565218
0 0.10733695652173914 0.4008152173913043 0.01154891304347826 0.007472826086956522
0 0.13111413043478262 0.46059782608695654 0.012228260869565218 0.008831521739130434
0 0.13519021739130435 0.45108695652173914 0.012228260869565218 0.008152173913043478
0 0.12364130434782608 0.44497282608695654 0.012228260869565218 0.008152173913043478
0 0.10258152173913043 0.46671195652173914 0.01358695652173913 0.008831521739130434
0 0.07880434782608696 0.4741847826086957 0.01358695652173913 0.009510869565217392
0 0.05570652173913043 0.4626358695652174 0.012907608695652174 0.008831521739130434
0 0.06725543478260869 0.4735054347826087 0.014266304347826086 0.009510869565217392
0 0.06657608695652174 0.4517663043478261 0.01154891304347826 0.008152173913043478
0 0.043478260869565216 0.46127717391304346 0.012907608695652174 0.008831521739130434
0 0.016304347826086956 0.4633152173913043 0.012907608695652174 0.008831521739130434
0 0.02309782608695652 0.46059782608695654 0.012907608695652174 0.008152173913043478
0 0.007472826086956522 0.4735054347826087 0.014266304347826086 0.009510869565217392
0 0.006114130434782609 0.4673913043478261 0.012228260869565218 0.008831521739130434
0 0.004076086956521739 0.4748641304347826 0.008152173913043478 0.009510869565217392
0 0.002717391304347826 0.4830163043478261 0.005434782608695652 0.009510869565217392
0 0.008831521739130434 0.48097826086956524 0.014945652173913044 0.010190217391304348
0 0.018342391304347828 0.48233695652173914 0.014945652173913044 0.010190217391304348
0 0.029211956521739132 0.47282608695652173 0.014266304347826086 0.009510869565217392
0 0.042798913043478264 0.4701086956521739 0.014266304347826086 0.008831521739130434
0 0.015625 0.4938858695652174 0.016304347826086956 0.010869565217391304
0 0.006114130434782609 0.49116847826086957 0.012228260869565218 0.010869565217391304
0 0.006114130434782609 0.5027173913043478 0.012228260869565218 0.010869565217391304
0 0.004755434782608696 0.5122282608695652 0.009510869565217392 0.01154891304347826
0 0.07201086956521739 0.5230978260869565 0.017663043478260868 0.01154891304347826
0 0.04619565217391304 0.5251358695652174 0.017663043478260868 0.01154891304347826
0 0.07336956521739131 0.49184782608695654 0.015625 0.010190217391304348
0 0.09035326086956522 0.49184782608695654 0.014945652173913044 0.010190217391304348
0 0.08288043478260869 0.48641304347826086 0.014266304347826086 0.010190217391304348
0 0.05366847826086957 0.49592391304347827 0.016304347826086956 0.010869565217391304
0 0.0033967391304347825 0.5292119565217391 0.006793478260869565 0.012228260869565218
0 0.025815217391304348 0.532608695652174 0.017663043478260868 0.012228260869565218
0 0.0033967391304347825 0.5441576086956522 0.006793478260869565 0.012907608695652174
0 0.05298913043478261 0.5475543478260869 0.019021739130434784 0.012907608695652174
0 0.09850543478260869 0.5305706521739131 0.017663043478260868 0.012228260869565218
0 0.08423913043478261 0.5448369565217391 0.019021739130434784 0.012228260869565218
0 0.11209239130434782 0.608016304347826 0.02377717391304348 0.015625
0 0.036005434782608696 0.6338315217391305 0.025815217391304348 0.017663043478260868
0 0.07336956521739131 0.623641304347826 0.025815217391304348 0.016983695652173912
0 0.10869565217391304 0.6148097826086957 0.02377717391304348 0.016304347826086956
0 0.2418478260869565 0.6508152173913043 0.026494565217391304 0.017663043478260868
0 0.19769021739130435 0.609375 0.02377717391304348 0.015625
0 0.18682065217391305 0.5733695652173914 0.021739130434782608 0.014266304347826086
0 0.20448369565217392 0.5271739130434783 0.018342391304347828 0.012228260869565218
0 0.23097826086956522 0.5421195652173914 0.019021739130434784 0.012907608695652174
0 0.24728260869565216 0.5258152173913043 0.018342391304347828 0.012228260869565218
0 0.266304347826087 0.5394021739130435 0.019021739130434784 0.012907608695652174
0 0.27445652173913043 0.5332880434782609 0.018342391304347828 0.012228260869565218
0 0.3023097826086957 0.5373641304347826 0.019021739130434784 0.012228260869565218
0 0.3389945652173913 0.5414402173913043 0.01970108695652174 0.01358695652173913
0 0.34782608695652173 0.529891304347826 0.018342391304347828 0.012228260869565218
0 0.2513586956521739 0.5652173913043478 0.021059782608695652 0.01358695652173913
0 0.24728260869565216 0.546875 0.01970108695652174 0.01358695652173913
0 0.26154891304347827 0.5652173913043478 0.021059782608695652 0.014266304347826086
0 0.2703804347826087 0.5625 0.01970108695652174 0.01358695652173913
0 0.2860054347826087 0.608016304347826 0.02377717391304348 0.016304347826086956
0 0.32133152173913043 0.6073369565217391 0.024456521739130436 0.016304347826086956
0 0.34035326086956524 0.5822010869565217 0.02377717391304348 0.015625
0 0.3342391304347826 0.6365489130434783 0.02717391304347826 0.017663043478260868
0 0.27921195652173914 0.6379076086956522 0.026494565217391304 0.017663043478260868
0 0.2758152173913043 0.6311141304347826 0.025815217391304348 0.016983695652173912
0 0.2296195652173913 0.6032608695652174 0.02309782608695652 0.015625
0 0.15081521739130435 0.6379076086956522 0.025815217391304348 0.016983695652173912
0 0.374320652173913 0.5957880434782609 0.024456521739130436 0.016304347826086956
0 0.36277173913043476 0.576766304347826 0.02309782608695652 0.015625
0 0.35597826086956524 0.5591032608695652 0.021739130434782608 0.014945652173913044
0 0.42459239130434784 0.5434782608695652 0.020380434782608696 0.01358695652173913
0 0.4279891304347826 0.5801630434782609 0.02377717391304348 0.015625
0 0.405570652173913 0.6535326086956522 0.029211956521739132 0.019021739130434784
0 0.421875 0.6460597826086957 0.027853260869565216 0.018342391304347828
0 0.5088315217391305 0.5801630434782609 0.022418478260869564 0.015625
0 0.5747282608695652 0.5964673913043478 0.022418478260869564 0.015625
0 0.5495923913043478 0.5747282608695652 0.021739130434782608 0.014266304347826086
0 0.5461956521739131 0.5543478260869565 0.01970108695652174 0.012907608695652174
0 0.2710597826086957 0.5720108695652174 0.021059782608695652 0.014266304347826086
0 0.2873641304347826 0.5441576086956522 0.01970108695652174 0.012907608695652174
0 0.30095108695652173 0.5523097826086957 0.01970108695652174 0.012907608695652174
0 0.296195652173913 0.5163043478260869 0.016983695652173912 0.01154891304347826
0 0.43410326086956524 0.6032608695652174 0.02377717391304348 0.016304347826086956
0 0.6311141304347826 0.5679347826086957 0.01970108695652174 0.01358695652173913
0 0.7072010869565217 0.548233695652174 0.018342391304347828 0.012228260869565218
0 0.6881793478260869 0.5509510869565217 0.018342391304347828 0.012228260869565218
0 0.7207880434782609 0.546875 0.017663043478260868 0.012228260869565218
0 0.6032608695652174 0.5760869565217391 0.021059782608695652 0.01358695652173913
0 0.6086956521739131 0.5618206521739131 0.01970108695652174 0.01358695652173913
0 0.7595108695652174 0.5849184782608695 0.025135869565217392 0.016983695652173912
0 0.7139945652173914 0.59375 0.025815217391304348 0.016983695652173912
0 0.6976902173913043 0.5978260869565217 0.025135869565217392 0.016983695652173912
0 0.7377717391304348 0.5903532608695652 0.025815217391304348 0.017663043478260868
0 0.7846467391304348 0.5557065217391305 0.021739130434782608 0.014266304347826086
0 0.8478260869565217 0.5604619565217391 0.021059782608695652 0.01358695652173913
0 0.845108695652174 0.5509510869565217 0.021059782608695652 0.014266304347826086
0 0.8349184782608695 0.5774456521739131 0.02377717391304348 0.015625
0 0.796875 0.5774456521739131 0.02377717391304348 0.016304347826086956
0 0.7907608695652174 0.5754076086956522 0.02377717391304348 0.015625
0 0.7934782608695652 0.5889945652173914 0.025135869565217392 0.016983695652173912
0 0.842391304347826 0.5998641304347826 0.02717391304347826 0.017663043478260868
0 0.7744565217391305 0.6134510869565217 0.028532608695652172 0.019021739130434784
0 0.8335597826086957 0.6311141304347826 0.030570652173913044 0.01970108695652174
0 0.9836956521739131 0.5400815217391305 0.018342391304347828 0.012228260869565218
0 0.9103260869565217 0.5523097826086957 0.018342391304347828 0.012228260869565218
0 0.876358695652174 0.5475543478260869 0.020380434782608696 0.01358695652173913
0 0.9945652173913043 0.6148097826086957 0.010869565217391304 0.015625
0 0.9911684782608695 0.6521739130434783 0.017663043478260868 0.019021739130434784
0 0.9979619565217391 0.5883152173913043 0.0033967391304347825 0.014945652173913044
0 0.9110054347826086 0.734375 0.033967391304347824 0.022418478260869564
0 0.938858695652174 0.7194293478260869 0.03260869565217391 0.021739130434782608
0 0.9932065217391305 0.7377717391304348 0.01358695652173913 0.02309782608695652
0 0.9354619565217391 0.7771739130434783 0.03940217391304348 0.026494565217391304
0 0.9864130434782609 0.6786684782608695 0.02717391304347826 0.019021739130434784
0 0.9972826086956522 0.6779891304347826 0.005434782608695652 0.019021739130434784
0 0.8247282608695652 0.7051630434782609 0.03192934782608696 0.021059782608695652
0 0.8512228260869565 0.7051630434782609 0.03192934782608696 0.021059782608695652
0 0.8947010869565217 0.6976902173913043 0.03192934782608696 0.021059782608695652
0 0.811141304347826 0.7445652173913043 0.03328804347826087 0.022418478260869564
0 0.46875 0.6766304347826086 0.030570652173913044 0.020380434782608696
0 0.4422554347826087 0.6582880434782609 0.029211956521739132 0.019021739130434784
0 0.5135869565217391 0.7432065217391305 0.035326086956521736 0.02377717391304348
0 0.5101902173913043 0.7309782608695652 0.035326086956521736 0.02377717391304348
0 0.609375 0.7771739130434783 0.035326086956521736 0.02309782608695652
0 0.5176630434782609 0.7792119565217391 0.03872282608695652 0.025815217391304348
0 0.8457880434782609 0.765625 0.03736413043478261 0.025135869565217392
0 0.4157608695652174 0.7275815217391305 0.03804347826086957 0.025135869565217392
0 0.42595108695652173 0.7316576086956522 0.035326086956521736 0.02377717391304348
0 0.42459239130434784 0.7574728260869565 0.03872282608695652 0.025815217391304348
0 0.18410326086956522 0.6610054347826086 0.029211956521739132 0.019021739130434784
0 0.15353260869565216 0.6834239130434783 0.030570652173913044 0.020380434782608696
0 0.21875 0.6745923913043478 0.029211956521739132 0.019021739130434784
0 0.2717391304347826 0.6895380434782609 0.029211956521739132 0.019021739130434784
0 0.3267663043478261 0.7024456521739131 0.03125 0.020380434782608696
0 0.391304347826087 0.6807065217391305 0.03125 0.021059782608695652
0 0.004755434782608696 0.6664402173913043 0.009510869565217392 0.019021739130434784
0 0.042119565217391304 0.7214673913043478 0.033967391304347824 0.022418478260869564
0 0.05502717391304348 0.7377717391304348 0.033967391304347824 0.02309782608695652
0 0.08763586956521739 0.7425271739130435 0.035326086956521736 0.02309782608695652
0 0.13383152173913043 0.6480978260869565 0.02717391304347826 0.018342391304347828
0 0.08831521739130435 0.7941576086956522 0.03872282608695652 0.025135869565217392
0 0.344429347826087 0.7533967391304348 0.036684782608695655 0.024456521739130436
0 0.343070652173913 0.7717391304347826 0.03872282608695652 0.025815217391304348
0 0.327445652173913 0.8586956521739131 0.04551630434782609 0.030570652173913044
0 0.25747282608695654 0.8023097826086957 0.04076086956521739 0.02717391304347826
0 0.27717391304347827 0.7921195652173914 0.04008152173913043 0.026494565217391304
0 0.21331521739130435 0.7860054347826086 0.04008152173913043 0.026494565217391304
0 0.19701086956521738 0.8722826086956522 0.04551630434782609 0.030570652173913044
0 0.37771739130434784 0.8131793478260869 0.042798913043478264 0.028532608695652172
0 0.44497282608695654 0.8240489130434783 0.042798913043478264 0.029211956521739132
0 0.5407608695652174 0.7989130434782609 0.036684782608695655 0.024456521739130436
0 0.3919836956521739 0.8532608695652174 0.04823369565217391 0.03192934782608696
0 0.5985054347826086 0.8817934782608695 0.04823369565217391 0.03260869565217391
0 0.7384510869565217 0.8315217391304348 0.042798913043478264 0.029211956521739132
0 0.6698369565217391 0.8315217391304348 0.042119565217391304 0.027853260869565216
0 0.8396739130434783 0.8430706521739131 0.04551630434782609 0.030570652173913044
0 0.8029891304347826 0.7907608695652174 0.03940217391304348 0.026494565217391304
0 0.7737771739130435 0.7778532608695652 0.03872282608695652 0.025815217391304348
0 0.8342391304347826 0.7744565217391305 0.03804347826086957 0.025135869565217392
0 0.4048913043478261 0.8145380434782609 0.042798913043478264 0.028532608695652172
0 0.41847826086956524 0.7975543478260869 0.04076086956521739 0.02717391304347826
0 0.5047554347826086 0.7676630434782609 0.036684782608695655 0.024456521739130436
0 0.9660326086956522 0.8199728260869565 0.04483695652173913 0.029891304347826088
0 0.9021739130434783 0.8023097826086957 0.042119565217391304 0.027853260869565216
0 0.998641304347826 0.9476902173913043 0.002717391304347826 0.03940217391304348
0 0.9884510869565217 0.9415760869565217 0.022418478260869564 0.03804347826086957
0 0.9001358695652174 0.9694293478260869 0.059782608695652176 0.04008152173913043
0 0.6514945652173914 0.8811141304347826 0.04823369565217391 0.03260869565217391
0 0.005434782608695652 0.8865489130434783 0.010190217391304348 0.02717391304347826
0 0.9171195652173914 0.3138586956521739 0.006793478260869565 0.004076086956521739
0 0.9211956521739131 0.3125 0.006793478260869565 0.004076086956521739
0 0.9150815217391305 0.3125 0.006793478260869565 0.004076086956521739
0 0.9069293478260869 0.30434782608695654 0.005434782608695652 0.004076086956521739
0 0.9069293478260869 0.3070652173913043 0.006114130434782609 0.004076086956521739
0 0.9415760869565217 0.32540760869565216 0.006793478260869565 0.004755434782608696
0 0.9551630434782609 0.33695652173913043 0.008152173913043478 0.005434782608695652