0 0.8980978260869565 0.46671195652173914 0.18478260869565216 0.16644021739130435
0 0.2866847826086957 0.5754076086956522 0.15828804347826086 0.16983695652173914
0 0.20176630434782608 0.3797554347826087 0.1480978260869565 0.11277173913043478
0 0.09442934782608696 0.3851902173913043 0.09035326086956522 0.08763586956521739
0 0.38179347826086957 0.3892663043478261 0.15692934782608695 0.13654891304347827
0 0.47146739130434784 0.3953804347826087 0.08355978260869565 0.09171195652173914
0 0.5631793478260869 0.4320652173913043 0.13994565217391305 0.12228260869565218
0 0.6684782608695652 0.27853260869565216 0.043478260869565216 0.04551630434782609
0 0.5747282608695652 0.31657608695652173 0.05434782608695652 0.05638586956521739
0 0.6114130434782609 0.250679347826087 0.046875 0.042119565217391304
0 0.017663043478260868 0.3423913043478261 0.034646739130434784 0.057065217391304345
0 0.12839673913043478 0.24864130434782608 0.03328804347826087 0.02717391304347826
0 0.18206521739130435 0.23980978260869565 0.036684782608695655 0.022418478260869564
0 0.2710597826086957 0.27377717391304346 0.059782608695652176 0.04076086956521739
0 0.24932065217391305 0.2452445652173913 0.04008152173913043 0.03125
0 0.09103260869565218 0.23165760869565216 0.027853260869565216 0.024456521739130436
0 0.12296195652173914 0.22418478260869565 0.024456521739130436 0.021059782608695652
0 0.14130434782608695 0.21739130434782608 0.022418478260869564 0.018342391304347828
0 0.019021739130434784 0.22282608695652173 0.017663043478260868 0.018342391304347828
0 0.03940217391304348 0.22758152173913043 0.017663043478260868 0.016983695652173912
0 0.06046195652173913 0.234375 0.015625 0.015625
0 0.06453804347826086 0.21942934782608695 0.016304347826086956 0.016983695652173912
0 0.2078804347826087 0.2235054347826087 0.022418478260869564 0.016983695652173912
0 0.23097826086956522 0.2105978260869565 0.022418478260869564 0.016983695652173912
0 0.30502717391304346 0.22078804347826086 0.030570652173913044 0.028532608695652172
0 0.281929347826087 0.23165760869565216 0.04008152173913043 0.029891304347826088
0 0.328125 0.23097826086956522 0.03125 0.029211956521739132
0 0.36209239130434784 0.2418478260869565 0.042798913043478264 0.033967391304347824
0 0.28396739130434784 0.20040760869565216 0.012907608695652174 0.012907608695652174
0 0.33695652173913043 0.203125 0.015625 0.015625
0 0.3858695652173913 0.21467391304347827 0.02309782608695652 0.025135869565217392
0 0.40828804347826086 0.21671195652173914 0.027853260869565216 0.026494565217391304
0 0.4429347826086957 0.22010869565217392 0.01970108695652174 0.01970108695652174
0 0.44157608695652173 0.20380434782608695 0.015625 0.01358695652173913
0 0.41779891304347827 0.1949728260869565 0.010190217391304348 0.010190217391304348
0 0.25679347826086957 0.21875 0.01970108695652174 0.018342391304347828
0 0.5489130434782609 0.22214673913043478 0.035326086956521736 0.028532608695652172
0 0.4578804347826087 0.2642663043478261 0.029211956521739132 0.026494565217391304
0 0.45720108695652173 0.20652173913043478 0.016304347826086956 0.015625
0 0.5360054347826086 0.19972826086956522 0.016304347826086956 0.015625
0 0.5129076086956522 0.1983695652173913 0.017663043478260868 0.016983695652173912
0 0.48709239130434784 0.1949728260869565 0.012228260869565218 0.012228260869565218
0 0.5740489130434783 0.20176630434782608 0.016304347826086956 0.016304347826086956
0 0.5665760869565217 0.18817934782608695 0.010190217391304348 0.010190217391304348
0 0.6066576086956522 0.19021739130434784 0.01358695652173913 0.01358695652173913
0 0.6691576086956522 0.20040760869565216 0.015625 0.016304347826086956
0 0.6474184782608695 0.20448369565217392 0.015625 0.016983695652173912
0 0.6338315217391305 0.18953804347826086 0.012228260869565218 0.012228260869565218
0 0.6902173913043478 0.18817934782608695 0.012228260869565218 0.012228260869565218
0 0.6868206521739131 0.22146739130434784 0.029211956521739132 0.02377717391304348
0 0.7255434782608695 0.18614130434782608 0.012907608695652174 0.012907608695652174
0 0.7248641304347826 0.23573369565217392 0.049592391304347824 0.03804347826086957
0 0.6283967391304348 0.22010869565217392 0.025815217391304348 0.021739130434782608
0 0.6338315217391305 0.2452445652173913 0.04008152173913043 0.03940217391304348
0 0.5407608695652174 0.25747282608695654 0.04008152173913043 0.029211956521739132
0 0.7724184782608695 0.19769021739130435 0.012228260869565218 0.018342391304347828
0 0.7629076086956522 0.18546195652173914 0.012228260869565218 0.012907608695652174
0 0.798233695652174 0.19361413043478262 0.016304347826086956 0.019021739130434784
0 0.8322010869565217 0.203125 0.019021739130434784 0.022418478260869564
0 0.8457880434782609 0.1956521739130435 0.01970108695652174 0.01970108695652174
0 0.8417119565217391 0.1800271739130435 0.008152173913043478 0.008152173913043478
0 0.8661684782608695 0.17798913043478262 0.012907608695652174 0.012228260869565218
0 0.8641304347826086 0.2296195652173913 0.027853260869565216 0.029891304347826088
0 0.8967391304347826 0.22010869565217392 0.04008152173913043 0.03736413043478261
0 0.9347826086956522 0.26222826086956524 0.03872282608695652 0.03940217391304348
0 0.9870923913043478 0.20855978260869565 0.025815217391304348 0.026494565217391304
0 0.9327445652173914 0.19769021739130435 0.016304347826086956 0.016983695652173912
0 0.9089673913043478 0.19701086956521738 0.012228260869565218 0.01358695652173913
0 0.8926630434782609 0.18546195652173914 0.01358695652173913 0.016304347826086956
0 0.9198369565217391 0.17595108695652173 0.010190217391304348 0.010869565217391304
0 0.9021739130434783 0.1800271739130435 0.012228260869565218 0.010869565217391304
0 0.9307065217391305 0.17527173913043478 0.015625 0.012907608695652174
0 0.9286684782608695 0.18546195652173914 0.012907608695652174 0.012228260869565218
0 0.875 0.18478260869565216 0.012228260869565218 0.012228260869565218
0 0.9476902173913043 0.18953804347826086 0.012907608695652174 0.01358695652173913
0 0.9728260869565217 0.18614130434782608 0.012907608695652174 0.01358695652173913
0 0.7839673913043478 0.28532608695652173 0.05298913043478261 0.042119565217391304
0 0.11073369565217392 0.28872282608695654 0.042798913043478264 0.034646739130434784
0 0.03125 0.24864130434782608 0.030570652173913044 0.024456521739130436
0 0.025815217391304348 0.21263586956521738 0.014945652173913044 0.01154891304347826
0 0.005434782608695652 0.21942934782608695 0.010869565217391304 0.014945652173913044
0 0.31046195652173914 0.19904891304347827 0.006114130434782609 0.005434782608695652
0 0.26290760869565216 0.20720108695652173 0.017663043478260868 0.01358695652173913
0 0.40217391304347827 0.19429347826086957 0.009510869565217392 0.006793478260869565
0 0.38858695652173914 0.19633152173913043 0.006793478260869565 0.006114130434782609
0 0.36141304347826086 0.203125 0.018342391304347828 0.014266304347826086
0 0.46535326086956524 0.19701086956521738 0.015625 0.012228260869565218
0 0.48165760869565216 0.2112771739130435 0.024456521739130436 0.019021739130434784
0 0.5 0.2262228260869565 0.027853260869565216 0.022418478260869564
0 0.5985054347826086 0.20923913043478262 0.02717391304347826 0.021739130434782608
0 0.5957880434782609 0.19769021739130435 0.018342391304347828 0.014266304347826086
0 0.5604619565217391 0.20040760869565216 0.021739130434782608 0.017663043478260868
0 0.686141304347826 0.19361413043478262 0.012907608695652174 0.010190217391304348
0 0.7078804347826086 0.20108695652173914 0.022418478260869564 0.018342391304347828
0 0.6542119565217391 0.19157608695652173 0.014945652173913044 0.010869565217391304
0 0.7207880434782609 0.422554347826087 0.14673913043478262 0.11820652173913043
0 0.7466032608695652 0.19701086956521738 0.01970108695652174 0.016304347826086956
0 0.8349184782608695 0.18206521739130435 0.012907608695652174 0.010869565217391304
0 0.8709239130434783 0.20244565217391305 0.025815217391304348 0.021739130434782608
0 0.7493206521739131 0.18138586956521738 0.012228260869565218 0.009510869565217392
0 0.7805706521739131 0.18138586956521738 0.012907608695652174 0.009510869565217392
0 0.8349184782608695 0.23369565217391305 0.03804347826086957 0.03125
0 0.6487771739130435 0.18614130434782608 0.009510869565217392 0.008152173913043478
0 0.5822010869565217 0.19293478260869565 0.014945652173913044 0.01154891304347826
0 0.9436141304347826 0.1793478260869565 0.01358695652173913 0.010190217391304348
0 0.9538043478260869 0.18138586956521738 0.01358695652173913 0.010869565217391304
0 0.9850543478260869 0.17730978260869565 0.006114130434782609 0.004755434782608696
0 0.9741847826086957 0.17459239130434784 0.006793478260869565 0.005434782608695652
0 0.9945652173913043 0.18410326086956522 0.010190217391304348 0.01154891304347826
0 0.998641304347826 0.17459239130434784 0.002717391304347826 0.012228260869565218
0 0.9538043478260869 0.17255434782608695 0.012228260869565218 0.010190217391304348
0 0.9456521739130435 0.17323369565217392 0.012907608695652174 0.010190217391304348
0 0.8206521739130435 0.19293478260869565 0.017663043478260868 0.014266304347826086
0 0.5251358695652174 0.22214673913043478 0.027853260869565216 0.022418478260869564