0 0.0020380434782608695 0.49252717391304346 0.004076086956521739 0.015625
0 0.041440217391304345 0.49320652173913043 0.01970108695652174 0.017663043478260868
0 0.14266304347826086 0.49592391304347827 0.021059782608695652 0.020380434782608696
0 0.7581521739130435 0.5788043478260869 0.03872282608695652 0.027853260869565216
0 0.49796195652173914 0.7119565217391305 0.057744565217391304 0.050271739130434784
0 0.265625 0.7139945652173914 0.06997282608695653 0.029211956521739132
0 0.07336956521739131 0.7105978260869565 0.06385869565217392 0.046875
0 0.09646739130434782 0.49660326086956524 0.021059782608695652 0.016983695652173912
0 0.0006793478260869565 0.563858695652174 0.001358695652173913 0.021739130434782608
0 0.004076086956521739 0.5835597826086957 0.007472826086956522 0.022418478260869564
0 0.036005434782608696 0.5380434782608695 0.026494565217391304 0.01970108695652174
0 0.03940217391304348 0.548233695652174 0.02717391304347826 0.020380434782608696
0 0.0625 0.5658967391304348 0.026494565217391304 0.021739130434782608
0 0.09918478260869565 0.5394021739130435 0.028532608695652172 0.021739130434782608
0 0.12024456521739131 0.5475543478260869 0.03125 0.02309782608695652
0 0.13858695652173914 0.5550271739130435 0.03260869565217391 0.024456521739130436
0 0.10122282608695653 0.5754076086956522 0.035326086956521736 0.026494565217391304
0 0.11752717391304347 0.6168478260869565 0.033967391304347824 0.026494565217391304
0 0.014945652173913044 0.6467391304347826 0.029891304347826088 0.033967391304347824
0 0.20176630434782608 0.6277173913043478 0.05366847826086957 0.044157608695652176
0 0.19972826086956522 0.5713315217391305 0.035326086956521736 0.026494565217391304
0 0.23505434782608695 0.595108695652174 0.03736413043478261 0.027853260869565216
0 0.296195652173913 0.5373641304347826 0.02717391304347826 0.020380434782608696
0 0.33084239130434784 0.5475543478260869 0.029891304347826088 0.022418478260869564
0 0.37160326086956524 0.5264945652173914 0.026494565217391304 0.01970108695652174
0 0.3919836956521739 0.5706521739130435 0.017663043478260868 0.019021739130434784
0 0.42527173913043476 0.5475543478260869 0.028532608695652172 0.020380434782608696
0 0.4639945652173913 0.5353260869565217 0.02717391304347826 0.021739130434782608
0 0.4789402173913043 0.5747282608695652 0.03736413043478261 0.027853260869565216
0 0.5264945652173914 0.5597826086956522 0.033967391304347824 0.025135869565217392
0 0.5509510869565217 0.5495923913043478 0.03125 0.02309782608695652
0 0.5645380434782609 0.5339673913043478 0.02717391304347826 0.020380434782608696
0 0.5835597826086957 0.5896739130434783 0.033967391304347824 0.03125
0 0.6195652173913043 0.5733695652173914 0.036005434782608696 0.027853260869565216
0 0.6487771739130435 0.5591032608695652 0.033967391304347824 0.025135869565217392
0 0.6895380434782609 0.5489130434782609 0.03125 0.02309782608695652
0 0.7649456521739131 0.5489130434782609 0.03260869565217391 0.02309782608695652
0 0.7764945652173914 0.6012228260869565 0.042798913043478264 0.03125
0 0.7615489130434783 0.6270380434782609 0.05638586956521739 0.042798913043478264
0 0.9150815217391305 0.5720108695652174 0.036005434782608696 0.02717391304347826
0 0.9748641304347826 0.5957880434782609 0.04008152173913043 0.03125