0 0.25679347826086957 0.782608695652174 0.01358695652173913 0.015625
0 0.20652173913043478 0.7377717391304348 0.014266304347826086 0.015625
0 0.26222826086956524 0.7384510869565217 0.016983695652173912 0.019021739130434784
0 0.3023097826086957 0.7058423913043478 0.016983695652173912 0.016304347826086956
0 0.42391304347826086 0.7479619565217391 0.019021739130434784 0.020380434782608696
0 0.5258152173913043 0.7927989130434783 0.012907608695652174 0.015625
0 0.002717391304347826 0.5461956521739131 0.005434782608695652 0.010190217391304348
0 0.1875 0.5278532608695652 0.007472826086956522 0.008152173913043478
0 0.10597826086956522 0.49796195652173914 0.007472826086956522 0.006793478260869565
0 0.06453804347826086 0.47690217391304346 0.005434782608695652 0.005434782608695652
0 0.14673913043478262 0.48709239130434784 0.006793478260869565 0.006793478260869565
0 0.12703804347826086 0.48165760869565216 0.008831521739130434 0.008152173913043478
0 0.028532608695652172 0.47758152173913043 0.007472826086956522 0.006793478260869565
0 0.021739130434782608 0.45991847826086957 0.005434782608695652 0.006114130434782609
0 0.012907608695652174 0.40896739130434784 0.004076086956521739 0.004076086956521739
0 0.06997282608695653 0.4205163043478261 0.004076086956521739 0.0033967391304347825
0 0.09714673913043478 0.453804347826087 0.005434782608695652 0.004755434782608696
0 0.08355978260869565 0.4735054347826087 0.006793478260869565 0.006793478260869565
0 0.42527173913043476 0.3070652173913043 0.008152173913043478 0.008831521739130434
0 0.37771739130434784 0.30978260869565216 0.009510869565217392 0.010190217391304348
0 0.3485054347826087 0.3023097826086957 0.008152173913043478 0.008831521739130434
0 0.327445652173913 0.30095108695652173 0.008152173913043478 0.008152173913043478
0 0.29347826086956524 0.31521739130434784 0.009510869565217392 0.008831521739130434
0 0.27445652173913043 0.29891304347826086 0.012228260869565218 0.012228260869565218
0 0.25271739130434784 0.30910326086956524 0.010869565217391304 0.01154891304347826
0 0.22078804347826086 0.30366847826086957 0.006114130434782609 0.006793478260869565
0 0.2078804347826087 0.30978260869565216 0.007472826086956522 0.007472826086956522
0 0.2139945652173913 0.31997282608695654 0.008831521739130434 0.008831521739130434
0 0.18342391304347827 0.3070652173913043 0.006793478260869565 0.007472826086956522
0 0.15625 0.3023097826086957 0.006793478260869565 0.006793478260869565
0 0.14741847826086957 0.2982336956521739 0.006114130434782609 0.006793478260869565
0 0.13519021739130435 0.30434782608695654 0.005434782608695652 0.006114130434782609
0 0.12296195652173914 0.30095108695652173 0.005434782608695652 0.004755434782608696
0 0.09714673913043478 0.7228260869565217 0.017663043478260868 0.012907608695652174
0 0.23641304347826086 0.7527173913043478 0.019021739130434784 0.014266304347826086
0 0.18206521739130435 0.7472826086956522 0.01970108695652174 0.014945652173913044
0 0.12567934782608695 0.5964673913043478 0.01358695652173913 0.010190217391304348
0 0.04891304347826087 0.5889945652173914 0.01358695652173913 0.010190217391304348
0 0.008831521739130434 0.5815217391304348 0.014266304347826086 0.010869565217391304
0 0.12907608695652173 0.5149456521739131 0.008831521739130434 0.006793478260869565
0 0.09918478260869565 0.48777173913043476 0.008152173913043478 0.006114130434782609
0 0.078125 0.48845108695652173 0.008152173913043478 0.006114130434782609
0 0.0033967391304347825 0.46059782608695654 0.006793478260869565 0.005434782608695652
0 0.03260869565217391 0.468070652173913 0.006793478260869565 0.005434782608695652
0 0.025135869565217392 0.46467391304347827 0.006793478260869565 0.005434782608695652
0 0.046875 0.483695652173913 0.008152173913043478 0.006114130434782609
0 0.016304347826086956 0.41304347826086957 0.004755434782608696 0.004076086956521739
0 0.03125 0.41983695652173914 0.005434782608695652 0.004076086956521739
0 0.043478260869565216 0.422554347826087 0.005434782608695652 0.004076086956521739
0 0.04755434782608696 0.39334239130434784 0.004755434782608696 0.0033967391304347825
0 0.030570652173913044 0.39402173913043476 0.004755434782608696 0.004076086956521739
0 0.034646739130434784 0.3851902173913043 0.004755434782608696 0.0033967391304347825
0 0.04619565217391304 0.3811141304347826 0.004755434782608696 0.0033967391304347825
0 0.035326086956521736 0.375 0.004755434782608696 0.0033967391304347825
0 0.017663043478260868 0.37771739130434784 0.004755434782608696 0.0033967391304347825
0 0.010190217391304348 0.37771739130434784 0.004755434782608696 0.004076086956521739
0 0.006114130434782609 0.3804347826086957 0.004755434782608696 0.004076086956521739
0 0.016983695652173912 0.36820652173913043 0.004755434782608696 0.004076086956521739
0 0.01970108695652174 0.3654891304347826 0.004755434782608696 0.0033967391304347825
0 0.014945652173913044 0.36616847826086957 0.004755434782608696 0.004076086956521739
0 0.010190217391304348 0.3688858695652174 0.004755434782608696 0.0033967391304347825
0 0.028532608695652172 0.36684782608695654 0.004076086956521739 0.0033967391304347825
0 0.04619565217391304 0.37296195652173914 0.004755434782608696 0.0033967391304347825
0 0.050951086956521736 0.37296195652173914 0.005434782608695652 0.004076086956521739
0 0.11752717391304347 0.45584239130434784 0.006793478260869565 0.004755434782608696
0 0.8043478260869565 0.3451086956521739 0.010190217391304348 0.008152173913043478
0 0.889266304347826 0.3233695652173913 0.010190217391304348 0.008152173913043478
0 0.7336956521739131 0.296195652173913 0.010869565217391304 0.008152173913043478
0 0.6351902173913043 0.28328804347826086 0.010869565217391304 0.008152173913043478
0 0.579483695652174 0.30027173913043476 0.010869565217391304 0.008152173913043478
0 0.5332880434782609 0.28125 0.010869565217391304 0.008152173913043478
0 0.516983695652174 0.29347826086956524 0.010869565217391304 0.008152173913043478
0 0.49660326086956524 0.3070652173913043 0.010869565217391304 0.008152173913043478
0 0.452445652173913 0.31453804347826086 0.010190217391304348 0.008152173913043478
0 0.4592391304347826 0.31046195652173914 0.010869565217391304 0.008152173913043478
0 0.41440217391304346 0.30978260869565216 0.010190217391304348 0.008152173913043478
0 0.4014945652173913 0.3138586956521739 0.010190217391304348 0.008152173913043478
0 0.3845108695652174 0.3383152173913043 0.010190217391304348 0.008152173913043478
0 0.36141304347826086 0.30434782608695654 0.010190217391304348 0.008152173913043478
0 0.35665760869565216 0.3023097826086957 0.010190217391304348 0.008152173913043478
0 0.31657608695652173 0.31521739130434784 0.010190217391304348 0.008152173913043478
0 0.1800271739130435 0.31997282608695654 0.010190217391304348 0.006793478260869565
0 0.18478260869565216 0.30095108695652173 0.006793478260869565 0.005434782608695652
0 0.15353260869565216 0.3077445652173913 0.008831521739130434 0.006114130434782609
0 0.13858695652173914 0.3029891304347826 0.006793478260869565 0.005434782608695652
0 0.13451086956521738 0.30027173913043476 0.006793478260869565 0.004755434782608696
0 0.11141304347826086 0.30366847826086957 0.007472826086956522 0.005434782608695652
0 0.09442934782608696 0.3029891304347826 0.007472826086956522 0.005434782608695652
0 0.08695652173913043 0.3023097826086957 0.006793478260869565 0.005434782608695652
0 0.08220108695652174 0.30095108695652173 0.006793478260869565 0.005434782608695652
0 0.07472826086956522 0.30027173913043476 0.008152173913043478 0.006114130434782609
0 0.06793478260869565 0.30434782608695654 0.007472826086956522 0.005434782608695652
0 0.0625 0.3063858695652174 0.007472826086956522 0.005434782608695652
0 0.06317934782608696 0.3029891304347826 0.007472826086956522 0.005434782608695652
0 0.051630434782608696 0.30366847826086957 0.006793478260869565 0.005434782608695652
0 0.04891304347826087 0.3029891304347826 0.007472826086956522 0.005434782608695652
0 0.04483695652173913 0.3029891304347826 0.006793478260869565 0.005434782608695652
0 0.043478260869565216 0.30434782608695654 0.006793478260869565 0.005434782608695652
0 0.042119565217391304 0.3029891304347826 0.007472826086956522 0.005434782608695652
0 0.035326086956521736 0.3023097826086957 0.006793478260869565 0.005434782608695652
0 0.059782608695652176 0.3023097826086957 0.007472826086956522 0.005434782608695652
0 0.08695652173913043 0.30434782608695654 0.007472826086956522 0.005434782608695652