0 0.7764945652173914 0.25747282608695654 0.010190217391304348 0.010190217391304348
0 0.798233695652174 0.265625 0.010190217391304348 0.010190217391304348
0 0.84375 0.25407608695652173 0.014945652173913044 0.012907608695652174
0 0.6908967391304348 0.25679347826086957 0.01358695652173913 0.012228260869565218
0 0.7228260869565217 0.2758152173913043 0.01358695652173913 0.012907608695652174
0 0.48029891304347827 0.24592391304347827 0.01358695652173913 0.014945652173913044
0 0.4701086956521739 0.25815217391304346 0.014945652173913044 0.014945652173913044
0 0.4945652173913043 0.26358695652173914 0.01154891304347826 0.01154891304347826
0 0.5047554347826086 0.2703804347826087 0.01154891304347826 0.012228260869565218
0 0.5855978260869565 0.25815217391304346 0.01358695652173913 0.012907608695652174
0 0.33695652173913043 0.2764945652173913 0.014945652173913044 0.014945652173913044
0 0.281929347826087 0.2717391304347826 0.01358695652173913 0.012907608695652174
0 0.2907608695652174 0.27309782608695654 0.01358695652173913 0.01154891304347826
0 0.265625 0.27377717391304346 0.01358695652173913 0.012228260869565218
0 0.16983695652173914 0.26222826086956524 0.010190217391304348 0.010190217391304348
0 0.08763586956521739 0.26970108695652173 0.01154891304347826 0.01154891304347826
0 0.035326086956521736 0.280570652173913 0.01358695652173913 0.012907608695652174
0 0.024456521739130436 0.28804347826086957 0.016304347826086956 0.016983695652173912
0 0.0006793478260869565 0.2873641304347826 0.001358695652173913 0.01154891304347826
0 0.010869565217391304 0.30502717391304346 0.016304347826086956 0.017663043478260868
0 0.004076086956521739 0.31657608695652173 0.008152173913043478 0.021739130434782608
0 0.025135869565217392 0.31657608695652173 0.01970108695652174 0.020380434782608696
0 0.06046195652173913 0.28872282608695654 0.016304347826086956 0.016983695652173912
0 0.06861413043478261 0.31521739130434784 0.022418478260869564 0.020380434782608696
0 0.06793478260869565 0.3328804347826087 0.022418478260869564 0.021739130434782608
0 0.022418478260869564 0.37228260869565216 0.022418478260869564 0.022418478260869564
0 0.11480978260869565 0.3233695652173913 0.01970108695652174 0.020380434782608696
0 0.10326086956521739 0.32133152173913043 0.019021739130434784 0.019021739130434784
0 0.09986413043478261 0.30366847826086957 0.016304347826086956 0.016983695652173912
0 0.11345108695652174 0.297554347826087 0.016304347826086956 0.016983695652173912
0 0.10733695652173914 0.28804347826086957 0.014945652173913044 0.012228260869565218
0 0.11820652173913043 0.27785326086956524 0.01358695652173913 0.012907608695652174
0 0.1487771739130435 0.28396739130434784 0.01358695652173913 0.012228260869565218
0 0.13858695652173914 0.2921195652173913 0.016304347826086956 0.014945652173913044
0 0.13858695652173914 0.27921195652173914 0.01358695652173913 0.012228260869565218
0 0.16644021739130435 0.27921195652173914 0.01358695652173913 0.01154891304347826
0 0.17527173913043478 0.2873641304347826 0.016304347826086956 0.014945652173913044
0 0.1487771739130435 0.30366847826086957 0.016304347826086956 0.014266304347826086
0 0.13790760869565216 0.3226902173913043 0.019021739130434784 0.017663043478260868
0 0.15828804347826086 0.31997282608695654 0.02377717391304348 0.020380434782608696
0 0.17866847826086957 0.311820652173913 0.01970108695652174 0.017663043478260868
0 0.203125 0.30978260869565216 0.016304347826086956 0.017663043478260868
0 0.22758152173913043 0.2982336956521739 0.019021739130434784 0.014945652173913044
0 0.23641304347826086 0.281929347826087 0.01358695652173913 0.012228260869565218
0 0.25271739130434784 0.28396739130434784 0.014945652173913044 0.014266304347826086
0 0.27853260869565216 0.2866847826086957 0.014945652173913044 0.014266304347826086
0 0.30570652173913043 0.296195652173913 0.016304347826086956 0.016983695652173912
0 0.2826086956521739 0.3111413043478261 0.022418478260869564 0.020380434782608696
0 0.26766304347826086 0.296875 0.019021739130434784 0.016983695652173912
0 0.25 0.3233695652173913 0.022418478260869564 0.021739130434782608
0 0.2418478260869565 0.313179347826087 0.01970108695652174 0.019021739130434784
0 0.1983695652173913 0.3294836956521739 0.022418478260869564 0.019021739130434784
0 0.15081521739130435 0.33695652173913043 0.02377717391304348 0.022418478260869564
0 0.07676630434782608 0.3763586956521739 0.025135869565217392 0.024456521739130436
0 0.20244565217391305 0.3688858695652174 0.025135869565217392 0.025135869565217392
0 0.2547554347826087 0.3546195652173913 0.02377717391304348 0.024456521739130436
0 0.27853260869565216 0.34171195652173914 0.022418478260869564 0.020380434782608696
0 0.31046195652173914 0.34578804347826086 0.027853260869565216 0.022418478260869564
0 0.30842391304347827 0.3580163043478261 0.025135869565217392 0.021739130434782608
0 0.27853260869565216 0.3763586956521739 0.029891304347826088 0.027853260869565216
0 0.3342391304347826 0.29347826086956524 0.014945652173913044 0.014266304347826086
0 0.34578804347826086 0.31997282608695654 0.01970108695652174 0.021739130434782608
0 0.3226902173913043 0.32472826086956524 0.02377717391304348 0.020380434782608696
0 0.3960597826086957 0.328125 0.01970108695652174 0.020380434782608696
0 0.47282608695652173 0.3016304347826087 0.019021739130434784 0.016983695652173912
0 0.5054347826086957 0.31521739130434784 0.019021739130434784 0.019021739130434784
0 0.4273097826086957 0.30978260869565216 0.014945652173913044 0.014945652173913044
0 0.422554347826087 0.3328804347826087 0.02377717391304348 0.021739130434782608
0 0.41304347826086957 0.36141304347826086 0.025135869565217392 0.024456521739130436
0 0.44497282608695654 0.3607336956521739 0.022418478260869564 0.020380434782608696
0 0.46195652173913043 0.35258152173913043 0.019021739130434784 0.020380434782608696
0 0.5292119565217391 0.3138586956521739 0.01970108695652174 0.019021739130434784
0 0.5095108695652174 0.33491847826086957 0.01970108695652174 0.017663043478260868
0 0.5176630434782609 0.360054347826087 0.029891304347826088 0.024456521739130436
0 0.5516304347826086 0.3376358695652174 0.022418478260869564 0.019021739130434784
0 0.5672554347826086 0.32133152173913043 0.01970108695652174 0.019021739130434784
0 0.5672554347826086 0.35529891304347827 0.025135869565217392 0.022418478260869564
0 0.5516304347826086 0.3858695652173913 0.028532608695652172 0.026494565217391304
0 0.44157608695652173 0.3811141304347826 0.027853260869565216 0.025135869565217392
0 0.6059782608695652 0.31453804347826086 0.022418478260869564 0.019021739130434784
0 0.623641304347826 0.30978260869565216 0.019021739130434784 0.017663043478260868
0 0.657608695652174 0.297554347826087 0.017663043478260868 0.014945652173913044
0 0.6623641304347826 0.27377717391304346 0.016304347826086956 0.014945652173913044
0 0.6786684782608695 0.30027173913043476 0.017663043478260868 0.014945652173913044
0 0.6440217391304348 0.32404891304347827 0.022418478260869564 0.017663043478260868
0 0.6426630434782609 0.34646739130434784 0.025135869565217392 0.024456521739130436
0 0.6229619565217391 0.35054347826086957 0.019021739130434784 0.019021739130434784
0 0.5889945652173914 0.3328804347826087 0.02377717391304348 0.020380434782608696
0 0.5876358695652174 0.31589673913043476 0.017663043478260868 0.014945652173913044
0 0.5991847826086957 0.3688858695652174 0.028532608695652172 0.026494565217391304
0 0.6759510869565217 0.33559782608695654 0.022418478260869564 0.019021739130434784
0 0.6854619565217391 0.35258152173913043 0.022418478260869564 0.019021739130434784
0 0.6922554347826086 0.32065217391304346 0.01970108695652174 0.017663043478260868
0 0.6990489130434783 0.3070652173913043 0.019021739130434784 0.016983695652173912
0 0.7241847826086957 0.29415760869565216 0.019021739130434784 0.019021739130434784
0 0.7391304347826086 0.31453804347826086 0.02377717391304348 0.020380434782608696
0 0.7336956521739131 0.33627717391304346 0.022418478260869564 0.019021739130434784
0 0.7418478260869565 0.35190217391304346 0.027853260869565216 0.024456521739130436
0 0.7676630434782609 0.33559782608695654 0.02377717391304348 0.021739130434782608
0 0.7683423913043478 0.2914402173913043 0.019021739130434784 0.017663043478260868
0 0.938858695652174 0.2873641304347826 0.01358695652173913 0.014945652173913044
0 0.845108695652174 0.31589673913043476 0.01970108695652174 0.019021739130434784
0 0.8029891304347826 0.30570652173913043 0.01358695652173913 0.012907608695652174
0 0.75 0.2860054347826087 0.016304347826086956 0.014945652173913044
0 0.8260869565217391 0.33220108695652173 0.02377717391304348 0.020380434782608696
0 0.8532608695652174 0.3376358695652174 0.019021739130434784 0.017663043478260868
0 0.8851902173913043 0.327445652173913 0.01970108695652174 0.019021739130434784
0 0.9164402173913043 0.327445652173913 0.01970108695652174 0.019021739130434784
0 0.9870923913043478 0.2764945652173913 0.01154891304347826 0.01154891304347826
0 0.9891304347826086 0.30502717391304346 0.016304347826086956 0.014945652173913044
0 0.8213315217391305 0.35597826086956524 0.02377717391304348 0.022418478260869564
0 0.7866847826086957 0.360054347826087 0.025135869565217392 0.026494565217391304
0 0.8546195652173914 0.38858695652173914 0.027853260869565216 0.03260869565217391
0 0.7275815217391305 0.37771739130434784 0.025135869565217392 0.026494565217391304
0 0.891983695652174 0.4429347826086957 0.03736413043478261 0.042119565217391304
0 0.9850543478260869 0.421875 0.026494565217391304 0.042119565217391304
0 0.9850543478260869 0.49184782608695654 0.029891304347826088 0.05434782608695652
0 0.8688858695652174 0.501358695652174 0.04008152173913043 0.044157608695652176
0 0.890625 0.515625 0.052309782608695655 0.050951086956521736
0 0.6847826086956522 0.3953804347826087 0.028532608695652172 0.026494565217391304
0 0.6582880434782609 0.4476902173913043 0.03736413043478261 0.03872282608695652
0 0.6433423913043478 0.39470108695652173 0.027853260869565216 0.025135869565217392
0 0.5597826086956522 0.4157608695652174 0.033967391304347824 0.035326086956521736
0 0.5394021739130435 0.44565217391304346 0.043478260869565216 0.042119565217391304
0 0.5822010869565217 0.5 0.04483695652173913 0.04755434782608696
0 0.641983695652174 0.48233695652173914 0.042798913043478264 0.04755434782608696
0 0.7894021739130435 0.436820652173913 0.03260869565217391 0.033967391304347824
0 0.2907608695652174 0.406929347826087 0.033967391304347824 0.03260869565217391
0 0.21331521739130435 0.42595108695652173 0.04008152173913043 0.03872282608695652
0 0.17595108695652173 0.44972826086956524 0.04008152173913043 0.044157608695652176
0 0.2955163043478261 0.499320652173913 0.03872282608695652 0.043478260869565216
0 0.281929347826087 0.4904891304347826 0.042798913043478264 0.043478260869565216
0 0.31521739130434784 0.453804347826087 0.03736413043478261 0.04008152173913043
0 0.29483695652173914 0.44497282608695654 0.033967391304347824 0.03940217391304348
0 0.31521739130434784 0.5054347826086957 0.043478260869565216 0.046875
0 0.5285326086956522 0.5883152173913043 0.042798913043478264 0.051630434782608696
0 0.5910326086956522 0.5883152173913043 0.04755434782608696 0.042119565217391304
0 0.44497282608695654 0.71875 0.07269021739130435 0.09646739130434782
0 0.766983695652174 0.7438858695652174 0.09510869565217392 0.10597826086956522
0 0.8097826086956522 0.5828804347826086 0.04891304347826087 0.05366847826086957
0 0.8131793478260869 0.5237771739130435 0.03872282608695652 0.044157608695652176
0 0.9809782608695652 0.5754076086956522 0.03736413043478261 0.049592391304347824
0 0.9782608695652174 0.6059782608695652 0.043478260869565216 0.07608695652173914
0 0.2608695652173913 0.6881793478260869 0.08763586956521739 0.09375
0 0.32133152173913043 0.5801630434782609 0.04891304347826087 0.058423913043478264
0 0.2866847826086957 0.5271739130434783 0.04483695652173913 0.050951086956521736
0 0.15557065217391305 0.5115489130434783 0.04483695652173913 0.05434782608695652
0 0.07948369565217392 0.46127717391304346 0.03736413043478261 0.046875
0 0.02377717391304348 0.43410326086956524 0.027853260869565216 0.03260869565217391
0 0.3892663043478261 0.37703804347826086 0.022418478260869564 0.025135869565217392
0 0.40421195652173914 0.38858695652173914 0.028532608695652172 0.029211956521739132
0 0.468070652173913 0.8722826086956522 0.07608695652173914 0.10122282608695653
0 0.33695652173913043 0.39334239130434784 0.035326086956521736 0.03192934782608696
0 0.8797554347826086 0.25 0.010190217391304348 0.008152173913043478
0 0.7296195652173914 0.23845108695652173 0.002717391304347826 0.0006793478260869565
0 0.7547554347826086 0.2391304347826087 0.007472826086956522 0.005434782608695652
0 0.7554347826086957 0.24796195652173914 0.01154891304347826 0.008152173913043478
0 0.7479619565217391 0.24592391304347827 0.01154891304347826 0.008152173913043478
0 0.7398097826086957 0.250679347826087 0.010190217391304348 0.007472826086956522
0 0.7126358695652174 0.24796195652173914 0.01154891304347826 0.008152173913043478
0 0.4857336956521739 0.26902173913043476 0.016304347826086956 0.012228260869565218
0 0.5822010869565217 0.26902173913043476 0.016304347826086956 0.01154891304347826
0 0.6229619565217391 0.25407608695652173 0.014945652173913044 0.010190217391304348
0 0.7432065217391305 0.23233695652173914 0.004755434782608696 0.004076086956521739
0 0.32540760869565216 0.25203804347826086 0.01154891304347826 0.008152173913043478
0 0.3172554347826087 0.24388586956521738 0.010190217391304348 0.007472826086956522
0 0.30570652173913043 0.24320652173913043 0.010190217391304348 0.007472826086956522
0 0.30842391304347827 0.25407608695652173 0.01154891304347826 0.009510869565217392
0 0.26222826086956524 0.24592391304347827 0.006114130434782609 0.005434782608695652
0 0.264945652173913 0.24932065217391305 0.002717391304347826 0.0020380434782608695
0 0.26766304347826086 0.2554347826086957 0.007472826086956522 0.005434782608695652
0 0.25815217391304346 0.2554347826086957 0.006114130434782609 0.004755434782608696
0 0.25 0.25203804347826086 0.004755434782608696 0.002717391304347826
0 0.24864130434782608 0.24728260869565216 0.001358695652173913 0.0006793478260869565
0 0.23845108695652173 0.24864130434782608 0.004076086956521739 0.004076086956521739
0 0.28940217391304346 0.25 0.007472826086956522 0.006793478260869565
0 0.28532608695652173 0.25203804347826086 0.008831521739130434 0.007472826086956522
0 0.2921195652173913 0.25679347826086957 0.010190217391304348 0.007472826086956522
0 0.30570652173913043 0.25883152173913043 0.012228260869565218 0.009510869565217392
0 0.3023097826086957 0.26290760869565216 0.01358695652173913 0.009510869565217392
0 0.3179347826086957 0.27377717391304346 0.014945652173913044 0.01154891304347826
0 0.3267663043478261 0.266304347826087 0.01358695652173913 0.010190217391304348
0 0.34578804347826086 0.25747282608695654 0.01154891304347826 0.008152173913043478
0 0.2921195652173913 0.26766304347826086 0.01358695652173913 0.009510869565217392
0 0.2798913043478261 0.265625 0.01154891304347826 0.009510869565217392
0 0.28804347826086957 0.26290760869565216 0.012228260869565218 0.008152173913043478
0 0.2561141304347826 0.264945652173913 0.01154891304347826 0.008152173913043478
0 0.24116847826086957 0.264945652173913 0.01154891304347826 0.008152173913043478
0 0.1949728260869565 0.26766304347826086 0.012228260869565218 0.009510869565217392
0 0.18342391304347827 0.2608695652173913 0.008831521739130434 0.006793478260869565
0 0.1480978260869565 0.2547554347826087 0.008831521739130434 0.006793478260869565
0 0.13926630434782608 0.26358695652173914 0.01154891304347826 0.008152173913043478
0 0.18885869565217392 0.2418478260869565 0.002717391304347826 0.0020380434782608695
0 0.16779891304347827 0.24592391304347827 0.002717391304347826 0.0020380434782608695
0 0.16236413043478262 0.24592391304347827 0.004755434782608696 0.002717391304347826
0 0.18614130434782608 0.24592391304347827 0.002717391304347826 0.0020380434782608695
0 0.17595108695652173 0.24592391304347827 0.002717391304347826 0.002717391304347826
0 0.23165760869565216 0.2554347826086957 0.007472826086956522 0.005434782608695652
0 0.23165760869565216 0.26290760869565216 0.010190217391304348 0.008152173913043478
0 0.12635869565217392 0.24456521739130435 0.006114130434782609 0.004755434782608696
0 0.12228260869565218 0.24864130434782608 0.007472826086956522 0.005434782608695652
0 0.11752717391304347 0.2561141304347826 0.010190217391304348 0.007472826086956522
0 0.14130434782608695 0.24592391304347827 0.007472826086956522 0.004755434782608696
0 0.15285326086956522 0.24728260869565216 0.004755434782608696 0.004076086956521739
0 0.16304347826086957 0.25203804347826086 0.008831521739130434 0.007472826086956522
0 0.17323369565217392 0.25203804347826086 0.007472826086956522 0.005434782608695652
0 0.19769021739130435 0.25339673913043476 0.007472826086956522 0.005434782608695652
0 0.09375 0.23505434782608695 0.007472826086956522 0.005434782608695652
0 0.06997282608695653 0.24456521739130435 0.002717391304347826 0.002717391304347826
0 0.10597826086956522 0.2547554347826087 0.008831521739130434 0.006793478260869565
0 0.09375 0.2547554347826087 0.010190217391304348 0.006793478260869565
0 0.08491847826086957 0.2554347826086957 0.010190217391304348 0.006793478260869565
0 0.10258152173913043 0.2642663043478261 0.012228260869565218 0.009510869565217392
0 0.09714673913043478 0.2595108695652174 0.01154891304347826 0.008152173913043478
0 0.07948369565217392 0.264945652173913 0.01154891304347826 0.008152173913043478
0 0.06046195652173913 0.24864130434782608 0.006114130434782609 0.004076086956521739
0 0.05366847826086957 0.2513586956521739 0.007472826086956522 0.005434782608695652
0 0.057744565217391304 0.2561141304347826 0.010190217391304348 0.006793478260869565
0 0.04483695652173913 0.2418478260869565 0.007472826086956522 0.005434782608695652
0 0.036005434782608696 0.2418478260869565 0.008831521739130434 0.006793478260869565
0 0.016983695652173912 0.24456521739130435 0.002717391304347826 0.0020380434782608695
0 0.033967391304347824 0.250679347826087 0.007472826086956522 0.004755434782608696
0 0.02717391304347826 0.2513586956521739 0.006114130434782609 0.005434782608695652
0 0.020380434782608696 0.25883152173913043 0.010190217391304348 0.007472826086956522
0 0.01970108695652174 0.26834239130434784 0.012228260869565218 0.009510869565217392
0 0.03260869565217391 0.27241847826086957 0.012228260869565218 0.010190217391304348
0 0.058423913043478264 0.26834239130434784 0.012228260869565218 0.009510869565217392
0 0.04755434782608696 0.265625 0.010190217391304348 0.007472826086956522
0 0.036005434782608696 0.25883152173913043 0.010190217391304348 0.007472826086956522
0 0.030570652173913044 0.2595108695652174 0.010190217391304348 0.008152173913043478
0 0.07269021739130435 0.25815217391304346 0.010190217391304348 0.007472826086956522
0 0.06861413043478261 0.26358695652173914 0.012228260869565218 0.009510869565217392
0 0.07336956521739131 0.2751358695652174 0.01358695652173913 0.010190217391304348
0 0.05366847826086957 0.2751358695652174 0.01358695652173913 0.010190217391304348
0 0.012228260869565218 0.24932065217391305 0.004755434782608696 0.004755434782608696
0 0.008831521739130434 0.24456521739130435 0.002717391304347826 0.0020380434782608695
0 0.0020380434782608695 0.27785326086956524 0.004076086956521739 0.01154891304347826
0 0.01970108695652174 0.27921195652173914 0.01358695652173913 0.01154891304347826
0 0.01154891304347826 0.2914402173913043 0.017663043478260868 0.012907608695652174
0 0.06521739130434782 0.3070652173913043 0.021059782608695652 0.015625
0 0.016983695652173912 0.34578804347826086 0.025135869565217392 0.017663043478260868
0 0.006793478260869565 0.3376358695652174 0.01358695652173913 0.019021739130434784
0 0.08627717391304347 0.29959239130434784 0.01970108695652174 0.014266304347826086
0 0.15489130434782608 0.27921195652173914 0.014945652173913044 0.01154891304347826
0 0.18138586956521738 0.27853260869565216 0.014945652173913044 0.01154891304347826
0 0.171875 0.29483695652173914 0.019021739130434784 0.012907608695652174
0 0.1297554347826087 0.30842391304347827 0.021059782608695652 0.015625
0 0.18953804347826086 0.29347826086956524 0.017663043478260868 0.012907608695652174
0 0.313179347826087 0.28328804347826086 0.016304347826086956 0.012907608695652174
0 0.234375 0.3342391304347826 0.025135869565217392 0.017663043478260868
0 0.21807065217391305 0.32404891304347827 0.02377717391304348 0.017663043478260868
0 0.23165760869565216 0.3491847826086957 0.027853260869565216 0.020380434782608696
0 0.15489130434782608 0.35258152173913043 0.026494565217391304 0.020380434782608696
0 0.10054347826086957 0.34578804347826086 0.026494565217391304 0.01970108695652174
0 0.09375 0.36141304347826086 0.027853260869565216 0.020380434782608696
0 0.1358695652173913 0.38722826086956524 0.036005434782608696 0.02717391304347826
0 0.19089673913043478 0.38722826086956524 0.036005434782608696 0.02717391304347826
0 0.296195652173913 0.37092391304347827 0.03125 0.02377717391304348
0 0.23845108695652173 0.38722826086956524 0.035326086956521736 0.026494565217391304
0 0.344429347826087 0.296195652173913 0.01970108695652174 0.014266304347826086
0 0.313179347826087 0.313179347826087 0.022418478260869564 0.016983695652173912
0 0.3172554347826087 0.3029891304347826 0.021059782608695652 0.014945652173913044
0 0.34578804347826086 0.31453804347826086 0.022418478260869564 0.016983695652173912
0 0.35190217391304346 0.34035326086956524 0.025135869565217392 0.019021739130434784
0 0.3702445652173913 0.359375 0.027853260869565216 0.020380434782608696
0 0.34103260869565216 0.36277173913043476 0.028532608695652172 0.022418478260869564
0 0.46603260869565216 0.29008152173913043 0.019021739130434784 0.014266304347826086
0 0.4857336956521739 0.296195652173913 0.019021739130434784 0.014266304347826086
0 0.48097826086956524 0.30570652173913043 0.019021739130434784 0.014945652173913044
0 0.49184782608695654 0.3179347826086957 0.022418478260869564 0.016983695652173912
0 0.4891304347826087 0.3335597826086957 0.02377717391304348 0.017663043478260868
0 0.4633152173913043 0.3233695652173913 0.022418478260869564 0.016983695652173912
0 0.42459239130434784 0.34782608695652173 0.025135869565217392 0.019021739130434784
0 0.5244565217391305 0.3029891304347826 0.01970108695652174 0.014945652173913044
0 0.5448369565217391 0.37703804347826086 0.03260869565217391 0.024456521739130436
0 0.5006793478260869 0.37907608695652173 0.029891304347826088 0.022418478260869564
0 0.48641304347826086 0.360054347826087 0.027853260869565216 0.020380434782608696
0 0.47282608695652173 0.34171195652173914 0.025135869565217392 0.017663043478260868
0 0.6358695652173914 0.30027173913043476 0.01970108695652174 0.014945652173913044
0 0.6739130434782609 0.2873641304347826 0.019021739130434784 0.012907608695652174
0 0.6569293478260869 0.31046195652173914 0.01970108695652174 0.014945652173913044
0 0.6019021739130435 0.35190217391304346 0.027853260869565216 0.020380434782608696
0 0.6032608695652174 0.33220108695652173 0.02377717391304348 0.017663043478260868
0 0.6759510869565217 0.37228260869565216 0.027853260869565216 0.021739130434782608
0 0.623641304347826 0.3702445652173913 0.028532608695652172 0.021739130434782608
0 0.7214673913043478 0.33695652173913043 0.025135869565217392 0.019021739130434784
0 0.6854619565217391 0.3648097826086957 0.028532608695652172 0.020380434782608696
0 0.9728260869565217 0.3077445652173913 0.01970108695652174 0.014945652173913044
0 0.8926630434782609 0.296875 0.019021739130434784 0.014266304347826086
0 0.9014945652173914 0.3016304347826087 0.01970108695652174 0.014945652173913044
0 0.8600543478260869 0.30842391304347827 0.01970108695652174 0.014945652173913044
0 0.796875 0.2982336956521739 0.01970108695652174 0.014945652173913044
0 0.7921195652173914 0.2764945652173913 0.017663043478260868 0.012907608695652174
0 0.779891304347826 0.2751358695652174 0.014945652173913044 0.012228260869565218
0 0.7683423913043478 0.2751358695652174 0.014945652173913044 0.01154891304347826
0 0.7527173913043478 0.27717391304347827 0.016304347826086956 0.012228260869565218
0 0.7561141304347826 0.29483695652173914 0.01970108695652174 0.014945652173913044
0 0.7527173913043478 0.30366847826086957 0.021059782608695652 0.014945652173913044
0 0.8043478260869565 0.2758152173913043 0.016304347826086956 0.01154891304347826
0 0.8559782608695652 0.3233695652173913 0.021059782608695652 0.015625
0 0.9008152173913043 0.3186141304347826 0.021059782608695652 0.015625
0 0.9408967391304348 0.33967391304347827 0.025135869565217392 0.019021739130434784
0 0.9341032608695652 0.32404891304347827 0.021059782608695652 0.015625
0 0.9395380434782609 0.3172554347826087 0.021059782608695652 0.014945652173913044
0 0.9898097826086957 0.26902173913043476 0.014945652173913044 0.01154891304347826
0 0.9755434782608695 0.280570652173913 0.016304347826086956 0.012907608695652174
0 0.9714673913043478 0.28396739130434784 0.017663043478260868 0.012907608695652174
0 0.9932065217391305 0.28804347826086957 0.01358695652173913 0.012907608695652174
0 0.9864130434782609 0.2907608695652174 0.017663043478260868 0.012907608695652174
0 0.9639945652173914 0.390625 0.036005434782608696 0.02717391304347826
0 0.9565217391304348 0.3641304347826087 0.029891304347826088 0.022418478260869564
0 0.8851902173913043 0.3641304347826087 0.028532608695652172 0.021739130434782608
0 0.8586956521739131 0.35529891304347827 0.027853260869565216 0.020380434782608696
0 0.7961956521739131 0.343070652173913 0.025135869565217392 0.019021739130434784
0 0.845108695652174 0.37296195652173914 0.029891304347826088 0.02377717391304348
0 0.8783967391304348 0.389945652173913 0.035326086956521736 0.02717391304347826
0 0.8070652173913043 0.4205163043478261 0.04008152173913043 0.029891304347826088
0 0.7737771739130435 0.40964673913043476 0.035326086956521736 0.026494565217391304
0 0.9565217391304348 0.43410326086956524 0.043478260869565216 0.03260869565217391
0 0.9891304347826086 0.4313858695652174 0.021059782608695652 0.03260869565217391
0 0.8756793478260869 0.4796195652173913 0.04891304347826087 0.035326086956521736
0 0.7411684782608695 0.48641304347826086 0.04755434782608696 0.036684782608695655
0 0.7819293478260869 0.46195652173913043 0.043478260869565216 0.03260869565217391
0 0.7160326086956522 0.44089673913043476 0.042798913043478264 0.03192934782608696
0 0.6929347826086957 0.4232336956521739 0.03872282608695652 0.029211956521739132
0 0.7316576086956522 0.3953804347826087 0.033967391304347824 0.025135869565217392
0 0.6929347826086957 0.40896739130434784 0.036005434782608696 0.026494565217391304
0 0.6447010869565217 0.43070652173913043 0.041440217391304345 0.03125
0 0.6447010869565217 0.41304347826086957 0.03736413043478261 0.02717391304347826
0 0.6229619565217391 0.39945652173913043 0.035326086956521736 0.025135869565217392
0 0.5842391304347826 0.4205163043478261 0.04008152173913043 0.029891304347826088
0 0.515625 0.42866847826086957 0.042798913043478264 0.03192934782608696
0 0.6025815217391305 0.47554347826086957 0.050271739130434784 0.03736413043478261
0 0.6453804347826086 0.4592391304347826 0.04619565217391304 0.034646739130434784
0 0.6644021739130435 0.5183423913043478 0.050271739130434784 0.036684782608695655
0 0.5237771739130435 0.5163043478260869 0.050271739130434784 0.03736413043478261
0 0.5577445652173914 0.48097826086956524 0.051630434782608696 0.03872282608695652
0 0.4673913043478261 0.4701086956521739 0.051630434782608696 0.03736413043478261
0 0.4429347826086957 0.4544836956521739 0.04619565217391304 0.034646739130434784
0 0.453804347826087 0.44157608695652173 0.04483695652173913 0.033967391304347824
0 0.43953804347826086 0.499320652173913 0.051630434782608696 0.03872282608695652
0 0.30842391304347827 0.389945652173913 0.035326086956521736 0.026494565217391304
0 0.20244565217391305 0.4205163043478261 0.041440217391304345 0.03125
0 0.20380434782608695 0.4830163043478261 0.050271739130434784 0.03736413043478261
0 0.5910326086956522 0.6052989130434783 0.05502717391304348 0.041440217391304345
0 0.5957880434782609 0.6433423913043478 0.08152173913043478 0.06114130434782609
0 0.4578804347826087 0.6175271739130435 0.06997282608695653 0.051630434782608696
0 0.39334239130434784 0.6460597826086957 0.08152173913043478 0.059782608695652176
0 0.795516304347826 0.6650815217391305 0.08899456521739131 0.06589673913043478
0 0.8702445652173914 0.7160326086956522 0.10122282608695653 0.07608695652173914
0 0.8974184782608695 0.6277173913043478 0.08152173913043478 0.06114130434782609
0 0.7547554347826086 0.5713315217391305 0.05502717391304348 0.041440217391304345
0 0.8845108695652174 0.5523097826086957 0.059103260869565216 0.044157608695652176
0 0.2914402173913043 0.7554347826086957 0.09510869565217392 0.07133152173913043
0 0.3532608695652174 0.5414402173913043 0.052309782608695655 0.04008152173913043
0 0.22214673913043478 0.5197010869565217 0.05366847826086957 0.04008152173913043
0 0.19157608695652173 0.5509510869565217 0.057744565217391304 0.043478260869565216
0 0.1297554347826087 0.5095108695652174 0.052309782608695655 0.03940217391304348
0 0.19429347826086957 0.5733695652173914 0.07133152173913043 0.05366847826086957
0 0.16847826086956522 0.6012228260869565 0.07880434782608696 0.059103260869565216
0 0.25203804347826086 0.6141304347826086 0.08288043478260869 0.06182065217391304
0 0.21671195652173914 0.6426630434782609 0.08491847826086957 0.06385869565217392
0 0.14673913043478262 0.65625 0.09035326086956522 0.06725543478260869
0 0.08084239130434782 0.5747282608695652 0.07608695652173914 0.057065217391304345
0 0.07540760869565218 0.6297554347826086 0.08491847826086957 0.06385869565217392
0 0.04076086956521739 0.5529891304347826 0.059103260869565216 0.044157608695652176
0 0.010190217391304348 0.48845108695652173 0.01970108695652174 0.036684782608695655
0 0.030570652173913044 0.46467391304347827 0.04483695652173913 0.033967391304347824
0 0.05570652173913043 0.4313858695652174 0.041440217391304345 0.03125
0 0.050271739130434784 0.40896739130434784 0.035326086956521736 0.026494565217391304
0 0.35733695652173914 0.37771739130434784 0.03125 0.02377717391304348
0 0.4123641304347826 0.43410326086956524 0.041440217391304345 0.03125
0 0.10054347826086957 0.4279891304347826 0.041440217391304345 0.03125
0 0.3845108695652174 0.4327445652173913 0.041440217391304345 0.03125
0 0.3580163043478261 0.42866847826086957 0.04008152173913043 0.029891304347826088
0 0.028532608695652172 0.6616847826086957 0.057065217391304345 0.07336956521739131
0 0.03736413043478261 0.7275815217391305 0.07472826086956522 0.07744565217391304
0 0.4008152173913043 0.7112771739130435 0.08763586956521739 0.06589673913043478
0 0.03804347826086957 0.8104619565217391 0.07608695652173914 0.07676630434782608
0 0.05502717391304348 0.938858695652174 0.11005434782608696 0.08899456521739131
0 0.2418478260869565 0.813858695652174 0.10258152173913043 0.07676630434782608
0 0.23641304347826086 0.9667119565217391 0.12907608695652173 0.06657608695652174
0 0.7771739130434783 0.9116847826086957 0.12160326086956522 0.09103260869565218
0 0.7167119565217391 0.8444293478260869 0.11141304347826086 0.08355978260869565
0 0.7078804347826086 0.7771739130434783 0.09986413043478261 0.07472826086956522
0 0.19361413043478262 0.3539402173913043 0.027853260869565216 0.020380434782608696
0 0.9884510869565217 0.5414402173913043 0.022418478260869564 0.044157608695652176
0 0.22078804347826086 0.7683423913043478 0.09918478260869565 0.07336956521739131
0 0.2608695652173913 0.43002717391304346 0.041440217391304345 0.03125