0 0.9796195652173914 0.40828804347826086 0.04076086956521739 0.24048913043478262
0 0.21603260869565216 0.31997282608695654 0.1331521739130435 0.12092391304347826
0 0.5427989130434783 0.35122282608695654 0.10461956521739131 0.09035326086956522
0 0.6365489130434783 0.358695652173913 0.08695652173913043 0.07540760869565218
0 0.38722826086956524 0.24592391304347827 0.016304347826086956 0.012228260869565218
0 0.453125 0.2703804347826087 0.03328804347826087 0.028532608695652172
0 0.49116847826086957 0.26766304347826086 0.03328804347826087 0.028532608695652172
0 0.343070652173913 0.234375 0.017663043478260868 0.012907608695652174
0 0.29483695652173914 0.22214673913043478 0.017663043478260868 0.01358695652173913
0 0.5889945652173914 0.30095108695652173 0.033967391304347824 0.028532608695652172
0 0.5122282608695652 0.29891304347826086 0.03804347826086957 0.03328804347826087
0 0.4592391304347826 0.21263586956521738 0.017663043478260868 0.01358695652173913
0 0.2452445652173913 0.24048913043478262 0.016304347826086956 0.012228260869565218
0 0.30978260869565216 0.5917119565217391 0.10190217391304347 0.09375
0 0.28940217391304346 0.3858695652173913 0.06046195652173913 0.044157608695652176
0 0.8811141304347826 0.31929347826086957 0.23709239130434784 0.16779891304347827
0 0.005434782608695652 0.46603260869565216 0.010869565217391304 0.04483695652173913
0 0.4517663043478261 0.24864130434782608 0.016304347826086956 0.012228260869565218
0 0.6188858695652174 0.28464673913043476 0.050951086956521736 0.03736413043478261
0 0.6942934782608695 0.30978260869565216 0.06453804347826086 0.04823369565217391
0 0.6542119565217391 0.26290760869565216 0.03328804347826087 0.024456521739130436
0 0.7092391304347826 0.2547554347826087 0.015625 0.01154891304347826
0 0.7527173913043478 0.24388586956521738 0.016304347826086956 0.012228260869565218
0 0.7948369565217391 0.24864130434782608 0.015625 0.012228260869565218
0 0.9524456521739131 0.25747282608695654 0.016304347826086956 0.012228260869565218
0 0.9442934782608695 0.22486413043478262 0.017663043478260868 0.016304347826086956
0 0.9748641304347826 0.22826086956521738 0.017663043478260868 0.012228260869565218
0 0.9836956521739131 0.25 0.016304347826086956 0.012228260869565218
0 0.9932065217391305 0.2669836956521739 0.01358695652173913 0.012228260869565218
0 0.5822010869565217 0.20244565217391305 0.014945652173913044 0.012907608695652174
0 0.5808423913043478 0.22146739130434784 0.017663043478260868 0.012907608695652174
0 0.5108695652173914 0.22146739130434784 0.017663043478260868 0.01358695652173913
0 0.4782608695652174 0.2112771739130435 0.018342391304347828 0.01358695652173913
0 0.3389945652173913 0.18478260869565216 0.017663043478260868 0.01970108695652174
0 0.21603260869565216 0.18817934782608695 0.020380434782608696 0.014945652173913044
0 0.18070652173913043 0.18817934782608695 0.01970108695652174 0.015625
0 0.26970108695652173 0.23505434782608695 0.016304347826086956 0.012907608695652174
0 0.2139945652173913 0.22486413043478262 0.017663043478260868 0.012907608695652174
0 0.20584239130434784 0.20448369565217392 0.01970108695652174 0.01358695652173913
0 0.13926630434782608 0.19021739130434784 0.01970108695652174 0.015625
0 0.08288043478260869 0.18817934782608695 0.01970108695652174 0.015625
0 0.04755434782608696 0.21671195652173914 0.018342391304347828 0.01358695652173913
0 0.042119565217391304 0.17595108695652173 0.021739130434782608 0.015625
0 0.030570652173913044 0.15081521739130435 0.022418478260869564 0.016304347826086956
0 0.009510869565217392 0.15625 0.019021739130434784 0.029891304347826088
0 0.008152173913043478 0.18070652173913043 0.015625 0.012228260869565218
0 0.8743206521739131 0.08016304347826086 0.025135869565217392 0.019021739130434784
0 0.9021739130434783 0.04823369565217391 0.026494565217391304 0.01970108695652174
0 0.8783967391304348 0.04619565217391304 0.026494565217391304 0.020380434782608696
0 0.9177989130434783 0.033967391304347824 0.02717391304347826 0.020380434782608696
0 0.9442934782608695 0.04076086956521739 0.02717391304347826 0.020380434782608696
0 0.9347826086956522 0.06114130434782609 0.026494565217391304 0.019021739130434784
0 0.9164402173913043 0.017663043478260868 0.028532608695652172 0.021059782608695652
0 0.889266304347826 0.026494565217391304 0.02717391304347826 0.020380434782608696
0 0.8566576086956522 0.036684782608695655 0.02717391304347826 0.020380434782608696
0 0.8620923913043478 0.012228260869565218 0.028532608695652172 0.021739130434782608
0 0.8464673913043478 0.01970108695652174 0.02717391304347826 0.021059782608695652
0 0.8389945652173914 0.006793478260869565 0.036005434782608696 0.01358695652173913
0 0.7873641304347826 0.016983695652173912 0.028532608695652172 0.021059782608695652
0 0.8009510869565217 0.006793478260869565 0.028532608695652172 0.012907608695652174
0 0.8131793478260869 0.008152173913043478 0.028532608695652172 0.016304347826086956
0 0.8165760869565217 0.036684782608695655 0.028532608695652172 0.020380434782608696
0 0.8009510869565217 0.036005434782608696 0.02717391304347826 0.020380434782608696
0 0.7717391304347826 0.08967391304347826 0.025135869565217392 0.018342391304347828
0 0.7907608695652174 0.078125 0.025135869565217392 0.019021739130434784
0 0.8131793478260869 0.07540760869565218 0.025135869565217392 0.01970108695652174
0 0.8131793478260869 0.09375 0.024456521739130436 0.019021739130434784
0 0.8328804347826086 0.07744565217391304 0.025135869565217392 0.01970108695652174
0 0.8464673913043478 0.10190217391304347 0.024456521739130436 0.018342391304347828
0 0.7717391304347826 0.04823369565217391 0.026494565217391304 0.01970108695652174
0 0.7479619565217391 0.06114130434782609 0.026494565217391304 0.019021739130434784
0 0.7139945652173914 0.04551630434782609 0.02717391304347826 0.01970108695652174
0 0.7214673913043478 0.029211956521739132 0.028532608695652172 0.021059782608695652
0 0.7289402173913043 0.008152173913043478 0.028532608695652172 0.016304347826086956
0 0.7581521739130435 0.014266304347826086 0.028532608695652172 0.021059782608695652
0 0.7038043478260869 0.006793478260869565 0.028532608695652172 0.012907608695652174
0 0.6854619565217391 0.036684782608695655 0.02717391304347826 0.020380434782608696
0 0.7092391304347826 0.08016304347826086 0.025135869565217392 0.019021739130434784
0 0.6834239130434783 0.08220108695652174 0.025135869565217392 0.019021739130434784
0 0.6032608695652174 0.0625 0.026494565217391304 0.01970108695652174
0 0.6365489130434783 0.06929347826086957 0.026494565217391304 0.019021739130434784
0 0.6283967391304348 0.04619565217391304 0.026494565217391304 0.020380434782608696
0 0.6209239130434783 0.029891304347826088 0.028532608695652172 0.020380434782608696
0 0.6447010869565217 0.022418478260869564 0.02717391304347826 0.020380434782608696
0 0.6188858695652174 0.015625 0.028532608695652172 0.021059782608695652
0 0.6066576086956522 0.006793478260869565 0.028532608695652172 0.012907608695652174
0 0.5679347826086957 0.009510869565217392 0.028532608695652172 0.019021739130434784
0 0.5808423913043478 0.03125 0.02717391304347826 0.021059782608695652
0 0.5842391304347826 0.04891304347826087 0.02717391304347826 0.020380434782608696
0 0.5713315217391305 0.05570652173913043 0.026494565217391304 0.01970108695652174
0 0.5258152173913043 0.057065217391304345 0.026494565217391304 0.01970108695652174
0 0.5237771739130435 0.04008152173913043 0.02717391304347826 0.020380434782608696
0 0.5353260869565217 0.029891304347826088 0.028532608695652172 0.021059782608695652
0 0.5380434782608695 0.012907608695652174 0.028532608695652172 0.021059782608695652
0 0.5176630434782609 0.01358695652173913 0.028532608695652172 0.021059782608695652
0 0.4986413043478261 0.030570652173913044 0.028532608695652172 0.020380434782608696
0 0.5074728260869565 0.015625 0.028532608695652172 0.021059782608695652
0 0.44089673913043476 0.057065217391304345 0.026494565217391304 0.01970108695652174
0 0.46059782608695654 0.05502717391304348 0.026494565217391304 0.01970108695652174
0 0.4830163043478261 0.05434782608695652 0.026494565217391304 0.01970108695652174
0 0.390625 0.04008152173913043 0.02717391304347826 0.020380434782608696
0 0.406929347826087 0.04076086956521739 0.02717391304347826 0.020380434782608696
0 0.344429347826087 0.044157608695652176 0.02717391304347826 0.01970108695652174
0 0.32404891304347827 0.03804347826086957 0.02717391304347826 0.020380434782608696
0 0.27717391304347827 0.029891304347826088 0.02717391304347826 0.020380434782608696
0 0.26222826086956524 0.007472826086956522 0.028532608695652172 0.014945652173913044
0 0.3029891304347826 0.01154891304347826 0.028532608695652172 0.021059782608695652
0 0.33152173913043476 0.016304347826086956 0.028532608695652172 0.021059782608695652
0 0.35529891304347827 0.006793478260869565 0.035326086956521736 0.01358695652173913
0 0.3845108695652174 0.006793478260869565 0.035326086956521736 0.01358695652173913
0 0.3804347826086957 0.02717391304347826 0.028532608695652172 0.020380434782608696
0 0.3654891304347826 0.029891304347826088 0.028532608695652172 0.020380434782608696
0 0.4313858695652174 0.02717391304347826 0.02717391304347826 0.020380434782608696
0 0.4470108695652174 0.014945652173913044 0.028532608695652172 0.021059782608695652
0 0.46195652173913043 0.018342391304347828 0.02717391304347826 0.020380434782608696
0 0.15421195652173914 0.04755434782608696 0.02717391304347826 0.01970108695652174
0 0.19021739130434784 0.014945652173913044 0.028532608695652172 0.021059782608695652