0 0.39877717391304346 0.2595108695652174 0.021739130434782608 0.018342391304347828
0 0.42866847826086957 0.250679347826087 0.018342391304347828 0.016983695652173912
0 0.4673913043478261 0.23097826086956522 0.021739130434782608 0.018342391304347828
0 0.5006793478260869 0.2139945652173913 0.01970108695652174 0.017663043478260868
0 0.5591032608695652 0.21263586956521738 0.01970108695652174 0.016983695652173912
0 0.4830163043478261 0.18953804347826086 0.01970108695652174 0.015625
0 0.499320652173913 0.17255434782608695 0.018342391304347828 0.016983695652173912
0 0.5516304347826086 0.17595108695652173 0.018342391304347828 0.014266304347826086
0 0.5883152173913043 0.19361413043478262 0.01970108695652174 0.017663043478260868
0 0.5516304347826086 0.12839673913043478 0.015625 0.015625
0 0.6834239130434783 0.004076086956521739 0.01358695652173913 0.008152173913043478
0 0.7567934782608695 0.006793478260869565 0.01154891304347826 0.012907608695652174
0 0.6460597826086957 0.02377717391304348 0.014945652173913044 0.015625
0 0.6222826086956522 0.04008152173913043 0.01154891304347826 0.012228260869565218
0 0.6161684782608695 0.046875 0.01154891304347826 0.01154891304347826
0 0.6086956521739131 0.06589673913043478 0.014945652173913044 0.014266304347826086
0 0.5740489130434783 0.09578804347826086 0.01358695652173913 0.01154891304347826
0 0.5828804347826086 0.109375 0.015625 0.014945652173913044
0 0.6290760869565217 0.19769021739130435 0.017663043478260868 0.014945652173913044
0 0.6453804347826086 0.22758152173913043 0.017663043478260868 0.014266304347826086
0 0.6610054347826086 0.22894021739130435 0.018342391304347828 0.016983695652173912
0 0.6644021739130435 0.20652173913043478 0.017663043478260868 0.016983695652173912
0 0.6596467391304348 0.15217391304347827 0.015625 0.014266304347826086
0 0.6474184782608695 0.14266304347826086 0.015625 0.014945652173913044
0 0.6385869565217391 0.13043478260869565 0.014945652173913044 0.014945652173913044
0 0.641983695652174 0.11480978260869565 0.017663043478260868 0.012228260869565218
0 0.6637228260869565 0.07065217391304347 0.014945652173913044 0.014266304347826086
0 0.6841032608695652 0.05434782608695652 0.012907608695652174 0.014266304347826086
0 0.7180706521739131 0.09442934782608696 0.014945652173913044 0.014945652173913044
0 0.6956521739130435 0.12567934782608695 0.017663043478260868 0.017663043478260868
0 0.7289402173913043 0.13858695652173914 0.014945652173913044 0.014945652173913044
0 0.7167119565217391 0.15081521739130435 0.015625 0.016983695652173912
0 0.7038043478260869 0.17255434782608695 0.015625 0.014266304347826086
0 0.7051630434782609 0.1956521739130435 0.017663043478260868 0.014266304347826086
0 0.6976902173913043 0.21195652173913043 0.017663043478260868 0.014266304347826086
0 0.6630434782608695 0.2561141304347826 0.01970108695652174 0.017663043478260868
0 0.6610054347826086 0.281929347826087 0.021739130434782608 0.017663043478260868
0 0.6324728260869565 0.26834239130434784 0.018342391304347828 0.017663043478260868
0 0.7241847826086957 0.2751358695652174 0.01970108695652174 0.017663043478260868
0 0.7554347826086957 0.2513586956521739 0.021739130434782608 0.017663043478260868
0 0.7520380434782609 0.23709239130434784 0.018342391304347828 0.015625
0 0.7622282608695652 0.2296195652173913 0.015625 0.014266304347826086
0 0.735733695652174 0.18953804347826086 0.015625 0.014945652173913044
0 0.766983695652174 0.17527173913043478 0.015625 0.015625
0 0.8029891304347826 0.17595108695652173 0.017663043478260868 0.014266304347826086
0 0.7737771739130435 0.20380434782608695 0.017663043478260868 0.015625
0 0.7710597826086957 0.14266304347826086 0.017663043478260868 0.014945652173913044
0 0.7520380434782609 0.12024456521739131 0.015625 0.016983695652173912
0 0.7758152173913043 0.11141304347826086 0.014945652173913044 0.014945652173913044
0 0.7608695652173914 0.08967391304347826 0.015625 0.014945652173913044
0 0.7581521739130435 0.07133152173913043 0.014945652173913044 0.012228260869565218
0 0.7819293478260869 0.05502717391304348 0.014945652173913044 0.014945652173913044
0 0.7866847826086957 0.042119565217391304 0.01154891304347826 0.01154891304347826
0 0.8233695652173914 0.049592391304347824 0.014945652173913044 0.014945652173913044
0 0.8342391304347826 0.03940217391304348 0.01358695652173913 0.01154891304347826
0 0.8491847826086957 0.09510869565217392 0.014945652173913044 0.014945652173913044
0 0.8226902173913043 0.15896739130434784 0.014945652173913044 0.014266304347826086
0 0.8247282608695652 0.20720108695652173 0.017663043478260868 0.017663043478260868
0 0.796875 0.22554347826086957 0.015625 0.015625
0 0.7914402173913043 0.24592391304347827 0.017663043478260868 0.014945652173913044
0 0.7989130434782609 0.25815217391304346 0.018342391304347828 0.014945652173913044
0 0.8322010869565217 0.2513586956521739 0.01970108695652174 0.017663043478260868
0 0.8403532608695652 0.23233695652173914 0.01358695652173913 0.015625
0 0.8505434782608695 0.20516304347826086 0.015625 0.015625
0 0.842391304347826 0.17798913043478262 0.015625 0.015625
0 0.8600543478260869 0.12296195652173914 0.014945652173913044 0.014945652173913044
0 0.8654891304347826 0.07201086956521739 0.014945652173913044 0.015625
0 0.8546195652173914 0.06317934782608696 0.01358695652173913 0.014266304347826086
0 0.8824728260869565 0.04891304347826087 0.01358695652173913 0.014266304347826086
0 0.9286684782608695 0.034646739130434784 0.01358695652173913 0.012228260869565218
0 0.951766304347826 0.016983695652173912 0.014945652173913044 0.014945652173913044
0 0.9605978260869565 0.004076086956521739 0.010869565217391304 0.007472826086956522
0 0.9144021739130435 0.049592391304347824 0.014945652173913044 0.014266304347826086
0 0.9069293478260869 0.13383152173913043 0.015625 0.015625
0 0.9157608695652174 0.1514945652173913 0.017663043478260868 0.014266304347826086
0 0.8933423913043478 0.18070652173913043 0.017663043478260868 0.012228260869565218
0 0.9069293478260869 0.1922554347826087 0.017663043478260868 0.014266304347826086
0 0.8933423913043478 0.20244565217391305 0.018342391304347828 0.016983695652173912
0 0.8566576086956522 0.26766304347826086 0.021739130434782608 0.021059782608695652
0 0.9551630434782609 0.1793478260869565 0.017663043478260868 0.016983695652173912
0 0.9375 0.16779891304347827 0.017663043478260868 0.016983695652173912
0 0.951766304347826 0.15489130434782608 0.015625 0.016983695652173912
0 0.9660326086956522 0.14334239130434784 0.015625 0.016983695652173912
0 0.9694293478260869 0.12567934782608695 0.017663043478260868 0.015625
0 0.967391304347826 0.10122282608695653 0.015625 0.014266304347826086
0 0.9436141304347826 0.10122282608695653 0.012907608695652174 0.014266304347826086
0 0.9456521739130435 0.06114130434782609 0.014945652173913044 0.015625
0 0.9307065217391305 0.06929347826086957 0.01154891304347826 0.014266304347826086
0 0.9667119565217391 0.04891304347826087 0.01358695652173913 0.014945652173913044
0 0.9816576086956522 0.06385869565217392 0.015625 0.014945652173913044
0 0.9938858695652174 0.043478260869565216 0.01154891304347826 0.014266304347826086
0 0.9959239130434783 0.022418478260869564 0.008152173913043478 0.014266304347826086
0 0.9884510869565217 0.09442934782608696 0.014945652173913044 0.014945652173913044
0 0.9932065217391305 0.109375 0.01358695652173913 0.014266304347826086
0 0.9918478260869565 0.15217391304347827 0.016304347826086956 0.017663043478260868
0 0.998641304347826 0.171875 0.002717391304347826 0.014945652173913044
0 0.9932065217391305 0.1922554347826087 0.01358695652173913 0.014945652173913044
0 0.9796195652173914 0.2105978260869565 0.015625 0.016983695652173912
0 0.96875 0.23980978260869565 0.017663043478260868 0.017663043478260868
0 0.967391304347826 0.2751358695652174 0.021739130434782608 0.020380434782608696
0 0.9952445652173914 0.3016304347826087 0.009510869565217392 0.018342391304347828
0 0.9157608695652174 0.30502717391304346 0.01970108695652174 0.014945652173913044
0 0.8824728260869565 0.3016304347826087 0.018342391304347828 0.014945652173913044
0 0.8478260869565217 0.296195652173913 0.01970108695652174 0.014945652173913044
0 0.5271739130434783 0.26154891304347827 0.014945652173913044 0.014266304347826086
0 0.5163043478260869 0.29483695652173914 0.021739130434782608 0.018342391304347828
0 0.45040760869565216 0.297554347826087 0.01970108695652174 0.017663043478260868
0 0.483695652173913 0.2860054347826087 0.018342391304347828 0.015625
0 0.4626358695652174 0.27241847826086957 0.01970108695652174 0.018342391304347828
0 0.9273097826086957 0.11480978260869565 0.01358695652173913 0.014266304347826086
0 0.9993206521739131 0.6800271739130435 0.0006793478260869565 0.02377717391304348
0 0.9959239130434783 0.7302989130434783 0.008152173913043478 0.021739130434782608
0 0.8926630434782609 0.7316576086956522 0.02717391304347826 0.02377717391304348
0 0.9585597826086957 0.7377717391304348 0.029211956521739132 0.030570652173913044
0 0.9619565217391305 0.7194293478260869 0.025135869565217392 0.020380434782608696
0 0.8247282608695652 0.748641304347826 0.02717391304347826 0.021739130434782608
0 0.8288043478260869 0.7948369565217391 0.026494565217391304 0.02377717391304348
0 0.7527173913043478 0.8131793478260869 0.02717391304347826 0.016983695652173912
0 0.7445652173913043 0.7574728260869565 0.02717391304347826 0.02377717391304348
0 0.6766304347826086 0.8036684782608695 0.026494565217391304 0.02309782608695652
0 0.6970108695652174 0.8328804347826086 0.03125 0.03260869565217391
0 0.5516304347826086 0.8546195652173914 0.029211956521739132 0.025135869565217392
0 0.5033967391304348 0.7092391304347826 0.02717391304347826 0.027853260869565216
0 0.53125 0.6942934782608695 0.026494565217391304 0.02377717391304348
0 0.578125 0.71875 0.030570652173913044 0.025135869565217392
0 0.6168478260869565 0.7092391304347826 0.030570652173913044 0.02377717391304348
0 0.6657608695652174 0.7004076086956522 0.02717391304347826 0.021739130434782608
0 0.7241847826086957 0.6942934782608695 0.030570652173913044 0.021739130434782608
0 0.7710597826086957 0.7085597826086957 0.030570652173913044 0.027853260869565216
0 0.7398097826086957 0.640625 0.029211956521739132 0.02717391304347826
0 0.7622282608695652 0.6209239130434783 0.02377717391304348 0.025135869565217392
0 0.6976902173913043 0.6229619565217391 0.02377717391304348 0.02377717391304348
0 0.6555706521739131 0.6182065217391305 0.025135869565217392 0.021739130434782608
0 0.5645380434782609 0.6379076086956522 0.026494565217391304 0.02377717391304348
0 0.48709239130434784 0.6494565217391305 0.025135869565217392 0.026494565217391304
0 0.5862771739130435 0.6895380434782609 0.02717391304347826 0.025135869565217392
0 0.5665760869565217 0.673233695652174 0.02717391304347826 0.029211956521739132
0 0.7710597826086957 0.6677989130434783 0.026494565217391304 0.021739130434782608
0 0.8260869565217391 0.7207880434782609 0.02717391304347826 0.026494565217391304
0 0.8716032608695652 0.6902173913043478 0.02717391304347826 0.02717391304347826
0 0.8913043478260869 0.6766304347826086 0.021739130434782608 0.021739130434782608
0 0.7133152173913043 0.6582880434782609 0.029211956521739132 0.020380434782608696
0 0.6711956521739131 0.654891304347826 0.030570652173913044 0.027853260869565216
0 0.6664402173913043 0.6739130434782609 0.026494565217391304 0.018342391304347828
0 0.20652173913043478 0.6270380434782609 0.029211956521739132 0.02377717391304348
0 0.25883152173913043 0.6188858695652174 0.030570652173913044 0.025135869565217392
0 0.19021739130434784 0.6610054347826086 0.025135869565217392 0.021739130434782608
0 0.25339673913043476 0.7139945652173914 0.029211956521739132 0.03192934782608696
0 0.2112771739130435 0.6834239130434783 0.026494565217391304 0.02377717391304348
0 0.2296195652173913 0.6508152173913043 0.022418478260869564 0.017663043478260868
0 0.3077445652173913 0.6345108695652174 0.02717391304347826 0.02377717391304348
0 0.33220108695652173 0.6569293478260869 0.029211956521739132 0.02717391304347826
0 0.35122282608695654 0.6793478260869565 0.030570652173913044 0.02717391304347826
0 0.36820652173913043 0.6514945652173914 0.030570652173913044 0.029211956521739132
0 0.3967391304347826 0.6209239130434783 0.030570652173913044 0.026494565217391304
0 0.4116847826086957 0.6603260869565217 0.02717391304347826 0.02717391304347826
0 0.35733695652173914 0.7058423913043478 0.030570652173913044 0.029211956521739132
0 0.3648097826086957 0.7296195652173914 0.02717391304347826 0.021739130434782608
0 0.042798913043478264 0.9211956521739131 0.03328804347826087 0.027853260869565216
0 0.15692934782608695 0.8851902173913043 0.04008152173913043 0.026494565217391304
0 0.23980978260869565 0.8247282608695652 0.026494565217391304 0.021739130434782608
0 0.6664402173913043 0.9741847826086957 0.022418478260869564 0.027853260869565216
0 0.436820652173913 0.24728260869565216 0.021739130434782608 0.016983695652173912
0 0.4592391304347826 0.22146739130434784 0.020380434782608696 0.016304347826086956
0 0.5061141304347826 0.24456521739130435 0.020380434782608696 0.016304347826086956
0 0.5332880434782609 0.2262228260869565 0.020380434782608696 0.016304347826086956
0 0.5183423913043478 0.15964673913043478 0.018342391304347828 0.014945652173913044
0 0.5258152173913043 0.16983695652173914 0.01970108695652174 0.014945652173913044
0 0.579483695652174 0.18953804347826086 0.018342391304347828 0.015625
0 0.5896739130434783 0.21807065217391305 0.01970108695652174 0.015625
0 0.595108695652174 0.23097826086956522 0.018342391304347828 0.015625
0 0.6195652173913043 0.2078804347826087 0.018342391304347828 0.014945652173913044
0 0.5394021739130435 0.1358695652173913 0.017663043478260868 0.012907608695652174
0 0.71875 0.001358695652173913 0.01358695652173913 0.002717391304347826
0 0.735733695652174 0.02377717391304348 0.014945652173913044 0.012228260869565218
0 0.6677989130434783 0.025135869565217392 0.014945652173913044 0.01154891304347826
0 0.5910326086956522 0.08831521739130435 0.014945652173913044 0.012228260869565218
0 0.5917119565217391 0.12771739130434784 0.015625 0.012907608695652174
0 0.5930706521739131 0.1358695652173913 0.016304347826086956 0.012907608695652174
0 0.5998641304347826 0.1800271739130435 0.017663043478260868 0.014945652173913044
0 0.6066576086956522 0.24864130434782608 0.020380434782608696 0.015625
0 0.6657608695652174 0.19293478260869565 0.017663043478260868 0.014266304347826086
0 0.6453804347826086 0.18070652173913043 0.018342391304347828 0.014266304347826086
0 0.671875 0.11820652173913043 0.016304347826086956 0.014266304347826086
0 0.6365489130434783 0.08831521739130435 0.015625 0.012228260869565218
0 0.6365489130434783 0.078125 0.015625 0.012228260869565218
0 0.673233695652174 0.08967391304347826 0.016304347826086956 0.012907608695652174
0 0.6895380434782609 0.033967391304347824 0.014945652173913044 0.01154891304347826
0 0.75 0.030570652173913044 0.01358695652173913 0.01154891304347826
0 0.7167119565217391 0.059782608695652176 0.015625 0.01154891304347826
0 0.7133152173913043 0.06793478260869565 0.015625 0.012228260869565218
0 0.7194293478260869 0.10665760869565218 0.017663043478260868 0.014266304347826086
0 0.6841032608695652 0.12160326086956522 0.016304347826086956 0.014266304347826086
0 0.6949728260869565 0.22078804347826086 0.018342391304347828 0.014945652173913044
0 0.6854619565217391 0.23980978260869565 0.01970108695652174 0.015625
0 0.6800271739130435 0.26222826086956524 0.020380434782608696 0.015625
0 0.734375 0.25679347826086957 0.01970108695652174 0.015625
0 0.7350543478260869 0.21603260869565216 0.017663043478260868 0.014945652173913044
0 0.7690217391304348 0.1671195652173913 0.017663043478260868 0.014266304347826086
0 0.7921195652173914 0.16983695652173914 0.016304347826086956 0.014266304347826086
0 0.7785326086956522 0.19021739130434784 0.018342391304347828 0.014945652173913044
0 0.7567934782608695 0.10665760869565218 0.016304347826086956 0.012907608695652174
0 0.78125 0.022418478260869564 0.01358695652173913 0.010869565217391304
0 0.8172554347826086 0.025135869565217392 0.01358695652173913 0.01154891304347826
0 0.8240489130434783 0.07948369565217392 0.015625 0.012228260869565218
0 0.8036684782608695 0.09307065217391304 0.016304347826086956 0.012907608695652174
0 0.8179347826086957 0.09442934782608696 0.016304347826086956 0.012907608695652174
0 0.8403532608695652 0.11820652173913043 0.016304347826086956 0.012907608695652174
0 0.8145380434782609 0.12296195652173914 0.016304347826086956 0.012907608695652174
0 0.8213315217391305 0.13858695652173914 0.016304347826086956 0.012907608695652174
0 0.8213315217391305 0.1922554347826087 0.017663043478260868 0.014266304347826086
0 0.8559782608695652 0.17119565217391305 0.016304347826086956 0.014266304347826086
0 0.875 0.03804347826086957 0.014945652173913044 0.01154891304347826
0 0.8858695652173914 0.007472826086956522 0.01358695652173913 0.010190217391304348
0 0.9082880434782609 0.01970108695652174 0.01358695652173913 0.01154891304347826
0 0.9191576086956522 0.010190217391304348 0.01358695652173913 0.010869565217391304
0 0.9286684782608695 0.04619565217391304 0.015625 0.012228260869565218
0 0.9463315217391305 0.006114130434782609 0.01358695652173913 0.010869565217391304
0 0.9816576086956522 0.01358695652173913 0.01358695652173913 0.010869565217391304
0 0.9802989130434783 0.0020380434782608695 0.012228260869565218 0.004076086956521739
0 0.8879076086956522 0.08220108695652174 0.015625 0.012228260869565218
0 0.9028532608695652 0.09578804347826086 0.015625 0.012228260869565218
0 0.8913043478260869 0.17255434782608695 0.017663043478260868 0.014945652173913044
0 0.873641304347826 0.2425271739130435 0.020380434782608696 0.016304347826086956
0 0.875 0.25883152173913043 0.01970108695652174 0.015625
0 0.9014945652173914 0.2703804347826087 0.01970108695652174 0.016304347826086956
0 0.9293478260869565 0.25679347826086957 0.01970108695652174 0.015625
0 0.9293478260869565 0.2269021739130435 0.020380434782608696 0.016304347826086956
0 0.936141304347826 0.20448369565217392 0.018342391304347828 0.014945652173913044
0 0.9259510869565217 0.09375 0.015625 0.012907608695652174
0 0.9639945652173914 0.07676630434782608 0.016304347826086956 0.012228260869565218
0 0.9639945652173914 0.03804347826086957 0.014945652173913044 0.012228260869565218
0 0.998641304347826 0.05638586956521739 0.002717391304347826 0.012228260869565218
0 0.9877717391304348 0.1358695652173913 0.018342391304347828 0.014266304347826086
0 0.9904891304347826 0.21942934782608695 0.018342391304347828 0.015625
0 0.9558423913043478 0.2296195652173913 0.01970108695652174 0.016304347826086956
0 0.9870923913043478 0.29008152173913043 0.021739130434782608 0.016983695652173912
0 0.9592391304347826 0.3016304347826087 0.020380434782608696 0.016304347826086956
0 0.9150815217391305 0.2703804347826087 0.01970108695652174 0.015625
0 0.7323369565217391 0.296875 0.022418478260869564 0.017663043478260868
0 0.7615489130434783 0.3023097826086957 0.020380434782608696 0.016304347826086956
0 0.8002717391304348 0.29279891304347827 0.021739130434782608 0.016304347826086956
0 0.8288043478260869 0.28396739130434784 0.01970108695652174 0.015625
0 0.6800271739130435 0.30366847826086957 0.022418478260869564 0.017663043478260868
0 0.6046195652173914 0.2982336956521739 0.021739130434782608 0.016304347826086956
0 0.5842391304347826 0.2914402173913043 0.020380434782608696 0.016304347826086956
0 0.5672554347826086 0.26358695652173914 0.01970108695652174 0.015625
0 0.515625 0.30570652173913043 0.020380434782608696 0.016304347826086956
0 0.5597826086956522 0.30502717391304346 0.021739130434782608 0.016983695652173912
0 0.3736413043478261 0.30366847826086957 0.021739130434782608 0.016304347826086956
0 0.3858695652173913 0.3023097826086957 0.020380434782608696 0.016304347826086956
0 0.39334239130434784 0.2860054347826087 0.020380434782608696 0.016983695652173912
0 0.468070652173913 0.297554347826087 0.020380434782608696 0.016304347826086956
0 0.47690217391304346 0.26222826086956524 0.020380434782608696 0.016304347826086956
0 0.9089673913043478 0.889266304347826 0.029211956521739132 0.02309782608695652
0 0.9653532608695652 0.7866847826086957 0.028532608695652172 0.02309782608695652
0 0.9082880434782609 0.7730978260869565 0.028532608695652172 0.022418478260869564
0 0.8783967391304348 0.7601902173913043 0.029211956521739132 0.02309782608695652
0 0.8546195652173914 0.813858695652174 0.025135869565217392 0.020380434782608696
0 0.7758152173913043 0.8546195652173914 0.029211956521739132 0.02309782608695652
0 0.764266304347826 0.7316576086956522 0.028532608695652172 0.022418478260869564
0 0.7078804347826086 0.7302989130434783 0.029211956521739132 0.02309782608695652
0 0.6345108695652174 0.7710597826086957 0.03125 0.025135869565217392
0 0.6297554347826086 0.845108695652174 0.029211956521739132 0.02309782608695652
0 0.4422554347826087 0.8858695652173914 0.028532608695652172 0.022418478260869564
0 0.4782608695652174 0.8233695652173914 0.029211956521739132 0.02309782608695652
0 0.5040760869565217 0.7398097826086957 0.030570652173913044 0.025135869565217392
0 0.5618206521739131 0.71875 0.030570652173913044 0.02377717391304348
0 0.657608695652174 0.71875 0.029211956521739132 0.02309782608695652
0 0.6012228260869565 0.6229619565217391 0.02717391304347826 0.022418478260869564
0 0.548233695652174 0.6216032608695652 0.026494565217391304 0.021739130434782608
0 0.5237771739130435 0.6474184782608695 0.029211956521739132 0.02309782608695652
0 0.4741847826086957 0.6786684782608695 0.03125 0.025135869565217392
0 0.485054347826087 0.6963315217391305 0.030570652173913044 0.02377717391304348
0 0.7934782608695652 0.6929347826086957 0.030570652173913044 0.02309782608695652
0 0.9191576086956522 0.7004076086956522 0.02717391304347826 0.021739130434782608
0 0.9313858695652174 0.6182065217391305 0.021739130434782608 0.016983695652173912
0 0.9225543478260869 0.6684782608695652 0.026494565217391304 0.020380434782608696
0 0.8186141304347826 0.6841032608695652 0.029211956521739132 0.022418478260869564
0 0.7445652173913043 0.6854619565217391 0.029211956521739132 0.02377717391304348
0 0.1671195652173913 0.6216032608695652 0.02717391304347826 0.021739130434782608
0 0.17527173913043478 0.6779891304347826 0.030570652173913044 0.02309782608695652
0 0.19429347826086957 0.7072010869565217 0.030570652173913044 0.02377717391304348
0 0.23573369565217392 0.7894021739130435 0.03125 0.025135869565217392
0 0.23573369565217392 0.7432065217391305 0.029211956521739132 0.02309782608695652
0 0.2798913043478261 0.7493206521739131 0.030570652173913044 0.02309782608695652
0 0.28872282608695654 0.7214673913043478 0.03192934782608696 0.025135869565217392
0 0.27309782608695654 0.6929347826086957 0.03125 0.025135869565217392
0 0.28328804347826086 0.6711956521739131 0.030570652173913044 0.02377717391304348
0 0.3648097826086957 0.6331521739130435 0.03125 0.025135869565217392
0 0.42866847826086957 0.6929347826086957 0.030570652173913044 0.025135869565217392
0 0.44157608695652173 0.639266304347826 0.03125 0.025135869565217392
0 0.43953804347826086 0.7248641304347826 0.030570652173913044 0.02377717391304348
0 0.3220108695652174 0.71875 0.03192934782608696 0.025135869565217392
0 0.33559782608695654 0.8376358695652174 0.03125 0.025135869565217392
0 0.30027173913043476 0.7778532608695652 0.028532608695652172 0.022418478260869564
0 0.3960597826086957 0.7717391304347826 0.030570652173913044 0.02377717391304348
0 0.468070652173913 0.8016304347826086 0.030570652173913044 0.02377717391304348