0 0.10054347826086957 0.4544836956521739 0.14130434782608695 0.11820652173913043
0 0.3335597826086957 0.42866847826086957 0.07404891304347826 0.059782608695652176
0 0.6820652173913043 0.3383152173913043 0.07065217391304347 0.06114130434782609
0 0.5910326086956522 0.7072010869565217 0.16644021739130435 0.1610054347826087
0 0.71875 0.8478260869565217 0.14673913043478262 0.20244565217391305
0 0.4986413043478261 0.6005434782608695 0.12296195652173914 0.11820652173913043
0 0.8926630434782609 0.3607336956521739 0.06861413043478261 0.06114130434782609
0 0.8172554347826086 0.33967391304347827 0.059782608695652176 0.05366847826086957
0 0.2703804347826087 0.37160326086956524 0.06182065217391304 0.05298913043478261
0 0.5774456521739131 0.36141304347826086 0.07065217391304347 0.05502717391304348
0 0.7235054347826086 0.4048913043478261 0.08491847826086957 0.07201086956521739
0 0.9510869565217391 0.405570652173913 0.07608695652173914 0.06793478260869565
0 0.5258152173913043 0.4483695652173913 0.07608695652173914 0.08627717391304347
0 0.5822010869565217 0.4436141304347826 0.07948369565217392 0.08288043478260869
0 0.21195652173913043 0.36141304347826086 0.04891304347826087 0.046875
0 0.40353260869565216 0.3695652173913043 0.050271739130434784 0.050271739130434784
0 0.9551630434782609 0.35122282608695654 0.058423913043478264 0.04619565217391304
0 0.41915760869565216 0.626358695652174 0.10394021739130435 0.11209239130434782
0 0.20108695652173914 0.4633152173913043 0.03940217391304348 0.041440217391304345
0 0.0033967391304347825 0.43546195652173914 0.006793478260869565 0.051630434782608696
0 0.13790760869565216 0.3736413043478261 0.04891304347826087 0.042798913043478264
0 0.35122282608695654 0.3695652173913043 0.05570652173913043 0.046875
0 0.9898097826086957 0.422554347826087 0.020380434782608696 0.04483695652173913
0 0.985733695652174 0.6759510869565217 0.028532608695652172 0.10801630434782608
0 0.4904891304347826 0.35597826086956524 0.06317934782608696 0.049592391304347824
0 0.4891304347826087 0.391304347826087 0.07269021739130435 0.057065217391304345
0 0.5346467391304348 0.3641304347826087 0.06725543478260869 0.05298913043478261
0 0.7622282608695652 0.3546195652173913 0.06929347826086957 0.05366847826086957
0 0.9089673913043478 0.6351902173913043 0.14130434782608695 0.11005434782608696
0 0.8077445652173914 0.5964673913043478 0.12567934782608695 0.09986413043478261
0 0.6283967391304348 0.5985054347826086 0.13926630434782608 0.10869565217391304
0 0.6902173913043478 0.6684782608695652 0.14673913043478262 0.11480978260869565