0 0.18546195652173914 0.7425271739130435 0.018342391304347828 0.017663043478260868
0 0.27921195652173914 0.7269021739130435 0.016983695652173912 0.012907608695652174
0 0.46195652173913043 0.71875 0.019021739130434784 0.018342391304347828
0 0.9884510869565217 0.6297554347826086 0.014945652173913044 0.014945652173913044
0 0.9558423913043478 0.6277173913043478 0.015625 0.016304347826086956
0 0.9422554347826086 0.6134510869565217 0.01358695652173913 0.014945652173913044
0 0.9728260869565217 0.6086956521739131 0.012228260869565218 0.012907608695652174
0 0.8811141304347826 0.6494565217391305 0.015625 0.016304347826086956
0 0.9191576086956522 0.6345108695652174 0.016983695652173912 0.016304347826086956
0 0.8947010869565217 0.6209239130434783 0.014945652173913044 0.015625
0 0.8879076086956522 0.6100543478260869 0.014945652173913044 0.01358695652173913
0 0.8464673913043478 0.6114130434782609 0.01358695652173913 0.014945652173913044
0 0.8539402173913043 0.6290760869565217 0.016983695652173912 0.015625
0 0.813858695652174 0.6324728260869565 0.014945652173913044 0.015625
0 0.8002717391304348 0.6216032608695652 0.01358695652173913 0.01358695652173913
0 0.766983695652174 0.6460597826086957 0.014945652173913044 0.012907608695652174
0 0.7527173913043478 0.6297554347826086 0.015625 0.015625
0 0.7072010869565217 0.640625 0.015625 0.016304347826086956
0 0.6915760869565217 0.625 0.01358695652173913 0.012907608695652174
0 0.7438858695652174 0.6175271739130435 0.014945652173913044 0.014945652173913044
0 0.7866847826086957 0.6100543478260869 0.01358695652173913 0.014945652173913044
0 0.8301630434782609 0.6025815217391305 0.01358695652173913 0.01358695652173913
0 0.9293478260869565 0.5998641304347826 0.01358695652173913 0.012907608695652174
0 0.6610054347826086 0.6440217391304348 0.015625 0.016304347826086956
0 0.6480978260869565 0.6311141304347826 0.015625 0.016304347826086956
0 0.5930706521739131 0.6440217391304348 0.015625 0.015625
0 0.545516304347826 0.6460597826086957 0.016983695652173912 0.017663043478260868
0 0.48641304347826086 0.6317934782608695 0.016983695652173912 0.016304347826086956
0 0.545516304347826 0.6277173913043478 0.014945652173913044 0.015625
0 0.5339673913043478 0.6209239130434783 0.01358695652173913 0.014945652173913044
0 0.49796195652173914 0.6100543478260869 0.01358695652173913 0.01358695652173913
0 0.4436141304347826 0.6311141304347826 0.014945652173913044 0.014945652173913044
0 0.44157608695652173 0.6182065217391305 0.014945652173913044 0.01358695652173913
0 0.4585597826086957 0.608016304347826 0.01358695652173913 0.012907608695652174
0 0.49592391304347827 0.5985054347826086 0.01154891304347826 0.012228260869565218
0 0.532608695652174 0.6046195652173914 0.012228260869565218 0.012907608695652174
0 0.5835597826086957 0.6127717391304348 0.012228260869565218 0.01358695652173913
0 0.6052989130434783 0.6195652173913043 0.015625 0.014945652173913044
0 0.6277173913043478 0.6066576086956522 0.012228260869565218 0.012907608695652174
0 0.6453804347826086 0.6100543478260869 0.01358695652173913 0.014945652173913044
0 0.6664402173913043 0.6012228260869565 0.012228260869565218 0.010869565217391304
0 0.6936141304347826 0.6039402173913043 0.014945652173913044 0.015625
0 0.7038043478260869 0.5964673913043478 0.01154891304347826 0.012228260869565218
0 0.734375 0.6005434782608695 0.014945652173913044 0.01358695652173913
0 0.7601902173913043 0.5964673913043478 0.012228260869565218 0.012907608695652174
0 0.3342391304347826 0.6460597826086957 0.014945652173913044 0.015625
0 0.33967391304347827 0.6413043478260869 0.014945652173913044 0.014945652173913044
0 0.391304347826087 0.6433423913043478 0.015625 0.014945652173913044
0 0.43342391304347827 0.6460597826086957 0.014945652173913044 0.015625
0 0.38383152173913043 0.626358695652174 0.015625 0.015625
0 0.36277173913043476 0.625 0.012228260869565218 0.014945652173913044
0 0.29008152173913043 0.6426630434782609 0.014945652173913044 0.012907608695652174
0 0.23777173913043478 0.6474184782608695 0.016983695652173912 0.014945652173913044
0 0.250679347826087 0.639266304347826 0.01358695652173913 0.014945652173913044
0 0.20991847826086957 0.6311141304347826 0.01358695652173913 0.012907608695652174
0 0.19361413043478262 0.6426630434782609 0.014945652173913044 0.015625
0 0.20516304347826086 0.6154891304347826 0.012228260869565218 0.010869565217391304
0 0.234375 0.6100543478260869 0.01358695652173913 0.012907608695652174
0 0.24728260869565216 0.6019021739130435 0.012228260869565218 0.012907608695652174
0 0.22758152173913043 0.5998641304347826 0.01154891304347826 0.012228260869565218
0 0.2798913043478261 0.5985054347826086 0.010190217391304348 0.012228260869565218
0 0.29008152173913043 0.6052989130434783 0.012228260869565218 0.012907608695652174
0 0.281929347826087 0.625 0.012228260869565218 0.012907608695652174
0 0.30027173913043476 0.6324728260869565 0.014945652173913044 0.015625
0 0.3342391304347826 0.6195652173913043 0.01358695652173913 0.012228260869565218
0 0.3811141304347826 0.6114130434782609 0.01358695652173913 0.012228260869565218
0 0.3376358695652174 0.5998641304347826 0.012228260869565218 0.012228260869565218
0 0.34782608695652173 0.5985054347826086 0.012228260869565218 0.010869565217391304
0 0.3763586956521739 0.5985054347826086 0.012228260869565218 0.012228260869565218
0 0.421875 0.608016304347826 0.012228260869565218 0.012907608695652174
0 0.1331521739130435 0.6460597826086957 0.015625 0.016304347826086956
0 0.15217391304347827 0.6351902173913043 0.012228260869565218 0.01358695652173913
0 0.17866847826086957 0.6188858695652174 0.012228260869565218 0.012907608695652174
0 0.17323369565217392 0.6039402173913043 0.010869565217391304 0.012228260869565218
0 0.16236413043478262 0.5971467391304348 0.010190217391304348 0.012228260869565218
0 0.12092391304347826 0.6114130434782609 0.01154891304347826 0.012228260869565218
0 0.13383152173913043 0.6216032608695652 0.012228260869565218 0.012907608695652174
0 0.11820652173913043 0.6283967391304348 0.01358695652173913 0.01358695652173913
0 0.10597826086956522 0.639266304347826 0.015625 0.015625
0 0.06589673913043478 0.6304347826086957 0.014945652173913044 0.01358695652173913
0 0.03804347826086957 0.6467391304347826 0.015625 0.015625
0 0.016304347826086956 0.6351902173913043 0.01358695652173913 0.01358695652173913
0 0.004076086956521739 0.6385869565217391 0.007472826086956522 0.012907608695652174
0 0.010190217391304348 0.6256793478260869 0.012228260869565218 0.012228260869565218
0 0.014266304347826086 0.6154891304347826 0.01154891304347826 0.010869565217391304
0 0.017663043478260868 0.6066576086956522 0.010190217391304348 0.010869565217391304
0 0.006793478260869565 0.6032608695652174 0.010869565217391304 0.012228260869565218
0 0.06725543478260869 0.610733695652174 0.012228260869565218 0.012228260869565218
0 0.041440217391304345 0.6100543478260869 0.012228260869565218 0.012228260869565218
0 0.09510869565217392 0.5991847826086957 0.010190217391304348 0.012228260869565218
0 0.07608695652173914 0.5957880434782609 0.010190217391304348 0.010869565217391304
0 0.11888586956521739 0.5957880434782609 0.01154891304347826 0.012228260869565218
0 0.002717391304347826 0.5822010869565217 0.005434782608695652 0.009510869565217392
0 0.01358695652173913 0.5760869565217391 0.01154891304347826 0.010869565217391304
0 0.007472826086956522 0.5692934782608695 0.010190217391304348 0.010190217391304348
0 0.06453804347826086 0.5319293478260869 0.006793478260869565 0.007472826086956522
0 0.09782608695652174 0.5264945652173914 0.006793478260869565 0.006114130434782609
0 0.14334239130434784 0.5332880434782609 0.006793478260869565 0.007472826086956522
0 0.2078804347826087 0.529891304347826 0.007472826086956522 0.008152173913043478
0 0.12364130434782608 0.5631793478260869 0.007472826086956522 0.008152173913043478
0 0.10801630434782608 0.5679347826086957 0.010190217391304348 0.010190217391304348
0 0.11073369565217392 0.5774456521739131 0.008831521739130434 0.010869565217391304
0 0.09171195652173914 0.5733695652173914 0.008831521739130434 0.008831521739130434
0 0.08967391304347826 0.5665760869565217 0.008831521739130434 0.008831521739130434
0 0.05570652173913043 0.5679347826086957 0.010190217391304348 0.008831521739130434
0 0.04823369565217391 0.5747282608695652 0.010190217391304348 0.010869565217391304
0 0.06182065217391304 0.578125 0.01154891304347826 0.010869565217391304
0 0.04008152173913043 0.595108695652174 0.010869565217391304 0.012228260869565218
0 0.1358695652173913 0.5720108695652174 0.010869565217391304 0.010869565217391304
0 0.15625 0.5692934782608695 0.010190217391304348 0.010190217391304348
0 0.16032608695652173 0.5625 0.008831521739130434 0.008152173913043478
0 0.15353260869565216 0.592391304347826 0.010190217391304348 0.010869565217391304
0 0.16236413043478262 0.5855978260869565 0.010869565217391304 0.010869565217391304
0 0.1793478260869565 0.5658967391304348 0.010190217391304348 0.010190217391304348
0 0.19157608695652173 0.5618206521739131 0.008831521739130434 0.008152173913043478
0 0.19972826086956522 0.5686141304347826 0.008831521739130434 0.008831521739130434
0 0.19361413043478262 0.5740489130434783 0.010190217391304348 0.010869565217391304
0 0.18138586956521738 0.592391304347826 0.010190217391304348 0.010190217391304348
0 0.10190217391304347 0.5910326086956522 0.010190217391304348 0.010190217391304348
0 0.2078804347826087 0.5849184782608695 0.010190217391304348 0.010869565217391304
0 0.2139945652173913 0.5645380434782609 0.010190217391304348 0.010190217391304348
0 0.22214673913043478 0.5563858695652174 0.008831521739130434 0.008831521739130434
0 0.24864130434782608 0.561141304347826 0.008831521739130434 0.008831521739130434
0 0.24388586956521738 0.5658967391304348 0.008831521739130434 0.008831521739130434
0 0.24116847826086957 0.5760869565217391 0.01154891304347826 0.012228260869565218
0 0.24932065217391305 0.5815217391304348 0.008831521739130434 0.010190217391304348
0 0.22894021739130435 0.5883152173913043 0.01154891304347826 0.012228260869565218
0 0.25339673913043476 0.5883152173913043 0.010190217391304348 0.010869565217391304
0 0.26970108695652173 0.5855978260869565 0.010190217391304348 0.008831521739130434
0 0.281929347826087 0.576766304347826 0.01154891304347826 0.012228260869565218
0 0.2982336956521739 0.576766304347826 0.008831521739130434 0.008831521739130434
0 0.30366847826086957 0.5828804347826086 0.010869565217391304 0.010869565217391304
0 0.27309782608695654 0.5618206521739131 0.010190217391304348 0.010190217391304348
0 0.2710597826086957 0.5550271739130435 0.010190217391304348 0.008831521739130434
0 0.26222826086956524 0.5502717391304348 0.007472826086956522 0.008152173913043478
0 0.27717391304347827 0.5305706521739131 0.007472826086956522 0.007472826086956522
0 0.28464673913043476 0.5502717391304348 0.007472826086956522 0.008152173913043478
0 0.296875 0.5516304347826086 0.007472826086956522 0.008831521739130434
0 0.2873641304347826 0.5577445652173914 0.008831521739130434 0.008831521739130434
0 0.31521739130434784 0.5475543478260869 0.007472826086956522 0.007472826086956522
0 0.313179347826087 0.5543478260869565 0.010190217391304348 0.010190217391304348
0 0.328125 0.5625 0.010190217391304348 0.010869565217391304
0 0.33084239130434784 0.5495923913043478 0.008831521739130434 0.008831521739130434
0 0.32540760869565216 0.5427989130434783 0.007472826086956522 0.007472826086956522
0 0.35190217391304346 0.546875 0.007472826086956522 0.008831521739130434
0 0.36209239130434784 0.5495923913043478 0.010190217391304348 0.008831521739130434
0 0.36820652173913043 0.545516304347826 0.007472826086956522 0.007472826086956522
0 0.37228260869565216 0.5523097826086957 0.008831521739130434 0.010190217391304348
0 0.3539402173913043 0.5631793478260869 0.010190217391304348 0.010190217391304348
0 0.3423913043478261 0.5713315217391305 0.008831521739130434 0.008831521739130434
0 0.32065217391304346 0.5788043478260869 0.010190217391304348 0.010869565217391304
0 0.34171195652173914 0.5788043478260869 0.010190217391304348 0.010190217391304348
0 0.36752717391304346 0.5889945652173914 0.010869565217391304 0.010869565217391304
0 0.3580163043478261 0.5774456521739131 0.010190217391304348 0.010190217391304348
0 0.375 0.5679347826086957 0.008831521739130434 0.008831521739130434
0 0.38654891304347827 0.5625 0.010190217391304348 0.010190217391304348
0 0.4001358695652174 0.5529891304347826 0.010190217391304348 0.010190217391304348
0 0.4157608695652174 0.5550271739130435 0.010190217391304348 0.010190217391304348
0 0.42391304347826086 0.5489130434782609 0.007472826086956522 0.008152173913043478
0 0.4422554347826087 0.5550271739130435 0.008831521739130434 0.010190217391304348
0 0.4517663043478261 0.5489130434782609 0.008831521739130434 0.008831521739130434
0 0.4361413043478261 0.5625 0.008831521739130434 0.010190217391304348
0 0.41915760869565216 0.5713315217391305 0.010190217391304348 0.010869565217391304
0 0.40353260869565216 0.5720108695652174 0.010190217391304348 0.010190217391304348
0 0.40421195652173914 0.5645380434782609 0.008831521739130434 0.010190217391304348
0 0.38383152173913043 0.576766304347826 0.010190217391304348 0.010190217391304348
0 0.405570652173913 0.5910326086956522 0.01154891304347826 0.010869565217391304
0 0.4110054347826087 0.5822010869565217 0.010190217391304348 0.010190217391304348
0 0.436820652173913 0.5842391304347826 0.012228260869565218 0.012907608695652174
0 0.4578804347826087 0.5828804347826086 0.010190217391304348 0.010869565217391304
0 0.4585597826086957 0.561141304347826 0.008831521739130434 0.010190217391304348
0 0.4945652173913043 0.5550271739130435 0.01154891304347826 0.010869565217391304
0 0.5047554347826086 0.546875 0.008831521739130434 0.008831521739130434
0 0.5210597826086957 0.5461956521739131 0.008831521739130434 0.008831521739130434
0 0.5224184782608695 0.5536684782608695 0.010190217391304348 0.010190217391304348
0 0.5305706521739131 0.5421195652173914 0.008831521739130434 0.008831521739130434
0 0.5523097826086957 0.5502717391304348 0.010190217391304348 0.010869565217391304
0 0.5577445652173914 0.546875 0.007472826086956522 0.008831521739130434
0 0.5332880434782609 0.5645380434782609 0.01154891304347826 0.012228260869565218
0 0.5224184782608695 0.578125 0.010190217391304348 0.010869565217391304
0 0.5061141304347826 0.579483695652174 0.01154891304347826 0.012228260869565218
0 0.4952445652173913 0.576766304347826 0.010190217391304348 0.010869565217391304
0 0.5061141304347826 0.5889945652173914 0.01154891304347826 0.012228260869565218
0 0.5407608695652174 0.5855978260869565 0.012228260869565218 0.012228260869565218
0 0.48029891304347827 0.5828804347826086 0.012228260869565218 0.01358695652173913
0 0.5815217391304348 0.5509510869565217 0.010190217391304348 0.010190217391304348
0 0.608016304347826 0.5502717391304348 0.008831521739130434 0.008831521739130434
0 0.6182065217391305 0.548233695652174 0.008831521739130434 0.008831521739130434
0 0.6433423913043478 0.545516304347826 0.010190217391304348 0.010869565217391304
0 0.5679347826086957 0.5604619565217391 0.01154891304347826 0.010869565217391304
0 0.5645380434782609 0.5733695652173914 0.012228260869565218 0.012228260869565218
0 0.5584239130434783 0.5883152173913043 0.01154891304347826 0.010869565217391304
0 0.5801630434782609 0.5930706521739131 0.01358695652173913 0.01358695652173913
0 0.5876358695652174 0.5903532608695652 0.01154891304347826 0.010869565217391304
0 0.5964673913043478 0.5740489130434783 0.01154891304347826 0.012228260869565218
0 0.6304347826086957 0.5672554347826086 0.010190217391304348 0.010190217391304348
0 0.626358695652174 0.5788043478260869 0.01154891304347826 0.010869565217391304
0 0.6297554347826086 0.5855978260869565 0.012228260869565218 0.012907608695652174
0 0.6134510869565217 0.5896739130434783 0.01358695652173913 0.012228260869565218
0 0.6480978260869565 0.5930706521739131 0.01154891304347826 0.010869565217391304
0 0.6535326086956522 0.5855978260869565 0.010190217391304348 0.012228260869565218
0 0.6623641304347826 0.576766304347826 0.01154891304347826 0.012228260869565218
0 0.6691576086956522 0.5686141304347826 0.010190217391304348 0.010190217391304348
0 0.65625 0.5597826086956522 0.010190217391304348 0.008831521739130434
0 0.6752717391304348 0.5577445652173914 0.008831521739130434 0.008831521739130434
0 0.6915760869565217 0.5591032608695652 0.008831521739130434 0.010190217391304348
0 0.7024456521739131 0.5645380434782609 0.010190217391304348 0.010869565217391304
0 0.6915760869565217 0.5706521739130435 0.010190217391304348 0.010190217391304348
0 0.6976902173913043 0.5788043478260869 0.010190217391304348 0.010190217391304348
0 0.6942934782608695 0.5855978260869565 0.01154891304347826 0.010869565217391304
0 0.720108695652174 0.5788043478260869 0.01154891304347826 0.010869565217391304
0 0.735733695652174 0.5726902173913043 0.01154891304347826 0.012228260869565218
0 0.7302989130434783 0.561141304347826 0.010190217391304348 0.010190217391304348
0 0.720108695652174 0.5584239130434783 0.008831521739130434 0.010190217391304348
0 0.7065217391304348 0.5557065217391305 0.007472826086956522 0.008831521739130434
0 0.6684782608695652 0.545516304347826 0.007472826086956522 0.008831521739130434
0 0.686141304347826 0.5373641304347826 0.007472826086956522 0.008152173913043478
0 0.6535326086956522 0.5271739130434783 0.007472826086956522 0.008152173913043478
0 0.5855978260869565 0.5271739130434783 0.006793478260869565 0.006114130434782609
0 0.5047554347826086 0.5285326086956522 0.007472826086956522 0.007472826086956522
0 0.7350543478260869 0.5237771739130435 0.007472826086956522 0.007472826086956522
0 0.8036684782608695 0.5414402173913043 0.008831521739130434 0.008831521739130434
0 0.7771739130434783 0.5434782608695652 0.007472826086956522 0.008152173913043478
0 0.7411684782608695 0.5570652173913043 0.008831521739130434 0.008831521739130434
0 0.7391304347826086 0.5896739130434783 0.010190217391304348 0.010190217391304348
0 0.765625 0.5726902173913043 0.01154891304347826 0.010869565217391304
0 0.7595108695652174 0.5597826086956522 0.008831521739130434 0.008831521739130434
0 0.7676630434782609 0.5550271739130435 0.007472826086956522 0.008831521739130434
0 0.7819293478260869 0.5563858695652174 0.007472826086956522 0.008831521739130434
0 0.795516304347826 0.5536684782608695 0.010190217391304348 0.008831521739130434
0 0.795516304347826 0.5625 0.01154891304347826 0.010869565217391304
0 0.8084239130434783 0.5543478260869565 0.010190217391304348 0.008831521739130434
0 0.8016304347826086 0.5692934782608695 0.010190217391304348 0.010190217391304348
0 0.7948369565217391 0.5822010869565217 0.01358695652173913 0.012907608695652174
0 0.7921195652173914 0.5903532608695652 0.012228260869565218 0.012907608695652174
0 0.9395380434782609 0.5896739130434783 0.012228260869565218 0.012228260869565218
0 0.8947010869565217 0.5889945652173914 0.012228260869565218 0.01358695652173913
0 0.859375 0.5910326086956522 0.014945652173913044 0.01358695652173913
0 0.8315217391304348 0.5862771739130435 0.01358695652173913 0.012907608695652174
0 0.8179347826086957 0.5815217391304348 0.01154891304347826 0.010869565217391304
0 0.8301630434782609 0.563858695652174 0.01154891304347826 0.010869565217391304
0 0.8240489130434783 0.5550271739130435 0.010190217391304348 0.010190217391304348
0 0.8199728260869565 0.5495923913043478 0.010190217391304348 0.010190217391304348
0 0.8342391304347826 0.5448369565217391 0.008831521739130434 0.010190217391304348
0 0.8546195652173914 0.5495923913043478 0.008831521739130434 0.008152173913043478
0 0.842391304347826 0.5523097826086957 0.008831521739130434 0.010190217391304348
0 0.8498641304347826 0.5618206521739131 0.01154891304347826 0.010190217391304348
0 0.8620923913043478 0.5516304347826086 0.008831521739130434 0.010190217391304348
0 0.8722826086956522 0.5557065217391305 0.01154891304347826 0.012228260869565218
0 0.8505434782608695 0.5726902173913043 0.010190217391304348 0.010869565217391304
0 0.8756793478260869 0.5788043478260869 0.01154891304347826 0.012907608695652174
0 0.8858695652173914 0.5713315217391305 0.010190217391304348 0.010869565217391304
0 0.8940217391304348 0.5740489130434783 0.01154891304347826 0.012228260869565218
0 0.9211956521739131 0.5686141304347826 0.008831521739130434 0.010190217391304348
0 0.8947010869565217 0.5543478260869565 0.010190217391304348 0.010190217391304348
0 0.890625 0.548233695652174 0.008831521739130434 0.008152173913043478
0 0.8192934782608695 0.5217391304347826 0.006793478260869565 0.008152173913043478
0 0.8953804347826086 0.5244565217391305 0.007472826086956522 0.008152173913043478
0 0.9123641304347826 0.5421195652173914 0.010190217391304348 0.010190217391304348
0 0.921875 0.5495923913043478 0.007472826086956522 0.008152173913043478
0 0.9408967391304348 0.5536684782608695 0.010190217391304348 0.010190217391304348
0 0.9436141304347826 0.5502717391304348 0.010190217391304348 0.010190217391304348
0 0.938858695652174 0.5373641304347826 0.008831521739130434 0.008831521739130434
0 0.9572010869565217 0.5380434782608695 0.008831521739130434 0.010190217391304348
0 0.9680706521739131 0.5230978260869565 0.007472826086956522 0.008152173913043478
0 0.9966032608695652 0.5380434782608695 0.006793478260869565 0.008152173913043478
0 0.9877717391304348 0.5461956521739131 0.008831521739130434 0.008831521739130434
0 0.9714673913043478 0.5448369565217391 0.008831521739130434 0.010190217391304348
0 0.9660326086956522 0.5536684782608695 0.008831521739130434 0.010190217391304348
0 0.9775815217391305 0.5597826086956522 0.010190217391304348 0.010190217391304348
0 0.9585597826086957 0.5625 0.008831521739130434 0.010190217391304348
0 0.9660326086956522 0.5692934782608695 0.010190217391304348 0.010869565217391304
0 0.9599184782608695 0.5849184782608695 0.01358695652173913 0.01358695652173913
0 0.9748641304347826 0.5808423913043478 0.01358695652173913 0.012907608695652174
0 0.9932065217391305 0.5760869565217391 0.012228260869565218 0.012228260869565218
0 0.9945652173913043 0.5618206521739131 0.010190217391304348 0.010190217391304348
0 0.9952445652173914 0.5563858695652174 0.008831521739130434 0.008831521739130434
0 0.9259510869565217 0.5713315217391305 0.01154891304347826 0.010869565217391304
0 0.03940217391304348 0.8247282608695652 0.02309782608695652 0.018342391304347828
0 0.25 0.8226902173913043 0.01970108695652174 0.016983695652173912
0 0.44021739130434784 0.8328804347826086 0.01970108695652174 0.016983695652173912
0 0.6331521739130435 0.8322010869565217 0.026494565217391304 0.020380434782608696
0 0.9307065217391305 0.8383152173913043 0.025815217391304348 0.021059782608695652
0 0.9748641304347826 0.7065217391304348 0.02309782608695652 0.018342391304347828
0 0.48845108695652173 0.6229619565217391 0.015625 0.01358695652173913
0 0.2914402173913043 0.5978260869565217 0.01358695652173913 0.010190217391304348
0 0.42391304347826086 0.6039402173913043 0.014266304347826086 0.01154891304347826
0 0.46059782608695654 0.5978260869565217 0.014266304347826086 0.01154891304347826
0 0.13722826086956522 0.6161684782608695 0.014266304347826086 0.01154891304347826
0 0.07269021739130435 0.6277173913043478 0.014945652173913044 0.012907608695652174
0 0.06997282608695653 0.6188858695652174 0.014945652173913044 0.012228260869565218
0 0.01154891304347826 0.5815217391304348 0.01154891304347826 0.009510869565217392
0 0.001358695652173913 0.5360054347826086 0.002717391304347826 0.006793478260869565
0 0.15760869565217392 0.5122282608695652 0.006114130434782609 0.005434782608695652
0 0.1793478260869565 0.5149456521739131 0.007472826086956522 0.006114130434782609
0 0.05638586956521739 0.5652173913043478 0.010190217391304348 0.008152173913043478
0 0.140625 0.5672554347826086 0.010869565217391304 0.008831521739130434
0 0.14741847826086957 0.5855978260869565 0.01154891304347826 0.009510869565217392
0 0.17323369565217392 0.5652173913043478 0.010869565217391304 0.008152173913043478
0 0.24864130434782608 0.5516304347826086 0.008831521739130434 0.008152173913043478
0 0.23233695652173914 0.5828804347826086 0.01154891304347826 0.009510869565217392
0 0.26902173913043476 0.5285326086956522 0.007472826086956522 0.006114130434782609
0 0.26154891304347827 0.5319293478260869 0.007472826086956522 0.006793478260869565
0 0.3077445652173913 0.5489130434782609 0.008831521739130434 0.007472826086956522
0 0.344429347826087 0.548233695652174 0.010190217391304348 0.008152173913043478
0 0.36141304347826086 0.5339673913043478 0.007472826086956522 0.006114130434782609
0 0.33967391304347827 0.5889945652173914 0.012228260869565218 0.010190217391304348
0 0.3953804347826087 0.546875 0.008831521739130434 0.007472826086956522
0 0.4639945652173913 0.5733695652173914 0.012228260869565218 0.010190217391304348
0 0.46467391304347827 0.5597826086956522 0.01154891304347826 0.009510869565217392
0 0.4789402173913043 0.5529891304347826 0.010869565217391304 0.008831521739130434
0 0.49116847826086957 0.5502717391304348 0.010869565217391304 0.008831521739130434
0 0.5896739130434783 0.5495923913043478 0.010869565217391304 0.008152173913043478
0 0.5536684782608695 0.5747282608695652 0.01358695652173913 0.010869565217391304
0 0.5862771739130435 0.5835597826086957 0.01358695652173913 0.010869565217391304
0 0.5998641304347826 0.5665760869565217 0.01154891304347826 0.009510869565217392
0 0.5910326086956522 0.5665760869565217 0.01154891304347826 0.010190217391304348
0 0.626358695652174 0.5597826086956522 0.010869565217391304 0.009510869565217392
0 0.6297554347826086 0.5618206521739131 0.01154891304347826 0.009510869565217392
0 0.7275815217391305 0.5706521739130435 0.01154891304347826 0.009510869565217392
0 0.6936141304347826 0.545516304347826 0.010190217391304348 0.007472826086956522
0 0.4388586956521739 0.5305706521739131 0.008152173913043478 0.006793478260869565
0 0.701766304347826 0.5190217391304348 0.007472826086956522 0.006793478260869565
0 0.6127717391304348 0.5237771739130435 0.008152173913043478 0.007472826086956522
0 0.7228260869565217 0.5224184782608695 0.008152173913043478 0.006793478260869565
0 0.7105978260869565 0.5258152173913043 0.007472826086956522 0.006793478260869565
0 0.6895380434782609 0.5258152173913043 0.008152173913043478 0.006793478260869565
0 0.7873641304347826 0.516983695652174 0.008152173913043478 0.006793478260869565
0 0.7384510869565217 0.5489130434782609 0.010190217391304348 0.008152173913043478
0 0.7588315217391305 0.563858695652174 0.010869565217391304 0.009510869565217392
0 0.798233695652174 0.5509510869565217 0.010190217391304348 0.008152173913043478
0 0.7873641304347826 0.5516304347826086 0.010869565217391304 0.008152173913043478
0 0.828125 0.5516304347826086 0.010869565217391304 0.008831521739130434
0 0.842391304347826 0.5441576086956522 0.010190217391304348 0.008152173913043478
0 0.8512228260869565 0.5421195652173914 0.008831521739130434 0.007472826086956522
0 0.8525815217391305 0.5210597826086957 0.008152173913043478 0.006793478260869565
0 0.8328804347826086 0.5203804347826086 0.007472826086956522 0.006793478260869565
0 0.9775815217391305 0.501358695652174 0.007472826086956522 0.006114130434782609