0 0.983016304347826 0.35733695652173914 0.012228260869565218 0.012228260869565218
0 0.9646739130434783 0.36141304347826086 0.012228260869565218 0.01154891304347826
0 0.953125 0.3607336956521739 0.010190217391304348 0.010190217391304348
0 0.9320652173913043 0.4476902173913043 0.03872282608695652 0.03804347826086957
0 0.9293478260869565 0.3845108695652174 0.019021739130434784 0.018342391304347828
0 0.9164402173913043 0.374320652173913 0.014945652173913044 0.014266304347826086
0 0.9001358695652174 0.36141304347826086 0.010869565217391304 0.010190217391304348
0 0.920516304347826 0.3532608695652174 0.010190217391304348 0.009510869565217392
0 0.8702445652173914 0.36345108695652173 0.014266304347826086 0.012228260869565218
0 0.8505434782608695 0.359375 0.014266304347826086 0.014266304347826086
0 0.859375 0.39470108695652173 0.021059782608695652 0.020380434782608696
0 0.8104619565217391 0.359375 0.01154891304347826 0.012228260869565218
0 0.7995923913043478 0.3580163043478261 0.01154891304347826 0.012228260869565218
0 0.7432065217391305 0.37703804347826086 0.014266304347826086 0.012907608695652174
0 0.7167119565217391 0.38179347826086957 0.01154891304347826 0.01154891304347826
0 0.5692934782608695 0.4076086956521739 0.042119565217391304 0.04008152173913043
0 0.5183423913043478 0.42595108695652173 0.03736413043478261 0.042119565217391304
0 0.59375 0.38858695652173914 0.019021739130434784 0.018342391304347828
0 0.5366847826086957 0.36277173913043476 0.016983695652173912 0.015625
0 0.5054347826086957 0.358695652173913 0.016983695652173912 0.016983695652173912
0 0.48233695652173914 0.358695652173913 0.018342391304347828 0.017663043478260868
0 0.515625 0.38247282608695654 0.018342391304347828 0.021739130434782608
0 0.374320652173913 0.422554347826087 0.04076086956521739 0.034646739130434784
0 0.36684782608695654 0.3858695652173913 0.024456521739130436 0.02309782608695652
0 0.33152173913043476 0.39334239130434784 0.024456521739130436 0.029211956521739132
0 0.390625 0.359375 0.016983695652173912 0.021059782608695652
0 0.38722826086956524 0.3532608695652174 0.019021739130434784 0.020380434782608696
0 0.23233695652173914 0.39809782608695654 0.02717391304347826 0.026494565217391304
0 0.203125 0.4008152173913043 0.025135869565217392 0.02377717391304348
0 0.025815217391304348 0.41508152173913043 0.022418478260869564 0.024456521739130436
0 0.12771739130434784 0.39945652173913043 0.025135869565217392 0.024456521739130436
0 0.14741847826086957 0.40964673913043476 0.03940217391304348 0.03940217391304348
0 0.8308423913043478 0.32540760869565216 0.012228260869565218 0.01154891304347826
0 0.8614130434782609 0.33627717391304346 0.009510869565217392 0.009510869565217392
0 0.8716032608695652 0.33491847826086957 0.008152173913043478 0.008152173913043478
0 0.9082880434782609 0.33084239130434784 0.009510869565217392 0.008152173913043478
0 0.9191576086956522 0.3335597826086957 0.007472826086956522 0.007472826086956522
0 0.78125 0.313179347826087 0.01154891304347826 0.012228260869565218
0 0.7730978260869565 0.3063858695652174 0.010869565217391304 0.010869565217391304
0 0.6963315217391305 0.3063858695652174 0.01154891304347826 0.01154891304347826
0 0.6589673913043478 0.30842391304347827 0.01154891304347826 0.01154891304347826
0 0.6691576086956522 0.30842391304347827 0.01154891304347826 0.012228260869565218
0 0.9938858695652174 0.4001358695652174 0.012228260869565218 0.014266304347826086
0 0.9612771739130435 0.39334239130434784 0.021739130434782608 0.015625
0 0.970108695652174 0.38315217391304346 0.019021739130434784 0.014266304347826086
0 0.9538043478260869 0.38179347826086957 0.019021739130434784 0.01358695652173913
0 0.9877717391304348 0.35122282608695654 0.01154891304347826 0.008152173913043478
0 0.9993206521739131 0.3539402173913043 0.001358695652173913 0.008152173913043478
0 0.8240489130434783 0.39741847826086957 0.021739130434782608 0.016304347826086956
0 0.8464673913043478 0.4320652173913043 0.036684782608695655 0.02717391304347826
0 0.8192934782608695 0.45108695652173914 0.04008152173913043 0.029891304347826088
0 0.8770380434782609 0.4483695652173913 0.04008152173913043 0.029891304347826088
0 0.9266304347826086 0.438179347826087 0.03804347826086957 0.028532608695652172
0 0.938858695652174 0.3804347826086957 0.018342391304347828 0.01358695652173913
0 0.9320652173913043 0.3546195652173913 0.012907608695652174 0.009510869565217392
0 0.8831521739130435 0.35597826086956524 0.01358695652173913 0.010190217391304348
0 0.8695652173913043 0.35665760869565216 0.01358695652173913 0.010190217391304348
0 0.8634510869565217 0.35733695652173914 0.014266304347826086 0.010190217391304348
0 0.8525815217391305 0.37703804347826086 0.019021739130434784 0.014266304347826086
0 0.826766304347826 0.37907608695652173 0.019021739130434784 0.014266304347826086
0 0.7065217391304348 0.3845108695652174 0.016983695652173912 0.012228260869565218
0 0.7574728260869565 0.39809782608695654 0.019021739130434784 0.014266304347826086
0 0.7975543478260869 0.4076086956521739 0.020380434782608696 0.015625
0 0.5516304347826086 0.38858695652173914 0.03125 0.02309782608695652
0 0.5855978260869565 0.3858695652173913 0.030570652173913044 0.02309782608695652
0 0.6195652173913043 0.3804347826086957 0.02717391304347826 0.020380434782608696
0 0.5217391304347826 0.3607336956521739 0.016304347826086956 0.012228260869565218
0 0.4701086956521739 0.3607336956521739 0.019021739130434784 0.014266304347826086
0 0.4701086956521739 0.4008152173913043 0.034646739130434784 0.026494565217391304
0 0.5129076086956522 0.39877717391304346 0.034646739130434784 0.026494565217391304
0 0.4544836956521739 0.38858695652173914 0.029211956521739132 0.022418478260869564
0 0.26970108695652173 0.39945652173913043 0.033967391304347824 0.025135869565217392
0 0.2866847826086957 0.43342391304347827 0.042119565217391304 0.03192934782608696
0 0.3498641304347826 0.40625 0.03328804347826087 0.025135869565217392
0 0.37907608695652173 0.38858695652173914 0.029211956521739132 0.022418478260869564
0 0.3383152173913043 0.3892663043478261 0.029211956521739132 0.022418478260869564
0 0.2078804347826087 0.421875 0.03940217391304348 0.029891304347826088
0 0.21467391304347827 0.41440217391304346 0.036684782608695655 0.02717391304347826
0 0.02309782608695652 0.44904891304347827 0.04619565217391304 0.036684782608695655
0 0.31929347826086957 0.3953804347826087 0.03125 0.02309782608695652
0 0.904891304347826 0.390625 0.021739130434782608 0.016304347826086956
0 0.9809782608695652 0.37703804347826086 0.017663043478260868 0.01358695652173913