0 0.029211956521739132 0.4375 0.058423913043478264 0.06182065217391304
0 0.21603260869565216 0.41847826086956524 0.06453804347826086 0.050951086956521736
0 0.3423913043478261 0.4008152173913043 0.05298913043478261 0.042798913043478264
0 0.36345108695652173 0.4544836956521739 0.06046195652173913 0.06046195652173913
0 0.46127717391304346 0.41779891304347827 0.042119565217391304 0.034646739130434784
0 0.5163043478260869 0.40896739130434784 0.04891304347826087 0.050271739130434784
0 0.5862771739130435 0.37228260869565216 0.01970108695652174 0.022418478260869564
0 0.592391304347826 0.40896739130434784 0.02717391304347826 0.030570652173913044
0 0.6589673913043478 0.39945652173913043 0.04619565217391304 0.03736413043478261
0 0.6922554347826086 0.4014945652173913 0.02717391304347826 0.02309782608695652
0 0.7269021739130435 0.4001358695652174 0.022418478260869564 0.022418478260869564
0 0.7676630434782609 0.3851902173913043 0.021739130434782608 0.01970108695652174
0 0.7941576086956522 0.4048913043478261 0.028532608695652172 0.02309782608695652
0 0.875 0.3960597826086957 0.01970108695652174 0.017663043478260868
0 0.8913043478260869 0.39470108695652173 0.016304347826086956 0.016983695652173912
0 0.907608695652174 0.3953804347826087 0.012907608695652174 0.014266304347826086
0 0.389945652173913 0.4273097826086957 0.06182065217391304 0.04076086956521739
0 0.6209239130434783 0.40353260869565216 0.04008152173913043 0.025815217391304348
0 0.75 0.39266304347826086 0.021739130434782608 0.014945652173913044
0 0.7506793478260869 0.41508152173913043 0.03940217391304348 0.025815217391304348
0 0.8274456521739131 0.40353260869565216 0.026494565217391304 0.02309782608695652
0 0.8552989130434783 0.39945652173913043 0.021739130434782608 0.014266304347826086
0 0.9483695652173914 0.36820652173913043 0.10326086956521739 0.11956521739130435