0 0.203125 0.9619565217391305 0.03804347826086957 0.034646739130434784
0 0.29959239130434784 0.9565217391304348 0.018342391304347828 0.021059782608695652
0 0.48165760869565216 0.8777173913043478 0.02717391304347826 0.026494565217391304
0 0.44089673913043476 0.8036684782608695 0.014945652173913044 0.01358695652173913
0 0.34103260869565216 0.7425271739130435 0.017663043478260868 0.016983695652173912
0 0.10326086956521739 0.7764945652173914 0.016983695652173912 0.014945652173913044
0 0.7133152173913043 0.8369565217391305 0.024456521739130436 0.024456521739130436
0 0.8097826086956522 0.7900815217391305 0.016304347826086956 0.016304347826086956
0 0.7004076086956522 0.7595108695652174 0.01154891304347826 0.01154891304347826
0 0.7255434782608695 0.748641304347826 0.012228260869565218 0.01358695652173913
0 0.8355978260869565 0.7574728260869565 0.01154891304347826 0.014266304347826086
0 0.9225543478260869 0.748641304347826 0.012228260869565218 0.014945652173913044
0 0.9456521739130435 0.7472826086956522 0.012907608695652174 0.014945652173913044
0 0.8525815217391305 0.7411684782608695 0.010190217391304348 0.01154891304347826
0 0.8777173913043478 0.735733695652174 0.010190217391304348 0.01154891304347826
0 0.8967391304347826 0.7364130434782609 0.010190217391304348 0.010190217391304348
0 0.8770380434782609 0.7214673913043478 0.010869565217391304 0.012228260869565218
0 0.8865489130434783 0.6460597826086957 0.006793478260869565 0.007472826086956522
0 0.9028532608695652 0.6453804347826086 0.006793478260869565 0.007472826086956522
0 0.9279891304347826 0.6297554347826086 0.006114130434782609 0.006114130434782609
0 0.9395380434782609 0.639266304347826 0.006793478260869565 0.007472826086956522
0 0.9707880434782609 0.6433423913043478 0.008152173913043478 0.008152173913043478
0 0.9884510869565217 0.6467391304347826 0.007472826086956522 0.008152173913043478
0 0.7914402173913043 0.6317934782608695 0.006793478260869565 0.007472826086956522
0 0.8403532608695652 0.6542119565217391 0.008152173913043478 0.008831521739130434
0 0.7832880434782609 0.6582880434782609 0.009510869565217392 0.010869565217391304
0 0.7703804347826086 0.6542119565217391 0.008152173913043478 0.009510869565217392
0 0.7527173913043478 0.641983695652174 0.008152173913043478 0.008831521739130434
0 0.7737771739130435 0.6902173913043478 0.01154891304347826 0.012907608695652174
0 0.8029891304347826 0.6827445652173914 0.010869565217391304 0.012907608695652174
0 0.811141304347826 0.6725543478260869 0.009510869565217392 0.01154891304347826
0 0.6671195652173914 0.7010869565217391 0.010869565217391304 0.012228260869565218
0 0.7296195652173914 0.654891304347826 0.008152173913043478 0.008831521739130434
0 0.6908967391304348 0.654891304347826 0.008152173913043478 0.008831521739130434
0 0.7133152173913043 0.6610054347826086 0.009510869565217392 0.010869565217391304
0 0.6460597826086957 0.6528532608695652 0.008152173913043478 0.009510869565217392
0 0.6154891304347826 0.640625 0.008831521739130434 0.009510869565217392
0 0.6052989130434783 0.6555706521739131 0.008831521739130434 0.009510869565217392
0 0.6025815217391305 0.6671195652173914 0.010190217391304348 0.01154891304347826
0 0.6161684782608695 0.671875 0.010190217391304348 0.010190217391304348
0 0.4830163043478261 0.6908967391304348 0.012907608695652174 0.014266304347826086
0 0.46875 0.6725543478260869 0.010190217391304348 0.01154891304347826
0 0.44089673913043476 0.6480978260869565 0.008152173913043478 0.008831521739130434
0 0.42459239130434784 0.6521739130434783 0.008152173913043478 0.008831521739130434
0 0.38383152173913043 0.6494565217391305 0.008152173913043478 0.008831521739130434
0 0.34103260869565216 0.6875 0.010869565217391304 0.01154891304347826
0 0.374320652173913 0.6766304347826086 0.008831521739130434 0.010869565217391304
0 0.40285326086956524 0.6841032608695652 0.01154891304347826 0.012907608695652174
0 0.4157608695652174 0.6766304347826086 0.009510869565217392 0.01154891304347826
0 0.42459239130434784 0.6752717391304348 0.010190217391304348 0.01154891304347826
0 0.3804347826086957 0.7072010869565217 0.01154891304347826 0.01154891304347826
0 0.26902173913043476 0.6480978260869565 0.008152173913043478 0.008831521739130434
0 0.2710597826086957 0.6739130434782609 0.009510869565217392 0.010869565217391304
0 0.24388586956521738 0.6671195652173914 0.009510869565217392 0.010190217391304348
0 0.25679347826086957 0.6813858695652174 0.010869565217391304 0.010190217391304348
0 0.25271739130434784 0.6983695652173914 0.01154891304347826 0.01154891304347826
0 0.18478260869565216 0.6868206521739131 0.012228260869565218 0.01154891304347826
0 0.19157608695652173 0.6684782608695652 0.010190217391304348 0.010190217391304348
0 0.18885869565217392 0.657608695652174 0.008831521739130434 0.008831521739130434
0 0.21807065217391305 0.6460597826086957 0.010190217391304348 0.010190217391304348
0 0.1644021739130435 0.6528532608695652 0.010190217391304348 0.008831521739130434
0 0.15421195652173914 0.6460597826086957 0.008831521739130434 0.008831521739130434
0 0.16168478260869565 0.6759510869565217 0.01154891304347826 0.01154891304347826
0 0.06317934782608696 0.6365489130434783 0.009510869565217392 0.009510869565217392
0 0.09171195652173914 0.6433423913043478 0.009510869565217392 0.008831521739130434
0 0.13043478260869565 0.6413043478260869 0.009510869565217392 0.008831521739130434
0 0.036005434782608696 0.6616847826086957 0.010190217391304348 0.010869565217391304
0 0.09171195652173914 0.6596467391304348 0.010190217391304348 0.010190217391304348
0 0.13383152173913043 0.6610054347826086 0.008831521739130434 0.008152173913043478
0 0.06589673913043478 0.670516304347826 0.010190217391304348 0.010190217391304348
0 0.08288043478260869 0.673233695652174 0.010190217391304348 0.010190217391304348
0 0.11073369565217392 0.671875 0.01154891304347826 0.01154891304347826
0 0.1324728260869565 0.6854619565217391 0.01154891304347826 0.012228260869565218
0 0.03804347826086957 0.6841032608695652 0.010190217391304348 0.01154891304347826
0 0.02717391304347826 0.6915760869565217 0.01154891304347826 0.012907608695652174
0 0.006793478260869565 0.6983695652173914 0.012228260869565218 0.012228260869565218
0 0.021059782608695652 0.7099184782608695 0.012907608695652174 0.014945652173913044
0 0.0033967391304347825 0.6677989130434783 0.006114130434782609 0.010190217391304348
0 0.0006793478260869565 0.688858695652174 0.001358695652173913 0.012228260869565218
0 0.4008152173913043 0.9796195652173914 0.035326086956521736 0.026494565217391304
0 0.45584239130434784 0.9307065217391305 0.03260869565217391 0.024456521739130436
0 0.47078804347826086 0.8532608695652174 0.024456521739130436 0.018342391304347828
0 0.4110054347826087 0.7506793478260869 0.016304347826086956 0.012907608695652174
0 0.47146739130434784 0.7785326086956522 0.021739130434782608 0.016304347826086956
0 0.28396739130434784 0.828125 0.019021739130434784 0.014266304347826086
0 0.051630434782608696 0.8084239130434783 0.019021739130434784 0.014266304347826086
0 0.10258152173913043 0.813858695652174 0.019021739130434784 0.014266304347826086
0 0.16168478260869565 0.8199728260869565 0.029211956521739132 0.021739130434782608
0 0.6182065217391305 0.8335597826086957 0.025135869565217392 0.018342391304347828
0 0.5591032608695652 0.8192934782608695 0.024456521739130436 0.018342391304347828
0 0.7697010869565217 0.8756793478260869 0.03125 0.02309782608695652
0 0.7445652173913043 0.7989130434782609 0.021739130434782608 0.016304347826086956
0 0.6827445652173914 0.7697010869565217 0.01970108695652174 0.014945652173913044
0 0.7873641304347826 0.7615489130434783 0.015625 0.01154891304347826
0 0.8491847826086957 0.7805706521739131 0.017663043478260868 0.01358695652173913
0 0.8464673913043478 0.764266304347826 0.016304347826086956 0.012228260869565218
0 0.970108695652174 0.7601902173913043 0.014945652173913044 0.010869565217391304
0 0.9089673913043478 0.7180706521739131 0.012907608695652174 0.009510869565217392
0 0.8491847826086957 0.7248641304347826 0.01358695652173913 0.010190217391304348
0 0.9850543478260869 0.7194293478260869 0.012907608695652174 0.009510869565217392
0 0.9972826086956522 0.7153532608695652 0.005434782608695652 0.009510869565217392
0 0.9945652173913043 0.703125 0.010869565217391304 0.009510869565217392
0 0.9959239130434783 0.6447010869565217 0.007472826086956522 0.006793478260869565
0 0.8797554347826086 0.6467391304347826 0.008831521739130434 0.006793478260869565
0 0.8926630434782609 0.6474184782608695 0.008831521739130434 0.006793478260869565
0 0.904891304347826 0.6480978260869565 0.008831521739130434 0.006793478260869565
0 0.9123641304347826 0.6528532608695652 0.008831521739130434 0.006793478260869565
0 0.9463315217391305 0.6508152173913043 0.008831521739130434 0.006793478260869565
0 0.9850543478260869 0.6528532608695652 0.009510869565217392 0.006793478260869565
0 0.7961956521739131 0.639266304347826 0.008831521739130434 0.006793478260869565
0 0.8260869565217391 0.6480978260869565 0.010190217391304348 0.007472826086956522
0 0.8077445652173914 0.657608695652174 0.010869565217391304 0.008152173913043478
0 0.7533967391304348 0.6596467391304348 0.01154891304347826 0.008152173913043478
0 0.7629076086956522 0.6677989130434783 0.01154891304347826 0.008831521739130434
0 0.7819293478260869 0.6779891304347826 0.012907608695652174 0.009510869565217392
0 0.8206521739130435 0.6691576086956522 0.012228260869565218 0.008831521739130434
0 0.9619565217391305 0.6086956521739131 0.005434782608695652 0.004076086956521739
0 0.9735054347826086 0.6086956521739131 0.005434782608695652 0.004076086956521739
0 0.9891304347826086 0.6032608695652174 0.004076086956521739 0.0033967391304347825
0 0.9932065217391305 0.6059782608695652 0.0020380434782608695 0.001358695652173913
0 0.9898097826086957 0.609375 0.005434782608695652 0.004076086956521739
0 0.9755434782608695 0.6052989130434783 0.004755434782608696 0.0033967391304347825
0 0.7336956521739131 0.6990489130434783 0.012907608695652174 0.010190217391304348
0 0.7207880434782609 0.641983695652174 0.008831521739130434 0.006793478260869565
0 0.6569293478260869 0.6691576086956522 0.01154891304347826 0.008831521739130434
0 0.6650815217391305 0.6508152173913043 0.010190217391304348 0.007472826086956522
0 0.6331521739130435 0.6555706521739131 0.010869565217391304 0.008152173913043478
0 0.5754076086956522 0.6650815217391305 0.01154891304347826 0.008831521739130434
0 0.5828804347826086 0.65625 0.010869565217391304 0.008152173913043478
0 0.5754076086956522 0.6841032608695652 0.012907608695652174 0.010190217391304348
0 0.5706521739130435 0.6915760869565217 0.01358695652173913 0.010190217391304348
0 0.5394021739130435 0.6569293478260869 0.010869565217391304 0.008152173913043478
0 0.483695652173913 0.6813858695652174 0.012907608695652174 0.009510869565217392
0 0.48165760869565216 0.6711956521739131 0.012228260869565218 0.009510869565217392
0 0.3179347826086957 0.6644021739130435 0.010869565217391304 0.008152173913043478
0 0.313179347826087 0.670516304347826 0.01154891304347826 0.008831521739130434
0 0.32404891304347827 0.6779891304347826 0.01154891304347826 0.008831521739130434
0 0.3383152173913043 0.6786684782608695 0.012228260869565218 0.008831521739130434
0 0.3580163043478261 0.704483695652174 0.015625 0.01154891304347826
0 0.3695652173913043 0.7051630434782609 0.015625 0.01154891304347826
0 0.31521739130434784 0.7228260869565217 0.016983695652173912 0.012907608695652174
0 0.2907608695652174 0.6820652173913043 0.012228260869565218 0.009510869565217392
0 0.27445652173913043 0.6521739130434783 0.010869565217391304 0.008152173913043478
0 0.2513586956521739 0.6657608695652174 0.01154891304347826 0.008831521739130434
0 0.2425271739130435 0.6875 0.012907608695652174 0.009510869565217392
0 0.234375 0.7024456521739131 0.014266304347826086 0.010190217391304348
0 0.19633152173913043 0.7126358695652174 0.015625 0.01154891304347826
0 0.17459239130434784 0.6752717391304348 0.012228260869565218 0.009510869565217392
0 0.16304347826086957 0.6997282608695652 0.014945652173913044 0.01154891304347826
0 0.14945652173913043 0.6990489130434783 0.014945652173913044 0.01154891304347826
0 0.12432065217391304 0.6963315217391305 0.014945652173913044 0.010869565217391304
0 0.028532608695652172 0.654891304347826 0.01154891304347826 0.008831521739130434
0 0.06385869565217392 0.6582880434782609 0.01154891304347826 0.008831521739130434
0 0.08016304347826086 0.6623641304347826 0.01154891304347826 0.008831521739130434
0 0.13179347826086957 0.6684782608695652 0.012228260869565218 0.009510869565217392
0 0.10665760869565218 0.6847826086956522 0.01358695652173913 0.010190217391304348
0 0.08967391304347826 0.6963315217391305 0.014266304347826086 0.010190217391304348
0 0.059782608695652176 0.6807065217391305 0.012907608695652174 0.010190217391304348
0 0.02309782608695652 0.673233695652174 0.012228260869565218 0.009510869565217392
0 0.046875 0.673233695652174 0.012228260869565218 0.009510869565217392
0 0.26970108695652173 0.5101902173913043 0.006114130434782609 0.004076086956521739
0 0.24728260869565216 0.5095108695652174 0.0033967391304347825 0.002717391304347826
0 0.24592391304347827 0.5095108695652174 0.0033967391304347825 0.002717391304347826
0 0.23301630434782608 0.5088315217391305 0.0033967391304347825 0.002717391304347826
0 0.296875 0.5115489130434783 0.004076086956521739 0.0033967391304347825
0 0.30842391304347827 0.5122282608695652 0.0033967391304347825 0.002717391304347826
0 0.3111413043478261 0.5115489130434783 0.0033967391304347825 0.002717391304347826
0 0.11141304347826086 0.5054347826086957 0.008831521739130434 0.006793478260869565
0 0.11005434782608696 0.5054347826086957 0.009510869565217392 0.006793478260869565
0 0.08899456521739131 0.5040760869565217 0.007472826086956522 0.005434782608695652
0 0.06929347826086957 0.5033967391304348 0.016983695652173912 0.012907608695652174
0 0.06793478260869565 0.5040760869565217 0.016983695652173912 0.012907608695652174
0 0.030570652173913044 0.5027173913043478 0.014945652173913044 0.01154891304347826
0 0.025815217391304348 0.501358695652174 0.01358695652173913 0.010190217391304348
0 0.02717391304347826 0.5020380434782609 0.01358695652173913 0.010190217391304348
0 0.008152173913043478 0.501358695652174 0.010869565217391304 0.008152173913043478
0 0.2513586956521739 0.5101902173913043 0.0033967391304347825 0.002717391304347826
0 0.22826086956521738 0.5095108695652174 0.0033967391304347825 0.002717391304347826
0 0.23029891304347827 0.5095108695652174 0.0033967391304347825 0.002717391304347826
0 0.17798913043478262 0.5414402173913043 0.01358695652173913 0.010190217391304348
0 0.1766304347826087 0.5421195652173914 0.01358695652173913 0.010190217391304348