0 0.44089673913043476 0.16915760869565216 0.005434782608695652 0.007472826086956522
0 0.36141304347826086 0.18953804347826086 0.005434782608695652 0.006793478260869565
0 0.31589673913043476 0.17391304347826086 0.005434782608695652 0.007472826086956522
0 0.28464673913043476 0.18953804347826086 0.009510869565217392 0.010190217391304348
0 0.24048913043478262 0.19701086956521738 0.007472826086956522 0.007472826086956522
0 0.16236413043478262 0.20991847826086957 0.01154891304347826 0.010869565217391304
0 0.22486413043478262 0.27377717391304346 0.008152173913043478 0.008152173913043478
0 0.20176630434782608 0.25815217391304346 0.009510869565217392 0.010190217391304348
0 0.18410326086956522 0.27241847826086957 0.009510869565217392 0.010869565217391304
0 0.17527173913043478 0.2758152173913043 0.008152173913043478 0.010190217391304348
0 0.14605978260869565 0.2758152173913043 0.009510869565217392 0.012228260869565218
0 0.2425271739130435 0.35190217391304346 0.012228260869565218 0.01358695652173913
0 0.2955163043478261 0.36141304347826086 0.01154891304347826 0.012228260869565218
0 0.3186141304347826 0.36209239130434784 0.01154891304347826 0.012228260869565218
0 0.3654891304347826 0.360054347826087 0.01358695652173913 0.014945652173913044
0 0.37907608695652173 0.28328804347826086 0.008152173913043478 0.010190217391304348
0 0.43342391304347827 0.27309782608695654 0.008152173913043478 0.010190217391304348
0 0.43546195652173914 0.21875 0.007472826086956522 0.007472826086956522
0 0.4898097826086957 0.41508152173913043 0.014266304347826086 0.016983695652173912
0 0.034646739130434784 0.532608695652174 0.015625 0.018342391304347828
0 0.20516304347826086 0.7302989130434783 0.021059782608695652 0.025815217391304348
0 0.22282608695652173 0.7520380434782609 0.021059782608695652 0.02377717391304348
0 0.5033967391304348 0.78125 0.03260869565217391 0.035326086956521736
0 0.578125 0.7622282608695652 0.025135869565217392 0.027853260869565216
0 0.6759510869565217 0.7533967391304348 0.029211956521739132 0.028532608695652172
0 0.5957880434782609 0.09646739130434782 0.004076086956521739 0.006793478260869565
0 0.5760869565217391 0.10122282608695653 0.005434782608695652 0.007472826086956522
0 0.595108695652174 0.22894021739130435 0.005434782608695652 0.006793478260869565
0 0.6114130434782609 0.1487771739130435 0.007472826086956522 0.007472826086956522
0 0.654891304347826 0.20923913043478262 0.008152173913043478 0.008152173913043478
0 0.6779891304347826 0.23165760869565216 0.008152173913043478 0.008152173913043478
0 0.764266304347826 0.16304347826086957 0.005434782608695652 0.007472826086956522
0 0.7520380434782609 0.15760869565217392 0.007472826086956522 0.006793478260869565
0 0.748641304347826 0.1766304347826087 0.007472826086956522 0.006793478260869565
0 0.7323369565217391 0.17391304347826086 0.005434782608695652 0.007472826086956522
0 0.7167119565217391 0.17051630434782608 0.005434782608695652 0.007472826086956522
0 0.6915760869565217 0.17119565217391305 0.005434782608695652 0.006793478260869565
0 0.8301630434782609 0.20244565217391305 0.005434782608695652 0.007472826086956522
0 0.9721467391304348 0.23980978260869565 0.007472826086956522 0.007472826086956522
0 0.8688858695652174 0.25339673913043476 0.008152173913043478 0.010869565217391304
0 0.8091032608695652 0.5441576086956522 0.014266304347826086 0.020380434782608696
0 0.3294836956521739 0.11480978260869565 0.006114130434782609 0.005434782608695652
0 0.29347826086956524 0.11752717391304347 0.004076086956521739 0.0033967391304347825
0 0.30027173913043476 0.125 0.004076086956521739 0.0033967391304347825
0 0.28464673913043476 0.12771739130434784 0.006114130434782609 0.005434782608695652
0 0.26902173913043476 0.12432065217391304 0.006114130434782609 0.005434782608695652
0 0.2710597826086957 0.11413043478260869 0.006114130434782609 0.005434782608695652
0 0.3383152173913043 0.14198369565217392 0.006114130434782609 0.005434782608695652
0 0.3267663043478261 0.13043478260869565 0.006114130434782609 0.005434782608695652
0 0.36752717391304346 0.13858695652173914 0.006114130434782609 0.005434782608695652
0 0.35733695652173914 0.1324728260869565 0.006114130434782609 0.005434782608695652
0 0.3845108695652174 0.12160326086956522 0.006114130434782609 0.005434782608695652
0 0.40828804347826086 0.13043478260869565 0.006114130434782609 0.005434782608695652
0 0.39266304347826086 0.11480978260869565 0.006114130434782609 0.005434782608695652
0 0.4592391304347826 0.12228260869565218 0.006114130434782609 0.005434782608695652
0 0.45108695652173914 0.12228260869565218 0.006114130434782609 0.005434782608695652
0 0.45516304347826086 0.16915760869565216 0.006114130434782609 0.005434782608695652
0 0.4164402173913043 0.16915760869565216 0.008152173913043478 0.007472826086956522
0 0.4116847826086957 0.15353260869565216 0.008152173913043478 0.007472826086956522
0 0.3851902173913043 0.16644021739130435 0.006114130434782609 0.005434782608695652
0 0.4001358695652174 0.17595108695652173 0.008152173913043478 0.007472826086956522
0 0.37296195652173914 0.17527173913043478 0.008152173913043478 0.007472826086956522
0 0.31657608695652173 0.14605978260869565 0.006114130434782609 0.005434782608695652
0 0.31453804347826086 0.19972826086956522 0.008152173913043478 0.007472826086956522
0 0.2710597826086957 0.20108695652173914 0.008152173913043478 0.007472826086956522
0 0.20176630434782608 0.18546195652173914 0.008152173913043478 0.007472826086956522
0 0.1956521739130435 0.19904891304347827 0.010190217391304348 0.009510869565217392
0 0.24456521739130435 0.1637228260869565 0.008152173913043478 0.007472826086956522
0 0.39402173913043476 0.2826086956521739 0.010190217391304348 0.009510869565217392
0 0.4008152173913043 0.26970108695652173 0.010190217391304348 0.009510869565217392
0 0.4164402173913043 0.2982336956521739 0.010190217391304348 0.009510869565217392
0 0.43953804347826086 0.2418478260869565 0.008152173913043478 0.007472826086956522
0 0.42934782608695654 0.22282608695652173 0.008152173913043478 0.007472826086956522
0 0.46671195652173914 0.24320652173913043 0.010190217391304348 0.009510869565217392
0 0.610733695652174 0.41032608695652173 0.014266304347826086 0.012907608695652174
0 0.610733695652174 0.46127717391304346 0.016983695652173912 0.014945652173913044
0 0.02377717391304348 0.5197010869565217 0.019021739130434784 0.016983695652173912
0 0.3063858695652174 0.8654891304347826 0.03328804347826087 0.029891304347826088
0 0.3648097826086957 0.7724184782608695 0.029211956521739132 0.025815217391304348
0 0.3967391304347826 0.7737771739130435 0.029211956521739132 0.025815217391304348
0 0.671875 0.8566576086956522 0.03328804347826087 0.029891304347826088
0 0.610733695652174 0.012907608695652174 0.004076086956521739 0.0033967391304347825
0 0.5903532608695652 0.012228260869565218 0.004076086956521739 0.0033967391304347825
0 0.579483695652174 0.012228260869565218 0.004076086956521739 0.0033967391304347825
0 0.5998641304347826 0.012228260869565218 0.004076086956521739 0.0033967391304347825
0 0.579483695652174 0.029891304347826088 0.004076086956521739 0.0033967391304347825
0 0.5584239130434783 0.03125 0.006114130434782609 0.005434782608695652
0 0.529891304347826 0.02309782608695652 0.006114130434782609 0.005434782608695652
0 0.5278532608695652 0.051630434782608696 0.006114130434782609 0.005434782608695652
0 0.5407608695652174 0.04891304347826087 0.006114130434782609 0.005434782608695652
0 0.5448369565217391 0.05638586956521739 0.006114130434782609 0.005434782608695652
0 0.5271739130434783 0.07608695652173914 0.006114130434782609 0.005434782608695652
0 0.5387228260869565 0.07744565217391304 0.006114130434782609 0.005434782608695652
0 0.5679347826086957 0.07065217391304347 0.006114130434782609 0.005434782608695652
0 0.6032608695652174 0.06046195652173913 0.004076086956521739 0.0033967391304347825
0 0.6134510869565217 0.059103260869565216 0.004076086956521739 0.0033967391304347825
0 0.6399456521739131 0.0020380434782608695 0.005434782608695652 0.004076086956521739
0 0.6467391304347826 0.012228260869565218 0.006114130434782609 0.005434782608695652
0 0.6779891304347826 0.010190217391304348 0.006114130434782609 0.005434782608695652
0 0.6813858695652174 0.05298913043478261 0.006114130434782609 0.005434782608695652
0 0.6677989130434783 0.051630434782608696 0.006114130434782609 0.005434782608695652
0 0.6501358695652174 0.058423913043478264 0.006114130434782609 0.005434782608695652
0 0.6351902173913043 0.06453804347826086 0.004076086956521739 0.0033967391304347825
0 0.6290760869565217 0.07744565217391304 0.006114130434782609 0.005434782608695652
0 0.6114130434782609 0.09375 0.006114130434782609 0.005434782608695652
0 0.576766304347826 0.08763586956521739 0.006114130434782609 0.005434782608695652
0 0.5815217391304348 0.12228260869565218 0.006114130434782609 0.005434782608695652
0 0.5747282608695652 0.11209239130434782 0.006114130434782609 0.005434782608695652
0 0.5686141304347826 0.11820652173913043 0.006114130434782609 0.005434782608695652
0 0.5686141304347826 0.12839673913043478 0.006114130434782609 0.005434782608695652
0 0.545516304347826 0.12432065217391304 0.006114130434782609 0.005434782608695652
0 0.548233695652174 0.11820652173913043 0.006114130434782609 0.005434782608695652
0 0.5353260869565217 0.12296195652173914 0.006114130434782609 0.005434782608695652
0 0.561141304347826 0.09646739130434782 0.006114130434782609 0.005434782608695652
0 0.5448369565217391 0.09442934782608696 0.006114130434782609 0.005434782608695652
0 0.5366847826086957 0.09239130434782608 0.006114130434782609 0.005434782608695652
0 0.529891304347826 0.08899456521739131 0.006114130434782609 0.005434782608695652
0 0.5190217391304348 0.09646739130434782 0.006114130434782609 0.005434782608695652
0 0.5081521739130435 0.09510869565217392 0.006114130434782609 0.005434782608695652
0 0.5 0.11684782608695653 0.006114130434782609 0.005434782608695652
0 0.48845108695652173 0.11480978260869565 0.006114130434782609 0.005434782608695652
0 0.4945652173913043 0.140625 0.006114130434782609 0.005434782608695652
0 0.5210597826086957 0.13994565217391305 0.006114130434782609 0.005434782608695652
0 0.514266304347826 0.18070652173913043 0.008152173913043478 0.007472826086956522
0 0.5292119565217391 0.18070652173913043 0.008152173913043478 0.007472826086956522
0 0.5414402173913043 0.19089673913043478 0.008152173913043478 0.007472826086956522
0 0.5835597826086957 0.26222826086956524 0.008152173913043478 0.007472826086956522
0 0.623641304347826 0.14266304347826086 0.006114130434782609 0.005434782608695652
0 0.623641304347826 0.18614130434782608 0.008152173913043478 0.007472826086956522
0 0.6501358695652174 0.20448369565217392 0.008152173913043478 0.007472826086956522
0 0.6616847826086957 0.20448369565217392 0.008152173913043478 0.007472826086956522
0 0.6684782608695652 0.27377717391304346 0.008152173913043478 0.007472826086956522
0 0.7404891304347826 0.015625 0.006114130434782609 0.005434782608695652
0 0.7309782608695652 0.015625 0.006114130434782609 0.005434782608695652
0 0.7364130434782609 0.002717391304347826 0.006114130434782609 0.005434782608695652
0 0.7466032608695652 0.002717391304347826 0.006114130434782609 0.005434782608695652
0 0.75 0.044157608695652176 0.004076086956521739 0.0033967391304347825
0 0.7581521739130435 0.04551630434782609 0.004076086956521739 0.0033967391304347825
0 0.7690217391304348 0.041440217391304345 0.004076086956521739 0.0033967391304347825
0 0.7676630434782609 0.05638586956521739 0.004076086956521739 0.0033967391304347825
0 0.7574728260869565 0.05638586956521739 0.006114130434782609 0.005434782608695652
0 0.7622282608695652 0.051630434782608696 0.004076086956521739 0.0033967391304347825
0 0.7778532608695652 0.050951086956521736 0.004076086956521739 0.0033967391304347825
0 0.8145380434782609 0.043478260869565216 0.004076086956521739 0.0033967391304347825
0 0.8226902173913043 0.036005434782608696 0.004076086956521739 0.0033967391304347825
0 0.8342391304347826 0.017663043478260868 0.004076086956521739 0.0033967391304347825
0 0.8403532608695652 0.030570652173913044 0.006114130434782609 0.005434782608695652
0 0.8498641304347826 0.033967391304347824 0.006114130434782609 0.005434782608695652
0 0.876358695652174 0.025815217391304348 0.006114130434782609 0.005434782608695652
0 0.8675271739130435 0.012228260869565218 0.006114130434782609 0.005434782608695652
0 0.8491847826086957 0.009510869565217392 0.004076086956521739 0.0033967391304347825
0 0.9341032608695652 0.001358695652173913 0.004076086956521739 0.002717391304347826
0 0.9612771739130435 0.03736413043478261 0.004076086956521739 0.0033967391304347825
0 0.9510869565217391 0.035326086956521736 0.004076086956521739 0.0033967391304347825
0 0.9551630434782609 0.02377717391304348 0.0020380434782608695 0.0020380434782608695
0 0.9993206521739131 0.0020380434782608695 0.001358695652173913 0.0033967391304347825
0 0.9898097826086957 0.0020380434782608695 0.0020380434782608695 0.0020380434782608695
0 0.907608695652174 0.07744565217391304 0.0020380434782608695 0.0020380434782608695
0 0.8967391304347826 0.07948369565217392 0.0020380434782608695 0.0020380434782608695
0 0.8926630434782609 0.06589673913043478 0.006114130434782609 0.005434782608695652
0 0.8811141304347826 0.09646739130434782 0.004076086956521739 0.0033967391304347825
0 0.8301630434782609 0.11820652173913043 0.004076086956521739 0.0033967391304347825
0 0.8206521739130435 0.11548913043478261 0.004076086956521739 0.0033967391304347825
0 0.8063858695652174 0.1358695652173913 0.004076086956521739 0.0033967391304347825
0 0.8043478260869565 0.14470108695652173 0.006114130434782609 0.005434782608695652
0 0.7934782608695652 0.15081521739130435 0.006114130434782609 0.005434782608695652
0 0.811141304347826 0.14266304347826086 0.006114130434782609 0.005434782608695652
0 0.6773097826086957 0.08899456521739131 0.006114130434782609 0.005434782608695652
0 0.7133152173913043 0.13722826086956522 0.006114130434782609 0.005434782608695652
0 0.6820652173913043 0.14266304347826086 0.006114130434782609 0.005434782608695652
0 0.7540760869565217 0.14334239130434784 0.006114130434782609 0.005434782608695652
0 0.7601902173913043 0.12839673913043478 0.004076086956521739 0.0033967391304347825
0 0.7466032608695652 0.14741847826086957 0.006114130434782609 0.005434782608695652
0 0.704483695652174 0.1983695652173913 0.008152173913043478 0.007472826086956522
0 0.8070652173913043 0.20584239130434784 0.008152173913043478 0.007472826086956522
0 0.826766304347826 0.18682065217391305 0.008152173913043478 0.007472826086956522
0 0.8552989130434783 0.14334239130434784 0.006114130434782609 0.005434782608695652
0 0.9028532608695652 0.16304347826086957 0.006114130434782609 0.005434782608695652
0 0.8947010869565217 0.18953804347826086 0.008152173913043478 0.007472826086956522
0 0.9239130434782609 0.1983695652173913 0.008152173913043478 0.007472826086956522
0 0.9429347826086957 0.19701086956521738 0.008152173913043478 0.007472826086956522
0 0.9592391304347826 0.23641304347826086 0.008152173913043478 0.007472826086956522
0 0.858016304347826 0.24048913043478262 0.008152173913043478 0.007472826086956522
0 0.8491847826086957 0.2112771739130435 0.008152173913043478 0.007472826086956522
0 0.8070652173913043 0.34782608695652173 0.012228260869565218 0.010869565217391304
0 0.7792119565217391 0.35733695652173914 0.012228260869565218 0.010869565217391304
0 0.9572010869565217 0.46127717391304346 0.016983695652173912 0.014945652173913044
0 0.829483695652174 0.5618206521739131 0.02309782608695652 0.020380434782608696
0 0.46535326086956524 0.9639945652173914 0.035326086956521736 0.03125