0 0.9456521739130435 0.7975543478260869 0.10869565217391304 0.1610054347826087
0 0.7472826086956522 0.7432065217391305 0.057065217391304345 0.05570652173913043
0 0.8620923913043478 0.7085597826086957 0.06997282608695653 0.06521739130434782
0 0.8634510869565217 0.6664402173913043 0.05434782608695652 0.046875
0 0.7364130434782609 0.6657608695652174 0.05366847826086957 0.051630434782608696
0 0.6630434782608695 0.654891304347826 0.057744565217391304 0.05638586956521739
0 0.9945652173913043 0.6182065217391305 0.010869565217391304 0.04619565217391304
0 0.47282608695652173 0.670516304347826 0.07404891304347826 0.07404891304347826
0 0.421195652173913 0.6644021739130435 0.042798913043478264 0.050951086956521736
0 0.059782608695652176 0.6283967391304348 0.057744565217391304 0.050271739130434784
0 0.029891304347826088 0.6046195652173914 0.04483695652173913 0.04551630434782609
0 0.10869565217391304 0.6127717391304348 0.042798913043478264 0.046875
0 0.014945652173913044 0.5822010869565217 0.029891304347826088 0.04483695652173913
0 0.5550271739130435 0.6555706521739131 0.058423913043478264 0.05298913043478261
0 0.6188858695652174 0.6487771739130435 0.04619565217391304 0.050271739130434784
0 0.2764945652173913 0.6066576086956522 0.04823369565217391 0.04483695652173913
0 0.22486413043478262 0.5930706521739131 0.036684782608695655 0.04008152173913043
0 0.21535326086956522 0.5699728260869565 0.024456521739130436 0.027853260869565216
0 0.266304347826087 0.5577445652173914 0.016983695652173912 0.024456521739130436
0 0.296875 0.5516304347826086 0.026494565217391304 0.025815217391304348
0 0.343070652173913 0.5584239130434783 0.024456521739130436 0.026494565217391304
0 0.40217391304347827 0.5373641304347826 0.024456521739130436 0.022418478260869564
0 0.44565217391304346 0.5360054347826086 0.024456521739130436 0.025135869565217392
0 0.48029891304347827 0.5475543478260869 0.010869565217391304 0.010869565217391304
0 0.5434782608695652 0.5618206521739131 0.021739130434782608 0.021739130434782608
0 0.5665760869565217 0.5618206521739131 0.022418478260869564 0.02377717391304348
0 0.5679347826086957 0.6046195652173914 0.036005434782608696 0.027853260869565216
0 0.5842391304347826 0.6182065217391305 0.04076086956521739 0.03872282608695652
0 0.5305706521739131 0.5862771739130435 0.027853260869565216 0.026494565217391304
0 0.45040760869565216 0.6188858695652174 0.04823369565217391 0.043478260869565216
0 0.4429347826086957 0.5835597826086957 0.036005434782608696 0.033967391304347824
0 0.4266304347826087 0.5706521739130435 0.026494565217391304 0.03328804347826087
0 0.36345108695652173 0.5978260869565217 0.036005434782608696 0.03736413043478261
0 0.391304347826087 0.6141304347826086 0.03872282608695652 0.03736413043478261
0 0.6256793478260869 0.5523097826086957 0.014945652173913044 0.014266304347826086
0 0.6351902173913043 0.5720108695652174 0.029211956521739132 0.035326086956521736
0 0.6222826086956522 0.6127717391304348 0.03328804347826087 0.033967391304347824
0 0.8519021739130435 0.6100543478260869 0.036684782608695655 0.03328804347826087
0 0.8145380434782609 0.6222826086956522 0.03192934782608696 0.03125
0 0.657608695652174 0.5971467391304348 0.03260869565217391 0.03736413043478261
0 0.8743206521739131 0.9014945652173914 0.16236413043478262 0.12296195652173914
0 0.6841032608695652 0.8498641304347826 0.15353260869565216 0.11548913043478261
0 0.7697010869565217 0.6372282608695652 0.050951086956521736 0.03804347826086957
0 0.8260869565217391 0.6501358695652174 0.05298913043478261 0.04076086956521739
0 0.8811141304347826 0.640625 0.042119565217391304 0.03125
0 0.8220108695652174 0.6949728260869565 0.08288043478260869 0.0625
0 0.938858695652174 0.592391304347826 0.01154891304347826 0.008831521739130434
0 0.8913043478260869 0.59375 0.026494565217391304 0.020380434782608696
0 0.3029891304347826 0.891983695652174 0.12228260869565218 0.09239130434782608
0 0.051630434782608696 0.8682065217391305 0.10326086956521739 0.07880434782608696
0 0.13994565217391305 0.7873641304347826 0.10665760869565218 0.08016304347826086
0 0.13926630434782608 0.6671195652173914 0.07472826086956522 0.05638586956521739
0 0.07404891304347826 0.5842391304347826 0.04483695652173913 0.033967391304347824
0 0.029211956521739132 0.5692934782608695 0.03872282608695652 0.029211956521739132
0 0.19021739130434784 0.5726902173913043 0.034646739130434784 0.026494565217391304
0 0.19021739130434784 0.546875 0.01154891304347826 0.008831521739130434
0 0.1827445652173913 0.5353260869565217 0.029891304347826088 0.022418478260869564
0 0.21535326086956522 0.5203804347826086 0.019021739130434784 0.014266304347826086
0 0.23505434782608695 0.5285326086956522 0.020380434782608696 0.015625
0 0.24456521739130435 0.5563858695652174 0.024456521739130436 0.018342391304347828
0 0.313179347826087 0.5373641304347826 0.015625 0.012228260869565218
0 0.36209239130434784 0.5584239130434783 0.03192934782608696 0.02377717391304348
0 0.43002717391304346 0.5373641304347826 0.02309782608695652 0.016983695652173912
0 0.49320652173913043 0.5618206521739131 0.028532608695652172 0.021739130434782608
0 0.5679347826086957 0.579483695652174 0.03192934782608696 0.024456521739130436
0 0.5108695652173914 0.5855978260869565 0.036684782608695655 0.027853260869565216
0 0.4422554347826087 0.6019021739130435 0.042119565217391304 0.03192934782608696
0 0.34714673913043476 0.5774456521739131 0.036684782608695655 0.027853260869565216
0 0.8417119565217391 0.6290760869565217 0.04755434782608696 0.036005434782608696
0 0.9884510869565217 0.5645380434782609 0.02309782608695652 0.036684782608695655
0 0.9055706521739131 0.5658967391304348 0.009510869565217392 0.007472826086956522
0 0.8369565217391305 0.5910326086956522 0.024456521739130436 0.018342391304347828
0 0.8131793478260869 0.6100543478260869 0.03736413043478261 0.027853260869565216
0 0.7941576086956522 0.5985054347826086 0.03804347826086957 0.028532608695652172
0 0.7676630434782609 0.5910326086956522 0.036005434782608696 0.02717391304347826
0 0.7697010869565217 0.6046195652173914 0.04076086956521739 0.03125
0 0.7309782608695652 0.595108695652174 0.03804347826086957 0.028532608695652172
0 0.6807065217391305 0.5584239130434783 0.01970108695652174 0.014266304347826086
0 0.6141304347826086 0.5869565217391305 0.034646739130434784 0.025815217391304348