0 0.4320652173913043 0.8016304347826086 0.05298913043478261 0.06317934782608696
0 0.688858695652174 0.8043478260869565 0.05434782608695652 0.06793478260869565
0 0.717391304347826 0.7914402173913043 0.04076086956521739 0.04619565217391304
0 0.9089673913043478 0.7934782608695652 0.07472826086956522 0.078125
0 0.20923913043478262 0.609375 0.046875 0.043478260869565216
0 0.34103260869565216 0.6052989130434783 0.04619565217391304 0.046875
0 0.4633152173913043 0.6188858695652174 0.044157608695652176 0.043478260869565216
0 0.6114130434782609 0.6664402173913043 0.036684782608695655 0.03328804347826087
0 0.7309782608695652 0.6589673913043478 0.04076086956521739 0.04076086956521739
0 0.8009510869565217 0.6460597826086957 0.050951086956521736 0.049592391304347824
0 0.8009510869565217 0.5964673913043478 0.03736413043478261 0.03804347826086957
0 0.7832880434782609 0.561141304347826 0.03260869565217391 0.034646739130434784
0 0.5733695652173914 0.5509510869565217 0.04551630434782609 0.04755434782608696
0 0.6745923913043478 0.5190217391304348 0.043478260869565216 0.04619565217391304
0 0.3111413043478261 0.5427989130434783 0.042119565217391304 0.036005434782608696
0 0.6711956521739131 0.4585597826086957 0.042798913043478264 0.04551630434782609
0 0.5896739130434783 0.469429347826087 0.042119565217391304 0.042119565217391304
0 0.2418478260869565 0.5 0.03804347826086957 0.029211956521739132
0 0.1358695652173913 0.46671195652173914 0.04483695652173913 0.041440217391304345
0 0.12567934782608695 0.4205163043478261 0.036684782608695655 0.03192934782608696
0 0.970108695652174 0.4232336956521739 0.036684782608695655 0.034646739130434784
0 0.9850543478260869 0.5584239130434783 0.029211956521739132 0.04076086956521739
0 0.8953804347826086 0.5264945652173914 0.03872282608695652 0.036684782608695655
0 0.9035326086956522 0.327445652173913 0.042119565217391304 0.03872282608695652
0 0.8620923913043478 0.2764945652173913 0.04076086956521739 0.03872282608695652
0 0.921875 0.23233695652173914 0.036005434782608696 0.035326086956521736
0 0.748641304347826 0.28940217391304346 0.04076086956521739 0.03736413043478261
0 0.734375 0.17391304347826086 0.04008152173913043 0.04076086956521739
0 0.8165760869565217 0.18478260869565216 0.03736413043478261 0.03872282608695652
0 0.764266304347826 0.07133152173913043 0.036005434782608696 0.035326086956521736
0 0.9001358695652174 0.015625 0.03804347826086957 0.028532608695652172
0 0.5081521739130435 0.13519021739130435 0.035326086956521736 0.03192934782608696
0 0.4320652173913043 0.10258152173913043 0.042798913043478264 0.03736413043478261
0 0.4164402173913043 0.19361413043478262 0.04551630434782609 0.034646739130434784
0 0.31657608695652173 0.20244565217391305 0.04076086956521739 0.04008152173913043
0 0.6929347826086957 0.32608695652173914 0.03872282608695652 0.04008152173913043
0 0.2235054347826087 0.38858695652173914 0.04076086956521739 0.041440217391304345
0 0.7588315217391305 0.8233695652173914 0.04619565217391304 0.04076086956521739
0 0.6168478260869565 0.7085597826086957 0.05570652173913043 0.042119565217391304
0 0.5502717391304348 0.7561141304347826 0.05570652173913043 0.042119565217391304
0 0.8213315217391305 0.7289402173913043 0.057744565217391304 0.043478260869565216
0 0.8512228260869565 0.43478260869565216 0.04619565217391304 0.034646739130434784
0 0.7466032608695652 0.39470108695652173 0.046875 0.035326086956521736
0 0.9456521739130435 0.09307065217391304 0.043478260869565216 0.03260869565217391
0 0.6630434782608695 0.07269021739130435 0.042119565217391304 0.03192934782608696
0 0.46875 0.14945652173913043 0.044157608695652176 0.03328804347826087
0 0.4157608695652174 0.1610054347826087 0.04483695652173913 0.03328804347826087
0 0.46467391304347827 0.25407608695652173 0.04551630434782609 0.034646739130434784
0 0.6059782608695652 0.25339673913043476 0.04483695652173913 0.033967391304347824
0 0.5400815217391305 0.29415760869565216 0.04619565217391304 0.034646739130434784
0 0.7133152173913043 0.389945652173913 0.046875 0.035326086956521736
0 0.4076086956521739 0.297554347826087 0.04483695652173913 0.033967391304347824
0 0.4313858695652174 0.33152173913043476 0.04755434782608696 0.035326086956521736
0 0.313179347826087 0.33695652173913043 0.044157608695652176 0.03328804347826087
0 0.2601902173913043 0.27853260869565216 0.044157608695652176 0.03328804347826087
0 0.3423913043478261 0.265625 0.04483695652173913 0.03328804347826087
0 0.07540760869565218 0.16304347826086957 0.04483695652173913 0.03328804347826087
0 0.20991847826086957 0.15760869565217392 0.04483695652173913 0.03328804347826087
0 0.234375 0.052309782608695655 0.044157608695652176 0.03328804347826087
0 0.08016304347826086 0.06114130434782609 0.04483695652173913 0.03328804347826087
0 0.9877717391304348 0.05366847826086957 0.024456521739130436 0.03125