0 0.050271739130434784 0.5577445652173914 0.01154891304347826 0.01154891304347826
0 0.03260869565217391 0.5855978260869565 0.01358695652173913 0.01154891304347826
0 0.31657608695652173 0.6182065217391305 0.052309782608695655 0.050951086956521736
0 0.28804347826086957 0.5896739130434783 0.02309782608695652 0.021739130434782608
0 0.25679347826086957 0.5815217391304348 0.021059782608695652 0.020380434782608696
0 0.31589673913043476 0.5822010869565217 0.026494565217391304 0.024456521739130436
0 0.35122282608695654 0.5733695652173914 0.016983695652173912 0.017663043478260868
0 0.4123641304347826 0.609375 0.016983695652173912 0.016304347826086956
0 0.43070652173913043 0.6182065217391305 0.017663043478260868 0.016304347826086956
0 0.4898097826086957 0.6168478260869565 0.012228260869565218 0.012907608695652174
0 0.5224184782608695 0.6222826086956522 0.020380434782608696 0.021739130434782608
0 0.5842391304347826 0.6019021739130435 0.017663043478260868 0.015625
0 0.5591032608695652 0.5699728260869565 0.012228260869565218 0.010869565217391304
0 0.6440217391304348 0.626358695652174 0.021739130434782608 0.025815217391304348
0 0.9476902173913043 0.6766304347826086 0.057065217391304345 0.07608695652173914
0 0.9442934782608695 0.5740489130434783 0.014945652173913044 0.012907608695652174
0 0.8260869565217391 0.5747282608695652 0.014945652173913044 0.012907608695652174
0 0.8104619565217391 0.608016304347826 0.016983695652173912 0.01358695652173913
0 0.779891304347826 0.5686141304347826 0.01358695652173913 0.01154891304347826
0 0.9680706521739131 0.5625 0.012228260869565218 0.012907608695652174
0 0.9904891304347826 0.5495923913043478 0.009510869565217392 0.009510869565217392
0 0.9769021739130435 0.5400815217391305 0.010869565217391304 0.008831521739130434
0 0.5353260869565217 0.5529891304347826 0.01154891304347826 0.010869565217391304
0 0.5061141304347826 0.5502717391304348 0.01154891304347826 0.010190217391304348
0 0.4633152173913043 0.5489130434782609 0.010190217391304348 0.008831521739130434
0 0.4422554347826087 0.5448369565217391 0.010190217391304348 0.009510869565217392
0 0.5978260869565217 0.5652173913043478 0.01154891304347826 0.010190217391304348
0 0.33152173913043476 0.5400815217391305 0.008152173913043478 0.008152173913043478
0 0.30910326086956524 0.5366847826086957 0.010190217391304348 0.010190217391304348
0 0.27921195652173914 0.5380434782608695 0.008152173913043478 0.008831521739130434
0 0.266304347826087 0.5380434782608695 0.01154891304347826 0.010190217391304348
0 0.250679347826087 0.546875 0.010190217391304348 0.009510869565217392
0 0.23980978260869565 0.5448369565217391 0.009510869565217392 0.009510869565217392
0 0.22894021739130435 0.5434782608695652 0.010190217391304348 0.010190217391304348
0 0.21195652173913043 0.5407608695652174 0.009510869565217392 0.01154891304347826
0 0.1949728260869565 0.5441576086956522 0.01154891304347826 0.01154891304347826
0 0.1949728260869565 0.5366847826086957 0.012228260869565218 0.01154891304347826
0 0.22010869565217392 0.5258152173913043 0.006793478260869565 0.008152173913043478
0 0.25203804347826086 0.5217391304347826 0.009510869565217392 0.008152173913043478
0 0.26970108695652173 0.5251358695652174 0.006793478260869565 0.008152173913043478
0 0.28804347826086957 0.5149456521739131 0.008152173913043478 0.008152173913043478
0 0.2826086956521739 0.5108695652173914 0.006793478260869565 0.006793478260869565
0 0.33084239130434784 0.5149456521739131 0.008152173913043478 0.008152173913043478
0 0.3186141304347826 0.515625 0.006793478260869565 0.006793478260869565
0 0.3532608695652174 0.532608695652174 0.006793478260869565 0.006793478260869565
0 0.3607336956521739 0.5366847826086957 0.009510869565217392 0.009510869565217392
0 0.3654891304347826 0.548233695652174 0.009510869565217392 0.010869565217391304
0 0.32404891304347827 0.5577445652173914 0.01154891304347826 0.01154891304347826
0 0.2601902173913043 0.5672554347826086 0.016983695652173912 0.017663043478260868
0 0.39741847826086957 0.545516304347826 0.009510869565217392 0.010190217391304348
0 0.33695652173913043 0.5006793478260869 0.006793478260869565 0.006114130434782609
0 0.281929347826087 0.5006793478260869 0.006793478260869565 0.006114130434782609
0 0.22214673913043478 0.5108695652173914 0.009510869565217392 0.009510869565217392
0 0.18885869565217392 0.5163043478260869 0.006793478260869565 0.006793478260869565
0 0.2105978260869565 0.5061141304347826 0.008152173913043478 0.008831521739130434
0 0.2078804347826087 0.5027173913043478 0.006114130434782609 0.005434782608695652
0 0.19361413043478262 0.5006793478260869 0.006114130434782609 0.006114130434782609
0 0.18546195652173914 0.49592391304347827 0.006793478260869565 0.006114130434782609
0 0.20516304347826086 0.4904891304347826 0.006114130434782609 0.006114130434782609
0 0.21195652173913043 0.4898097826086957 0.004076086956521739 0.005434782608695652
0 0.22282608695652173 0.4898097826086957 0.005434782608695652 0.005434782608695652
0 0.22282608695652173 0.5033967391304348 0.006114130434782609 0.005434782608695652
0 0.12839673913043478 0.44021739130434784 0.004076086956521739 0.004076086956521739
0 0.11413043478260869 0.4701086956521739 0.005434782608695652 0.004755434782608696
0 0.16236413043478262 0.46127717391304346 0.004076086956521739 0.004755434782608696
0 0.13654891304347827 0.47282608695652173 0.005434782608695652 0.005434782608695652
0 0.11752717391304347 0.48165760869565216 0.005434782608695652 0.005434782608695652
0 0.09850543478260869 0.47622282608695654 0.005434782608695652 0.004755434782608696
0 0.15489130434782608 0.49116847826086957 0.004076086956521739 0.004755434782608696
0 0.17323369565217392 0.5027173913043478 0.008152173913043478 0.008831521739130434
0 0.12907608695652173 0.49728260869565216 0.005434782608695652 0.004755434782608696
0 0.11684782608695653 0.4945652173913043 0.005434782608695652 0.004755434782608696
0 0.11141304347826086 0.49660326086956524 0.005434782608695652 0.006114130434782609
0 0.18070652173913043 0.5427989130434783 0.009510869565217392 0.010869565217391304
0 0.17323369565217392 0.5584239130434783 0.010190217391304348 0.010190217391304348
0 0.17255434782608695 0.5713315217391305 0.012228260869565218 0.010869565217391304
0 0.1487771739130435 0.5095108695652174 0.008152173913043478 0.008831521739130434
0 0.15760869565217392 0.516983695652174 0.008152173913043478 0.008831521739130434
0 0.15896739130434784 0.5292119565217391 0.010190217391304348 0.010190217391304348
0 0.11956521739130435 0.5509510869565217 0.012228260869565218 0.01154891304347826
0 0.12432065217391304 0.5394021739130435 0.010190217391304348 0.010190217391304348
0 0.08763586956521739 0.5271739130434783 0.01154891304347826 0.010190217391304348
0 0.03872282608695652 0.5264945652173914 0.008152173913043478 0.008152173913043478
0 0.06385869565217392 0.5149456521739131 0.006793478260869565 0.006114130434782609
0 0.08695652173913043 0.5061141304347826 0.006114130434782609 0.005434782608695652
0 0.11413043478260869 0.5183423913043478 0.006114130434782609 0.006114130434782609
0 0.12296195652173914 0.5122282608695652 0.006793478260869565 0.006793478260869565
0 0.13111413043478262 0.5203804347826086 0.008152173913043478 0.008152173913043478
0 0.14130434782608695 0.5210597826086957 0.006793478260869565 0.008152173913043478
0 0.14198369565217392 0.5033967391304348 0.006114130434782609 0.006114130434782609
0 0.07608695652173914 0.5033967391304348 0.006114130434782609 0.005434782608695652
0 0.07269021739130435 0.5033967391304348 0.005434782608695652 0.004755434782608696
0 0.036005434782608696 0.5033967391304348 0.004076086956521739 0.004755434782608696
0 0.01970108695652174 0.5 0.004076086956521739 0.004076086956521739
0 0.875 0.5631793478260869 0.01154891304347826 0.010869565217391304
0 0.33967391304347827 0.516983695652174 0.006793478260869565 0.006793478260869565
0 0.22758152173913043 0.5135869565217391 0.008152173913043478 0.008831521739130434
0 0.06114130434782609 0.6569293478260869 0.016304347826086956 0.012228260869565218
0 0.04619565217391304 0.6467391304347826 0.019021739130434784 0.014266304347826086
0 0.06182065217391304 0.563858695652174 0.014945652173913044 0.010869565217391304
0 0.07948369565217392 0.5665760869565217 0.01358695652173913 0.010190217391304348
0 0.09986413043478261 0.5720108695652174 0.01358695652173913 0.010190217391304348
0 0.06929347826086957 0.5563858695652174 0.012907608695652174 0.009510869565217392
0 0.2269021739130435 0.5998641304347826 0.025135869565217392 0.018342391304347828
0 0.16644021739130435 0.5788043478260869 0.012907608695652174 0.010190217391304348
0 0.14266304347826086 0.6148097826086957 0.01358695652173913 0.010190217391304348
0 0.14130434782608695 0.6100543478260869 0.01358695652173913 0.010190217391304348
0 0.1637228260869565 0.6039402173913043 0.022418478260869564 0.016983695652173912
0 0.17798913043478262 0.6134510869565217 0.024456521739130436 0.018342391304347828
0 0.37907608695652173 0.6134510869565217 0.03736413043478261 0.027853260869565216
0 0.35054347826086957 0.6019021739130435 0.03736413043478261 0.027853260869565216
0 0.37092391304347827 0.5835597826086957 0.020380434782608696 0.014945652173913044
0 0.5061141304347826 0.6875 0.029211956521739132 0.021739130434782608
0 0.47078804347826086 0.6134510869565217 0.019021739130434784 0.014266304347826086
0 0.45040760869565216 0.6086956521739131 0.018342391304347828 0.01358695652173913
0 0.45108695652173914 0.6154891304347826 0.019021739130434784 0.014266304347826086
0 0.44157608695652173 0.6066576086956522 0.018342391304347828 0.01358695652173913
0 0.43546195652173914 0.609375 0.019021739130434784 0.014266304347826086
0 0.5563858695652174 0.6297554347826086 0.02377717391304348 0.017663043478260868
0 0.6195652173913043 0.5686141304347826 0.014945652173913044 0.010869565217391304
0 0.6304347826086957 0.5652173913043478 0.01358695652173913 0.010869565217391304
0 0.6813858695652174 0.6582880434782609 0.028532608695652172 0.021059782608695652
0 0.8301630434782609 0.6671195652173914 0.059103260869565216 0.04483695652173913
0 0.9327445652173914 0.6304347826086957 0.049592391304347824 0.03736413043478261
0 0.9198369565217391 0.6460597826086957 0.05502717391304348 0.041440217391304345
0 0.9497282608695652 0.6514945652173914 0.057065217391304345 0.042798913043478264
0 0.9911684782608695 0.5985054347826086 0.017663043478260868 0.028532608695652172
0 0.923233695652174 0.5849184782608695 0.016304347826086956 0.01154891304347826
0 0.9864130434782609 0.5672554347826086 0.016983695652173912 0.012907608695652174
0 0.8899456521739131 0.5652173913043478 0.01358695652173913 0.010190217391304348
0 0.8682065217391305 0.5625 0.012907608695652174 0.010190217391304348
0 0.7860054347826086 0.6297554347826086 0.024456521739130436 0.018342391304347828
0 0.7724184782608695 0.6032608695652174 0.021059782608695652 0.015625
0 0.7989130434782609 0.5686141304347826 0.014945652173913044 0.01154891304347826
0 0.7221467391304348 0.5686141304347826 0.012907608695652174 0.009510869565217392
0 0.748641304347826 0.5801630434782609 0.016304347826086956 0.01154891304347826
0 0.9707880434782609 0.5645380434782609 0.01358695652173913 0.010190217391304348
0 0.9925271739130435 0.5557065217391305 0.005434782608695652 0.0033967391304347825
0 0.8987771739130435 0.561141304347826 0.01358695652173913 0.010190217391304348
0 0.923233695652174 0.545516304347826 0.01154891304347826 0.008831521739130434
0 0.9266304347826086 0.5502717391304348 0.012228260869565218 0.009510869565217392
0 0.9925271739130435 0.53125 0.010190217391304348 0.008152173913043478
0 0.9551630434782609 0.5230978260869565 0.008152173913043478 0.006114130434782609
0 0.9490489130434783 0.5101902173913043 0.006793478260869565 0.005434782608695652
0 0.9592391304347826 0.5095108695652174 0.006793478260869565 0.005434782608695652
0 0.7248641304347826 0.6365489130434783 0.025135869565217392 0.019021739130434784
0 0.6487771739130435 0.6066576086956522 0.021739130434782608 0.015625
0 0.5658967391304348 0.5557065217391305 0.012228260869565218 0.009510869565217392
0 0.47282608695652173 0.546875 0.01154891304347826 0.008831521739130434
0 0.421875 0.5461956521739131 0.01154891304347826 0.009510869565217392
0 0.654891304347826 0.5604619565217391 0.012907608695652174 0.009510869565217392
0 0.6073369565217391 0.5570652173913043 0.012228260869565218 0.008831521739130434
0 0.6188858695652174 0.5557065217391305 0.012228260869565218 0.008831521739130434
0 0.6324728260869565 0.5557065217391305 0.012228260869565218 0.008831521739130434
0 0.5971467391304348 0.5230978260869565 0.005434782608695652 0.0033967391304347825
0 0.6086956521739131 0.514266304347826 0.01154891304347826 0.008831521739130434
0 0.6182065217391305 0.5027173913043478 0.01154891304347826 0.008831521739130434
0 0.6256793478260869 0.5081521739130435 0.01154891304347826 0.009510869565217392
0 0.296875 0.5339673913043478 0.010869565217391304 0.008152173913043478
0 0.30434782608695654 0.5095108695652174 0.008152173913043478 0.006114130434782609
0 0.29891304347826086 0.5230978260869565 0.010190217391304348 0.007472826086956522
0 0.3328804347826087 0.5217391304347826 0.009510869565217392 0.006793478260869565
0 0.3498641304347826 0.5529891304347826 0.01358695652173913 0.010190217391304348
0 0.29483695652173914 0.5658967391304348 0.020380434782608696 0.014945652173913044
0 0.2751358695652174 0.5665760869565217 0.018342391304347828 0.014266304347826086
0 0.38790760869565216 0.5366847826086957 0.010190217391304348 0.007472826086956522
0 0.35665760869565216 0.5217391304347826 0.009510869565217392 0.006114130434782609
0 0.34782608695652173 0.5108695652173914 0.008152173913043478 0.006114130434782609
0 0.34171195652173914 0.5081521739130435 0.007472826086956522 0.006114130434782609
0 0.328125 0.5067934782608695 0.008152173913043478 0.006114130434782609
0 0.32540760869565216 0.5088315217391305 0.008152173913043478 0.006114130434782609
0 0.26222826086956524 0.501358695652174 0.007472826086956522 0.006114130434782609
0 0.203125 0.5074728260869565 0.008152173913043478 0.006793478260869565
0 0.20108695652173914 0.5047554347826086 0.007472826086956522 0.006114130434782609
0 0.20380434782608695 0.4986413043478261 0.007472826086956522 0.005434782608695652
0 0.19293478260869565 0.49796195652173914 0.007472826086956522 0.006114130434782609
0 0.18206521739130435 0.5020380434782609 0.007472826086956522 0.006114130434782609
0 0.18206521739130435 0.4938858695652174 0.006793478260869565 0.005434782608695652
0 0.17730978260869565 0.4945652173913043 0.006793478260869565 0.005434782608695652
0 0.1766304347826087 0.48845108695652173 0.006793478260869565 0.005434782608695652
0 0.1793478260869565 0.4891304347826087 0.006114130434782609 0.004755434782608696
0 0.1793478260869565 0.485054347826087 0.006114130434782609 0.005434782608695652
0 0.1827445652173913 0.48777173913043476 0.006114130434782609 0.004076086956521739
0 0.18953804347826086 0.4891304347826087 0.005434782608695652 0.004076086956521739
0 0.20108695652173914 0.48641304347826086 0.005434782608695652 0.0033967391304347825
0 0.21875 0.483695652173913 0.004755434782608696 0.002717391304347826
0 0.21603260869565216 0.49592391304347827 0.006793478260869565 0.005434782608695652
0 0.20855978260869565 0.49796195652173914 0.006793478260869565 0.006114130434782609
0 0.3029891304347826 0.5040760869565217 0.008152173913043478 0.006114130434782609
0 0.19769021739130435 0.4633152173913043 0.004755434782608696 0.0033967391304347825
0 0.203125 0.468070652173913 0.005434782608695652 0.004076086956521739
0 0.18953804347826086 0.46127717391304346 0.004755434782608696 0.004076086956521739
0 0.18206521739130435 0.47146739130434784 0.005434782608695652 0.0033967391304347825
0 0.18070652173913043 0.4585597826086957 0.005434782608695652 0.004076086956521739
0 0.18070652173913043 0.4673913043478261 0.004755434782608696 0.0033967391304347825
0 0.1793478260869565 0.4429347826086957 0.004755434782608696 0.0033967391304347825
0 0.18546195652173914 0.44565217391304346 0.005434782608695652 0.0033967391304347825
0 0.19429347826086957 0.438179347826087 0.004076086956521739 0.0033967391304347825
0 0.20040760869565216 0.4436141304347826 0.004755434782608696 0.0033967391304347825
0 0.21195652173913043 0.43410326086956524 0.004076086956521739 0.002717391304347826
0 0.21875 0.4436141304347826 0.004076086956521739 0.002717391304347826
0 0.23980978260869565 0.44157608695652173 0.0033967391304347825 0.0020380434782608695
0 0.20855978260869565 0.45720108695652173 0.004755434782608696 0.004076086956521739
0 0.21739130434782608 0.46059782608695654 0.005434782608695652 0.0033967391304347825
0 0.21671195652173914 0.45720108695652173 0.004755434782608696 0.004076086956521739
0 0.21195652173913043 0.45652173913043476 0.004755434782608696 0.0033967391304347825
0 0.250679347826087 0.44157608695652173 0.0033967391304347825 0.0020380434782608695
0 0.15964673913043478 0.44497282608695654 0.004755434782608696 0.0033967391304347825
0 0.17255434782608695 0.44497282608695654 0.004755434782608696 0.0033967391304347825
0 0.15828804347826086 0.44089673913043476 0.004076086956521739 0.002717391304347826
0 0.14673913043478262 0.44157608695652173 0.004755434782608696 0.004076086956521739
0 0.1331521739130435 0.44633152173913043 0.005434782608695652 0.004076086956521739
0 0.11752717391304347 0.4388586956521739 0.004755434782608696 0.004076086956521739
0 0.11141304347826086 0.4375 0.004755434782608696 0.0033967391304347825
0 0.10054347826086957 0.44021739130434784 0.004755434782608696 0.0033967391304347825
0 0.08967391304347826 0.43546195652173914 0.004755434782608696 0.0033967391304347825
0 0.07540760869565218 0.438179347826087 0.004755434782608696 0.004076086956521739
0 0.07269021739130435 0.44021739130434784 0.005434782608695652 0.004076086956521739
0 0.06657608695652174 0.44157608695652173 0.004755434782608696 0.004076086956521739
0 0.06385869565217392 0.44157608695652173 0.004755434782608696 0.004076086956521739
0 0.05570652173913043 0.4436141304347826 0.004755434782608696 0.0033967391304347825
0 0.07608695652173914 0.43410326086956524 0.004755434782608696 0.004076086956521739
0 0.09578804347826086 0.45720108695652173 0.005434782608695652 0.004076086956521739
0 0.08899456521739131 0.44904891304347827 0.005434782608695652 0.004076086956521739
0 0.09578804347826086 0.44497282608695654 0.005434782608695652 0.004076086956521739
0 0.09782608695652174 0.4483695652173913 0.005434782608695652 0.004076086956521739
0 0.11752717391304347 0.45040760869565216 0.004755434782608696 0.0033967391304347825
0 0.10258152173913043 0.46875 0.005434782608695652 0.004076086956521739
0 0.10869565217391304 0.46467391304347827 0.005434782608695652 0.004076086956521739
0 0.10122282608695653 0.46467391304347827 0.006114130434782609 0.004076086956521739
0 0.08152173913043478 0.45991847826086957 0.005434782608695652 0.004076086956521739
0 0.06929347826086957 0.46535326086956524 0.005434782608695652 0.004076086956521739
0 0.06997282608695653 0.45040760869565216 0.005434782608695652 0.0033967391304347825
0 0.059103260869565216 0.4483695652173913 0.005434782608695652 0.0033967391304347825
0 0.12160326086956522 0.4673913043478261 0.005434782608695652 0.004076086956521739
0 0.12771739130434784 0.4639945652173913 0.005434782608695652 0.004076086956521739
0 0.13722826086956522 0.4639945652173913 0.005434782608695652 0.004076086956521739
0 0.14402173913043478 0.46059782608695654 0.005434782608695652 0.004076086956521739
0 0.14945652173913043 0.46467391304347827 0.005434782608695652 0.004076086956521739
0 0.15557065217391305 0.4633152173913043 0.005434782608695652 0.004755434782608696
0 0.17051630434782608 0.45991847826086957 0.005434782608695652 0.004076086956521739
0 0.16915760869565216 0.452445652173913 0.004755434782608696 0.004076086956521739
0 0.14741847826086957 0.47078804347826086 0.005434782608695652 0.004755434782608696
0 0.12296195652173914 0.48233695652173914 0.006114130434782609 0.004755434782608696
0 0.12092391304347826 0.4748641304347826 0.006114130434782609 0.004076086956521739
0 0.08967391304347826 0.485054347826087 0.006114130434782609 0.004076086956521739
0 0.08084239130434782 0.484375 0.006114130434782609 0.004755434782608696
0 0.08627717391304347 0.4748641304347826 0.006114130434782609 0.004755434782608696
0 0.14402173913043478 0.48777173913043476 0.006114130434782609 0.004755434782608696
0 0.14130434782608695 0.49116847826086957 0.006114130434782609 0.004755434782608696
0 0.15828804347826086 0.49796195652173914 0.006793478260869565 0.005434782608695652
0 0.1637228260869565 0.49796195652173914 0.006793478260869565 0.005434782608695652
0 0.16304347826086957 0.49320652173913043 0.006114130434782609 0.004755434782608696
0 0.16983695652173914 0.49184782608695654 0.006114130434782609 0.005434782608695652
0 0.17323369565217392 0.4986413043478261 0.007472826086956522 0.006114130434782609
0 0.11413043478260869 0.49184782608695654 0.006114130434782609 0.005434782608695652
0 0.09714673913043478 0.49252717391304346 0.006114130434782609 0.004755434782608696
0 0.1324728260869565 0.49252717391304346 0.006793478260869565 0.004755434782608696
0 0.18138586956521738 0.5339673913043478 0.01154891304347826 0.008831521739130434
0 0.18070652173913043 0.546875 0.012228260869565218 0.009510869565217392
0 0.16983695652173914 0.5081521739130435 0.008152173913043478 0.006114130434782609
0 0.17798913043478262 0.5081521739130435 0.008152173913043478 0.006114130434782609
0 0.15625 0.5047554347826086 0.008152173913043478 0.006114130434782609
0 0.11277173913043478 0.532608695652174 0.01154891304347826 0.008831521739130434
0 0.07269021739130435 0.5271739130434783 0.010190217391304348 0.007472826086956522
0 0.050951086956521736 0.5292119565217391 0.010869565217391304 0.007472826086956522
0 0.030570652173913044 0.5332880434782609 0.010869565217391304 0.008152173913043478
0 0.017663043478260868 0.546875 0.01358695652173913 0.010190217391304348
0 0.006793478260869565 0.5427989130434783 0.012907608695652174 0.010869565217391304
0 0.0033967391304347825 0.5366847826086957 0.006114130434782609 0.009510869565217392
0 0.02309782608695652 0.5271739130434783 0.010869565217391304 0.008152173913043478
0 0.03260869565217391 0.5210597826086957 0.009510869565217392 0.006793478260869565
0 0.07201086956521739 0.5176630434782609 0.009510869565217392 0.006793478260869565
0 0.05638586956521739 0.5176630434782609 0.009510869565217392 0.006793478260869565
0 0.09307065217391304 0.514266304347826 0.009510869565217392 0.006114130434782609
0 0.08491847826086957 0.5183423913043478 0.009510869565217392 0.006793478260869565
0 0.10869565217391304 0.5054347826086957 0.006793478260869565 0.005434782608695652
0 0.11548913043478261 0.5108695652173914 0.007472826086956522 0.006114130434782609
0 0.12296195652173914 0.5237771739130435 0.010190217391304348 0.007472826086956522
0 0.13519021739130435 0.514266304347826 0.008152173913043478 0.006114130434782609
0 0.14266304347826086 0.5074728260869565 0.007472826086956522 0.006114130434782609
0 0.13926630434782608 0.49796195652173914 0.006114130434782609 0.004755434782608696
0 0.13790760869565216 0.5074728260869565 0.008152173913043478 0.006114130434782609
0 0.10190217391304347 0.4986413043478261 0.006114130434782609 0.004755434782608696
0 0.08355978260869565 0.501358695652174 0.006793478260869565 0.005434782608695652
0 0.057065217391304345 0.5067934782608695 0.006793478260869565 0.004755434782608696
0 0.046875 0.5088315217391305 0.006793478260869565 0.005434782608695652
0 0.01970108695652174 0.5067934782608695 0.006793478260869565 0.005434782608695652
0 0.019021739130434784 0.5095108695652174 0.007472826086956522 0.006114130434782609
0 0.0020380434782608695 0.48777173913043476 0.004076086956521739 0.005434782608695652
0 0.008831521739130434 0.4904891304347826 0.006114130434782609 0.004755434782608696
0 0.014945652173913044 0.4952445652173913 0.005434782608695652 0.004076086956521739
0 0.024456521739130436 0.48097826086956524 0.005434782608695652 0.0033967391304347825
0 0.004076086956521739 0.5108695652173914 0.007472826086956522 0.006114130434782609
0 0.0020380434782608695 0.47758152173913043 0.004076086956521739 0.0033967391304347825
0 0.8417119565217391 0.561141304347826 0.01358695652173913 0.010190217391304348
0 0.8206521739130435 0.5625 0.01358695652173913 0.009510869565217392
0 0.8118206521739131 0.561141304347826 0.012907608695652174 0.010190217391304348
0 0.796875 0.5631793478260869 0.01358695652173913 0.010190217391304348
0 0.7751358695652174 0.5889945652173914 0.017663043478260868 0.01358695652173913
0 0.49184782608695654 0.5427989130434783 0.01154891304347826 0.008831521739130434
0 0.48165760869565216 0.5427989130434783 0.01154891304347826 0.008831521739130434
0 0.5271739130434783 0.5407608695652174 0.01154891304347826 0.008152173913043478
0 0.5557065217391305 0.5550271739130435 0.012228260869565218 0.008831521739130434
0 0.28464673913043476 0.5040760869565217 0.008152173913043478 0.006114130434782609
0 0.26154891304347827 0.5081521739130435 0.008152173913043478 0.006114130434782609