0 0.19972826086956522 0.8498641304347826 0.03872282608695652 0.09375
0 0.7527173913043478 0.7160326086956522 0.042798913043478264 0.07880434782608696
0 0.0020380434782608695 0.6182065217391305 0.004076086956521739 0.035326086956521736
0 0.007472826086956522 0.5883152173913043 0.014945652173913044 0.035326086956521736
0 0.014266304347826086 0.5631793478260869 0.01358695652173913 0.022418478260869564
0 0.03804347826086957 0.5495923913043478 0.01154891304347826 0.022418478260869564
0 0.05502717391304348 0.561141304347826 0.014945652173913044 0.026494565217391304
0 0.05366847826086957 0.5855978260869565 0.01358695652173913 0.026494565217391304
0 0.051630434782608696 0.6175271739130435 0.017663043478260868 0.033967391304347824
0 0.035326086956521736 0.6059782608695652 0.014945652173913044 0.027853260869565216
0 0.042798913043478264 0.6555706521739131 0.025135869565217392 0.04891304347826087
0 0.029211956521739132 0.6868206521739131 0.02717391304347826 0.04891304347826087
0 0.059103260869565216 0.6752717391304348 0.025135869565217392 0.052309782608695655
0 0.18138586956521738 0.6372282608695652 0.025135869565217392 0.04483695652173913
0 0.109375 0.6453804347826086 0.02717391304347826 0.052309782608695655
0 0.28464673913043476 0.7506793478260869 0.028532608695652172 0.05638586956521739
0 0.4048913043478261 0.6793478260869565 0.019021739130434784 0.043478260869565216
0 0.40625 0.6338315217391305 0.019021739130434784 0.035326086956521736
0 0.4830163043478261 0.6535326086956522 0.025135869565217392 0.04483695652173913
0 0.5108695652173914 0.6623641304347826 0.025135869565217392 0.050951086956521736
0 0.078125 0.5869565217391305 0.014945652173913044 0.029891304347826088
0 0.08899456521739131 0.5686141304347826 0.014945652173913044 0.029891304347826088
0 0.16236413043478262 0.5692934782608695 0.01154891304347826 0.022418478260869564
0 0.19972826086956522 0.5815217391304348 0.01154891304347826 0.022418478260869564
0 0.21671195652173914 0.5672554347826086 0.01154891304347826 0.022418478260869564
0 0.25339673913043476 0.5692934782608695 0.01358695652173913 0.027853260869565216
0 0.27445652173913043 0.5808423913043478 0.01358695652173913 0.024456521739130436
0 0.3023097826086957 0.5740489130434783 0.014945652173913044 0.029891304347826088
0 0.3172554347826087 0.578125 0.01154891304347826 0.024456521739130436
0 0.37092391304347827 0.6039402173913043 0.019021739130434784 0.035326086956521736
0 0.47282608695652173 0.6182065217391305 0.017663043478260868 0.033967391304347824
0 0.08220108695652174 0.5319293478260869 0.006114130434782609 0.016983695652173912
0 0.09510869565217392 0.546875 0.008831521739130434 0.016983695652173912
0 0.11141304347826086 0.5394021739130435 0.008831521739130434 0.016983695652173912
0 0.12228260869565218 0.5543478260869565 0.008831521739130434 0.020380434782608696
0 0.14130434782608695 0.5591032608695652 0.010190217391304348 0.022418478260869564
0 0.17051630434782608 0.5353260869565217 0.008831521739130434 0.014945652173913044
0 0.18546195652173914 0.5550271739130435 0.01154891304347826 0.022418478260869564
0 0.19904891304347827 0.5414402173913043 0.008831521739130434 0.016983695652173912
0 0.22418478260869565 0.5441576086956522 0.008831521739130434 0.016983695652173912
0 0.22146739130434784 0.5835597826086957 0.01154891304347826 0.027853260869565216
0 0.23301630434782608 0.5550271739130435 0.008831521739130434 0.020380434782608696
0 0.26902173913043476 0.5597826086956522 0.010190217391304348 0.016983695652173912
0 0.3016304347826087 0.5495923913043478 0.010190217391304348 0.014945652173913044
0 0.32133152173913043 0.5550271739130435 0.010190217391304348 0.016983695652173912
0 0.31521739130434784 0.5387228260869565 0.008831521739130434 0.014945652173913044
0 0.34103260869565216 0.5461956521739131 0.008831521739130434 0.016983695652173912
0 0.35054347826086957 0.5495923913043478 0.008831521739130434 0.016983695652173912
0 0.3607336956521739 0.5550271739130435 0.010190217391304348 0.020380434782608696
0 0.4001358695652174 0.5713315217391305 0.019021739130434784 0.033967391304347824
0 0.44429347826086957 0.5665760869565217 0.01154891304347826 0.022418478260869564
0 0.44904891304347827 0.5536684782608695 0.010190217391304348 0.016983695652173912
0 0.27785326086956524 0.5373641304347826 0.006114130434782609 0.014945652173913044
0 0.26834239130434784 0.5400815217391305 0.010190217391304348 0.016983695652173912
0 0.44497282608695654 0.6059782608695652 0.017663043478260868 0.033967391304347824
0 0.5849184782608695 0.6175271739130435 0.01970108695652174 0.033967391304347824
0 0.5985054347826086 0.6324728260869565 0.02377717391304348 0.04483695652173913
0 0.657608695652174 0.623641304347826 0.01970108695652174 0.03736413043478261
0 0.6976902173913043 0.6039402173913043 0.01970108695652174 0.03736413043478261
0 0.5991847826086957 0.6820652173913043 0.01970108695652174 0.04483695652173913
0 0.7724184782608695 0.7404891304347826 0.029891304347826088 0.052309782608695655
0 0.3226902173913043 0.7479619565217391 0.036005434782608696 0.05434782608695652
0 0.5067934782608695 0.7683423913043478 0.03125 0.046875
0 0.6875 0.7289402173913043 0.03736413043478261 0.05638586956521739
0 0.012907608695652174 0.5394021739130435 0.012228260869565218 0.019021739130434784
0 0.016304347826086956 0.6453804347826086 0.025135869565217392 0.03736413043478261
0 0.01358695652173913 0.6657608695652174 0.02717391304347826 0.041440217391304345
0 0.23165760869565216 0.8145380434782609 0.043478260869565216 0.06589673913043478
0 0.15896739130434784 0.7635869565217391 0.04008152173913043 0.059782608695652176
0 0.250679347826087 0.6283967391304348 0.021059782608695652 0.029891304347826088
0 0.42866847826086957 0.7126358695652174 0.02717391304347826 0.041440217391304345
0 0.3797554347826087 0.6460597826086957 0.021059782608695652 0.03192934782608696
0 0.36345108695652173 0.6474184782608695 0.021059782608695652 0.03192934782608696
0 0.548233695652174 0.6460597826086957 0.02377717391304348 0.035326086956521736
0 0.13043478260869565 0.5740489130434783 0.016304347826086956 0.022418478260869564
0 0.17798913043478262 0.5747282608695652 0.016304347826086956 0.024456521739130436
0 0.23029891304347827 0.5815217391304348 0.014945652173913044 0.022418478260869564
0 0.39741847826086957 0.6127717391304348 0.019021739130434784 0.027853260869565216
0 0.49660326086956524 0.5930706521739131 0.017663043478260868 0.026494565217391304
0 0.5006793478260869 0.561141304347826 0.01358695652173913 0.019021739130434784
0 0.47078804347826086 0.5964673913043478 0.019021739130434784 0.027853260869565216
0 0.07201086956521739 0.546875 0.01154891304347826 0.016983695652173912
0 0.11956521739130435 0.546875 0.010190217391304348 0.014945652173913044
0 0.1331521739130435 0.5441576086956522 0.010190217391304348 0.014945652173913044
0 0.12364130434782608 0.5421195652173914 0.010190217391304348 0.014945652173913044
0 0.10394021739130435 0.5278532608695652 0.004755434782608696 0.007472826086956522
0 0.09850543478260869 0.5353260869565217 0.007472826086956522 0.01154891304347826
0 0.15760869565217392 0.5448369565217391 0.010190217391304348 0.014945652173913044
0 0.14470108695652173 0.5346467391304348 0.008831521739130434 0.012907608695652174
0 0.17595108695652173 0.5489130434782609 0.01154891304347826 0.016983695652173912
0 0.18682065217391305 0.5441576086956522 0.01154891304347826 0.014945652173913044
0 0.21195652173913043 0.5584239130434783 0.012228260869565218 0.016983695652173912
0 0.2452445652173913 0.5536684782608695 0.01154891304347826 0.016983695652173912
0 0.12092391304347826 0.5788043478260869 0.014945652173913044 0.024456521739130436
0 0.34782608695652173 0.5495923913043478 0.010190217391304348 0.014945652173913044
0 0.37907608695652173 0.5597826086956522 0.012228260869565218 0.020380434782608696
0 0.37839673913043476 0.5733695652173914 0.014945652173913044 0.024456521739130436
0 0.43342391304347827 0.5584239130434783 0.01358695652173913 0.020380434782608696
0 0.4320652173913043 0.5516304347826086 0.01358695652173913 0.019021739130434784
0 0.44497282608695654 0.5516304347826086 0.012228260869565218 0.019021739130434784
0 0.44157608695652173 0.5536684782608695 0.012228260869565218 0.019021739130434784
0 0.42459239130434784 0.5509510869565217 0.012228260869565218 0.020380434782608696
0 0.41779891304347827 0.5461956521739131 0.01154891304347826 0.016983695652173912
0 0.4110054347826087 0.5394021739130435 0.010190217391304348 0.014945652173913044
0 0.2561141304347826 0.5441576086956522 0.010190217391304348 0.014945652173913044
0 0.5862771739130435 0.5645380434782609 0.017663043478260868 0.024456521739130436
0 0.3892663043478261 0.5346467391304348 0.004076086956521739 0.007472826086956522
0 0.3607336956521739 0.6059782608695652 0.019021739130434784 0.027853260869565216
0 0.6759510869565217 0.6114130434782609 0.01970108695652174 0.029891304347826088
0 0.6222826086956522 0.6868206521739131 0.035326086956521736 0.052309782608695655
0 0.6630434782608695 0.6399456521739131 0.026494565217391304 0.03736413043478261
0 0.6460597826086957 0.5720108695652174 0.008831521739130434 0.012907608695652174
0 0.7309782608695652 0.735733695652174 0.03736413043478261 0.05638586956521739
0 0.545516304347826 0.7948369565217391 0.03125 0.046875