0 0.998641304347826 0.9069293478260869 0.002717391304347826 0.01154891304347826
0 0.9028532608695652 0.8539402173913043 0.012907608695652174 0.012907608695652174
0 0.9334239130434783 0.8240489130434783 0.01358695652173913 0.01154891304347826
0 0.96875 0.7914402173913043 0.008152173913043478 0.008831521739130434
0 0.9375 0.7785326086956522 0.010190217391304348 0.010190217391304348
0 0.8974184782608695 0.765625 0.010190217391304348 0.010869565217391304
0 0.8845108695652174 0.765625 0.008152173913043478 0.008831521739130434
0 0.5244565217391305 0.9796195652173914 0.014945652173913044 0.01358695652173913
0 0.3763586956521739 0.8396739130434783 0.010190217391304348 0.008831521739130434
0 0.406929347826087 0.8525815217391305 0.010190217391304348 0.008831521739130434
0 0.4701086956521739 0.8872282608695652 0.010190217391304348 0.010190217391304348
0 0.5414402173913043 0.9164402173913043 0.010190217391304348 0.010190217391304348
0 0.829483695652174 0.9116847826086957 0.012907608695652174 0.010869565217391304
0 0.8063858695652174 0.891983695652174 0.010869565217391304 0.010869565217391304
0 0.782608695652174 0.8817934782608695 0.010190217391304348 0.010190217391304348
0 0.7377717391304348 0.8661684782608695 0.010869565217391304 0.008831521739130434
0 0.639266304347826 0.8349184782608695 0.010869565217391304 0.010869565217391304
0 0.6086956521739131 0.8131793478260869 0.010869565217391304 0.010190217391304348
0 0.5672554347826086 0.795516304347826 0.010869565217391304 0.010190217391304348
0 0.48029891304347827 0.7615489130434783 0.010869565217391304 0.010190217391304348
0 0.5516304347826086 0.8512228260869565 0.012907608695652174 0.01154891304347826
0 0.592391304347826 0.8729619565217391 0.012907608695652174 0.010869565217391304
0 0.20108695652173914 0.8376358695652174 0.010190217391304348 0.010190217391304348
0 0.24932065217391305 0.7866847826086957 0.010869565217391304 0.010869565217391304
0 0.22486413043478262 0.7730978260869565 0.010869565217391304 0.008831521739130434
0 0.17391304347826086 0.7472826086956522 0.010869565217391304 0.010869565217391304
0 0.15013586956521738 0.7398097826086957 0.014945652173913044 0.01358695652173913
0 0.14266304347826086 0.6766304347826086 0.010190217391304348 0.009510869565217392
0 0.19633152173913043 0.6997282608695652 0.012907608695652174 0.01154891304347826
0 0.23777173913043478 0.7207880434782609 0.014945652173913044 0.014266304347826086
0 0.30434782608695654 0.735733695652174 0.01358695652173913 0.01358695652173913
0 0.35122282608695654 0.7574728260869565 0.010869565217391304 0.01154891304347826
0 0.3172554347826087 0.7527173913043478 0.010190217391304348 0.010190217391304348
0 0.40353260869565216 0.7289402173913043 0.010190217391304348 0.008831521739130434
0 0.3654891304347826 0.71875 0.010190217391304348 0.010190217391304348
0 0.32133152173913043 0.6908967391304348 0.010869565217391304 0.010869565217391304
0 0.29415760869565216 0.6800271739130435 0.01358695652173913 0.01358695652173913
0 0.26358695652173914 0.6739130434782609 0.010869565217391304 0.010869565217391304
0 0.2425271739130435 0.6684782608695652 0.01358695652173913 0.01154891304347826
0 0.26970108695652173 0.6195652173913043 0.010190217391304348 0.008831521739130434
0 0.38790760869565216 0.6589673913043478 0.010190217391304348 0.009510869565217392
0 0.4164402173913043 0.6779891304347826 0.008152173913043478 0.008152173913043478
0 0.46603260869565216 0.6922554347826086 0.010190217391304348 0.008831521739130434
0 0.6331521739130435 0.6630434782608695 0.008152173913043478 0.008152173913043478
0 0.6168478260869565 0.703125 0.010869565217391304 0.009510869565217392
0 0.5570652173913043 0.7302989130434783 0.008152173913043478 0.008152173913043478
0 0.5944293478260869 0.7432065217391305 0.012228260869565218 0.01154891304347826
0 0.6460597826086957 0.764266304347826 0.010190217391304348 0.008831521739130434
0 0.8349184782608695 0.8491847826086957 0.01358695652173913 0.012907608695652174
0 0.8091032608695652 0.8335597826086957 0.010869565217391304 0.01154891304347826
0 0.717391304347826 0.8077445652173914 0.008152173913043478 0.008831521739130434
0 0.8315217391304348 0.7377717391304348 0.010869565217391304 0.010190217391304348
0 0.7479619565217391 0.7547554347826086 0.010869565217391304 0.01154891304347826
0 0.6881793478260869 0.7323369565217391 0.010190217391304348 0.008831521739130434
0 0.7302989130434783 0.6480978260869565 0.010869565217391304 0.009510869565217392
0 0.6908967391304348 0.6311141304347826 0.010190217391304348 0.008831521739130434
0 0.7418478260869565 0.609375 0.010190217391304348 0.008831521739130434
0 0.9979619565217391 0.701766304347826 0.0033967391304347825 0.010190217391304348
0 0.967391304347826 0.7350543478260869 0.010869565217391304 0.010869565217391304
0 0.923233695652174 0.720108695652174 0.010190217391304348 0.008831521739130434
0 0.998641304347826 0.4891304347826087 0.002717391304347826 0.010869565217391304
0 0.9789402173913043 0.48165760869565216 0.010190217391304348 0.009510869565217392
0 0.5869565217391305 0.45584239130434784 0.01358695652173913 0.012907608695652174
0 0.6711956521739131 0.47554347826086957 0.010190217391304348 0.010190217391304348
0 0.6875 0.49184782608695654 0.012907608695652174 0.009510869565217392
0 0.7146739130434783 0.5040760869565217 0.010869565217391304 0.010869565217391304
0 0.6922554347826086 0.46467391304347827 0.010869565217391304 0.010869565217391304
0 0.6745923913043478 0.45652173913043476 0.012228260869565218 0.010190217391304348
0 0.7364130434782609 0.48233695652173914 0.010869565217391304 0.010190217391304348
0 0.7228260869565217 0.4782608695652174 0.025815217391304348 0.024456521739130436
0 0.7235054347826086 0.42866847826086957 0.012228260869565218 0.01154891304347826
0 0.7649456521739131 0.44904891304347827 0.010869565217391304 0.010869565217391304
0 0.7975543478260869 0.45516304347826086 0.01358695652173913 0.012907608695652174
0 0.6501358695652174 0.47282608695652173 0.010190217391304348 0.010869565217391304
0 0.6005434782608695 0.5414402173913043 0.010869565217391304 0.01154891304347826
0 0.6793478260869565 0.5380434782608695 0.010190217391304348 0.008831521739130434
0 0.8002717391304348 0.5394021739130435 0.007472826086956522 0.005434782608695652
0 0.8430706521739131 0.548233695652174 0.010190217391304348 0.008831521739130434
0 0.8688858695652174 0.5577445652173914 0.010190217391304348 0.010869565217391304
0 0.9415760869565217 0.5414402173913043 0.012228260869565218 0.010869565217391304
0 0.9150815217391305 0.5 0.010869565217391304 0.010190217391304348
0 0.48165760869565216 0.5122282608695652 0.010190217391304348 0.008831521739130434
0 0.5047554347826086 0.516983695652174 0.010869565217391304 0.010869565217391304
0 0.3389945652173913 0.5067934782608695 0.012228260869565218 0.012907608695652174
0 0.36752717391304346 0.5190217391304348 0.012228260869565218 0.010869565217391304
0 0.38722826086956524 0.5230978260869565 0.012228260869565218 0.01154891304347826
0 0.41915760869565216 0.5332880434782609 0.010190217391304348 0.010190217391304348
0 0.3919836956521739 0.5686141304347826 0.010869565217391304 0.010869565217391304
0 0.43070652173913043 0.5855978260869565 0.010190217391304348 0.009510869565217392
0 0.4232336956521739 0.6277173913043478 0.007472826086956522 0.008152173913043478
0 0.30027173913043476 0.5754076086956522 0.010190217391304348 0.009510869565217392
0 0.31589673913043476 0.545516304347826 0.027853260869565216 0.02309782608695652
0 0.34782608695652173 0.5346467391304348 0.012228260869565218 0.01154891304347826
0 0.5652173913043478 0.5896739130434783 0.010190217391304348 0.008831521739130434
0 0.5271739130434783 0.5760869565217391 0.01358695652173913 0.01154891304347826
0 0.9714673913043478 0.8654891304347826 0.01358695652173913 0.010190217391304348
0 0.9266304347826086 0.8688858695652174 0.012907608695652174 0.010190217391304348
0 0.3845108695652174 0.9755434782608695 0.014945652173913044 0.01154891304347826
0 0.43953804347826086 0.8770380434782609 0.012907608695652174 0.010190217391304348
0 0.46195652173913043 0.8797554347826086 0.012907608695652174 0.010190217391304348
0 0.5020380434782609 0.8987771739130435 0.012907608695652174 0.010190217391304348
0 0.5604619565217391 0.9286684782608695 0.01358695652173913 0.010869565217391304
0 0.6351902173913043 0.984375 0.014945652173913044 0.01154891304347826
0 0.5998641304347826 0.9667119565217391 0.014945652173913044 0.010869565217391304
0 0.6399456521739131 0.8913043478260869 0.012228260869565218 0.009510869565217392
0 0.6582880434782609 0.8967391304347826 0.012228260869565218 0.009510869565217392
0 0.6793478260869565 0.8947010869565217 0.012907608695652174 0.010190217391304348
0 0.7119565217391305 0.9150815217391305 0.012907608695652174 0.010190217391304348
0 0.7404891304347826 0.9286684782608695 0.01358695652173913 0.010190217391304348
0 0.7724184782608695 0.9449728260869565 0.012907608695652174 0.010869565217391304
0 0.8552989130434783 0.9286684782608695 0.012228260869565218 0.009510869565217392
0 0.545516304347826 0.7819293478260869 0.012228260869565218 0.009510869565217392
0 0.5197010869565217 0.7744565217391305 0.012228260869565218 0.009510869565217392
0 0.44089673913043476 0.7941576086956522 0.012228260869565218 0.008831521739130434
0 0.48641304347826086 0.8247282608695652 0.012228260869565218 0.009510869565217392
0 0.5101902173913043 0.8342391304347826 0.012228260869565218 0.009510869565217392
0 0.17391304347826086 0.9354619565217391 0.006793478260869565 0.005434782608695652
0 0.10529891304347826 0.7764945652173914 0.012907608695652174 0.010190217391304348
0 0.24660326086956522 0.8002717391304348 0.012228260869565218 0.009510869565217392
0 0.28396739130434784 0.8125 0.010869565217391304 0.008831521739130434
0 0.20108695652173914 0.7717391304347826 0.012907608695652174 0.010190217391304348
0 0.09375 0.717391304347826 0.01358695652173913 0.010869565217391304
0 0.07608695652173914 0.7078804347826086 0.01358695652173913 0.010190217391304348
0 0.07201086956521739 0.6453804347826086 0.012228260869565218 0.009510869565217392
0 0.08152173913043478 0.6508152173913043 0.012907608695652174 0.009510869565217392
0 0.014266304347826086 0.5631793478260869 0.010190217391304348 0.008152173913043478
0 0.12364130434782608 0.6086956521739131 0.010869565217391304 0.008831521739130434
0 0.14741847826086957 0.6175271739130435 0.010869565217391304 0.008831521739130434
0 0.17119565217391305 0.6243206521739131 0.012228260869565218 0.009510869565217392
0 0.19701086956521738 0.6365489130434783 0.012228260869565218 0.010190217391304348
0 0.17051630434782608 0.5720108695652174 0.017663043478260868 0.014266304347826086
0 0.19157608695652173 0.5883152173913043 0.01970108695652174 0.014945652173913044
0 0.21467391304347827 0.5957880434782609 0.018342391304347828 0.014266304347826086
0 0.23641304347826086 0.6066576086956522 0.018342391304347828 0.014266304347826086
0 0.109375 0.6616847826086957 0.012907608695652174 0.009510869565217392
0 0.2798913043478261 0.6195652173913043 0.016983695652173912 0.01358695652173913
0 0.35122282608695654 0.6487771739130435 0.010869565217391304 0.008831521739130434
0 0.49116847826086957 0.6535326086956522 0.010190217391304348 0.008831521739130434
0 0.5842391304347826 0.6956521739130435 0.010869565217391304 0.008831521739130434
0 0.6908967391304348 0.7846467391304348 0.012228260869565218 0.009510869565217392
0 0.7472826086956522 0.8179347826086957 0.012907608695652174 0.010190217391304348
0 0.7506793478260869 0.7038043478260869 0.010869565217391304 0.008831521739130434
0 0.7941576086956522 0.7194293478260869 0.012228260869565218 0.008831521739130434
0 0.8716032608695652 0.7479619565217391 0.010869565217391304 0.008831521739130434
0 0.7941576086956522 0.78125 0.012228260869565218 0.009510869565217392
0 0.7785326086956522 0.7724184782608695 0.010869565217391304 0.009510869565217392
0 0.7649456521739131 0.65625 0.010869565217391304 0.008831521739130434
0 0.7194293478260869 0.595108695652174 0.010190217391304348 0.008831521739130434
0 0.7941576086956522 0.6127717391304348 0.010869565217391304 0.008831521739130434
0 0.8362771739130435 0.6385869565217391 0.010869565217391304 0.008152173913043478
0 0.8933423913043478 0.657608695652174 0.010869565217391304 0.008831521739130434
0 0.8654891304347826 0.6440217391304348 0.010869565217391304 0.008831521739130434
0 0.923233695652174 0.673233695652174 0.010869565217391304 0.009510869565217392
0 0.951766304347826 0.6779891304347826 0.010869565217391304 0.008831521739130434
0 0.9755434782608695 0.6929347826086957 0.010869565217391304 0.009510869565217392
0 0.8872282608695652 0.6976902173913043 0.010869565217391304 0.008831521739130434
0 0.9979619565217391 0.7520380434782609 0.0033967391304347825 0.008831521739130434
0 0.9809782608695652 0.20991847826086957 0.01970108695652174 0.014945652173913044
0 0.6650815217391305 0.3539402173913043 0.016983695652173912 0.012907608695652174
0 0.6297554347826086 0.34171195652173914 0.017663043478260868 0.01358695652173913
0 0.6100543478260869 0.3423913043478261 0.017663043478260868 0.01358695652173913
0 0.5747282608695652 0.35190217391304346 0.015625 0.012907608695652174
0 0.6012228260869565 0.36752717391304346 0.0033967391304347825 0.0033967391304347825
0 0.6460597826086957 0.37907608695652173 0.015625 0.012907608695652174
0 0.6345108695652174 0.374320652173913 0.015625 0.012907608695652174
0 0.7058423913043478 0.36752717391304346 0.015625 0.01154891304347826
0 0.7269021739130435 0.37907608695652173 0.014945652173913044 0.01154891304347826
0 0.7391304347826086 0.37296195652173914 0.015625 0.01154891304347826
0 0.7873641304347826 0.39470108695652173 0.015625 0.01154891304347826
0 0.7887228260869565 0.38790760869565216 0.014945652173913044 0.01154891304347826
0 0.8016304347826086 0.40217391304347827 0.010869565217391304 0.008831521739130434
0 0.8274456521739131 0.4001358695652174 0.010190217391304348 0.008152173913043478
0 0.8478260869565217 0.405570652173913 0.012907608695652174 0.010190217391304348
0 0.9470108695652174 0.44157608695652173 0.012228260869565218 0.009510869565217392
0 0.9762228260869565 0.44497282608695654 0.008152173913043478 0.006114130434782609
0 0.9993206521739131 0.4544836956521739 0.0006793478260869565 0.006793478260869565
0 0.9497282608695652 0.4748641304347826 0.010869565217391304 0.008152173913043478
0 0.9252717391304348 0.46535326086956524 0.012228260869565218 0.010190217391304348
0 0.9035326086956522 0.45991847826086957 0.012907608695652174 0.010869565217391304
0 0.8845108695652174 0.49252717391304346 0.012907608695652174 0.010190217391304348
0 0.8634510869565217 0.47690217391304346 0.012907608695652174 0.010190217391304348
0 0.7112771739130435 0.39809782608695654 0.01358695652173913 0.01154891304347826
0 0.5292119565217391 0.40625 0.012907608695652174 0.010869565217391304
0 0.5047554347826086 0.4008152173913043 0.012907608695652174 0.010869565217391304
0 0.4891304347826087 0.390625 0.01358695652173913 0.010869565217391304
0 0.436820652173913 0.453804347826087 0.014945652173913044 0.01154891304347826
0 0.40285326086956524 0.43546195652173914 0.012907608695652174 0.009510869565217392
0 0.46603260869565216 0.46535326086956524 0.01358695652173913 0.01154891304347826
0 0.5502717391304348 0.453804347826087 0.012907608695652174 0.010190217391304348
0 0.563858695652174 0.453804347826087 0.012907608695652174 0.010190217391304348
0 0.6222826086956522 0.47690217391304346 0.012907608695652174 0.009510869565217392
0 0.6807065217391305 0.4205163043478261 0.010869565217391304 0.008831521739130434
0 0.6650815217391305 0.4266304347826087 0.012907608695652174 0.010190217391304348
0 0.6501358695652174 0.41304347826086957 0.010869565217391304 0.008831521739130434
0 0.5978260869565217 0.3892663043478261 0.008152173913043478 0.005434782608695652
0 0.7418478260869565 0.40828804347826086 0.004755434782608696 0.0033967391304347825
0 0.7214673913043478 0.39945652173913043 0.014945652173913044 0.010869565217391304
0 0.7581521739130435 0.40896739130434784 0.004755434782608696 0.0033967391304347825
0 0.7894021739130435 0.42391304347826086 0.012907608695652174 0.010869565217391304
0 0.8172554347826086 0.4279891304347826 0.015625 0.01154891304347826
0 0.8376358695652174 0.5027173913043478 0.014945652173913044 0.01154891304347826
0 0.5625 0.5366847826086957 0.012228260869565218 0.009510869565217392
0 0.5747282608695652 0.5040760869565217 0.012228260869565218 0.009510869565217392
0 0.5998641304347826 0.5115489130434783 0.012228260869565218 0.010190217391304348
0 0.6168478260869565 0.5183423913043478 0.012228260869565218 0.009510869565217392
0 0.6521739130434783 0.5224184782608695 0.012228260869565218 0.009510869565217392
0 0.907608695652174 0.576766304347826 0.010869565217391304 0.008831521739130434
0 0.936141304347826 0.5801630434782609 0.010869565217391304 0.008831521739130434
0 0.954483695652174 0.595108695652174 0.010869565217391304 0.009510869565217392
0 0.9945652173913043 0.6086956521739131 0.010869565217391304 0.009510869565217392
0 0.9959239130434783 0.5679347826086957 0.008152173913043478 0.008152173913043478
0 0.9721467391304348 0.5536684782608695 0.012228260869565218 0.008831521739130434
0 0.9483695652173914 0.5108695652173914 0.010869565217391304 0.008831521739130434
0 0.9639945652173914 0.5101902173913043 0.010869565217391304 0.008831521739130434
0 0.9850543478260869 0.5217391304347826 0.010869565217391304 0.008831521739130434
0 0.9993206521739131 0.5244565217391305 0.0006793478260869565 0.009510869565217392
0 0.8967391304347826 0.53125 0.012228260869565218 0.008831521739130434
0 0.8817934782608695 0.5264945652173914 0.010869565217391304 0.008831521739130434
0 0.8627717391304348 0.5115489130434783 0.012228260869565218 0.008831521739130434
0 0.5645380434782609 0.41440217391304346 0.01358695652173913 0.010869565217391304
0 0.45040760869565216 0.5 0.01358695652173913 0.010190217391304348
0 0.37160326086956524 0.46059782608695654 0.015625 0.012228260869565218
0 0.313179347826087 0.49320652173913043 0.01358695652173913 0.010869565217391304
0 0.41779891304347827 0.5822010869565217 0.012228260869565218 0.008831521739130434
0 0.45108695652173914 0.6399456521739131 0.010869565217391304 0.008831521739130434
0 0.38315217391304346 0.6046195652173914 0.01358695652173913 0.010869565217391304
0 0.360054347826087 0.5930706521739131 0.01358695652173913 0.01154891304347826
0 0.23165760869565216 0.5509510869565217 0.015625 0.012228260869565218
0 0.2391304347826087 0.5631793478260869 0.015625 0.012228260869565218
0 0.3016304347826087 0.53125 0.016983695652173912 0.012228260869565218
0 0.250679347826087 0.5563858695652174 0.015625 0.012228260869565218
0 0.48029891304347827 0.5978260869565217 0.010869565217391304 0.008831521739130434
0 0.546875 0.6202445652173914 0.012228260869565218 0.008831521739130434
0 0.5258152173913043 0.6114130434782609 0.010869565217391304 0.008831521739130434
0 0.499320652173913 0.5645380434782609 0.012228260869565218 0.009510869565217392
0 0.59375 0.5869565217391305 0.012228260869565218 0.008831521739130434