0 0.051630434782608696 0.7248641304347826 0.01970108695652174 0.018342391304347828
0 0.08491847826086957 0.6881793478260869 0.01358695652173913 0.014266304347826086
0 0.358695652173913 0.6528532608695652 0.01358695652173913 0.012228260869565218
0 0.5883152173913043 0.7289402173913043 0.02309782608695652 0.02717391304347826
0 0.7744565217391305 0.6528532608695652 0.012907608695652174 0.014266304347826086
0 0.10597826086956522 0.8165760869565217 0.06046195652173913 0.04483695652173913
0 0.029211956521739132 0.6949728260869565 0.019021739130434784 0.014945652173913044
0 0.16576086956521738 0.7228260869565217 0.022418478260869564 0.017663043478260868
0 0.17459239130434784 0.7167119565217391 0.022418478260869564 0.016304347826086956
0 0.5088315217391305 0.6487771739130435 0.012228260869565218 0.008831521739130434
0 0.46467391304347827 0.7167119565217391 0.030570652173913044 0.029891304347826088
0 0.36141304347826086 0.8254076086956522 0.11480978260869565 0.11480978260869565
0 0.49796195652173914 0.8566576086956522 0.0625 0.05298913043478261
0 0.5441576086956522 0.766983695652174 0.03804347826086957 0.041440217391304345
0 0.5 0.6908967391304348 0.019021739130434784 0.014266304347826086
0 0.8179347826086957 0.6460597826086957 0.010190217391304348 0.008152173913043478
0 0.8383152173913043 0.6514945652173914 0.01154891304347826 0.008831521739130434
0 0.6508152173913043 0.7269021739130435 0.02309782608695652 0.017663043478260868
0 0.7432065217391305 0.7391304347826086 0.03804347826086957 0.04483695652173913
0 0.7479619565217391 0.6997282608695652 0.01970108695652174 0.015625
0 0.8009510869565217 0.7418478260869565 0.04483695652173913 0.06046195652173913
0 0.8960597826086957 0.7316576086956522 0.13519021739130435 0.1358695652173913
0 0.11141304347826086 0.5597826086956522 0.016304347826086956 0.012228260869565218
0 0.12567934782608695 0.5597826086956522 0.015625 0.012228260869565218