0 0.9972826086956522 0.39266304347826086 0.004755434782608696 0.012228260869565218
0 0.9972826086956522 0.3648097826086957 0.004755434782608696 0.012228260869565218
0 0.9918478260869565 0.3539402173913043 0.010869565217391304 0.010190217391304348
0 0.9802989130434783 0.34171195652173914 0.008831521739130434 0.010190217391304348
0 0.9870923913043478 0.3335597826086957 0.008152173913043478 0.010190217391304348
0 0.970108695652174 0.34375 0.008831521739130434 0.01154891304347826
0 0.9728260869565217 0.3539402173913043 0.01154891304347826 0.012228260869565218
0 0.9653532608695652 0.3546195652173913 0.010869565217391304 0.01154891304347826
0 0.9775815217391305 0.37092391304347827 0.01154891304347826 0.01154891304347826
0 0.984375 0.39266304347826086 0.01358695652173913 0.014945652173913044
0 0.9836956521739131 0.38654891304347827 0.01154891304347826 0.01154891304347826
0 0.9572010869565217 0.39809782608695654 0.01358695652173913 0.014945652173913044
0 0.9279891304347826 0.34035326086956524 0.010869565217391304 0.010190217391304348
0 0.9395380434782609 0.34646739130434784 0.008831521739130434 0.01154891304347826
0 0.954483695652174 0.33967391304347827 0.008831521739130434 0.008831521739130434
0 0.9456521739130435 0.3811141304347826 0.01358695652173913 0.012228260869565218
0 0.9442934782608695 0.36820652173913043 0.01154891304347826 0.01154891304347826
0 0.9313858695652174 0.39945652173913043 0.012907608695652174 0.01358695652173913
0 0.9300271739130435 0.3851902173913043 0.01154891304347826 0.01358695652173913
0 0.9191576086956522 0.3763586956521739 0.01358695652173913 0.01358695652173913
0 0.9130434782608695 0.36752717391304346 0.01154891304347826 0.012228260869565218
0 0.9300271739130435 0.35529891304347827 0.01154891304347826 0.012228260869565218
0 0.9110054347826086 0.3423913043478261 0.010869565217391304 0.010869565217391304
0 0.8974184782608695 0.32404891304347827 0.010869565217391304 0.008831521739130434
0 0.8811141304347826 0.328125 0.010869565217391304 0.01154891304347826
0 0.8709239130434783 0.31657608695652173 0.008152173913043478 0.008831521739130434
0 0.8913043478260869 0.33627717391304346 0.010869565217391304 0.010190217391304348
0 0.8824728260869565 0.34782608695652173 0.010869565217391304 0.012228260869565218
0 0.8729619565217391 0.35190217391304346 0.010869565217391304 0.012228260869565218
0 0.8879076086956522 0.3654891304347826 0.01358695652173913 0.012228260869565218
0 0.8940217391304348 0.359375 0.01154891304347826 0.010869565217391304
0 0.9035326086956522 0.3804347826086957 0.01358695652173913 0.01358695652173913
0 0.8790760869565217 0.38654891304347827 0.01358695652173913 0.014945652173913044
0 0.858016304347826 0.4014945652173913 0.01358695652173913 0.014945652173913044
0 0.8614130434782609 0.3763586956521739 0.01154891304347826 0.012228260869565218
0 0.8498641304347826 0.37092391304347827 0.01358695652173913 0.012228260869565218
0 0.8552989130434783 0.36209239130434784 0.010869565217391304 0.01154891304347826
0 0.858016304347826 0.34646739130434784 0.010869565217391304 0.010869565217391304
0 0.8498641304347826 0.32404891304347827 0.008152173913043478 0.008831521739130434
0 0.8552989130434783 0.313179347826087 0.008152173913043478 0.007472826086956522
0 0.8254076086956522 0.328125 0.008831521739130434 0.010190217391304348
0 0.8192934782608695 0.3294836956521739 0.008831521739130434 0.008831521739130434
0 0.8498641304347826 0.3498641304347826 0.01154891304347826 0.010869565217391304
0 0.8376358695652174 0.3498641304347826 0.01154891304347826 0.010869565217391304
0 0.8077445652173914 0.3688858695652174 0.012907608695652174 0.01358695652173913
0 0.8104619565217391 0.358695652173913 0.010869565217391304 0.010869565217391304
0 0.7995923913043478 0.35258152173913043 0.010869565217391304 0.010869565217391304
0 0.8077445652173914 0.343070652173913 0.010869565217391304 0.01154891304347826
0 0.8084239130434783 0.33559782608695654 0.008831521739130434 0.010190217391304348
0 0.8057065217391305 0.32404891304347827 0.008831521739130434 0.008831521739130434
0 0.7846467391304348 0.33152173913043476 0.008831521739130434 0.010190217391304348
0 0.7832880434782609 0.32133152173913043 0.008831521739130434 0.010190217391304348
0 0.7894021739130435 0.35597826086956524 0.010869565217391304 0.012228260869565218
0 0.7873641304347826 0.37228260869565216 0.01154891304347826 0.010869565217391304
0 0.7961956521739131 0.3811141304347826 0.01154891304347826 0.012228260869565218
0 0.813858695652174 0.3953804347826087 0.012907608695652174 0.01358695652173913
0 0.8254076086956522 0.40353260869565216 0.01358695652173913 0.012228260869565218
0 0.8376358695652174 0.3389945652173913 0.010869565217391304 0.010869565217391304
0 0.7690217391304348 0.389945652173913 0.01358695652173913 0.012228260869565218
0 0.7540760869565217 0.374320652173913 0.01154891304347826 0.012228260869565218
0 0.7479619565217391 0.359375 0.01154891304347826 0.012228260869565218
0 0.7289402173913043 0.359375 0.01154891304347826 0.012228260869565218
0 0.7269021739130435 0.344429347826087 0.010869565217391304 0.010869565217391304
0 0.7153532608695652 0.3451086956521739 0.01154891304347826 0.012228260869565218
0 0.7262228260869565 0.32404891304347827 0.008831521739130434 0.010190217391304348
0 0.7119565217391305 0.32608695652173914 0.008831521739130434 0.010869565217391304
0 0.701766304347826 0.32472826086956524 0.008831521739130434 0.010190217391304348
0 0.735733695652174 0.33016304347826086 0.010869565217391304 0.010190217391304348
0 0.7533967391304348 0.34578804347826086 0.010869565217391304 0.012228260869565218
0 0.7595108695652174 0.3389945652173913 0.010869565217391304 0.010190217391304348
0 0.7520380434782609 0.32404891304347827 0.008831521739130434 0.010190217391304348
0 0.7690217391304348 0.3335597826086957 0.008831521739130434 0.010190217391304348
0 0.7425271739130435 0.38654891304347827 0.01154891304347826 0.012228260869565218
0 0.7527173913043478 0.4001358695652174 0.01358695652173913 0.012228260869565218
0 0.764266304347826 0.3797554347826087 0.01358695652173913 0.01358695652173913
0 0.7282608695652174 0.38654891304347827 0.01154891304347826 0.012228260869565218
0 0.7377717391304348 0.39945652173913043 0.01154891304347826 0.012228260869565218
0 0.720108695652174 0.38383152173913043 0.01154891304347826 0.01358695652173913
0 0.7119565217391305 0.37703804347826086 0.01154891304347826 0.01358695652173913
0 0.717391304347826 0.3648097826086957 0.01154891304347826 0.012228260869565218
0 0.6691576086956522 0.33491847826086957 0.010869565217391304 0.010190217391304348
0 0.6868206521739131 0.33627717391304346 0.010869565217391304 0.010190217391304348
0 0.6698369565217391 0.35190217391304346 0.01358695652173913 0.012228260869565218
0 0.6542119565217391 0.3580163043478261 0.01154891304347826 0.010869565217391304
0 0.6623641304347826 0.36345108695652173 0.01154891304347826 0.010869565217391304
0 0.6895380434782609 0.3641304347826087 0.01154891304347826 0.012228260869565218
0 0.6868206521739131 0.35122282608695654 0.01154891304347826 0.012228260869565218
0 0.6725543478260869 0.3797554347826087 0.01154891304347826 0.01358695652173913
0 0.6759510869565217 0.3953804347826087 0.014945652173913044 0.014945652173913044
0 0.6426630434782609 0.37296195652173914 0.01154891304347826 0.012228260869565218
0 0.626358695652174 0.39334239130434784 0.01358695652173913 0.01358695652173913
0 0.5998641304347826 0.38722826086956524 0.014945652173913044 0.014945652173913044
0 0.5842391304347826 0.37907608695652173 0.01154891304347826 0.012228260869565218
0 0.5774456521739131 0.35597826086956524 0.010869565217391304 0.012228260869565218
0 0.6182065217391305 0.35054347826086957 0.01358695652173913 0.01358695652173913
0 0.6120923913043478 0.36277173913043476 0.010869565217391304 0.012228260869565218
0 0.36345108695652173 0.5108695652173914 0.018342391304347828 0.016983695652173912
0 0.38722826086956524 0.484375 0.01154891304347826 0.014945652173913044
0 0.40285326086956524 0.483695652173913 0.01154891304347826 0.01358695652173913
0 0.44089673913043476 0.47282608695652173 0.01154891304347826 0.012228260869565218
0 0.453804347826087 0.4639945652173913 0.01358695652173913 0.012228260869565218
0 0.4633152173913043 0.4782608695652174 0.012907608695652174 0.01358695652173913
0 0.48165760869565216 0.4639945652173913 0.015625 0.014945652173913044
0 0.49320652173913043 0.4796195652173913 0.01358695652173913 0.01358695652173913
0 0.5067934782608695 0.47690217391304346 0.014945652173913044 0.016983695652173912
0 0.5461956521739131 0.5067934782608695 0.017663043478260868 0.016983695652173912
0 0.5625 0.5122282608695652 0.018342391304347828 0.019021739130434784
0 0.6039402173913043 0.48029891304347827 0.015625 0.016983695652173912
0 0.563858695652174 0.49728260869565216 0.015625 0.015625
0 0.5896739130434783 0.4517663043478261 0.015625 0.015625
0 0.5896739130434783 0.436820652173913 0.01358695652173913 0.01358695652173913
0 0.5842391304347826 0.4171195652173913 0.014945652173913044 0.01358695652173913
0 0.5896739130434783 0.41304347826086957 0.014945652173913044 0.01358695652173913
0 0.6154891304347826 0.4273097826086957 0.014945652173913044 0.014945652173913044
0 0.6277173913043478 0.4517663043478261 0.017663043478260868 0.015625
0 0.6460597826086957 0.4585597826086957 0.014945652173913044 0.014945652173913044
0 0.654891304347826 0.47214673913043476 0.017663043478260868 0.015625
0 0.6514945652173914 0.42595108695652173 0.015625 0.016983695652173912
0 0.640625 0.4076086956521739 0.014945652173913044 0.01358695652173913
0 0.6664402173913043 0.4164402173913043 0.014945652173913044 0.01358695652173913
0 0.6596467391304348 0.39945652173913043 0.010869565217391304 0.012228260869565218
0 0.7153532608695652 0.421875 0.014945652173913044 0.014945652173913044
0 0.7099184782608695 0.406929347826087 0.01154891304347826 0.012228260869565218
0 0.6942934782608695 0.42866847826086957 0.014945652173913044 0.01358695652173913
0 0.6677989130434783 0.4361413043478261 0.014945652173913044 0.01358695652173913
0 0.6786684782608695 0.45108695652173914 0.014945652173913044 0.01358695652173913
0 0.6895380434782609 0.44633152173913043 0.014945652173913044 0.01358695652173913
0 0.7146739130434783 0.45108695652173914 0.015625 0.014945652173913044
0 0.7146739130434783 0.46195652173913043 0.015625 0.015625
0 0.688858695652174 0.47690217391304346 0.014945652173913044 0.015625
0 0.7119565217391305 0.4945652173913043 0.017663043478260868 0.015625
0 0.7411684782608695 0.47214673913043476 0.015625 0.014945652173913044
0 0.7282608695652174 0.44633152173913043 0.015625 0.014945652173913044
0 0.7275815217391305 0.4320652173913043 0.014945652173913044 0.014945652173913044
0 0.7309782608695652 0.41847826086956524 0.014945652173913044 0.01358695652173913
0 0.7520380434782609 0.4273097826086957 0.01358695652173913 0.01358695652173913
0 0.7846467391304348 0.4205163043478261 0.014945652173913044 0.014945652173913044
0 0.7710597826086957 0.4205163043478261 0.01358695652173913 0.012228260869565218
0 0.7921195652173914 0.39877717391304346 0.01154891304347826 0.012228260869565218
0 0.7601902173913043 0.44565217391304346 0.014945652173913044 0.015625
0 0.7846467391304348 0.44497282608695654 0.01358695652173913 0.014945652173913044
0 0.7690217391304348 0.46467391304347827 0.017663043478260868 0.016983695652173912
0 0.795516304347826 0.4701086956521739 0.015625 0.015625
0 0.7934782608695652 0.5020380434782609 0.015625 0.015625
0 0.7459239130434783 0.5176630434782609 0.015625 0.015625
0 0.6487771739130435 0.4952445652173913 0.017663043478260868 0.016983695652173912
0 0.6644021739130435 0.4938858695652174 0.015625 0.015625
0 0.5896739130434783 0.5251358695652174 0.017663043478260868 0.016983695652173912
0 0.6345108695652174 0.546875 0.018342391304347828 0.016983695652173912
0 0.6908967391304348 0.5360054347826086 0.018342391304347828 0.01970108695652174
0 0.795516304347826 0.5292119565217391 0.017663043478260868 0.015625
0 0.8362771739130435 0.48845108695652173 0.017663043478260868 0.014945652173913044
0 0.8125 0.48233695652173914 0.015625 0.014945652173913044
0 0.8199728260869565 0.44157608695652173 0.014945652173913044 0.015625
0 0.8240489130434783 0.4327445652173913 0.01358695652173913 0.01358695652173913
0 0.8546195652173914 0.4157608695652174 0.01358695652173913 0.01358695652173913
0 0.8464673913043478 0.4048913043478261 0.01358695652173913 0.012228260869565218
0 0.8756793478260869 0.39877717391304346 0.01154891304347826 0.012228260869565218
0 0.8838315217391305 0.41983695652173914 0.015625 0.015625
0 0.8546195652173914 0.438179347826087 0.014945652173913044 0.014945652173913044
0 0.8960597826086957 0.44021739130434784 0.014945652173913044 0.014945652173913044
0 0.9103260869565217 0.44565217391304346 0.014945652173913044 0.01358695652173913
0 0.9177989130434783 0.42459239130434784 0.01358695652173913 0.01358695652173913
0 0.9014945652173914 0.4266304347826087 0.01358695652173913 0.01358695652173913
0 0.9381793478260869 0.42866847826086957 0.012907608695652174 0.014945652173913044
0 0.9633152173913043 0.4232336956521739 0.01358695652173913 0.014945652173913044
0 0.9565217391304348 0.41304347826086957 0.01154891304347826 0.012228260869565218
0 0.9952445652173914 0.43546195652173914 0.009510869565217392 0.014945652173913044
0 0.9938858695652174 0.44157608695652173 0.01154891304347826 0.014945652173913044
0 0.9836956521739131 0.42391304347826086 0.014945652173913044 0.01358695652173913
0 0.9714673913043478 0.43478260869565216 0.014945652173913044 0.01358695652173913
0 0.9748641304347826 0.45652173913043476 0.01358695652173913 0.014945652173913044
0 0.9449728260869565 0.45720108695652173 0.01358695652173913 0.01358695652173913
0 0.9225543478260869 0.46535326086956524 0.014945652173913044 0.01358695652173913
0 0.9103260869565217 0.4741847826086957 0.015625 0.014945652173913044
0 0.9055706521739131 0.4891304347826087 0.017663043478260868 0.016983695652173912
0 0.8634510869565217 0.47758152173913043 0.015625 0.015625
0 0.8328804347826086 0.44972826086956524 0.015625 0.015625
0 0.8804347826086957 0.5319293478260869 0.018342391304347828 0.015625
0 0.8743206521739131 0.5244565217391305 0.015625 0.014945652173913044
0 0.8661684782608695 0.5027173913043478 0.017663043478260868 0.01358695652173913
0 0.9089673913043478 0.5292119565217391 0.018342391304347828 0.01970108695652174
0 0.936141304347826 0.5475543478260869 0.015625 0.015625
0 0.9313858695652174 0.5067934782608695 0.018342391304347828 0.015625
0 0.9605978260869565 0.47282608695652173 0.014945652173913044 0.014945652173913044
0 0.9966032608695652 0.48709239130434784 0.006793478260869565 0.017663043478260868
0 0.9966032608695652 0.4626358695652174 0.006793478260869565 0.015625
0 0.9952445652173914 0.5258152173913043 0.009510869565217392 0.016304347826086956
0 0.8478260869565217 0.5434782608695652 0.017663043478260868 0.016983695652173912
0 0.9993206521739131 0.5713315217391305 0.0006793478260869565 0.019021739130434784
0 0.9769021739130435 0.5706521739130435 0.017663043478260868 0.016983695652173912
0 0.9211956521739131 0.5652173913043478 0.01970108695652174 0.019021739130434784
0 0.9001358695652174 0.5930706521739131 0.021739130434782608 0.01970108695652174
0 0.9728260869565217 0.5883152173913043 0.01970108695652174 0.019021739130434784
0 0.9660326086956522 0.6379076086956522 0.021739130434782608 0.025135869565217392
0 0.9572010869565217 0.6603260869565217 0.02377717391304348 0.025815217391304348
0 0.9769021739130435 0.78125 0.029211956521739132 0.033967391304347824
0 0.8199728260869565 0.5930706521739131 0.021739130434782608 0.019021739130434784
0 0.8478260869565217 0.5726902173913043 0.021739130434782608 0.018342391304347828
0 0.8756793478260869 0.6154891304347826 0.022418478260869564 0.02309782608695652
0 0.8634510869565217 0.6365489130434783 0.025135869565217392 0.025815217391304348
0 0.9266304347826086 0.6936141304347826 0.02717391304347826 0.025815217391304348
0 0.8831521739130435 0.6813858695652174 0.026494565217391304 0.025815217391304348
0 0.8933423913043478 0.7391304347826086 0.025135869565217392 0.02309782608695652
0 0.8865489130434783 0.7805706521739131 0.029211956521739132 0.025135869565217392
0 0.7961956521739131 0.7561141304347826 0.030570652173913044 0.029891304347826088
0 0.8199728260869565 0.734375 0.026494565217391304 0.025815217391304348
0 0.78125 0.6875 0.022418478260869564 0.021739130434782608
0 0.7900815217391305 0.6501358695652174 0.025135869565217392 0.025815217391304348
0 0.8206521739130435 0.623641304347826 0.021739130434782608 0.021739130434782608
0 0.796875 0.5910326086956522 0.01970108695652174 0.016983695652173912
0 0.7785326086956522 0.5536684782608695 0.017663043478260868 0.018342391304347828
0 0.7520380434782609 0.5618206521739131 0.018342391304347828 0.019021739130434784
0 0.748641304347826 0.5910326086956522 0.01970108695652174 0.019021739130434784
0 0.7479619565217391 0.7065217391304348 0.029211956521739132 0.029891304347826088
0 0.7099184782608695 0.75 0.021739130434782608 0.025135869565217392
0 0.6161684782608695 0.7527173913043478 0.026494565217391304 0.03192934782608696
0 0.6521739130434783 0.6677989130434783 0.01970108695652174 0.021739130434782608
0 0.6827445652173914 0.6358695652173914 0.021739130434782608 0.01970108695652174
0 0.6881793478260869 0.5991847826086957 0.01970108695652174 0.01970108695652174
0 0.6610054347826086 0.5679347826086957 0.018342391304347828 0.018342391304347828
0 0.7194293478260869 0.5706521739130435 0.018342391304347828 0.016983695652173912
0 0.751358695652174 0.5360054347826086 0.015625 0.015625
0 0.6175271739130435 0.5692934782608695 0.018342391304347828 0.021739130434782608
0 0.5930706521739131 0.5706521739130435 0.017663043478260868 0.022418478260869564
0 0.5271739130434783 0.5563858695652174 0.017663043478260868 0.018342391304347828
0 0.5346467391304348 0.53125 0.021739130434782608 0.01970108695652174
0 0.5122282608695652 0.5285326086956522 0.017663043478260868 0.018342391304347828
0 0.5319293478260869 0.7438858695652174 0.029211956521739132 0.035326086956521736
0 0.469429347826087 0.7432065217391305 0.025135869565217392 0.026494565217391304
0 0.4830163043478261 0.7126358695652174 0.026494565217391304 0.026494565217391304
0 0.4673913043478261 0.6209239130434783 0.017663043478260868 0.019021739130434784
0 0.4429347826086957 0.7072010869565217 0.021739130434782608 0.022418478260869564
0 0.42595108695652173 0.609375 0.018342391304347828 0.018342391304347828
0 0.2554347826086957 0.6127717391304348 0.021739130434782608 0.01970108695652174
0 0.05502717391304348 0.734375 0.03125 0.029891304347826088
0 0.16847826086956522 0.7690217391304348 0.029211956521739132 0.029891304347826088
0 0.17051630434782608 0.8016304347826086 0.026494565217391304 0.026494565217391304
0 0.25679347826086957 0.7676630434782609 0.02717391304347826 0.03260869565217391
0 0.30978260869565216 0.7092391304347826 0.025135869565217392 0.026494565217391304
0 0.3648097826086957 0.7364130434782609 0.026494565217391304 0.028532608695652172
0 0.38179347826086957 0.6487771739130435 0.017663043478260868 0.018342391304347828
0 0.3960597826086957 0.626358695652174 0.01970108695652174 0.01970108695652174
0 0.4986413043478261 0.6650815217391305 0.018342391304347828 0.019021739130434784
0 0.47146739130434784 0.6813858695652174 0.021739130434782608 0.021739130434782608
0 0.391304347826087 0.7717391304347826 0.026494565217391304 0.025135869565217392
0 0.12364130434782608 0.8824728260869565 0.03328804347826087 0.033967391304347824
0 0.17595108695652173 0.920516304347826 0.025135869565217392 0.03260869565217391
0 0.15217391304347827 0.9714673913043478 0.04076086956521739 0.033967391304347824
0 0.3111413043478261 0.9286684782608695 0.03125 0.033967391304347824
0 0.46195652173913043 0.8559782608695652 0.033967391304347824 0.035326086956521736
0 0.483695652173913 0.8403532608695652 0.026494565217391304 0.028532608695652172
0 0.4157608695652174 0.9415760869565217 0.033967391304347824 0.04076086956521739
0 0.48165760869565216 0.9334239130434783 0.029211956521739132 0.03736413043478261
0 0.5183423913043478 0.8899456521739131 0.026494565217391304 0.029891304347826088
0 0.5550271739130435 0.842391304347826 0.02717391304347826 0.028532608695652172
0 0.6297554347826086 0.8308423913043478 0.026494565217391304 0.026494565217391304
0 0.7364130434782609 0.8682065217391305 0.030570652173913044 0.033967391304347824
0 0.826766304347826 0.8097826086956522 0.030570652173913044 0.03192934782608696
0 0.8668478260869565 0.8247282608695652 0.03328804347826087 0.033967391304347824
0 0.954483695652174 0.9198369565217391 0.03125 0.03260869565217391
0 0.9816576086956522 0.8349184782608695 0.029211956521739132 0.028532608695652172
0 0.9938858695652174 0.14266304347826086 0.01154891304347826 0.01154891304347826
0 0.9904891304347826 0.14266304347826086 0.015625 0.01358695652173913
0 0.9775815217391305 0.16236413043478262 0.01154891304347826 0.010190217391304348
0 0.9993206521739131 0.16915760869565216 0.0006793478260869565 0.004755434782608696
0 0.998641304347826 0.16508152173913043 0.002717391304347826 0.004755434782608696
0 0.9952445652173914 0.16508152173913043 0.009510869565217392 0.012228260869565218
0 0.9932065217391305 0.1637228260869565 0.01358695652173913 0.012228260869565218
0 0.9952445652173914 0.17119565217391305 0.009510869565217392 0.010869565217391304
0 0.9728260869565217 0.16779891304347827 0.010869565217391304 0.008831521739130434
0 0.9748641304347826 0.17119565217391305 0.01154891304347826 0.008831521739130434
0 0.9707880434782609 0.17527173913043478 0.010869565217391304 0.010190217391304348
0 0.9707880434782609 0.16983695652173914 0.01154891304347826 0.010190217391304348
0 0.9653532608695652 0.1671195652173913 0.009510869565217392 0.008152173913043478
0 0.9504076086956522 0.1671195652173913 0.006114130434782609 0.004076086956521739
0 0.9504076086956522 0.17119565217391305 0.006793478260869565 0.006114130434782609
0 0.9524456521739131 0.17527173913043478 0.006114130434782609 0.004755434782608696
0 0.9572010869565217 0.16779891304347827 0.006114130434782609 0.004755434782608696
0 0.9565217391304348 0.16304347826086957 0.006114130434782609 0.004755434782608696
0 0.9694293478260869 0.15557065217391305 0.009510869565217392 0.008152173913043478
0 0.9979619565217391 0.3539402173913043 0.004076086956521739 0.010190217391304348
0 0.9952445652173914 0.33220108695652173 0.009510869565217392 0.006793478260869565
0 0.9762228260869565 0.33491847826086957 0.009510869565217392 0.008152173913043478
0 0.9612771739130435 0.34782608695652173 0.010869565217391304 0.008831521739130434
0 0.9728260869565217 0.3654891304347826 0.01154891304347826 0.010869565217391304
0 0.9008152173913043 0.30978260869565216 0.008831521739130434 0.007472826086956522
0 0.9191576086956522 0.30434782608695654 0.009510869565217392 0.008152173913043478
0 0.9551630434782609 0.389945652173913 0.01358695652173913 0.01154891304347826
0 0.9402173913043478 0.37839673913043476 0.01358695652173913 0.01154891304347826
0 0.9782608695652174 0.39334239130434784 0.01358695652173913 0.01154891304347826
0 0.9069293478260869 0.3267663043478261 0.010869565217391304 0.008831521739130434
0 0.9001358695652174 0.4001358695652174 0.014945652173913044 0.012228260869565218
0 0.859375 0.3376358695652174 0.01154891304347826 0.010190217391304348
0 0.8192934782608695 0.3702445652173913 0.01358695652173913 0.01154891304347826
0 0.8023097826086957 0.31589673913043476 0.009510869565217392 0.008152173913043478
0 0.8226902173913043 0.3186141304347826 0.008831521739130434 0.008152173913043478
0 0.8172554347826086 0.3226902173913043 0.009510869565217392 0.008152173913043478
0 0.7894021739130435 0.30842391304347827 0.009510869565217392 0.008152173913043478
0 0.7934782608695652 0.33695652173913043 0.010869565217391304 0.010190217391304348
0 0.7180706521739131 0.32065217391304346 0.009510869565217392 0.008152173913043478
0 0.7133152173913043 0.30095108695652173 0.008152173913043478 0.006793478260869565
0 0.7058423913043478 0.30978260869565216 0.009510869565217392 0.007472826086956522
0 0.75 0.3389945652173913 0.01154891304347826 0.010190217391304348
0 0.7540760869565217 0.3125 0.009510869565217392 0.008152173913043478
0 0.7472826086956522 0.30842391304347827 0.008831521739130434 0.008152173913043478
0 0.7561141304347826 0.33084239130434784 0.010869565217391304 0.010190217391304348
0 0.7737771739130435 0.32608695652173914 0.010869565217391304 0.008831521739130434
0 0.7561141304347826 0.38179347826086957 0.01358695652173913 0.01154891304347826
0 0.6616847826086957 0.311820652173913 0.009510869565217392 0.008152173913043478
0 0.6338315217391305 0.3811141304347826 0.012907608695652174 0.01154891304347826
0 0.6270380434782609 0.35054347826086957 0.012907608695652174 0.010869565217391304
0 0.6073369565217391 0.37771739130434784 0.014945652173913044 0.01154891304347826
0 0.06657608695652174 0.359375 0.0020380434782608695 0.002717391304347826
0 0.029211956521739132 0.32472826086956524 0.01970108695652174 0.015625
0 0.028532608695652172 0.36277173913043476 0.004076086956521739 0.0033967391304347825
0 0.018342391304347828 0.38722826086956524 0.004755434782608696 0.004076086956521739
0 0.044157608695652176 0.37907608695652173 0.0006793478260869565 0.0006793478260869565
0 0.11209239130434782 0.3960597826086957 0.006793478260869565 0.006114130434782609
0 0.09375 0.39945652173913043 0.008152173913043478 0.006793478260869565
0 0.07336956521739131 0.39741847826086957 0.006114130434782609 0.004755434782608696
0 0.16576086956521738 0.3580163043478261 0.014945652173913044 0.012228260869565218
0 0.012907608695652174 0.42866847826086957 0.006793478260869565 0.006114130434782609
0 0.03260869565217391 0.41847826086956524 0.008831521739130434 0.007472826086956522
0 0.015625 0.405570652173913 0.009510869565217392 0.008152173913043478
0 0.32133152173913043 0.49320652173913043 0.015625 0.01358695652173913
0 0.33695652173913043 0.5115489130434783 0.016304347826086956 0.01358695652173913
0 0.34782608695652173 0.5006793478260869 0.017663043478260868 0.014266304347826086
0 0.33220108695652173 0.47622282608695654 0.014945652173913044 0.012228260869565218
0 0.34646739130434784 0.48097826086956524 0.014945652173913044 0.01358695652173913
0 0.37296195652173914 0.47690217391304346 0.014945652173913044 0.012228260869565218
0 0.37703804347826086 0.49728260869565216 0.015625 0.014266304347826086
0 0.514266304347826 0.46467391304347827 0.014945652173913044 0.012228260869565218
0 0.42595108695652173 0.48029891304347827 0.015625 0.012228260869565218
0 0.5964673913043478 0.4626358695652174 0.017663043478260868 0.014266304347826086
0 0.6209239130434783 0.41983695652173914 0.015625 0.01358695652173913
0 0.6270380434782609 0.42934782608695654 0.016304347826086956 0.01358695652173913
0 0.6331521739130435 0.43410326086956524 0.015625 0.01358695652173913
0 0.6487771739130435 0.438179347826087 0.016304347826086956 0.014266304347826086
0 0.6501358695652174 0.41779891304347827 0.015625 0.01358695652173913
0 0.6834239130434783 0.41440217391304346 0.015625 0.012228260869565218
0 0.6908967391304348 0.4110054347826087 0.014945652173913044 0.012228260869565218
0 0.7092391304347826 0.4157608695652174 0.014945652173913044 0.01358695652173913
0 0.6807065217391305 0.4375 0.016304347826086956 0.01358695652173913
0 0.7921195652173914 0.41304347826086957 0.014945652173913044 0.012228260869565218
0 0.44565217391304346 0.5244565217391305 0.017663043478260868 0.014945652173913044
0 0.8158967391304348 0.5230978260869565 0.017663043478260868 0.014266304347826086
0 0.8811141304347826 0.4313858695652174 0.014945652173913044 0.012228260869565218
0 0.9402173913043478 0.421195652173913 0.015625 0.012228260869565218
0 0.9368206521739131 0.4110054347826087 0.014945652173913044 0.01154891304347826
0 0.8485054347826086 0.47690217391304346 0.017663043478260868 0.014945652173913044
0 0.9551630434782609 0.4898097826086957 0.017663043478260868 0.014266304347826086
0 0.9707880434782609 0.5040760869565217 0.017663043478260868 0.014945652173913044
0 0.9660326086956522 0.5224184782608695 0.017663043478260868 0.015625
0 0.8967391304347826 0.5489130434782609 0.018342391304347828 0.016983695652173912
0 0.9836956521739131 0.6005434782608695 0.022418478260869564 0.019021739130434784
0 0.9952445652173914 0.6963315217391305 0.009510869565217392 0.024456521739130436
0 0.8369565217391305 0.5699728260869565 0.01970108695652174 0.016983695652173912
0 0.734375 0.6351902173913043 0.022418478260869564 0.019021739130434784
0 0.7241847826086957 0.6637228260869565 0.024456521739130436 0.021059782608695652
0 0.5672554347826086 0.7235054347826086 0.028532608695652172 0.024456521739130436
0 0.6141304347826086 0.7296195652173914 0.028532608695652172 0.024456521739130436
0 0.6677989130434783 0.717391304347826 0.02717391304347826 0.02309782608695652
0 0.5815217391304348 0.5896739130434783 0.021739130434782608 0.017663043478260868
0 0.5360054347826086 0.5869565217391305 0.020380434782608696 0.017663043478260868
0 0.46535326086956524 0.6399456521739131 0.021739130434782608 0.018342391304347828
0 0.19633152173913043 0.6501358695652174 0.024456521739130436 0.021059782608695652
0 0.26154891304347827 0.595108695652174 0.020380434782608696 0.018342391304347828
0 0.28125 0.6114130434782609 0.021739130434782608 0.019021739130434784
0 0.28396739130434784 0.5849184782608695 0.020380434782608696 0.016983695652173912
0 0.18885869565217392 0.6664402173913043 0.024456521739130436 0.021059782608695652
0 0.15217391304347827 0.671875 0.025135869565217392 0.021739130434782608
0 0.12092391304347826 0.717391304347826 0.029211956521739132 0.024456521739130436
0 0.01358695652173913 0.7683423913043478 0.02717391304347826 0.026494565217391304
0 0.07065217391304347 0.8620923913043478 0.033967391304347824 0.029211956521739132
0 0.04483695652173913 0.9381793478260869 0.03736413043478261 0.03192934782608696
0 0.23777173913043478 0.9823369565217391 0.03940217391304348 0.03328804347826087
0 0.32472826086956524 0.8335597826086957 0.03328804347826087 0.028532608695652172
0 0.6351902173913043 0.8851902173913043 0.03328804347826087 0.028532608695652172
0 0.6990489130434783 0.9239130434782609 0.035326086956521736 0.030570652173913044
0 0.9510869565217391 0.8702445652173914 0.03328804347826087 0.028532608695652172
0 0.9164402173913043 0.9626358695652174 0.033967391304347824 0.029891304347826088
0 0.9979619565217391 0.8899456521739131 0.004076086956521739 0.029891304347826088