0 0.6039402173913043 0.7126358695652174 0.02377717391304348 0.027853260869565216
0 0.7737771739130435 0.6535326086956522 0.01358695652173913 0.014945652173913044
0 0.858016304347826 0.7105978260869565 0.02717391304347826 0.03192934782608696
0 0.8586956521739131 0.6657608695652174 0.014266304347826086 0.016304347826086956
0 0.9769021739130435 0.6514945652173914 0.012228260869565218 0.015625
0 0.9870923913043478 0.6535326086956522 0.010190217391304348 0.012907608695652174
0 0.5258152173913043 0.7527173913043478 0.036684782608695655 0.03125
0 0.7119565217391305 0.6827445652173914 0.022418478260869564 0.01970108695652174
0 0.6752717391304348 0.673233695652174 0.01970108695652174 0.017663043478260868
0 0.6501358695652174 0.6820652173913043 0.022418478260869564 0.01970108695652174
0 0.764266304347826 0.701766304347826 0.02717391304347826 0.02377717391304348
0 0.7547554347826086 0.6752717391304348 0.021059782608695652 0.018342391304347828
0 0.6834239130434783 0.7004076086956522 0.02717391304347826 0.02309782608695652
0 0.7860054347826086 0.670516304347826 0.019021739130434784 0.016304347826086956
0 0.7975543478260869 0.6942934782608695 0.025815217391304348 0.021739130434782608
0 0.8967391304347826 0.6875 0.024456521739130436 0.021059782608695652
0 0.8783967391304348 0.671875 0.01970108695652174 0.016983695652173912
0 0.8362771739130435 0.6956521739130435 0.026494565217391304 0.02309782608695652
0 0.8213315217391305 0.6915760869565217 0.025135869565217392 0.021739130434782608
0 0.8131793478260869 0.6766304347826086 0.021059782608695652 0.018342391304347828
0 0.829483695652174 0.6616847826086957 0.016983695652173912 0.014266304347826086
0 0.8396739130434783 0.6644021739130435 0.017663043478260868 0.014945652173913044
0 0.9171195652173914 0.6725543478260869 0.01970108695652174 0.016983695652173912
0 0.9137228260869565 0.6596467391304348 0.015625 0.01358695652173913
0 0.9021739130434783 0.6582880434782609 0.015625 0.012907608695652174
0 0.9307065217391305 0.6521739130434783 0.012228260869565218 0.010190217391304348
0 0.9497282608695652 0.657608695652174 0.014266304347826086 0.012228260869565218
0 0.9667119565217391 0.6630434782608695 0.016304347826086956 0.01358695652173913
0 0.9918478260869565 0.6725543478260869 0.016304347826086956 0.016304347826086956
0 0.9823369565217391 0.7092391304347826 0.027853260869565216 0.02377717391304348
0 0.9741847826086957 0.688858695652174 0.02309782608695652 0.01970108695652174
0 0.9375 0.6881793478260869 0.024456521739130436 0.021059782608695652
0 0.9551630434782609 0.6480978260869565 0.010190217391304348 0.008831521739130434
0 0.9952445652173914 0.6535326086956522 0.008831521739130434 0.010869565217391304
0 0.008831521739130434 0.7561141304347826 0.016983695652173912 0.03192934782608696
0 0.9375 0.6480978260869565 0.010190217391304348 0.008831521739130434
0 0.9449728260869565 0.6487771739130435 0.010869565217391304 0.008831521739130434
0 0.9619565217391305 0.6467391304347826 0.009510869565217392 0.008152173913043478
0 0.9714673913043478 0.6440217391304348 0.007472826086956522 0.006114130434782609
0 0.9864130434782609 0.6453804347826086 0.008152173913043478 0.007472826086956522
0 0.9802989130434783 0.6385869565217391 0.0006793478260869565 0.0006793478260869565
0 0.9925271739130435 0.641983695652174 0.006114130434782609 0.005434782608695652
0 0.9966032608695652 0.641983695652174 0.006114130434782609 0.005434782608695652
0 0.9891304347826086 0.6379076086956522 0.0020380434782608695 0.0020380434782608695
0 0.9938858695652174 0.6379076086956522 0.001358695652173913 0.0006793478260869565
0 0.9932065217391305 0.6351902173913043 0.004076086956521739 0.0033967391304347825
0 0.998641304347826 0.6345108695652174 0.002717391304347826 0.002717391304347826
0 0.998641304347826 0.6426630434782609 0.002717391304347826 0.005434782608695652
0 0.9870923913043478 0.6413043478260869 0.005434782608695652 0.004755434782608696
0 0.998641304347826 0.6379076086956522 0.0020380434782608695 0.0020380434782608695