0 0.6528532608695652 0.23233695652173914 0.021059782608695652 0.035326086956521736
0 0.7452445652173914 0.24864130434782608 0.03125 0.03125
0 0.9177989130434783 0.281929347826087 0.034646739130434784 0.034646739130434784
0 0.2710597826086957 0.297554347826087 0.036684782608695655 0.04551630434782609
0 0.1922554347826087 0.5217391304347826 0.051630434782608696 0.06589673913043478
0 0.4483695652173913 0.4904891304347826 0.05638586956521739 0.050271739130434784
0 0.4986413043478261 0.4735054347826087 0.07269021739130435 0.06589673913043478
0 0.717391304347826 0.45652173913043476 0.05298913043478261 0.04891304347826087
0 0.7296195652173914 0.43410326086956524 0.05570652173913043 0.05298913043478261
0 0.9116847826086957 0.421875 0.036684782608695655 0.041440217391304345
0 0.938858695652174 0.5210597826086957 0.059103260869565216 0.042119565217391304
0 0.9891304347826086 0.43070652173913043 0.021059782608695652 0.04891304347826087
0 0.9748641304347826 0.5842391304347826 0.049592391304347824 0.05502717391304348
0 0.891983695652174 0.625 0.057065217391304345 0.05638586956521739
0 0.8023097826086957 0.6908967391304348 0.07269021739130435 0.078125
0 0.7717391304347826 0.5889945652173914 0.06521739130434782 0.07608695652173914
0 0.6786684782608695 0.5971467391304348 0.06046195652173913 0.07336956521739131
0 0.5692934782608695 0.6630434782608695 0.09171195652173914 0.08084239130434782
0 0.46467391304347827 0.6297554347826086 0.06046195652173913 0.06453804347826086
0 0.4076086956521739 0.5991847826086957 0.09782608695652174 0.08695652173913043
0 0.30842391304347827 0.7153532608695652 0.07744565217391304 0.09442934782608696
0 0.23641304347826086 0.7139945652173914 0.07201086956521739 0.09239130434782608
0 0.06521739130434782 0.5903532608695652 0.06521739130434782 0.06385869565217392
0 0.5244565217391305 0.25 0.035326086956521736 0.025815217391304348
0 0.43478260869565216 0.26358695652173914 0.04008152173913043 0.029891304347826088
0 0.452445652173913 0.2873641304347826 0.03872282608695652 0.028532608695652172
0 0.6684782608695652 0.21807065217391305 0.02309782608695652 0.017663043478260868
0 0.8172554347826086 0.24456521739130435 0.03260869565217391 0.024456521739130436
0 0.8362771739130435 0.23573369565217392 0.029891304347826088 0.022418478260869564
0 0.9769021739130435 0.3797554347826087 0.04551630434782609 0.04008152173913043
0 0.17866847826086957 0.5054347826086957 0.07404891304347826 0.05638586956521739
0 0.5271739130434783 0.4001358695652174 0.06385869565217392 0.046875
0 0.673233695652174 0.45720108695652173 0.06317934782608696 0.04755434782608696
0 0.7364130434782609 0.406929347826087 0.05570652173913043 0.042119565217391304
0 0.782608695652174 0.45652173913043476 0.059782608695652176 0.04483695652173913
0 0.9144021739130435 0.45516304347826086 0.06114130434782609 0.04619565217391304
0 0.9286684782608695 0.4898097826086957 0.06317934782608696 0.046875
0 0.8838315217391305 0.5658967391304348 0.07133152173913043 0.05298913043478261
0 0.826766304347826 0.6216032608695652 0.07540760869565218 0.05638586956521739
0 0.7221467391304348 0.5720108695652174 0.07336956521739131 0.05502717391304348
0 0.6345108695652174 0.59375 0.07948369565217392 0.059103260869565216
0 0.4123641304347826 0.7255434782608695 0.09918478260869565 0.07404891304347826
0 0.8947010869565217 0.5427989130434783 0.06861413043478261 0.051630434782608696
0 0.35529891304347827 0.5584239130434783 0.08084239130434782 0.06046195652173913
0 0.024456521739130436 0.7608695652173914 0.04891304347826087 0.07676630434782608