0 0.983016304347826 0.9286684782608695 0.033967391304347824 0.08763586956521739
0 0.5971467391304348 0.8885869565217391 0.09239130434782608 0.09103260869565218
0 0.11956521739130435 0.8002717391304348 0.078125 0.07744565217391304
0 0.38247282608695654 0.6827445652173914 0.07948369565217392 0.07201086956521739
0 0.5597826086956522 0.6875 0.07608695652173914 0.08084239130434782
0 0.9864130434782609 0.7649456521739131 0.02717391304347826 0.07880434782608696
0 0.9769021739130435 0.5998641304347826 0.04551630434782609 0.059103260869565216
0 0.8247282608695652 0.5869565217391305 0.052309782608695655 0.05570652173913043
0 0.7391304347826086 0.5244565217391305 0.05298913043478261 0.05502717391304348
0 0.5495923913043478 0.5801630434782609 0.06861413043478261 0.06657608695652174
0 0.43953804347826086 0.6358695652173914 0.06589673913043478 0.06725543478260869
0 0.2112771739130435 0.6433423913043478 0.07948369565217392 0.07608695652173914
0 0.8315217391304348 0.5081521739130435 0.05570652173913043 0.05366847826086957
0 0.875 0.4796195652173913 0.05638586956521739 0.05366847826086957
0 0.9144021739130435 0.4008152173913043 0.04891304347826087 0.042798913043478264
0 0.9796195652173914 0.41983695652173914 0.04076086956521739 0.04891304347826087
0 0.9789402173913043 0.48165760869565216 0.041440217391304345 0.049592391304347824
0 0.9605978260869565 0.37228260869565216 0.04551630434782609 0.043478260869565216
0 0.9354619565217391 0.36345108695652173 0.03872282608695652 0.036684782608695655
0 0.11277173913043478 0.06453804347826086 0.02309782608695652 0.021739130434782608
0 0.8220108695652174 0.9252717391304348 0.09782608695652174 0.07880434782608696
0 0.8254076086956522 0.8729619565217391 0.09307065217391304 0.07608695652173914
0 0.48097826086956524 0.8994565217391305 0.09850543478260869 0.07948369565217392
0 0.07065217391304347 0.9103260869565217 0.09986413043478261 0.08084239130434782
0 0.6983695652173914 0.75 0.08559782608695653 0.06929347826086957
0 0.6942934782608695 0.6875 0.08016304347826086 0.06453804347826086
0 0.8322010869565217 0.6474184782608695 0.07065217391304347 0.057744565217391304
0 0.7194293478260869 0.5910326086956522 0.06929347826086957 0.05638586956521739
0 0.9884510869565217 0.34171195652173914 0.02309782608695652 0.033967391304347824
0 0.3688858695652174 0.021739130434782608 0.016304347826086956 0.012907608695652174