0 0.03260869565217391 0.6379076086956522 0.017663043478260868 0.014945652173913044
0 0.24116847826086957 0.6582880434782609 0.014266304347826086 0.012907608695652174
0 0.2907608695652174 0.6311141304347826 0.016983695652173912 0.01358695652173913
0 0.44904891304347827 0.6216032608695652 0.012228260869565218 0.009510869565217392
0 0.733016304347826 0.6086956521739131 0.01154891304347826 0.010190217391304348
0 0.7866847826086957 0.5896739130434783 0.007472826086956522 0.006114130434782609
0 0.059782608695652176 0.6413043478260869 0.017663043478260868 0.01154891304347826
0 0.07336956521739131 0.6290760869565217 0.016304347826086956 0.010869565217391304
0 0.40421195652173914 0.6229619565217391 0.014945652173913044 0.010190217391304348
0 0.46671195652173914 0.6148097826086957 0.014266304347826086 0.009510869565217392
0 0.3335597826086957 0.641983695652174 0.017663043478260868 0.01154891304347826
0 0.47622282608695654 0.6086956521739131 0.012907608695652174 0.008831521739130434
0 0.5101902173913043 0.6073369565217391 0.012907608695652174 0.008831521739130434
0 0.5101902173913043 0.6073369565217391 0.012907608695652174 0.008831521739130434
0 0.6283967391304348 0.6148097826086957 0.014266304347826086 0.009510869565217392
0 0.6752717391304348 0.6188858695652174 0.014266304347826086 0.009510869565217392
0 0.5658967391304348 0.6188858695652174 0.014266304347826086 0.009510869565217392
0 0.7160326086956522 0.6134510869565217 0.01358695652173913 0.008831521739130434
0 0.7160326086956522 0.6134510869565217 0.01358695652173913 0.008831521739130434
0 0.7085597826086957 0.6120923913043478 0.01358695652173913 0.008831521739130434
0 0.6766304347826086 0.5883152173913043 0.009510869565217392 0.006114130434782609
0 0.6766304347826086 0.5883152173913043 0.009510869565217392 0.006114130434782609
0 0.686141304347826 0.5815217391304348 0.007472826086956522 0.004755434782608696
0 0.7072010869565217 0.5801630434782609 0.006793478260869565 0.004755434782608696
0 0.7235054347826086 0.578125 0.006114130434782609 0.004076086956521739
0 0.7615489130434783 0.5801630434782609 0.006793478260869565 0.004755434782608696
0 0.7697010869565217 0.579483695652174 0.006793478260869565 0.004755434782608696
0 0.7622282608695652 0.5930706521739131 0.010190217391304348 0.006793478260869565
0 0.842391304347826 0.609375 0.012907608695652174 0.008831521739130434
0 0.7873641304347826 0.5862771739130435 0.008831521739130434 0.005434782608695652
0 0.8600543478260869 0.5985054347826086 0.01154891304347826 0.007472826086956522