0 0.779891304347826 0.45108695652173914 0.04008152173913043 0.04891304347826087
0 0.8410326086956522 0.38722826086956524 0.035326086956521736 0.04008152173913043
0 0.3063858695652174 0.609375 0.08491847826086957 0.10394021739130435
0 0.6936141304347826 0.38722826086956524 0.035326086956521736 0.04008152173913043
0 0.041440217391304345 0.36752717391304346 0.06725543478260869 0.08627717391304347
0 0.07880434782608696 0.3029891304347826 0.05502717391304348 0.05298913043478261
0 0.10869565217391304 0.2554347826086957 0.03736413043478261 0.035326086956521736
0 0.18138586956521738 0.3220108695652174 0.035326086956521736 0.04008152173913043
0 0.24864130434782608 0.30842391304347827 0.029891304347826088 0.04008152173913043
0 0.28532608695652173 0.34646739130434784 0.03736413043478261 0.050951086956521736
0 0.18885869565217392 0.2873641304347826 0.029891304347826088 0.03328804347826087
0 0.23029891304347827 0.26902173913043476 0.022418478260869564 0.03125
0 0.2764945652173913 0.26222826086956524 0.02717391304347826 0.03328804347826087
0 0.30842391304347827 0.27785326086956524 0.029891304347826088 0.03125
0 0.31521739130434784 0.22758152173913043 0.022418478260869564 0.026494565217391304
0 0.39402173913043476 0.23369565217391305 0.022418478260869564 0.024456521739130436
0 0.40625 0.2554347826086957 0.022418478260869564 0.026494565217391304
0 0.41032608695652173 0.3029891304347826 0.029891304347826088 0.035326086956521736
0 0.38383152173913043 0.328804347826087 0.04483695652173913 0.050951086956521736
0 0.36141304347826086 0.27241847826086957 0.029891304347826088 0.03328804347826087
0 0.45516304347826086 0.2513586956521739 0.022418478260869564 0.026494565217391304
0 0.44021739130434784 0.2391304347826087 0.01970108695652174 0.01970108695652174
0 0.5061141304347826 0.23641304347826086 0.02717391304347826 0.026494565217391304
0 0.48097826086956524 0.25 0.02717391304347826 0.03125
0 0.48097826086956524 0.2764945652173913 0.022418478260869564 0.03328804347826087
0 0.5101902173913043 0.32540760869565216 0.035326086956521736 0.04008152173913043
0 0.45991847826086957 0.311820652173913 0.029891304347826088 0.03328804347826087
0 0.5101902173913043 0.27241847826086957 0.02717391304347826 0.03125
0 0.6447010869565217 0.28328804347826086 0.029891304347826088 0.03328804347826087
0 0.6514945652173914 0.2391304347826087 0.01970108695652174 0.024456521739130436
0 0.5822010869565217 0.26222826086956524 0.022418478260869564 0.03125
0 0.5665760869565217 0.2751358695652174 0.02717391304347826 0.03125
0 0.7126358695652174 0.2955163043478261 0.02717391304347826 0.026494565217391304
0 0.8063858695652174 0.234375 0.01970108695652174 0.01970108695652174
0 0.8077445652173914 0.25 0.022418478260869564 0.026494565217391304
0 0.8036684782608695 0.26766304347826086 0.022418478260869564 0.03125
0 0.8335597826086957 0.24796195652173914 0.022418478260869564 0.024456521739130436
0 0.9449728260869565 0.25883152173913043 0.022418478260869564 0.026494565217391304
0 0.9103260869565217 0.28872282608695654 0.02717391304347826 0.03125
0 0.90625 0.3220108695652174 0.02717391304347826 0.03125
0 0.8600543478260869 0.3342391304347826 0.02717391304347826 0.03125
0 0.8872282608695652 0.3383152173913043 0.02717391304347826 0.03328804347826087
0 0.8559782608695652 0.3641304347826087 0.029891304347826088 0.035326086956521736
0 0.8172554347826086 0.297554347826087 0.01970108695652174 0.026494565217391304
0 0.9972826086956522 0.28125 0.004755434782608696 0.03125
0 0.7038043478260869 0.610733695652174 0.059782608695652176 0.05298913043478261
0 0.779891304347826 0.561141304347826 0.057744565217391304 0.050951086956521736
0 0.720108695652174 0.5190217391304348 0.052309782608695655 0.04619565217391304
0 0.7853260869565217 0.48641304347826086 0.050271739130434784 0.044157608695652176
0 0.7574728260869565 0.4273097826086957 0.042798913043478264 0.04008152173913043
0 0.7975543478260869 0.40353260869565216 0.04008152173913043 0.035326086956521736
0 0.44904891304347827 0.49116847826086957 0.07744565217391304 0.06861413043478261
0 0.5625 0.43478260869565216 0.042798913043478264 0.03736413043478261
0 0.6725543478260869 0.41372282608695654 0.04008152173913043 0.035326086956521736
0 0.09103260869565218 0.43478260869565216 0.08220108695652174 0.07065217391304347
0 0.17391304347826086 0.41032608695652173 0.07472826086956522 0.06657608695652174
0 0.375 0.3892663043478261 0.050271739130434784 0.044157608695652176
0 0.052309782608695655 0.23573369565217392 0.03260869565217391 0.028532608695652172
0 0.15217391304347827 0.3498641304347826 0.059782608695652176 0.05298913043478261
0 0.22146739130434784 0.23980978260869565 0.02717391304347826 0.024456521739130436
0 0.19157608695652173 0.23029891304347827 0.02717391304347826 0.026494565217391304
0 0.15760869565217392 0.26222826086956524 0.03260869565217391 0.028532608695652172
0 0.18885869565217392 0.26222826086956524 0.03260869565217391 0.028532608695652172
0 0.25407608695652173 0.23980978260869565 0.02717391304347826 0.024456521739130436
0 0.36345108695652173 0.22758152173913043 0.022418478260869564 0.01970108695652174
0 0.483695652173913 0.35597826086956524 0.04755434782608696 0.04008152173913043
0 0.5597826086956522 0.24320652173913043 0.025135869565217392 0.022418478260869564
0 0.6514945652173914 0.2554347826086957 0.02717391304347826 0.024456521739130436
0 0.595108695652174 0.23980978260869565 0.025135869565217392 0.024456521739130436
0 0.5699728260869565 0.24660326086956522 0.02717391304347826 0.024456521739130436
0 0.6059782608695652 0.25 0.02717391304347826 0.026494565217391304
0 0.71875 0.24320652173913043 0.025135869565217392 0.022418478260869564
0 0.7574728260869565 0.24456521739130435 0.025135869565217392 0.022418478260869564
0 0.6800271739130435 0.23777173913043478 0.025135869565217392 0.01970108695652174
0 0.6990489130434783 0.234375 0.022418478260869564 0.01970108695652174
0 0.8627717391304348 0.24456521739130435 0.025135869565217392 0.022418478260869564
0 0.9565217391304348 0.2425271739130435 0.022418478260869564 0.01970108695652174
0 0.9137228260869565 0.2608695652173913 0.02717391304347826 0.024456521739130436
0 0.7710597826086957 0.2955163043478261 0.02717391304347826 0.024456521739130436
0 0.6976902173913043 0.26766304347826086 0.025135869565217392 0.024456521739130436
0 0.9911684782608695 0.2608695652173913 0.017663043478260868 0.022418478260869564
0 0.9959239130434783 0.25 0.007472826086956522 0.022418478260869564