0 0.9877717391304348 0.8091032608695652 0.024456521739130436 0.06385869565217392
0 0.766983695652174 0.811141304347826 0.07269021739130435 0.06861413043478261
0 0.7255434782608695 0.7961956521739131 0.059782608695652176 0.05638586956521739
0 0.6365489130434783 0.9782608695652174 0.06793478260869565 0.036684782608695655
0 0.7126358695652174 0.7323369565217391 0.06929347826086957 0.057065217391304345
0 0.7615489130434783 0.6976902173913043 0.06589673913043478 0.04891304347826087
0 0.8620923913043478 0.735733695652174 0.07065217391304347 0.058423913043478264
0 0.9884510869565217 0.7445652173913043 0.02309782608695652 0.050271739130434784
0 0.5665760869565217 0.7092391304347826 0.06793478260869565 0.05434782608695652
0 0.5360054347826086 0.7445652173913043 0.07065217391304347 0.05638586956521739
0 0.40896739130434784 0.703125 0.05638586956521739 0.03872282608695652
0 0.02377717391304348 0.9864130434782609 0.04755434782608696 0.024456521739130436
0 0.08559782608695653 0.8023097826086957 0.06725543478260869 0.05638586956521739
0 0.026494565217391304 0.6956521739130435 0.052309782608695655 0.05366847826086957
0 0.23029891304347827 0.7010869565217391 0.05570652173913043 0.046875
0 0.08899456521739131 0.468070652173913 0.057065217391304345 0.04551630434782609
0 0.1480978260869565 0.5339673913043478 0.04891304347826087 0.04619565217391304
0 0.18953804347826086 0.6134510869565217 0.058423913043478264 0.049592391304347824
0 0.3342391304347826 0.6759510869565217 0.0625 0.051630434782608696
0 0.27853260869565216 0.5523097826086957 0.06521739130434782 0.057065217391304345
0 0.41440217391304346 0.5237771739130435 0.0625 0.05434782608695652
0 0.27921195652173914 0.4782608695652174 0.057065217391304345 0.046875
0 0.21263586956521738 0.4470108695652174 0.05638586956521739 0.049592391304347824
0 0.4313858695652174 0.6474184782608695 0.058423913043478264 0.049592391304347824
0 0.5495923913043478 0.6385869565217391 0.06521739130434782 0.05434782608695652
0 0.6025815217391305 0.6514945652173914 0.07065217391304347 0.06182065217391304
0 0.6120923913043478 0.5135869565217391 0.07269021739130435 0.05434782608695652
0 0.7085597826086957 0.6358695652173914 0.05638586956521739 0.044157608695652176
0 0.8355978260869565 0.6134510869565217 0.06657608695652174 0.05298913043478261
0 0.9782608695652174 0.6691576086956522 0.042798913043478264 0.042798913043478264
0 0.8097826086956522 0.3702445652173913 0.04755434782608696 0.036684782608695655
0 0.9925271739130435 0.24320652173913043 0.014945652173913044 0.03328804347826087
0 0.907608695652174 0.2105978260869565 0.04755434782608696 0.042798913043478264
0 0.735733695652174 0.2554347826086957 0.04823369565217391 0.034646739130434784
0 0.6691576086956522 0.43342391304347827 0.052309782608695655 0.044157608695652176
0 0.5027173913043478 0.40828804347826086 0.04619565217391304 0.036005434782608696
0 0.45516304347826086 0.4048913043478261 0.051630434782608696 0.03940217391304348
0 0.5047554347826086 0.24048913043478262 0.051630434782608696 0.04483695652173913
0 0.360054347826087 0.2418478260869565 0.04891304347826087 0.04551630434782609
0 0.13111413043478262 0.36684782608695654 0.05502717391304348 0.043478260869565216
0 0.059782608695652176 0.38654891304347827 0.05502717391304348 0.043478260869565216
0 0.018342391304347828 0.37160326086956524 0.036005434782608696 0.042119565217391304
0 0.4952445652173913 0.15896739130434784 0.043478260869565216 0.028532608695652172
0 0.8777173913043478 0.8505434782608695 0.08084239130434782 0.05366847826086957
0 0.984375 0.704483695652174 0.03125 0.04483695652173913
0 0.40896739130434784 0.7398097826086957 0.07133152173913043 0.04755434782608696
0 0.31657608695652173 0.8709239130434783 0.06589673913043478 0.043478260869565216
0 0.1610054347826087 0.8675271739130435 0.06589673913043478 0.044157608695652176
0 0.07948369565217392 0.7248641304347826 0.06793478260869565 0.04551630434782609
0 0.22282608695652173 0.7309782608695652 0.06793478260869565 0.04483695652173913
0 0.033967391304347824 0.5788043478260869 0.06385869565217392 0.042798913043478264
0 0.22486413043478262 0.65625 0.06521739130434782 0.043478260869565216
0 0.33967391304347827 0.5964673913043478 0.06725543478260869 0.04483695652173913
0 0.360054347826087 0.5523097826086957 0.06657608695652174 0.044157608695652176
0 0.5040760869565217 0.5883152173913043 0.07201086956521739 0.04823369565217391
0 0.9707880434782609 0.6399456521739131 0.058423913043478264 0.043478260869565216
0 0.9334239130434783 0.654891304347826 0.06589673913043478 0.044157608695652176
0 0.9694293478260869 0.40896739130434784 0.057744565217391304 0.03804347826086957
0 0.3539402173913043 0.4014945652173913 0.06046195652173913 0.04008152173913043
0 0.24456521739130435 0.3532608695652174 0.058423913043478264 0.03940217391304348
0 0.23573369565217392 0.4123641304347826 0.059782608695652176 0.03940217391304348