0 0.9592391304347826 0.40896739130434784 0.009510869565217392 0.012228260869565218
0 0.8716032608695652 0.41847826086956524 0.009510869565217392 0.010869565217391304
0 0.8654891304347826 0.39334239130434784 0.008152173913043478 0.010190217391304348
0 0.8539402173913043 0.4741847826086957 0.012228260869565218 0.01358695652173913
0 0.8824728260869565 0.47622282608695654 0.012228260869565218 0.016983695652173912
0 0.8376358695652174 0.4592391304347826 0.01154891304347826 0.010869565217391304
0 0.5998641304347826 0.49320652173913043 0.02717391304347826 0.029891304347826088
0 0.5230978260869565 0.49660326086956524 0.021059782608695652 0.025135869565217392
0 0.7418478260869565 0.45108695652173914 0.01154891304347826 0.020380434782608696
0 0.7710597826086957 0.46467391304347827 0.012228260869565218 0.017663043478260868
0 0.7771739130434783 0.36820652173913043 0.008152173913043478 0.010190217391304348
0 0.7622282608695652 0.3851902173913043 0.008152173913043478 0.010190217391304348
0 0.7581521739130435 0.375679347826087 0.008152173913043478 0.010190217391304348
0 0.7445652173913043 0.37703804347826086 0.008152173913043478 0.008152173913043478
0 0.6970108695652174 0.38722826086956524 0.008152173913043478 0.010190217391304348
0 0.671875 0.3953804347826087 0.008152173913043478 0.010190217391304348
0 0.6385869565217391 0.43342391304347827 0.014266304347826086 0.014945652173913044
0 0.641983695652174 0.4048913043478261 0.009510869565217392 0.010869565217391304
0 0.5998641304347826 0.422554347826087 0.012228260869565218 0.01358695652173913
0 0.5862771739130435 0.41847826086956524 0.014266304347826086 0.016983695652173912
0 0.5584239130434783 0.40625 0.009510869565217392 0.010190217391304348
0 0.4898097826086957 0.4266304347826087 0.015625 0.017663043478260868
0 0.44904891304347827 0.4008152173913043 0.009510869565217392 0.010869565217391304
0 0.3532608695652174 0.41304347826086957 0.012228260869565218 0.012228260869565218
0 0.34171195652173914 0.39809782608695654 0.009510869565217392 0.010190217391304348
0 0.30095108695652173 0.3919836956521739 0.009510869565217392 0.012907608695652174
0 0.25203804347826086 0.3845108695652174 0.009510869565217392 0.010190217391304348
0 0.3226902173913043 0.38247282608695654 0.008152173913043478 0.010869565217391304
0 0.39470108695652173 0.40828804347826086 0.01154891304347826 0.01358695652173913
0 0.9966032608695652 0.5197010869565217 0.006114130434782609 0.012907608695652174
0 0.9972826086956522 0.42934782608695654 0.005434782608695652 0.010869565217391304
0 0.9605978260869565 0.44429347826086957 0.012228260869565218 0.010869565217391304
0 0.9252717391304348 0.4945652173913043 0.014266304347826086 0.012907608695652174
0 0.9144021739130435 0.47758152173913043 0.014266304347826086 0.012907608695652174
0 0.8552989130434783 0.39877717391304346 0.010190217391304348 0.009510869565217392
0 0.6582880434782609 0.49252717391304346 0.025135869565217392 0.022418478260869564
0 0.798233695652174 0.390625 0.010190217391304348 0.009510869565217392
0 0.7907608695652174 0.3804347826086957 0.010190217391304348 0.009510869565217392
0 0.7459239130434783 0.39334239130434784 0.010190217391304348 0.009510869565217392
0 0.734375 0.38858695652173914 0.010190217391304348 0.009510869565217392
0 0.717391304347826 0.390625 0.010190217391304348 0.009510869565217392
0 0.734375 0.37228260869565216 0.008152173913043478 0.007472826086956522
0 0.6834239130434783 0.37771739130434784 0.008152173913043478 0.007472826086956522
0 0.654891304347826 0.41304347826086957 0.012228260869565218 0.010869565217391304
0 0.6365489130434783 0.39266304347826086 0.010190217391304348 0.009510869565217392
0 0.6216032608695652 0.3851902173913043 0.010190217391304348 0.009510869565217392
0 0.6127717391304348 0.3851902173913043 0.008152173913043478 0.007472826086956522
0 0.5998641304347826 0.39470108695652173 0.010190217391304348 0.009510869565217392
0 0.548233695652174 0.41915760869565216 0.014266304347826086 0.012907608695652174
0 0.5190217391304348 0.41847826086956524 0.014266304347826086 0.012907608695652174
0 0.529891304347826 0.40285326086956524 0.012228260869565218 0.010869565217391304
0 0.515625 0.40896739130434784 0.012228260869565218 0.010869565217391304
0 0.4748641304347826 0.41372282608695654 0.014266304347826086 0.012907608695652174
0 0.4320652173913043 0.421195652173913 0.014266304347826086 0.012907608695652174
0 0.42527173913043476 0.45584239130434784 0.021059782608695652 0.018342391304347828
0 0.41847826086956524 0.40625 0.012228260869565218 0.010869565217391304
0 0.41779891304347827 0.3797554347826087 0.006114130434782609 0.005434782608695652
0 0.46059782608695654 0.375679347826087 0.0020380434782608695 0.0020380434782608695
0 0.43953804347826086 0.39470108695652173 0.010190217391304348 0.009510869565217392
0 0.48029891304347827 0.37160326086956524 0.010190217391304348 0.009510869565217392
0 0.5020380434782609 0.3702445652173913 0.016983695652173912 0.014945652173913044
0 0.5509510869565217 0.37228260869565216 0.010190217391304348 0.009510869565217392
0 0.5176630434782609 0.374320652173913 0.010190217391304348 0.009510869565217392
0 0.548233695652174 0.3648097826086957 0.010190217391304348 0.009510869565217392
0 0.39877717391304346 0.38315217391304346 0.008152173913043478 0.007472826086956522
0 0.37907608695652173 0.3851902173913043 0.010190217391304348 0.009510869565217392
0 0.3695652173913043 0.37703804347826086 0.006114130434782609 0.005434782608695652
0 0.33627717391304346 0.37703804347826086 0.006114130434782609 0.005434782608695652
0 0.29483695652173914 0.4008152173913043 0.012228260869565218 0.010869565217391304
0 0.31046195652173914 0.39266304347826086 0.010190217391304348 0.009510869565217392
0 0.3023097826086957 0.374320652173913 0.006114130434782609 0.005434782608695652
0 0.28532608695652173 0.37228260869565216 0.006114130434782609 0.005434782608695652
0 0.27309782608695654 0.3851902173913043 0.010190217391304348 0.009510869565217392
0 0.2425271739130435 0.37160326086956524 0.004076086956521739 0.0033967391304347825
0 0.20855978260869565 0.44972826086956524 0.019021739130434784 0.016983695652173912
0 0.16576086956521738 0.4001358695652174 0.012228260869565218 0.010869565217391304
0 0.15489130434782608 0.3845108695652174 0.008152173913043478 0.007472826086956522
0 0.14266304347826086 0.375679347826087 0.006114130434782609 0.005434782608695652
0 0.08831521739130435 0.359375 0.006114130434782609 0.005434782608695652
0 0.2710597826086957 0.37296195652173914 0.006114130434782609 0.005434782608695652
0 0.2982336956521739 0.36684782608695654 0.0020380434782608695 0.0020380434782608695
0 0.28328804347826086 0.3695652173913043 0.004076086956521739 0.0033967391304347825
0 0.33967391304347827 0.36820652173913043 0.004076086956521739 0.0033967391304347825
0 0.31997282608695654 0.3695652173913043 0.004076086956521739 0.0033967391304347825
0 0.31046195652173914 0.37296195652173914 0.006114130434782609 0.005434782608695652
0 0.30842391304347827 0.3695652173913043 0.004076086956521739 0.0033967391304347825
0 0.3532608695652174 0.3695652173913043 0.004076086956521739 0.0033967391304347825
0 0.4375 0.36752717391304346 0.010190217391304348 0.009510869565217392
0 0.4436141304347826 0.37296195652173914 0.004076086956521739 0.0033967391304347825