0 0.39741847826086957 0.6304347826086957 0.008831521739130434 0.03125
0 0.37703804347826086 0.7771739130434783 0.009510869565217392 0.03125
0 0.37092391304347827 0.8050271739130435 0.009510869565217392 0.03125
0 0.3491847826086957 0.6243206521739131 0.009510869565217392 0.03125
0 0.3220108695652174 0.7622282608695652 0.009510869565217392 0.033967391304347824
0 0.3226902173913043 0.8050271739130435 0.009510869565217392 0.03125
0 0.29891304347826086 0.8960597826086957 0.009510869565217392 0.033967391304347824
0 0.2866847826086957 0.9639945652173914 0.009510869565217392 0.033967391304347824
0 0.281929347826087 0.7778532608695652 0.009510869565217392 0.03125
0 0.30910326086956524 0.6779891304347826 0.008831521739130434 0.03125
0 0.5129076086956522 0.751358695652174 0.009510869565217392 0.033967391304347824
0 0.48709239130434784 0.8070652173913043 0.009510869565217392 0.03125
0 0.19361413043478262 0.7792119565217391 0.006793478260869565 0.029211956521739132
0 0.2452445652173913 0.5591032608695652 0.006793478260869565 0.029211956521739132
0 0.27309782608695654 0.5855978260869565 0.008831521739130434 0.029211956521739132
0 0.26970108695652173 0.609375 0.008831521739130434 0.029211956521739132
0 0.25 0.7370923913043478 0.008831521739130434 0.03125
0 0.22826086956521738 0.813858695652174 0.008831521739130434 0.033967391304347824
0 0.20855978260869565 0.8539402173913043 0.007472826086956522 0.029211956521739132
0 0.14198369565217392 0.8213315217391305 0.007472826086956522 0.033967391304347824
0 0.11277173913043478 0.890625 0.008831521739130434 0.033967391304347824
0 0.09714673913043478 0.7737771739130435 0.007472826086956522 0.033967391304347824
0 0.11684782608695653 0.751358695652174 0.006793478260869565 0.033967391304347824
0 0.16508152173913043 0.7126358695652174 0.007472826086956522 0.033967391304347824
0 0.17595108695652173 0.6623641304347826 0.006793478260869565 0.02717391304347826
0 0.16304347826086957 0.6182065217391305 0.006793478260869565 0.02717391304347826
0 0.15217391304347827 0.657608695652174 0.006793478260869565 0.029211956521739132
0 0.20448369565217392 0.5788043478260869 0.006793478260869565 0.03125
0 0.22146739130434784 0.5339673913043478 0.007472826086956522 0.03125
0 0.05638586956521739 0.8254076086956522 0.006793478260869565 0.02717391304347826
0 0.06657608695652174 0.795516304347826 0.007472826086956522 0.033967391304347824
0 0.10597826086956522 0.6379076086956522 0.007472826086956522 0.029211956521739132
0 0.1358695652173913 0.5434782608695652 0.004755434782608696 0.02309782608695652
0 0.14266304347826086 0.6650815217391305 0.006793478260869565 0.03125
0 0.16983695652173914 0.4429347826086957 0.006793478260869565 0.03125
0 0.036005434782608696 0.6059782608695652 0.006793478260869565 0.029211956521739132
0 0.057744565217391304 0.36345108695652173 0.004755434782608696 0.02309782608695652
0 0.046875 0.40217391304347827 0.004755434782608696 0.02309782608695652
0 0.035326086956521736 0.40421195652173914 0.005434782608695652 0.025135869565217392
0 0.026494565217391304 0.42527173913043476 0.005434782608695652 0.025135869565217392
0 0.02309782608695652 0.4735054347826087 0.006793478260869565 0.025135869565217392
0 0.08423913043478261 0.39877717391304346 0.004755434782608696 0.02309782608695652
0 0.07404891304347826 0.41032608695652173 0.004755434782608696 0.025135869565217392
0 0.5434782608695652 0.951766304347826 0.010190217391304348 0.033967391304347824
0 0.5801630434782609 0.9239130434782609 0.009510869565217392 0.033967391304347824
0 0.6297554347826086 0.9171195652173914 0.009510869565217392 0.033967391304347824
0 0.6908967391304348 0.9449728260869565 0.010869565217391304 0.03804347826086957
0 0.03125 0.5434782608695652 0.005434782608695652 0.025135869565217392
0 0.049592391304347824 0.47078804347826086 0.005434782608695652 0.025135869565217392
0 0.018342391304347828 0.15081521739130435 0.004076086956521739 0.016983695652173912
0 0.02717391304347826 0.13926630434782608 0.0033967391304347825 0.014945652173913044
0 0.03736413043478261 0.12296195652173914 0.004076086956521739 0.016983695652173912
0 0.0625 0.08288043478260869 0.0033967391304347825 0.016983695652173912
0 0.010190217391304348 0.23505434782608695 0.0033967391304347825 0.019021739130434784
0 0.018342391304347828 0.22214673913043478 0.004076086956521739 0.019021739130434784
0 0.03260869565217391 0.19361413043478262 0.004076086956521739 0.016983695652173912
0 0.05298913043478261 0.15760869565217392 0.004076086956521739 0.019021739130434784
0 0.08355978260869565 0.09986413043478261 0.004076086956521739 0.019021739130434784
0 0.03736413043478261 0.26834239130434784 0.004755434782608696 0.019021739130434784
0 0.05570652173913043 0.2112771739130435 0.004755434782608696 0.019021739130434784
0 0.06589673913043478 0.1956521739130435 0.004076086956521739 0.016983695652173912
0 0.07540760869565218 0.17459239130434784 0.004076086956521739 0.019021739130434784
0 0.09035326086956522 0.14741847826086957 0.004076086956521739 0.016983695652173912
0 0.059103260869565216 0.2907608695652174 0.004755434782608696 0.019021739130434784
0 0.08084239130434782 0.24116847826086957 0.004076086956521739 0.019021739130434784
0 0.09307065217391304 0.22078804347826086 0.004755434782608696 0.019021739130434784
0 0.08695652173913043 0.3179347826086957 0.004755434782608696 0.019021739130434784
0 0.09307065217391304 0.30027173913043476 0.004755434782608696 0.019021739130434784
0 0.5828804347826086 0.7112771739130435 0.009510869565217392 0.03125
0 0.595108695652174 0.671875 0.008831521739130434 0.03125
0 0.6195652173913043 0.8009510869565217 0.009510869565217392 0.03125
0 0.936141304347826 0.9252717391304348 0.01154891304347826 0.04008152173913043
0 0.125 0.8546195652173914 0.007472826086956522 0.03125
0 0.2860054347826087 0.7411684782608695 0.009510869565217392 0.03125
0 0.012907608695652174 0.29279891304347827 0.005434782608695652 0.019021739130434784
0 0.39402173913043476 0.654891304347826 0.009510869565217392 0.03125
0 0.3845108695652174 0.6834239130434783 0.009510869565217392 0.03125
0 0.359375 0.8546195652173914 0.009510869565217392 0.033967391304347824
0 0.3648097826086957 0.610733695652174 0.008831521739130434 0.029211956521739132
0 0.3498641304347826 0.6555706521739131 0.008831521739130434 0.03125
0 0.343070652173913 0.720108695652174 0.009510869565217392 0.03125
0 0.3328804347826087 0.7438858695652174 0.009510869565217392 0.03125
0 0.313179347826087 0.8430706521739131 0.009510869565217392 0.03125
0 0.30842391304347827 0.860733695652174 0.009510869565217392 0.033967391304347824
0 0.26970108695652173 0.8410326086956522 0.009510869565217392 0.03125
0 0.296875 0.704483695652174 0.009510869565217392 0.03125
0 0.31589673913043476 0.6494565217391305 0.009510869565217392 0.03125
0 0.3233695652173913 0.6222826086956522 0.008831521739130434 0.029211956521739132
0 0.5 0.7778532608695652 0.009510869565217392 0.03125
0 0.5067934782608695 0.8464673913043478 0.009510869565217392 0.033967391304347824
0 0.49184782608695654 0.9313858695652174 0.010190217391304348 0.036005434782608696
0 0.484375 0.8885869565217391 0.009510869565217392 0.033967391304347824
0 0.49592391304347827 0.8525815217391305 0.009510869565217392 0.033967391304347824
0 0.15760869565217392 0.921875 0.008831521739130434 0.029211956521739132
0 0.17730978260869565 0.8389945652173914 0.008831521739130434 0.02717391304347826
0 0.19361413043478262 0.813858695652174 0.008831521739130434 0.02717391304347826
0 0.21739130434782608 0.6623641304347826 0.008831521739130434 0.02717391304347826
0 0.23097826086956522 0.641983695652174 0.008152173913043478 0.029211956521739132
0 0.24320652173913043 0.5991847826086957 0.008831521739130434 0.02717391304347826
0 0.25339673913043476 0.5550271739130435 0.008152173913043478 0.02717391304347826
0 0.2561141304347826 0.6766304347826086 0.008831521739130434 0.02717391304347826
0 0.234375 0.7819293478260869 0.008831521739130434 0.029211956521739132
0 0.23980978260869565 0.7683423913043478 0.008831521739130434 0.029211956521739132
0 0.1983695652173913 0.9137228260869565 0.008152173913043478 0.029211956521739132
0 0.20516304347826086 0.8845108695652174 0.008831521739130434 0.029211956521739132
0 0.1487771739130435 0.764266304347826 0.008152173913043478 0.029211956521739132
0 0.1324728260869565 0.7601902173913043 0.008831521739130434 0.029211956521739132
0 0.09307065217391304 0.8145380434782609 0.008831521739130434 0.029211956521739132
0 0.1922554347826087 0.6222826086956522 0.007472826086956522 0.02717391304347826
0 0.21603260869565216 0.5672554347826086 0.008152173913043478 0.02717391304347826
0 0.07608695652173914 0.7438858695652174 0.008152173913043478 0.02717391304347826
0 0.08899456521739131 0.6990489130434783 0.008152173913043478 0.02717391304347826
0 0.11820652173913043 0.6148097826086957 0.006793478260869565 0.025135869565217392
0 0.13111413043478262 0.6039402173913043 0.006793478260869565 0.025135869565217392
0 0.15217391304347827 0.5400815217391305 0.007472826086956522 0.025135869565217392
0 0.1671195652173913 0.59375 0.007472826086956522 0.025135869565217392
0 0.12160326086956522 0.4830163043478261 0.006114130434782609 0.02309782608695652
0 0.15489130434782608 0.49184782608695654 0.007472826086956522 0.02309782608695652
0 0.16304347826086957 0.469429347826087 0.007472826086956522 0.025135869565217392
0 0.11413043478260869 0.4327445652173913 0.006793478260869565 0.021059782608695652
0 0.13858695652173914 0.436820652173913 0.006114130434782609 0.02309782608695652
0 0.1956521739130435 0.4748641304347826 0.007472826086956522 0.025135869565217392
0 0.22554347826086957 0.49796195652173914 0.008152173913043478 0.02717391304347826
0 0.20720108695652173 0.6915760869565217 0.008152173913043478 0.02717391304347826
0 0.20720108695652173 0.7581521739130435 0.008152173913043478 0.02717391304347826
0 0.029891304347826088 0.7262228260869565 0.008831521739130434 0.029211956521739132
0 0.06589673913043478 0.6460597826086957 0.007472826086956522 0.025135869565217392
0 0.26154891304347827 0.5149456521739131 0.007472826086956522 0.02717391304347826
0 0.25271739130434784 0.5115489130434783 0.007472826086956522 0.025135869565217392
0 0.25679347826086957 0.5536684782608695 0.008152173913043478 0.02717391304347826
0 0.0033967391304347825 0.7065217391304348 0.006793478260869565 0.02717391304347826
0 0.01154891304347826 0.6786684782608695 0.008152173913043478 0.02717391304347826
0 0.027853260869565216 0.6283967391304348 0.007472826086956522 0.025135869565217392
0 0.05298913043478261 0.5903532608695652 0.007472826086956522 0.025135869565217392
0 0.06453804347826086 0.5475543478260869 0.006793478260869565 0.025135869565217392
0 0.08152173913043478 0.4898097826086957 0.006793478260869565 0.02309782608695652
0 0.04076086956521739 0.3328804347826087 0.006114130434782609 0.021059782608695652
0 0.007472826086956522 0.5054347826086957 0.006793478260869565 0.02309782608695652
0 0.0020380434782608695 0.5292119565217391 0.0033967391304347825 0.02309782608695652
0 0.07065217391304347 0.4544836956521739 0.006793478260869565 0.021059782608695652
0 0.5869565217391305 0.9823369565217391 0.009510869565217392 0.033967391304347824
0 0.576766304347826 0.9612771739130435 0.009510869565217392 0.036005434782608696
0 0.5964673913043478 0.8756793478260869 0.009510869565217392 0.033967391304347824
0 0.5896739130434783 0.8845108695652174 0.009510869565217392 0.033967391304347824
0 0.5889945652173914 0.8179347826086957 0.009510869565217392 0.033967391304347824
0 0.545516304347826 0.8213315217391305 0.009510869565217392 0.033967391304347824
0 0.5332880434782609 0.7860054347826086 0.009510869565217392 0.03125
0 0.6440217391304348 0.9001358695652174 0.009510869565217392 0.03125
0 0.7438858695652174 0.9748641304347826 0.01154891304347826 0.04008152173913043
0 0.688858695652174 0.9177989130434783 0.010869565217391304 0.03804347826086957
0 0.6358695652173914 0.8729619565217391 0.009510869565217392 0.03125
0 0.5264945652173914 0.7547554347826086 0.009510869565217392 0.03125
0 0.09646739130434782 0.4476902173913043 0.005434782608695652 0.021059782608695652
0 0.09578804347826086 0.36752717391304346 0.006114130434782609 0.019021739130434784
0 0.029891304347826088 0.34714673913043476 0.005434782608695652 0.021059782608695652
0 0.04891304347826087 0.5502717391304348 0.007472826086956522 0.02309782608695652
0 0.0006793478260869565 0.19904891304347827 0.001358695652173913 0.017663043478260868
0 0.006114130434782609 0.18410326086956522 0.004755434782608696 0.014945652173913044
0 0.052309782608695655 0.09578804347826086 0.004076086956521739 0.014945652173913044
0 0.07336956521739131 0.059782608695652176 0.004076086956521739 0.014945652173913044
0 0.078125 0.044157608695652176 0.004076086956521739 0.014945652173913044
0 0.09375 0.024456521739130436 0.004076086956521739 0.014945652173913044
0 0.10258152173913043 0.006114130434782609 0.004076086956521739 0.012228260869565218
0 0.043478260869565216 0.1766304347826087 0.004076086956521739 0.016983695652173912
0 0.06521739130434782 0.1324728260869565 0.004076086956521739 0.016983695652173912
0 0.07608695652173914 0.11277173913043478 0.004076086956521739 0.014945652173913044
0 0.08967391304347826 0.07336956521739131 0.004076086956521739 0.014945652173913044
0 0.10258152173913043 0.057744565217391304 0.004076086956521739 0.014945652173913044
0 0.11073369565217392 0.042119565217391304 0.004076086956521739 0.014945652173913044
0 0.12092391304347826 0.024456521739130436 0.004076086956521739 0.014945652173913044
0 0.125 0.004076086956521739 0.004076086956521739 0.008152173913043478
0 0.042798913043478264 0.23777173913043478 0.005434782608695652 0.016983695652173912
0 0.09714673913043478 0.13654891304347827 0.004076086956521739 0.016983695652173912
0 0.10461956521739131 0.11548913043478261 0.004755434782608696 0.016983695652173912
0 0.11413043478260869 0.08967391304347826 0.004076086956521739 0.014945652173913044
0 0.11888586956521739 0.07608695652173914 0.004755434782608696 0.014945652173913044
0 0.13383152173913043 0.05570652173913043 0.004076086956521739 0.014945652173913044
0 0.14402173913043478 0.03872282608695652 0.004076086956521739 0.014945652173913044
0 0.1487771739130435 0.01970108695652174 0.004076086956521739 0.014945652173913044
0 0.07336956521739131 0.25883152173913043 0.004755434782608696 0.016983695652173912
0 0.09986413043478261 0.20448369565217392 0.004755434782608696 0.016983695652173912
0 0.11209239130434782 0.16644021739130435 0.004755434782608696 0.016983695652173912
0 0.12092391304347826 0.14605978260869565 0.004755434782608696 0.014945652173913044
0 0.13043478260869565 0.12635869565217392 0.004755434782608696 0.016983695652173912
0 0.13722826086956522 0.11073369565217392 0.004076086956521739 0.014945652173913044
0 0.15013586956521738 0.09375 0.004076086956521739 0.014945652173913044
0 0.15557065217391305 0.07133152173913043 0.004076086956521739 0.014945652173913044
0 0.16576086956521738 0.05570652173913043 0.004076086956521739 0.014945652173913044
0 0.17798913043478262 0.033967391304347824 0.0033967391304347825 0.010190217391304348
0 0.18410326086956522 0.015625 0.002717391304347826 0.010190217391304348
0 0.06929347826086957 0.34714673913043476 0.005434782608695652 0.019021739130434784
0 0.10801630434782608 0.2642663043478261 0.005434782608695652 0.019021739130434784
0 0.11073369565217392 0.24864130434782608 0.004755434782608696 0.016983695652173912
0 0.12635869565217392 0.22010869565217392 0.004755434782608696 0.016983695652173912
0 0.1358695652173913 0.18817934782608695 0.004755434782608696 0.016983695652173912
0 0.14402173913043478 0.1610054347826087 0.004076086956521739 0.016983695652173912
0 0.15557065217391305 0.1453804347826087 0.004755434782608696 0.016983695652173912
0 0.1671195652173913 0.1324728260869565 0.004076086956521739 0.014945652173913044
0 0.17119565217391305 0.11073369565217392 0.004076086956521739 0.014945652173913044
0 0.1793478260869565 0.08967391304347826 0.0033967391304347825 0.012907608695652174
0 0.18817934782608695 0.07065217391304347 0.0033967391304347825 0.012907608695652174
0 0.19633152173913043 0.04823369565217391 0.0033967391304347825 0.012907608695652174
0 0.1983695652173913 0.028532608695652172 0.0033967391304347825 0.010190217391304348
0 0.10733695652173914 0.3389945652173913 0.005434782608695652 0.019021739130434784
0 0.11548913043478261 0.3070652173913043 0.005434782608695652 0.019021739130434784
0 0.12567934782608695 0.3811141304347826 0.005434782608695652 0.021059782608695652
0 0.13111413043478262 0.3580163043478261 0.005434782608695652 0.021059782608695652
0 0.13654891304347827 0.29279891304347827 0.005434782608695652 0.021059782608695652
0 0.14470108695652173 0.25271739130434784 0.005434782608695652 0.016983695652173912
0 0.15013586956521738 0.23709239130434784 0.005434782608695652 0.019021739130434784
0 0.16168478260869565 0.20855978260869565 0.005434782608695652 0.016983695652173912
0 0.17391304347826086 0.18410326086956522 0.004755434782608696 0.016983695652173912
0 0.18138586956521738 0.16032608695652173 0.004076086956521739 0.016983695652173912
0 0.1875 0.1324728260869565 0.004076086956521739 0.014945652173913044
0 0.19429347826086957 0.12092391304347826 0.004076086956521739 0.014945652173913044
0 0.203125 0.09442934782608696 0.0033967391304347825 0.012907608695652174
0 0.21331521739130435 0.08559782608695653 0.0033967391304347825 0.012907608695652174
0 0.22010869565217392 0.06657608695652174 0.0033967391304347825 0.012907608695652174
0 0.20923913043478262 0.007472826086956522 0.002717391304347826 0.008152173913043478
0 0.22282608695652173 0.04823369565217391 0.0033967391304347825 0.012907608695652174
0 0.23505434782608695 0.026494565217391304 0.0033967391304347825 0.010190217391304348
0 0.24456521739130435 0.006114130434782609 0.002717391304347826 0.012228260869565218
0 0.14673913043478262 0.33559782608695654 0.006114130434782609 0.019021739130434784
0 0.15896739130434784 0.30978260869565216 0.005434782608695652 0.019021739130434784
0 0.16847826086956522 0.27717391304347827 0.005434782608695652 0.019021739130434784
0 0.18070652173913043 0.250679347826087 0.005434782608695652 0.016983695652173912
0 0.18885869565217392 0.23029891304347827 0.004755434782608696 0.019021739130434784
0 0.1956521739130435 0.19769021739130435 0.004755434782608696 0.016983695652173912
0 0.20244565217391305 0.18817934782608695 0.004755434782608696 0.014945652173913044
0 0.21263586956521738 0.16644021739130435 0.004755434782608696 0.016983695652173912
0 0.22282608695652173 0.14130434782608695 0.004076086956521739 0.016983695652173912
0 0.2269021739130435 0.11548913043478261 0.004755434782608696 0.014945652173913044
0 0.2391304347826087 0.09714673913043478 0.004076086956521739 0.014945652173913044
0 0.24728260869565216 0.07608695652173914 0.0033967391304347825 0.012907608695652174
0 0.250679347826087 0.06657608695652174 0.004076086956521739 0.014945652173913044
0 0.25815217391304346 0.042119565217391304 0.0033967391304347825 0.012907608695652174
0 0.26290760869565216 0.026494565217391304 0.0033967391304347825 0.010190217391304348
0 0.2703804347826087 0.010190217391304348 0.005434782608695652 0.019021739130434784
0 0.17119565217391305 0.390625 0.006793478260869565 0.02309782608695652
0 0.15964673913043478 0.4171195652173913 0.006793478260869565 0.021059782608695652
0 0.17866847826086957 0.3654891304347826 0.006793478260869565 0.02309782608695652
0 0.19089673913043478 0.33152173913043476 0.006114130434782609 0.02309782608695652
0 0.1983695652173913 0.30434782608695654 0.006114130434782609 0.021059782608695652
0 0.21195652173913043 0.28328804347826086 0.007472826086956522 0.025135869565217392
0 0.21739130434782608 0.25271739130434784 0.007472826086956522 0.025135869565217392
0 0.22758152173913043 0.2296195652173913 0.007472826086956522 0.025135869565217392
0 0.23369565217391305 0.20855978260869565 0.007472826086956522 0.025135869565217392
0 0.24048913043478262 0.19021739130434784 0.007472826086956522 0.025135869565217392
0 0.24660326086956522 0.1644021739130435 0.005434782608695652 0.019021739130434784
0 0.25407608695652173 0.14334239130434784 0.004755434782608696 0.016983695652173912
0 0.2601902173913043 0.11345108695652174 0.004076086956521739 0.014945652173913044
0 0.265625 0.09578804347826086 0.005434782608695652 0.019021739130434784
0 0.26902173913043476 0.08288043478260869 0.005434782608695652 0.019021739130434784
0 0.18885869565217392 0.4422554347826087 0.007472826086956522 0.025135869565217392
0 0.19769021739130435 0.41779891304347827 0.007472826086956522 0.02717391304347826
0 0.20720108695652173 0.390625 0.008152173913043478 0.02717391304347826
0 0.21739130434782608 0.36345108695652173 0.007472826086956522 0.025135869565217392
0 0.2269021739130435 0.33152173913043476 0.007472826086956522 0.025135869565217392
0 0.23777173913043478 0.3023097826086957 0.008831521739130434 0.02717391304347826
0 0.24592391304347827 0.2703804347826087 0.007472826086956522 0.025135869565217392
0 0.24932065217391305 0.24728260869565216 0.006793478260869565 0.02309782608695652
0 0.25883152173913043 0.23233695652173914 0.006793478260869565 0.02309782608695652
0 0.26358695652173914 0.20176630434782608 0.006793478260869565 0.021059782608695652
0 0.27309782608695654 0.1766304347826087 0.006114130434782609 0.02309782608695652
0 0.2866847826086957 0.13451086956521738 0.006793478260869565 0.021059782608695652
0 0.2914402173913043 0.11888586956521739 0.006114130434782609 0.021059782608695652
0 0.30027173913043476 0.08763586956521739 0.006114130434782609 0.019021739130434784
0 0.30842391304347827 0.07133152173913043 0.006114130434782609 0.021059782608695652
0 0.2826086956521739 0.059782608695652176 0.006114130434782609 0.019021739130434784
0 0.29483695652173914 0.022418478260869564 0.005434782608695652 0.019021739130434784
0 0.30027173913043476 0.008152173913043478 0.005434782608695652 0.016304347826086956
0 0.3125 0.057744565217391304 0.005434782608695652 0.019021739130434784
0 0.3220108695652174 0.03804347826086957 0.005434782608695652 0.021059782608695652
0 0.32540760869565216 0.021059782608695652 0.005434782608695652 0.019021739130434784
0 0.33084239130434784 0.005434782608695652 0.005434782608695652 0.010190217391304348
0 0.23097826086956522 0.4171195652173913 0.008152173913043478 0.029211956521739132
0 0.21807065217391305 0.44429347826086957 0.008152173913043478 0.02717391304347826
0 0.24660326086956522 0.3851902173913043 0.007472826086956522 0.025135869565217392
0 0.25203804347826086 0.35665760869565216 0.007472826086956522 0.025135869565217392
0 0.26358695652173914 0.3220108695652174 0.007472826086956522 0.025135869565217392
0 0.26834239130434784 0.3023097826086957 0.006793478260869565 0.02309782608695652
0 0.27853260869565216 0.2717391304347826 0.007472826086956522 0.025135869565217392
0 0.2595108695652174 0.46875 0.007472826086956522 0.025135869565217392
0 0.266304347826087 0.44021739130434784 0.006793478260869565 0.025135869565217392
0 0.2764945652173913 0.40828804347826086 0.008152173913043478 0.02717391304347826
0 0.2866847826086957 0.24320652173913043 0.006793478260869565 0.02309782608695652
0 0.29483695652173914 0.21807065217391305 0.006793478260869565 0.02309782608695652
0 0.3016304347826087 0.18817934782608695 0.006793478260869565 0.02309782608695652
0 0.30910326086956524 0.17798913043478262 0.006114130434782609 0.02309782608695652
0 0.31453804347826086 0.15285326086956522 0.006114130434782609 0.02309782608695652
0 0.31997282608695654 0.13043478260869565 0.006793478260869565 0.021059782608695652
0 0.32608695652173914 0.10529891304347826 0.006114130434782609 0.021059782608695652
0 0.33627717391304346 0.07880434782608696 0.006114130434782609 0.021059782608695652
0 0.343070652173913 0.057744565217391304 0.005434782608695652 0.019021739130434784
0 0.3498641304347826 0.03872282608695652 0.005434782608695652 0.019021739130434784
0 0.3539402173913043 0.014945652173913044 0.004755434782608696 0.016983695652173912
0 0.35597826086956524 0.008152173913043478 0.005434782608695652 0.016304347826086956
0 0.28872282608695654 0.375679347826087 0.007472826086956522 0.02717391304347826
0 0.29347826086956524 0.34714673913043476 0.008152173913043478 0.025135869565217392
0 0.3029891304347826 0.3125 0.007472826086956522 0.025135869565217392
0 0.30842391304347827 0.296875 0.007472826086956522 0.025135869565217392
0 0.31589673913043476 0.2642663043478261 0.007472826086956522 0.02309782608695652
0 0.32065217391304346 0.24864130434782608 0.006793478260869565 0.025135869565217392
0 0.328804347826087 0.22554347826086957 0.006793478260869565 0.025135869565217392
0 0.33627717391304346 0.1949728260869565 0.006793478260869565 0.02309782608695652
0 0.34035326086956524 0.16847826086956522 0.006114130434782609 0.02309782608695652
0 0.34646739130434784 0.14605978260869565 0.006793478260869565 0.02309782608695652
0 0.35122282608695654 0.13654891304347827 0.006114130434782609 0.021059782608695652
0 0.35665760869565216 0.12092391304347826 0.006114130434782609 0.021059782608695652
0 0.3648097826086957 0.09375 0.006114130434782609 0.019021739130434784
0 0.3695652173913043 0.08016304347826086 0.006114130434782609 0.021059782608695652
0 0.3736413043478261 0.05502717391304348 0.005434782608695652 0.019021739130434784
0 0.37839673913043476 0.036005434782608696 0.005434782608695652 0.016983695652173912
0 0.38315217391304346 0.021059782608695652 0.005434782608695652 0.016983695652173912
0 0.3858695652173913 0.008152173913043478 0.005434782608695652 0.016304347826086956
0 0.280570652173913 0.5244565217391305 0.008831521739130434 0.029211956521739132
0 0.2866847826086957 0.5692934782608695 0.008831521739130434 0.029211956521739132
0 0.2873641304347826 0.49796195652173914 0.008152173913043478 0.02717391304347826
0 0.296875 0.4735054347826087 0.008831521739130434 0.029211956521739132
0 0.3063858695652174 0.43478260869565216 0.008152173913043478 0.02717391304347826
0 0.313179347826087 0.40421195652173914 0.008152173913043478 0.02717391304347826
0 0.3220108695652174 0.37703804347826086 0.008152173913043478 0.025135869565217392
0 0.3267663043478261 0.33967391304347827 0.007472826086956522 0.02717391304347826
0 0.3342391304347826 0.3138586956521739 0.007472826086956522 0.025135869565217392
0 0.34171195652173914 0.28872282608695654 0.007472826086956522 0.025135869565217392
0 0.34782608695652173 0.25883152173913043 0.006793478260869565 0.025135869565217392
0 0.3539402173913043 0.23233695652173914 0.007472826086956522 0.02309782608695652
0 0.358695652173913 0.21603260869565216 0.006793478260869565 0.02309782608695652
0 0.36345108695652173 0.19293478260869565 0.006114130434782609 0.02309782608695652
0 0.37160326086956524 0.17459239130434784 0.006114130434782609 0.021059782608695652
0 0.37296195652173914 0.15081521739130435 0.006114130434782609 0.021059782608695652
0 0.3763586956521739 0.1324728260869565 0.006793478260869565 0.021059782608695652
0 0.38790760869565216 0.09918478260869565 0.006114130434782609 0.021059782608695652
0 0.39266304347826086 0.08763586956521739 0.005434782608695652 0.019021739130434784
0 0.40353260869565216 0.05502717391304348 0.006114130434782609 0.021059782608695652
0 0.3953804347826087 0.07608695652173914 0.005434782608695652 0.019021739130434784
0 0.405570652173913 0.026494565217391304 0.006114130434782609 0.02309782608695652
0 0.328804347826087 0.4789402173913043 0.008152173913043478 0.02717391304347826
0 0.3389945652173913 0.43546195652173914 0.008152173913043478 0.029211956521739132
0 0.34171195652173914 0.4076086956521739 0.008152173913043478 0.02717391304347826
0 0.3532608695652174 0.3892663043478261 0.008152173913043478 0.02717391304347826
0 0.36141304347826086 0.3607336956521739 0.007472826086956522 0.02717391304347826
0 0.3641304347826087 0.327445652173913 0.006114130434782609 0.029211956521739132
0 0.37160326086956524 0.296875 0.007472826086956522 0.025135869565217392
0 0.37907608695652173 0.27921195652173914 0.007472826086956522 0.02309782608695652
0 0.38383152173913043 0.24320652173913043 0.006793478260869565 0.02309782608695652
0 0.38722826086956524 0.22078804347826086 0.007472826086956522 0.02309782608695652
0 0.39266304347826086 0.19769021739130435 0.006793478260869565 0.02309782608695652
0 0.3967391304347826 0.1766304347826087 0.006114130434782609 0.021059782608695652
0 0.40285326086956524 0.15285326086956522 0.006114130434782609 0.021059782608695652
0 0.405570652173913 0.13043478260869565 0.006793478260869565 0.021059782608695652
0 0.4164402173913043 0.11820652173913043 0.006793478260869565 0.02309782608695652
0 0.41847826086956524 0.09171195652173914 0.006793478260869565 0.02309782608695652
0 0.422554347826087 0.05502717391304348 0.006793478260869565 0.021059782608695652
0 0.43070652173913043 0.036684782608695655 0.006793478260869565 0.02309782608695652
0 0.43342391304347827 0.021059782608695652 0.006114130434782609 0.021059782608695652
0 0.436820652173913 0.008152173913043478 0.006793478260869565 0.016304347826086956
0 0.3532608695652174 0.5346467391304348 0.008831521739130434 0.029211956521739132
0 0.3654891304347826 0.49796195652173914 0.008152173913043478 0.02717391304347826
0 0.375 0.4789402173913043 0.008152173913043478 0.02717391304347826
0 0.3797554347826087 0.4476902173913043 0.008831521739130434 0.02717391304347826
0 0.3851902173913043 0.40625 0.008152173913043478 0.02717391304347826
0 0.39266304347826086 0.3736413043478261 0.006793478260869565 0.029211956521739132
0 0.4001358695652174 0.34714673913043476 0.008152173913043478 0.025135869565217392
0 0.40828804347826086 0.30027173913043476 0.008831521739130434 0.02717391304347826
0 0.41304347826086957 0.26970108695652173 0.006793478260869565 0.025135869565217392
0 0.4123641304347826 0.2391304347826087 0.006793478260869565 0.02309782608695652
0 0.41440217391304346 0.21671195652173914 0.006793478260869565 0.02309782608695652
0 0.421195652173913 0.18817934782608695 0.006793478260869565 0.02309782608695652
0 0.42595108695652173 0.17459239130434784 0.007472826086956522 0.02309782608695652
0 0.4375 0.13994565217391305 0.006793478260869565 0.02309782608695652
0 0.43953804347826086 0.12296195652173914 0.006793478260869565 0.02309782608695652
0 0.4429347826086957 0.10529891304347826 0.006114130434782609 0.02309782608695652
0 0.44497282608695654 0.08084239130434782 0.006114130434782609 0.02309782608695652
0 0.453804347826087 0.044157608695652176 0.006793478260869565 0.021059782608695652
0 0.46195652173913043 0.012907608695652174 0.006114130434782609 0.021059782608695652
0 0.39334239130434784 0.5726902173913043 0.008831521739130434 0.036005434782608696
0 0.39877717391304346 0.5434782608695652 0.008831521739130434 0.029211956521739132
0 0.40217391304347827 0.5054347826086957 0.008831521739130434 0.029211956521739132
0 0.4110054347826087 0.4735054347826087 0.008152173913043478 0.029211956521739132
0 0.4164402173913043 0.43478260869565216 0.008831521739130434 0.02717391304347826
0 0.4232336956521739 0.41440217391304346 0.008152173913043478 0.02717391304347826
0 0.4320652173913043 0.3811141304347826 0.007472826086956522 0.025135869565217392
0 0.43478260869565216 0.34646739130434784 0.007472826086956522 0.025135869565217392
0 0.44429347826086957 0.2608695652173913 0.006793478260869565 0.025135869565217392
0 0.44904891304347827 0.21671195652173914 0.007472826086956522 0.02309782608695652
0 0.4592391304347826 0.1949728260869565 0.006793478260869565 0.02309782608695652
0 0.46195652173913043 0.16644021739130435 0.006793478260869565 0.02309782608695652
0 0.46603260869565216 0.15489130434782608 0.006793478260869565 0.02309782608695652
0 0.4748641304347826 0.13654891304347827 0.006793478260869565 0.02309782608695652
0 0.47078804347826086 0.10733695652173914 0.006793478260869565 0.02309782608695652
0 0.4748641304347826 0.08627717391304347 0.006114130434782609 0.02309782608695652
0 0.47758152173913043 0.08016304347826086 0.006114130434782609 0.021059782608695652
0 0.49184782608695654 0.01970108695652174 0.006114130434782609 0.021059782608695652
0 0.42527173913043476 0.6338315217391305 0.008831521739130434 0.033967391304347824
0 0.4279891304347826 0.592391304347826 0.007472826086956522 0.033967391304347824
0 0.4313858695652174 0.5645380434782609 0.008152173913043478 0.02717391304347826
0 0.4388586956521739 0.5210597826086957 0.008831521739130434 0.029211956521739132
0 0.44089673913043476 0.49796195652173914 0.008831521739130434 0.02717391304347826
0 0.453125 0.46603260869565216 0.008831521739130434 0.02717391304347826
0 0.45652173913043476 0.436820652173913 0.008152173913043478 0.02717391304347826
0 0.45991847826086957 0.40217391304347827 0.008152173913043478 0.02717391304347826
0 0.46467391304347827 0.3654891304347826 0.007472826086956522 0.02717391304347826
0 0.47146739130434784 0.3376358695652174 0.008152173913043478 0.025135869565217392
0 0.4748641304347826 0.31046195652173914 0.006793478260869565 0.02717391304347826
0 0.4796195652173913 0.2798913043478261 0.007472826086956522 0.025135869565217392
0 0.4789402173913043 0.2513586956521739 0.007472826086956522 0.02309782608695652
0 0.484375 0.23505434782608695 0.006793478260869565 0.02309782608695652
0 0.49116847826086957 0.2105978260869565 0.006793478260869565 0.02309782608695652
0 0.49320652173913043 0.19157608695652173 0.006793478260869565 0.025135869565217392
0 0.4986413043478261 0.16644021739130435 0.006793478260869565 0.02309782608695652
0 0.5006793478260869 0.14402173913043478 0.006793478260869565 0.02309782608695652
0 0.49728260869565216 0.12296195652173914 0.006793478260869565 0.02309782608695652
0 0.4673913043478261 0.6813858695652174 0.009510869565217392 0.03125
0 0.4673913043478261 0.6365489130434783 0.009510869565217392 0.03125
0 0.4748641304347826 0.5998641304347826 0.009510869565217392 0.029211956521739132
0 0.48097826086956524 0.5577445652173914 0.008831521739130434 0.029211956521739132
0 0.484375 0.5230978260869565 0.008831521739130434 0.029211956521739132
0 0.48709239130434784 0.49184782608695654 0.008831521739130434 0.029211956521739132
0 0.4938858695652174 0.45991847826086957 0.008152173913043478 0.02717391304347826
0 0.49796195652173914 0.42866847826086957 0.008152173913043478 0.02717391304347826
0 0.5 0.3967391304347826 0.008152173913043478 0.02717391304347826
0 0.5067934782608695 0.375 0.007472826086956522 0.025135869565217392
0 0.5101902173913043 0.33967391304347827 0.008152173913043478 0.02717391304347826
0 0.5081521739130435 0.29891304347826086 0.007472826086956522 0.025135869565217392
0 0.515625 0.2608695652173913 0.007472826086956522 0.025135869565217392
0 0.5203804347826086 0.2296195652173913 0.006793478260869565 0.025135869565217392
0 0.5244565217391305 0.20855978260869565 0.006793478260869565 0.02717391304347826
0 0.5278532608695652 0.18614130434782608 0.006793478260869565 0.02309782608695652
0 0.5095108695652174 0.6610054347826086 0.009510869565217392 0.03125
0 0.5061141304347826 0.6379076086956522 0.008831521739130434 0.029211956521739132
0 0.5149456521739131 0.5978260869565217 0.008831521739130434 0.029211956521739132
0 0.5176630434782609 0.5597826086956522 0.008831521739130434 0.029211956521739132
0 0.5210597826086957 0.5292119565217391 0.008831521739130434 0.029211956521739132
0 0.5292119565217391 0.452445652173913 0.008152173913043478 0.02717391304347826
0 0.5339673913043478 0.41440217391304346 0.008152173913043478 0.02717391304347826
0 0.5305706521739131 0.4008152173913043 0.007472826086956522 0.02717391304347826
0 0.5373641304347826 0.36752717391304346 0.008152173913043478 0.02717391304347826
0 0.5421195652173914 0.3335597826086957 0.007472826086956522 0.02717391304347826
0 0.545516304347826 0.30842391304347827 0.007472826086956522 0.025135869565217392
0 0.546875 0.27717391304347827 0.007472826086956522 0.025135869565217392
0 0.5570652173913043 0.25339673913043476 0.007472826086956522 0.02309782608695652
0 0.5591032608695652 0.23165760869565216 0.006793478260869565 0.02309782608695652
0 0.561141304347826 0.19769021739130435 0.006793478260869565 0.02309782608695652
0 0.5618206521739131 0.17391304347826086 0.006793478260869565 0.02309782608695652
0 0.5625 0.15760869565217392 0.006793478260869565 0.02309782608695652
0 0.563858695652174 0.13451086956521738 0.006793478260869565 0.021059782608695652
0 0.5461956521739131 0.7065217391304348 0.009510869565217392 0.03125
0 0.5536684782608695 0.6644021739130435 0.009510869565217392 0.03125
0 0.5509510869565217 0.6209239130434783 0.009510869565217392 0.029211956521739132
0 0.5625 0.5822010869565217 0.008831521739130434 0.029211956521739132
0 0.5645380434782609 0.5434782608695652 0.008831521739130434 0.029211956521739132
0 0.5672554347826086 0.5115489130434783 0.008831521739130434 0.029211956521739132
0 0.5692934782608695 0.48233695652173914 0.008152173913043478 0.029211956521739132
0 0.5713315217391305 0.44972826086956524 0.008152173913043478 0.02717391304347826
0 0.5726902173913043 0.41032608695652173 0.008152173913043478 0.025135869565217392
0 0.5788043478260869 0.3811141304347826 0.007472826086956522 0.025135869565217392
0 0.578125 0.358695652173913 0.008152173913043478 0.02717391304347826
0 0.5822010869565217 0.31657608695652173 0.007472826086956522 0.025135869565217392
0 0.5808423913043478 0.28872282608695654 0.007472826086956522 0.025135869565217392
0 0.5828804347826086 0.27241847826086957 0.007472826086956522 0.02309782608695652
0 0.5896739130434783 0.2418478260869565 0.006793478260869565 0.025135869565217392
0 0.5944293478260869 0.20720108695652173 0.007472826086956522 0.02309782608695652
0 0.595108695652174 0.1875 0.006793478260869565 0.02309782608695652
0 0.5985054347826086 0.14402173913043478 0.006793478260869565 0.02309782608695652
0 0.5998641304347826 0.12092391304347826 0.006114130434782609 0.02309782608695652
0 0.5903532608695652 0.7377717391304348 0.009510869565217392 0.03125
0 0.5088315217391305 0.08967391304347826 0.006793478260869565 0.02309782608695652
0 0.5135869565217391 0.059782608695652176 0.006114130434782609 0.02309782608695652
0 0.514266304347826 0.044157608695652176 0.006114130434782609 0.021059782608695652
0 0.5176630434782609 0.028532608695652172 0.006114130434782609 0.021059782608695652
0 0.4857336956521739 0.028532608695652172 0.006114130434782609 0.021059782608695652
0 0.6086956521739131 0.5135869565217391 0.008152173913043478 0.029211956521739132
0 0.6066576086956522 0.4735054347826087 0.008152173913043478 0.029211956521739132
0 0.6066576086956522 0.44089673913043476 0.008152173913043478 0.02717391304347826
0 0.6052989130434783 0.4123641304347826 0.008152173913043478 0.025135869565217392
0 0.6086956521739131 0.3851902173913043 0.008152173913043478 0.025135869565217392
0 0.6086956521739131 0.3539402173913043 0.007472826086956522 0.025135869565217392
0 0.6120923913043478 0.31997282608695654 0.007472826086956522 0.025135869565217392
0 0.6141304347826086 0.28940217391304346 0.007472826086956522 0.025135869565217392
0 0.6216032608695652 0.27241847826086957 0.007472826086956522 0.02309782608695652
0 0.6256793478260869 0.7506793478260869 0.009510869565217392 0.03125
0 0.6297554347826086 0.6841032608695652 0.009510869565217392 0.03125
0 0.6379076086956522 0.6413043478260869 0.008831521739130434 0.03125
0 0.6331521739130435 0.5883152173913043 0.009510869565217392 0.029211956521739132
0 0.6474184782608695 0.5523097826086957 0.008831521739130434 0.029211956521739132
0 0.6467391304347826 0.5190217391304348 0.008831521739130434 0.02717391304347826
0 0.6413043478260869 0.501358695652174 0.008831521739130434 0.029211956521739132
0 0.6501358695652174 0.4483695652173913 0.008152173913043478 0.02717391304347826
0 0.6501358695652174 0.40285326086956524 0.008152173913043478 0.02717391304347826
0 0.6440217391304348 0.37771739130434784 0.008152173913043478 0.02717391304347826
0 0.6508152173913043 0.34646739130434784 0.007472826086956522 0.02717391304347826
0 0.6487771739130435 0.3294836956521739 0.008152173913043478 0.025135869565217392
0 0.6521739130434783 0.296875 0.007472826086956522 0.025135869565217392
0 0.6467391304347826 0.27445652173913043 0.007472826086956522 0.02717391304347826
0 0.6827445652173914 0.8675271739130435 0.010869565217391304 0.03804347826086957
0 0.6453804347826086 0.8600543478260869 0.009510869565217392 0.03125
0 0.6847826086956522 0.8369565217391305 0.010190217391304348 0.036005434782608696
0 0.673233695652174 0.8084239130434783 0.010190217391304348 0.033967391304347824
0 0.6752717391304348 0.7737771739130435 0.009510869565217392 0.033967391304347824
0 0.6834239130434783 0.7051630434782609 0.009510869565217392 0.033967391304347824
0 0.6793478260869565 0.6589673913043478 0.009510869565217392 0.033967391304347824
0 0.6854619565217391 0.6148097826086957 0.009510869565217392 0.033967391304347824
0 0.6841032608695652 0.5788043478260869 0.008831521739130434 0.029211956521739132
0 0.686141304347826 0.5305706521739131 0.009510869565217392 0.029211956521739132
0 0.6841032608695652 0.4898097826086957 0.008831521739130434 0.02717391304347826
0 0.6902173913043478 0.46875 0.008152173913043478 0.02717391304347826
0 0.688858695652174 0.42934782608695654 0.008152173913043478 0.02717391304347826
0 0.6875 0.4001358695652174 0.008152173913043478 0.02717391304347826
0 0.6868206521739131 0.37771739130434784 0.008152173913043478 0.02717391304347826
0 0.7248641304347826 0.8940217391304348 0.01154891304347826 0.03804347826086957
0 0.7153532608695652 0.8525815217391305 0.010869565217391304 0.03804347826086957
0 0.7248641304347826 0.7771739130434783 0.010190217391304348 0.036005434782608696
0 0.7262228260869565 0.7398097826086957 0.009510869565217392 0.036005434782608696
0 0.7194293478260869 0.7302989130434783 0.010190217391304348 0.033967391304347824
0 0.7180706521739131 0.6929347826086957 0.009510869565217392 0.033967391304347824
0 0.7323369565217391 0.6494565217391305 0.009510869565217392 0.033967391304347824
0 0.7207880434782609 0.6154891304347826 0.009510869565217392 0.03125
0 0.7255434782608695 0.5686141304347826 0.009510869565217392 0.033967391304347824
0 0.7207880434782609 0.532608695652174 0.009510869565217392 0.029211956521739132
0 0.7207880434782609 0.49252717391304346 0.009510869565217392 0.029211956521739132
0 0.7241847826086957 0.46127717391304346 0.008831521739130434 0.029211956521739132
0 0.7248641304347826 0.42866847826086957 0.008152173913043478 0.02717391304347826
0 0.7248641304347826 0.405570652173913 0.008152173913043478 0.02717391304347826
0 0.782608695652174 0.9266304347826086 0.010869565217391304 0.03804347826086957
0 0.7921195652173914 0.9850543478260869 0.01154891304347826 0.029211956521739132
0 0.8430706521739131 0.9728260869565217 0.01154891304347826 0.04008152173913043
0 0.8328804347826086 0.9177989130434783 0.01154891304347826 0.03804347826086957
0 0.8817934782608695 0.954483695652174 0.010869565217391304 0.04008152173913043
0 0.9096467391304348 0.9789402173913043 0.01154891304347826 0.03804347826086957
0 0.9680706521739131 0.9850543478260869 0.01154891304347826 0.029211956521739132
0 0.9565217391304348 0.9748641304347826 0.01154891304347826 0.04008152173913043
0 0.9945652173913043 0.9239130434782609 0.010190217391304348 0.03804347826086957
0 0.9864130434782609 0.8525815217391305 0.010869565217391304 0.03804347826086957
0 0.9741847826086957 0.813858695652174 0.010190217391304348 0.036005434782608696
0 0.9789402173913043 0.7683423913043478 0.010869565217391304 0.036005434782608696
0 0.9966032608695652 0.96875 0.006114130434782609 0.03804347826086957
0 0.9293478260869565 0.8213315217391305 0.009510869565217392 0.042119565217391304
0 0.8695652173913043 0.8315217391304348 0.010869565217391304 0.03804347826086957
0 0.8865489130434783 0.7914402173913043 0.010190217391304348 0.036005434782608696
0 0.8206521739130435 0.8118206521739131 0.010190217391304348 0.036005434782608696
0 0.7846467391304348 0.8002717391304348 0.010190217391304348 0.03804347826086957
0 0.7860054347826086 0.7758152173913043 0.010190217391304348 0.036005434782608696
0 0.8254076086956522 0.7683423913043478 0.010190217391304348 0.036005434782608696
0 0.7717391304347826 0.735733695652174 0.009510869565217392 0.036005434782608696
0 0.8274456521739131 0.7207880434782609 0.009510869565217392 0.036005434782608696
0 0.8811141304347826 0.7302989130434783 0.010190217391304348 0.036005434782608696
0 0.9164402173913043 0.720108695652174 0.010190217391304348 0.033967391304347824
0 0.921875 0.7663043478260869 0.01358695652173913 0.033967391304347824
0 0.9680706521739131 0.7350543478260869 0.009510869565217392 0.033967391304347824
0 0.9578804347826086 0.6786684782608695 0.009510869565217392 0.036005434782608696
0 0.9375 0.8790760869565217 0.010869565217391304 0.03804347826086957
0 0.9137228260869565 0.6739130434782609 0.009510869565217392 0.033967391304347824
0 0.8641304347826086 0.6739130434782609 0.009510869565217392 0.033967391304347824
0 0.7703804347826086 0.6317934782608695 0.009510869565217392 0.033967391304347824
0 0.7690217391304348 0.592391304347826 0.009510869565217392 0.03125
0 0.8206521739130435 0.6413043478260869 0.009510869565217392 0.03125
0 0.8600543478260869 0.6379076086956522 0.009510869565217392 0.033967391304347824
0 0.8994565217391305 0.6317934782608695 0.009510869565217392 0.021059782608695652
0 0.9429347826086957 0.6317934782608695 0.009510869565217392 0.033967391304347824
0 0.9891304347826086 0.5842391304347826 0.009510869565217392 0.03125
0 0.9823369565217391 0.5434782608695652 0.009510869565217392 0.029211956521739132
0 0.9823369565217391 0.5149456521739131 0.009510869565217392 0.03125
0 0.8627717391304348 0.016983695652173912 0.004755434782608696 0.016983695652173912
0 0.8722826086956522 0.04823369565217391 0.004755434782608696 0.016983695652173912
0 0.8722826086956522 0.07336956521739131 0.004755434782608696 0.016983695652173912
0 0.8722826086956522 0.08763586956521739 0.004755434782608696 0.019021739130434784
0 0.875 0.11141304347826086 0.005434782608695652 0.019021739130434784
0 0.8845108695652174 0.1324728260869565 0.005434782608695652 0.019021739130434784
0 0.8885869565217391 0.16644021739130435 0.006114130434782609 0.021059782608695652
0 0.8845108695652174 0.17391304347826086 0.006114130434782609 0.021059782608695652
0 0.8960597826086957 0.2139945652173913 0.006114130434782609 0.02309782608695652
0 0.9001358695652174 0.24388586956521738 0.006793478260869565 0.02309782608695652
0 0.9014945652173914 0.2703804347826087 0.006793478260869565 0.02309782608695652
0 0.9130434782608695 0.33152173913043476 0.008152173913043478 0.02717391304347826
0 0.9171195652173914 0.3654891304347826 0.008152173913043478 0.02717391304347826
0 0.9592391304347826 0.3736413043478261 0.008152173913043478 0.02717391304347826
0 0.953125 0.3389945652173913 0.007472826086956522 0.025135869565217392
0 0.938858695652174 0.30434782608695654 0.006793478260869565 0.025135869565217392
0 0.9341032608695652 0.2703804347826087 0.007472826086956522 0.02309782608695652
0 0.936141304347826 0.25271739130434784 0.006793478260869565 0.025135869565217392
0 0.923233695652174 0.22010869565217392 0.006793478260869565 0.02309782608695652
0 0.9191576086956522 0.19361413043478262 0.006793478260869565 0.021059782608695652
0 0.9239130434782609 0.18206521739130435 0.006114130434782609 0.021059782608695652
0 0.9150815217391305 0.16236413043478262 0.006114130434782609 0.021059782608695652
0 0.9177989130434783 0.1324728260869565 0.005434782608695652 0.021059782608695652
0 0.9116847826086957 0.10597826086956522 0.005434782608695652 0.019021739130434784
0 0.9021739130434783 0.09171195652173914 0.005434782608695652 0.019021739130434784
0 0.8994565217391305 0.06861413043478261 0.004755434782608696 0.016983695652173912
0 0.8926630434782609 0.052309782608695655 0.004755434782608696 0.016983695652173912
0 0.8879076086956522 0.036005434782608696 0.004755434782608696 0.016983695652173912
0 0.8831521739130435 0.016983695652173912 0.004076086956521739 0.016983695652173912
0 0.923233695652174 0.014945652173913044 0.004076086956521739 0.014945652173913044
0 0.9293478260869565 0.036684782608695655 0.004076086956521739 0.014945652173913044
0 0.9368206521739131 0.07608695652173914 0.005434782608695652 0.016983695652173912
0 0.9408967391304348 0.10733695652173914 0.005434782608695652 0.016983695652173912
0 0.9449728260869565 0.12839673913043478 0.005434782608695652 0.021059782608695652
0 0.9497282608695652 0.1644021739130435 0.006114130434782609 0.021059782608695652
0 0.9565217391304348 0.20176630434782608 0.006793478260869565 0.021059782608695652
0 0.96875 0.27241847826086957 0.007472826086956522 0.02309782608695652
0 0.9836956521739131 0.29891304347826086 0.007472826086956522 0.025135869565217392
0 0.9966032608695652 0.23165760869565216 0.006793478260869565 0.021059782608695652
0 0.9911684782608695 0.1956521739130435 0.006793478260869565 0.021059782608695652
0 0.9877717391304348 0.16236413043478262 0.006114130434782609 0.021059782608695652
0 0.9789402173913043 0.12703804347826086 0.006114130434782609 0.019021739130434784
0 0.9660326086956522 0.11684782608695653 0.005434782608695652 0.019021739130434784
0 0.9565217391304348 0.04008152173913043 0.004076086956521739 0.016983695652173912
0 0.9510869565217391 0.012907608695652174 0.004076086956521739 0.014945652173913044
0 0.9911684782608695 0.078125 0.005434782608695652 0.016983695652173912
0 0.9816576086956522 0.026494565217391304 0.004076086956521739 0.014945652173913044
0 0.9891304347826086 0.04619565217391304 0.004076086956521739 0.016983695652173912
0 0.8777173913043478 0.3811141304347826 0.008152173913043478 0.02717391304347826
0 0.8729619565217391 0.34714673913043476 0.007472826086956522 0.025135869565217392
0 0.873641304347826 0.3233695652173913 0.007472826086956522 0.025135869565217392
0 0.8627717391304348 0.3023097826086957 0.007472826086956522 0.025135869565217392
0 0.8552989130434783 0.2907608695652174 0.007472826086956522 0.025135869565217392
0 0.860733695652174 0.25271739130434784 0.006793478260869565 0.025135869565217392
0 0.8552989130434783 0.21671195652173914 0.006793478260869565 0.021059782608695652
0 0.8532608695652174 0.20176630434782608 0.006114130434782609 0.021059782608695652
0 0.8546195652173914 0.16032608695652173 0.006114130434782609 0.021059782608695652
0 0.8396739130434783 0.1800271739130435 0.006114130434782609 0.021059782608695652
0 0.8396739130434783 0.14198369565217392 0.005434782608695652 0.019021739130434784
0 0.842391304347826 0.09171195652173914 0.004755434782608696 0.019021739130434784
0 0.8417119565217391 0.06861413043478261 0.004755434782608696 0.016983695652173912
0 0.8328804347826086 0.014945652173913044 0.004076086956521739 0.014945652173913044
0 0.8403532608695652 0.0033967391304347825 0.004076086956521739 0.006114130434782609
0 0.8036684782608695 0.019021739130434784 0.004076086956521739 0.014945652173913044
0 0.8063858695652174 0.034646739130434784 0.004076086956521739 0.014945652173913044
0 0.813858695652174 0.07608695652173914 0.005434782608695652 0.016983695652173912
0 0.8145380434782609 0.09918478260869565 0.005434782608695652 0.016983695652173912
0 0.8091032608695652 0.11480978260869565 0.006114130434782609 0.019021739130434784
0 0.8097826086956522 0.1453804347826087 0.006114130434782609 0.021059782608695652
0 0.8213315217391305 0.18342391304347827 0.006114130434782609 0.021059782608695652
0 0.8213315217391305 0.20108695652173914 0.006793478260869565 0.02309782608695652
0 0.8206521739130435 0.23369565217391305 0.006793478260869565 0.02309782608695652
0 0.8274456521739131 0.26766304347826086 0.006793478260869565 0.025135869565217392
0 0.8274456521739131 0.3023097826086957 0.007472826086956522 0.025135869565217392
0 0.8403532608695652 0.33559782608695654 0.008152173913043478 0.02717391304347826
0 0.7894021739130435 0.24864130434782608 0.007472826086956522 0.02309782608695652
0 0.7873641304347826 0.22214673913043478 0.006793478260869565 0.02309782608695652
0 0.7887228260869565 0.19769021739130435 0.006793478260869565 0.021059782608695652
0 0.7894021739130435 0.18206521739130435 0.006114130434782609 0.021059782608695652
0 0.7873641304347826 0.15557065217391305 0.005434782608695652 0.021059782608695652
0 0.7839673913043478 0.125 0.006114130434782609 0.019021739130434784
0 0.78125 0.10122282608695653 0.005434782608695652 0.016983695652173912
0 0.7764945652173914 0.08288043478260869 0.005434782608695652 0.019021739130434784
0 0.7724184782608695 0.057744565217391304 0.004755434782608696 0.016983695652173912
0 0.7839673913043478 0.030570652173913044 0.004076086956521739 0.014945652173913044
0 0.7764945652173914 0.014945652173913044 0.004076086956521739 0.014945652173913044
0 0.7975543478260869 0.3023097826086957 0.007472826086956522 0.025135869565217392
0 0.7961956521739131 0.27241847826086957 0.006793478260869565 0.02309782608695652
0 0.796875 0.3335597826086957 0.007472826086956522 0.025135869565217392
0 0.7995923913043478 0.358695652173913 0.007472826086956522 0.02717391304347826
0 0.8036684782608695 0.3851902173913043 0.008152173913043478 0.02717391304347826
0 0.8091032608695652 0.4327445652173913 0.008831521739130434 0.02717391304347826
0 0.8125 0.4633152173913043 0.008831521739130434 0.029211956521739132
0 0.764266304347826 0.5536684782608695 0.009510869565217392 0.03125
0 0.7588315217391305 0.5230978260869565 0.009510869565217392 0.03125
0 0.7581521739130435 0.4945652173913043 0.009510869565217392 0.029211956521739132
0 0.7649456521739131 0.4639945652173913 0.008831521739130434 0.029211956521739132
0 0.7588315217391305 0.41915760869565216 0.008152173913043478 0.029211956521739132
0 0.7663043478260869 0.40421195652173914 0.008152173913043478 0.029211956521739132
0 0.7683423913043478 0.358695652173913 0.008152173913043478 0.02717391304347826
0 0.7595108695652174 0.3335597826086957 0.007472826086956522 0.02717391304347826
0 0.7676630434782609 0.3138586956521739 0.007472826086956522 0.025135869565217392
0 0.765625 0.2860054347826087 0.007472826086956522 0.025135869565217392
0 0.7615489130434783 0.2547554347826087 0.006793478260869565 0.02309782608695652
0 0.6270380434782609 0.22214673913043478 0.007472826086956522 0.02309782608695652
0 0.626358695652174 0.19769021739130435 0.006793478260869565 0.02309782608695652
0 0.625 0.15489130434782608 0.006793478260869565 0.02309782608695652
0 0.6317934782608695 0.12092391304347826 0.006114130434782609 0.02309782608695652
0 0.6243206521739131 0.10122282608695653 0.006793478260869565 0.021059782608695652
0 0.6283967391304348 0.07608695652173914 0.006114130434782609 0.021059782608695652
0 0.6324728260869565 0.05570652173913043 0.005434782608695652 0.021059782608695652
0 0.6331521739130435 0.036005434782608696 0.006114130434782609 0.021059782608695652
0 0.6331521739130435 0.017663043478260868 0.006114130434782609 0.021059782608695652
0 0.5985054347826086 0.07336956521739131 0.006793478260869565 0.021059782608695652
0 0.6025815217391305 0.057744565217391304 0.006114130434782609 0.021059782608695652
0 0.6073369565217391 0.042119565217391304 0.006114130434782609 0.021059782608695652
0 0.6052989130434783 0.021059782608695652 0.006114130434782609 0.021059782608695652
0 0.5400815217391305 0.08763586956521739 0.006114130434782609 0.02309782608695652
0 0.5414402173913043 0.06453804347826086 0.006793478260869565 0.02309782608695652
0 0.548233695652174 0.051630434782608696 0.006114130434782609 0.02309782608695652
0 0.5495923913043478 0.034646739130434784 0.006114130434782609 0.02309782608695652
0 0.5495923913043478 0.014945652173913044 0.006114130434782609 0.021059782608695652
0 0.5665760869565217 0.09578804347826086 0.006114130434782609 0.02309782608695652
0 0.5645380434782609 0.08016304347826086 0.006793478260869565 0.021059782608695652
0 0.5726902173913043 0.057744565217391304 0.006114130434782609 0.021059782608695652
0 0.5754076086956522 0.042119565217391304 0.006114130434782609 0.021059782608695652
0 0.578125 0.022418478260869564 0.006114130434782609 0.021059782608695652
0 0.6582880434782609 0.22010869565217392 0.006793478260869565 0.02309782608695652
0 0.6487771739130435 0.19769021739130435 0.007472826086956522 0.025135869565217392
0 0.6569293478260869 0.15557065217391305 0.006793478260869565 0.02309782608695652
0 0.6589673913043478 0.11073369565217392 0.006793478260869565 0.02309782608695652
0 0.6610054347826086 0.08016304347826086 0.006793478260869565 0.021059782608695652
0 0.6637228260869565 0.02309782608695652 0.006114130434782609 0.021059782608695652
0 0.6569293478260869 0.03260869565217391 0.006114130434782609 0.02309782608695652
0 0.6915760869565217 0.3451086956521739 0.007472826086956522 0.025135869565217392
0 0.6881793478260869 0.3179347826086957 0.007472826086956522 0.025135869565217392
0 0.6875 0.28872282608695654 0.007472826086956522 0.025135869565217392
0 0.6875 0.2608695652173913 0.007472826086956522 0.025135869565217392
0 0.6895380434782609 0.2296195652173913 0.006793478260869565 0.025135869565217392
0 0.6895380434782609 0.20448369565217392 0.006793478260869565 0.025135869565217392
0 0.6983695652173914 0.19769021739130435 0.006114130434782609 0.021059782608695652
0 0.6908967391304348 0.17255434782608695 0.007472826086956522 0.025135869565217392
0 0.6908967391304348 0.14130434782608695 0.006793478260869565 0.025135869565217392
0 0.688858695652174 0.125 0.006793478260869565 0.02309782608695652
0 0.6881793478260869 0.09442934782608696 0.006793478260869565 0.02309782608695652
0 0.6875 0.07880434782608696 0.006793478260869565 0.02309782608695652
0 0.6942934782608695 0.06657608695652174 0.006793478260869565 0.02309782608695652
0 0.6936141304347826 0.042119565217391304 0.006793478260869565 0.02309782608695652
0 0.6915760869565217 0.015625 0.006793478260869565 0.02309782608695652
0 0.7282608695652174 0.36345108695652173 0.008152173913043478 0.02717391304347826
0 0.7153532608695652 0.3335597826086957 0.008152173913043478 0.02717391304347826
0 0.7309782608695652 0.3179347826086957 0.008152173913043478 0.025135869565217392
0 0.7228260869565217 0.29279891304347827 0.007472826086956522 0.025135869565217392
0 0.7221467391304348 0.2513586956521739 0.006793478260869565 0.02309782608695652
0 0.717391304347826 0.21467391304347827 0.006114130434782609 0.021059782608695652
0 0.7235054347826086 0.18817934782608695 0.006114130434782609 0.021059782608695652
0 0.7133152173913043 0.1480978260869565 0.005434782608695652 0.021059782608695652
0 0.7207880434782609 0.14334239130434784 0.006114130434782609 0.021059782608695652
0 0.7479619565217391 0.007472826086956522 0.004076086956521739 0.014945652173913044
0 0.7479619565217391 0.030570652173913044 0.004755434782608696 0.014945652173913044
0 0.7466032608695652 0.05366847826086957 0.004755434782608696 0.016983695652173912
0 0.7493206521739131 0.07608695652173914 0.005434782608695652 0.016983695652173912
0 0.7466032608695652 0.10190217391304347 0.005434782608695652 0.019021739130434784
0 0.7452445652173914 0.12024456521739131 0.005434782608695652 0.019021739130434784
0 0.7581521739130435 0.14198369565217392 0.005434782608695652 0.019021739130434784
0 0.7520380434782609 0.15692934782608695 0.006114130434782609 0.021059782608695652
0 0.75 0.18953804347826086 0.006114130434782609 0.021059782608695652
0 0.7493206521739131 0.21467391304347827 0.006793478260869565 0.021059782608695652
0 0.7561141304347826 0.22282608695652173 0.006793478260869565 0.02309782608695652
0 0.7248641304347826 0.08967391304347826 0.005434782608695652 0.019021739130434784
0 0.717391304347826 0.07608695652173914 0.004755434782608696 0.016983695652173912
0 0.7112771739130435 0.051630434782608696 0.004755434782608696 0.016983695652173912
0 0.720108695652174 0.04008152173913043 0.004755434782608696 0.016983695652173912
0 0.33220108695652173 0.5645380434782609 0.008831521739130434 0.029211956521739132
0 0.38179347826086957 0.6168478260869565 0.009510869565217392 0.029211956521739132
0 0.001358695652173913 0.421195652173913 0.002717391304347826 0.021059782608695652
0 0.8953804347826086 0.5822010869565217 0.009510869565217392 0.03125
0 0.889266304347826 0.5502717391304348 0.009510869565217392 0.03125
0 0.8980978260869565 0.5095108695652174 0.008831521739130434 0.029211956521739132
0 0.890625 0.47690217391304346 0.009510869565217392 0.02309782608695652
0 0.8865489130434783 0.4517663043478261 0.008152173913043478 0.029211956521739132
0 0.8865489130434783 0.41440217391304346 0.012228260869565218 0.02309782608695652
0 0.859375 0.5855978260869565 0.009510869565217392 0.033967391304347824
0 0.8505434782608695 0.5461956521739131 0.009510869565217392 0.03125
0 0.8519021739130435 0.5129076086956522 0.008831521739130434 0.03125
0 0.8519021739130435 0.48097826086956524 0.008831521739130434 0.029211956521739132
0 0.8485054347826086 0.4422554347826087 0.008152173913043478 0.029211956521739132
0 0.8485054347826086 0.40964673913043476 0.008152173913043478 0.02717391304347826
0 0.8444293478260869 0.38654891304347827 0.008152173913043478 0.02717391304347826
0 0.8396739130434783 0.3654891304347826 0.008152173913043478 0.02717391304347826
0 0.813858695652174 0.4904891304347826 0.008831521739130434 0.029211956521739132
0 0.8077445652173914 0.5095108695652174 0.008831521739130434 0.029211956521739132
0 0.8036684782608695 0.53125 0.009510869565217392 0.03125
0 0.813858695652174 0.5991847826086957 0.009510869565217392 0.03125
0 0.938858695652174 0.5896739130434783 0.009510869565217392 0.03125
0 0.9408967391304348 0.5461956521739131 0.008831521739130434 0.03125
0 0.938858695652174 0.5054347826086957 0.008831521739130434 0.029211956521739132
0 0.9341032608695652 0.47690217391304346 0.008831521739130434 0.03125
0 0.921875 0.4422554347826087 0.008831521739130434 0.029211956521739132
0 0.9245923913043478 0.41372282608695654 0.008831521739130434 0.025135869565217392
0 0.9694293478260869 0.47282608695652173 0.008831521739130434 0.029211956521739132
0 0.970108695652174 0.44089673913043476 0.008152173913043478 0.029211956521739132
0 0.9572010869565217 0.41779891304347827 0.008152173913043478 0.02717391304347826
0 0.9796195652173914 0.38315217391304346 0.008152173913043478 0.02717391304347826
0 0.9938858695652174 0.37296195652173914 0.008152173913043478 0.02717391304347826
0 0.9925271739130435 0.3294836956521739 0.007472826086956522 0.025135869565217392
0 0.3451086956521739 0.9252717391304348 0.009510869565217392 0.033967391304347824
0 0.5366847826086957 0.8716032608695652 0.009510869565217392 0.033967391304347824
0 0.05434782608695652 0.49184782608695654 0.006793478260869565 0.02309782608695652
0 0.3491847826086957 0.8845108695652174 0.009510869565217392 0.033967391304347824
0 0.25339673913043476 0.8845108695652174 0.008831521739130434 0.029211956521739132
0 0.23573369565217392 0.951766304347826 0.008831521739130434 0.029211956521739132
0 0.25 0.9157608695652174 0.008831521739130434 0.029211956521739132
0 0.657608695652174 0.059782608695652176 0.006114130434782609 0.02309782608695652
0 0.6603260869565217 0.043478260869565216 0.006114130434782609 0.02309782608695652
0 0.6467391304347826 0.04008152173913043 0.006114130434782609 0.021059782608695652
0 0.7133152173913043 0.06453804347826086 0.005434782608695652 0.019021739130434784
0 0.7228260869565217 0.006114130434782609 0.005434782608695652 0.012228260869565218
0 0.9402173913043478 0.043478260869565216 0.004755434782608696 0.014945652173913044
0 0.9728260869565217 0.23980978260869565 0.006793478260869565 0.02309782608695652
0 0.8777173913043478 0.2642663043478261 0.006793478260869565 0.02309782608695652
0 0.8417119565217391 0.04619565217391304 0.004076086956521739 0.016983695652173912
0 0.8376358695652174 0.033967391304347824 0.004076086956521739 0.016983695652173912
0 0.9069293478260869 0.9252717391304348 0.010869565217391304 0.03804347826086957
0 0.907608695652174 0.9639945652173914 0.01154891304347826 0.04008152173913043
0 0.9035326086956522 0.9755434782608695 0.01154891304347826 0.04008152173913043
0 0.41508152173913043 0.10394021739130435 0.006114130434782609 0.02309782608695652
0 0.13111413043478262 0.5672554347826086 0.007472826086956522 0.025135869565217392
0 0.18070652173913043 0.5652173913043478 0.007472826086956522 0.025135869565217392
0 0.1331521739130435 0.7160326086956522 0.008152173913043478 0.02717391304347826