0 0.6657608695652174 0.5964673913043478 0.058423913043478264 0.05638586956521739
0 0.9877717391304348 0.6222826086956522 0.024456521739130436 0.06997282608695653
0 0.438179347826087 0.5210597826086957 0.050271739130434784 0.042798913043478264
0 0.9802989130434783 0.5387228260869565 0.03872282608695652 0.05434782608695652
0 0.281929347826087 0.5149456521739131 0.05298913043478261 0.04891304347826087
0 0.36752717391304346 0.4361413043478261 0.04008152173913043 0.036005434782608696
0 0.8688858695652174 0.6290760869565217 0.06521739130434782 0.06657608695652174
0 0.6582880434782609 0.42391304347826086 0.04076086956521739 0.03328804347826087
0 0.7221467391304348 0.44633152173913043 0.042119565217391304 0.04008152173913043
0 0.5631793478260869 0.45108695652173914 0.04619565217391304 0.04008152173913043
0 0.7533967391304348 0.6161684782608695 0.059782608695652176 0.06182065217391304
0 0.2758152173913043 0.4361413043478261 0.046875 0.042798913043478264
0 0.6637228260869565 0.5190217391304348 0.044157608695652176 0.04551630434782609
0 0.6270380434782609 0.5183423913043478 0.042119565217391304 0.03736413043478261
0 0.8301630434782609 0.3919836956521739 0.04076086956521739 0.03940217391304348
0 0.9375 0.452445652173913 0.03872282608695652 0.042119565217391304
0 0.8953804347826086 0.5366847826086957 0.03872282608695652 0.04551630434782609
0 0.7316576086956522 0.5203804347826086 0.044157608695652176 0.041440217391304345
0 0.8254076086956522 0.5203804347826086 0.044157608695652176 0.04483695652173913
0 0.35529891304347827 0.5115489130434783 0.051630434782608696 0.04891304347826087
0 0.9850543478260869 0.4639945652173913 0.029211956521739132 0.042798913043478264
0 0.8777173913043478 0.3845108695652174 0.042119565217391304 0.03736413043478261
0 0.9211956521739131 0.39266304347826086 0.042119565217391304 0.03940217391304348
0 0.7941576086956522 0.38179347826086957 0.03804347826086957 0.03328804347826087
0 0.7425271739130435 0.3804347826086957 0.03872282608695652 0.03872282608695652
0 0.6134510869565217 0.4375 0.04008152173913043 0.035326086956521736