0 0.0020380434782608695 0.7364130434782609 0.004076086956521739 0.002717391304347826
0 0.035326086956521736 0.734375 0.012907608695652174 0.008831521739130434
0 0.019021739130434784 0.7411684782608695 0.014945652173913044 0.010190217391304348
0 0.058423913043478264 0.7411684782608695 0.014266304347826086 0.010190217391304348
0 0.07133152173913043 0.7377717391304348 0.010869565217391304 0.009510869565217392
0 0.09442934782608696 0.7452445652173914 0.006793478260869565 0.004755434782608696
0 0.10801630434782608 0.7384510869565217 0.014266304347826086 0.010190217391304348
0 0.15964673913043478 0.7411684782608695 0.010869565217391304 0.008152173913043478
0 0.1671195652173913 0.7370923913043478 0.008831521739130434 0.006793478260869565
0 0.125 0.7377717391304348 0.014266304347826086 0.010190217391304348
0 0.13451086956521738 0.7418478260869565 0.008831521739130434 0.006793478260869565
0 0.2554347826086957 0.7309782608695652 0.005434782608695652 0.004755434782608696
0 0.15285326086956522 0.8152173913043478 0.020380434782608696 0.015625
0 0.24592391304347827 0.923233695652174 0.11209239130434782 0.08899456521739131
0 0.5074728260869565 0.9014945652173914 0.059103260869565216 0.042798913043478264
0 0.9069293478260869 0.8186141304347826 0.020380434782608696 0.016304347826086956
0 0.19633152173913043 0.7398097826086957 0.010869565217391304 0.008152173913043478
0 0.19293478260869565 0.7336956521739131 0.007472826086956522 0.005434782608695652
0 0.18138586956521738 0.7364130434782609 0.008831521739130434 0.006793478260869565
0 0.2669836956521739 0.7289402173913043 0.0033967391304347825 0.002717391304347826
0 0.004755434782608696 0.7445652173913043 0.009510869565217392 0.008152173913043478
0 0.025135869565217392 0.7479619565217391 0.016983695652173912 0.012228260869565218
0 0.05366847826086957 0.7506793478260869 0.016304347826086956 0.012228260869565218
0 0.04551630434782609 0.748641304347826 0.016304347826086956 0.012228260869565218
0 0.078125 0.7506793478260869 0.014266304347826086 0.010190217391304348
0 0.08423913043478261 0.7459239130434783 0.008152173913043478 0.006114130434782609
0 0.11820652173913043 0.7472826086956522 0.008831521739130434 0.006793478260869565
0 0.1800271739130435 0.7479619565217391 0.015625 0.010190217391304348
0 0.2425271739130435 0.7445652173913043 0.012228260869565218 0.008831521739130434
0 0.23165760869565216 0.7493206521739131 0.014266304347826086 0.010190217391304348
0 0.24932065217391305 0.7384510869565217 0.009510869565217392 0.007472826086956522
0 0.32608695652173914 0.7432065217391305 0.012907608695652174 0.008152173913043478
0 0.2078804347826087 0.7493206521739131 0.014266304347826086 0.010190217391304348
0 0.021739130434782608 0.873641304347826 0.043478260869565216 0.04891304347826087
0 0.01358695652173913 0.8389945652173914 0.02717391304347826 0.021059782608695652
0 0.002717391304347826 0.8186141304347826 0.005434782608695652 0.014945652173913044
0 0.008831521739130434 0.811141304347826 0.016304347826086956 0.012228260869565218
0 0.026494565217391304 0.8186141304347826 0.01970108695652174 0.014945652173913044
0 0.06317934782608696 0.8288043478260869 0.021059782608695652 0.01970108695652174
0 0.052309782608695655 0.8457880434782609 0.029891304347826088 0.02309782608695652
0 0.043478260869565216 0.8288043478260869 0.02377717391304348 0.018342391304347828
0 0.04551630434782609 0.8192934782608695 0.020380434782608696 0.015625
0 0.10190217391304347 0.8172554347826086 0.022418478260869564 0.01970108695652174
0 0.10258152173913043 0.8403532608695652 0.033967391304347824 0.02377717391304348
0 0.08559782608695653 0.8192934782608695 0.012228260869565218 0.012907608695652174
0 0.109375 0.9164402173913043 0.08355978260869565 0.06317934782608696
0 0.13111413043478262 0.8702445652173914 0.07201086956521739 0.05434782608695652
0 0.04755434782608696 0.8872282608695652 0.07472826086956522 0.05638586956521739
0 0.19361413043478262 0.8498641304347826 0.03260869565217391 0.024456521739130436
0 0.16779891304347827 0.8186141304347826 0.019021739130434784 0.014266304347826086
0 0.1453804347826087 0.8308423913043478 0.025135869565217392 0.019021739130434784
0 0.1766304347826087 0.8335597826086957 0.026494565217391304 0.01970108695652174
0 0.21671195652173914 0.8131793478260869 0.016304347826086956 0.012228260869565218
0 0.23845108695652173 0.8349184782608695 0.02717391304347826 0.020380434782608696
0 0.20720108695652173 0.8213315217391305 0.020380434782608696 0.015625
0 0.2703804347826087 0.8192934782608695 0.01970108695652174 0.015625
0 0.250679347826087 0.8104619565217391 0.01358695652173913 0.010190217391304348
0 0.3077445652173913 0.8179347826086957 0.01970108695652174 0.014945652173913044
0 0.313179347826087 0.8063858695652174 0.012228260869565218 0.008152173913043478
0 0.32404891304347827 0.8254076086956522 0.02377717391304348 0.017663043478260868
0 0.35122282608695654 0.8165760869565217 0.021739130434782608 0.016983695652173912
0 0.34375 0.8057065217391305 0.010869565217391304 0.008152173913043478
0 0.32472826086956524 0.842391304347826 0.030570652173913044 0.02309782608695652
0 0.3186141304347826 0.8559782608695652 0.035326086956521736 0.025815217391304348
0 0.2866847826086957 0.8559782608695652 0.034646739130434784 0.025815217391304348
0 0.27921195652173914 0.8790760869565217 0.08084239130434782 0.06929347826086957
0 0.3695652173913043 0.8709239130434783 0.036005434782608696 0.034646739130434784
0 0.3960597826086957 0.8634510869565217 0.06521739130434782 0.04891304347826087
0 0.38790760869565216 0.8328804347826086 0.026494565217391304 0.01970108695652174
0 0.36684782608695654 0.8389945652173914 0.029211956521739132 0.021739130434782608
0 0.4008152173913043 0.8118206521739131 0.015625 0.012228260869565218
0 0.38179347826086957 0.8063858695652174 0.012228260869565218 0.008152173913043478
0 0.4361413043478261 0.8260869565217391 0.017663043478260868 0.018342391304347828
0 0.46127717391304346 0.811141304347826 0.018342391304347828 0.012907608695652174
0 0.4578804347826087 0.8328804347826086 0.026494565217391304 0.01970108695652174
0 0.46671195652173914 0.8485054347826086 0.03260869565217391 0.025135869565217392
0 0.49184782608695654 0.8552989130434783 0.035326086956521736 0.026494565217391304
0 0.4578804347826087 0.8716032608695652 0.05570652173913043 0.042119565217391304
0 0.43953804347826086 0.8457880434782609 0.03192934782608696 0.02377717391304348
0 0.436820652173913 0.8131793478260869 0.016983695652173912 0.012907608695652174
0 0.483695652173913 0.8152173913043478 0.017663043478260868 0.014266304347826086
0 0.48097826086956524 0.8226902173913043 0.021739130434782608 0.016983695652173912
0 0.5292119565217391 0.8301630434782609 0.03260869565217391 0.02377717391304348
0 0.5190217391304348 0.8091032608695652 0.01358695652173913 0.009510869565217392
0 0.5495923913043478 0.8009510869565217 0.007472826086956522 0.005434782608695652
0 0.5421195652173914 0.8118206521739131 0.016983695652173912 0.012228260869565218
0 0.5625 0.8131793478260869 0.024456521739130436 0.021739130434782608
0 0.5978260869565217 0.8512228260869565 0.042798913043478264 0.03260869565217391
0 0.5400815217391305 0.8797554347826086 0.05366847826086957 0.03940217391304348
0 0.5944293478260869 0.8118206521739131 0.017663043478260868 0.012228260869565218
0 0.625 0.8288043478260869 0.03260869565217391 0.025135869565217392
0 0.6773097826086957 0.8186141304347826 0.021059782608695652 0.01970108695652174
0 0.6460597826086957 0.8152173913043478 0.01970108695652174 0.014945652173913044
0 0.6596467391304348 0.8057065217391305 0.008152173913043478 0.006114130434782609
0 0.6800271739130435 0.8118206521739131 0.017663043478260868 0.012907608695652174
0 0.7078804347826086 0.8057065217391305 0.007472826086956522 0.006114130434782609
0 0.7228260869565217 0.8145380434782609 0.020380434782608696 0.016983695652173912
0 0.7506793478260869 0.8179347826086957 0.020380434782608696 0.015625
0 0.7391304347826086 0.8097826086956522 0.010190217391304348 0.007472826086956522
0 0.7846467391304348 0.8057065217391305 0.012228260869565218 0.008831521739130434
0 0.7846467391304348 0.8131793478260869 0.014945652173913044 0.010869565217391304
0 0.673233695652174 0.8872282608695652 0.06046195652173913 0.06317934782608696
0 0.7649456521739131 0.8980978260869565 0.052309782608695655 0.04823369565217391
0 0.7391304347826086 0.8770380434782609 0.041440217391304345 0.027853260869565216
0 0.7663043478260869 0.8478260869565217 0.041440217391304345 0.03125
0 0.720108695652174 0.8498641304347826 0.043478260869565216 0.03260869565217391
0 0.8097826086956522 0.8552989130434783 0.04755434782608696 0.036005434782608696
0 0.8220108695652174 0.8260869565217391 0.028532608695652172 0.021059782608695652
0 0.8070652173913043 0.829483695652174 0.030570652173913044 0.02377717391304348
0 0.8403532608695652 0.813858695652174 0.02309782608695652 0.01970108695652174
0 0.8729619565217391 0.8063858695652174 0.025815217391304348 0.01970108695652174
0 0.8743206521739131 0.8186141304347826 0.021059782608695652 0.016304347826086956
0 0.8566576086956522 0.8226902173913043 0.025815217391304348 0.019021739130434784
0 0.8552989130434783 0.8342391304347826 0.034646739130434784 0.025815217391304348
0 0.8634510869565217 0.8512228260869565 0.04483695652173913 0.03328804347826087
0 0.8913043478260869 0.8960597826086957 0.06589673913043478 0.06793478260869565
0 0.8933423913043478 0.826766304347826 0.022418478260869564 0.021739130434782608
0 0.9354619565217391 0.8097826086956522 0.008152173913043478 0.006114130434782609
0 0.9572010869565217 0.8233695652173914 0.028532608695652172 0.02377717391304348
0 0.9918478260869565 0.8301630434782609 0.016304347826086956 0.02377717391304348
0 0.9836956521739131 0.8620923913043478 0.03260869565217391 0.03872282608695652
0 0.9334239130434783 0.890625 0.06317934782608696 0.04823369565217391
0 0.2391304347826087 0.8131793478260869 0.015625 0.01154891304347826
0 0.2873641304347826 0.8254076086956522 0.02309782608695652 0.017663043478260868
0 0.37907608695652173 0.8145380434782609 0.017663043478260868 0.012907608695652174
0 0.421195652173913 0.8145380434782609 0.017663043478260868 0.01358695652173913
0 0.41779891304347827 0.8254076086956522 0.02377717391304348 0.017663043478260868
0 0.6542119565217391 0.8240489130434783 0.027853260869565216 0.021059782608695652
0 0.6841032608695652 0.8063858695652174 0.008831521739130434 0.006793478260869565
0 0.9497282608695652 0.8057065217391305 0.025135869565217392 0.01970108695652174
0 0.20108695652173914 0.7425271739130435 0.01154891304347826 0.008152173913043478
0 0.14741847826086957 0.7370923913043478 0.012907608695652174 0.009510869565217392
0 0.22146739130434784 0.734375 0.007472826086956522 0.005434782608695652
0 0.21331521739130435 0.7302989130434783 0.004755434782608696 0.002717391304347826
0 0.12364130434782608 0.8192934782608695 0.020380434782608696 0.015625
0 0.06114130434782609 0.8118206521739131 0.016983695652173912 0.012228260869565218
0 0.20448369565217392 0.8125 0.015625 0.010869565217391304
0 0.26766304347826086 0.8335597826086957 0.026494565217391304 0.01970108695652174