0 0.16168478260869565 0.45991847826086957 0.3226902173913043 0.358695652173913
0 0.02717391304347826 0.3892663043478261 0.05434782608695652 0.12703804347826086
0 0.578125 0.42527173913043476 0.23505434782608695 0.22826086956521738
0 0.3423913043478261 0.42391304347826086 0.11684782608695653 0.13994565217391305
0 0.7588315217391305 0.40421195652173914 0.18817934782608695 0.18682065217391305
0 0.9605978260869565 0.7771739130434783 0.07880434782608696 0.24728260869565216
0 0.9327445652173914 0.40421195652173914 0.13451086956521738 0.12635869565217392
0 0.6114130434782609 0.26970108695652173 0.08967391304347826 0.08491847826086957
0 0.8539402173913043 0.2798913043478261 0.08695652173913043 0.07744565217391304
0 0.9918478260869565 0.22554347826086957 0.016304347826086956 0.029211956521739132
0 0.9001358695652174 0.22010869565217392 0.021739130434782608 0.020380434782608696
0 0.8118206521739131 0.20516304347826086 0.029891304347826088 0.025815217391304348
0 0.5407608695652174 0.20108695652173914 0.06793478260869565 0.05366847826086957
0 0.5652173913043478 0.2296195652173913 0.06589673913043478 0.06182065217391304
0 0.5006793478260869 0.25815217391304346 0.08763586956521739 0.07676630434782608
0 0.38383152173913043 0.24660326086956522 0.078125 0.07133152173913043
0 0.16983695652173914 0.23301630434782608 0.10258152173913043 0.09375
0 0.22894021739130435 0.2296195652173913 0.07133152173913043 0.07540760869565218
0 0.10394021739130435 0.2139945652173913 0.06317934782608696 0.07269021739130435
0 0.05434782608695652 0.22486413043478262 0.10733695652173914 0.09442934782608696
0 0.006793478260869565 0.23369565217391305 0.012907608695652174 0.07133152173913043
0 0.017663043478260868 0.17459239130434784 0.034646739130434784 0.050271739130434784
0 0.033967391304347824 0.1514945652173913 0.03872282608695652 0.036005434782608696
0 0.04008152173913043 0.16983695652173914 0.035326086956521736 0.034646739130434784
0 0.07133152173913043 0.15013586956521738 0.04823369565217391 0.04551630434782609
0 0.08559782608695653 0.17119565217391305 0.050951086956521736 0.050951086956521736
0 0.10326086956521739 0.1487771739130435 0.029891304347826088 0.029211956521739132
0 0.13994565217391305 0.1480978260869565 0.046875 0.04008152173913043
0 0.22486413043478262 0.1766304347826087 0.04619565217391304 0.04483695652173913
0 0.27309782608695654 0.1949728260869565 0.03872282608695652 0.036684782608695655
0 0.18070652173913043 0.1610054347826087 0.021739130434782608 0.022418478260869564
0 0.27717391304347827 0.1480978260869565 0.018342391304347828 0.017663043478260868
0 0.35190217391304346 0.17391304347826086 0.06182065217391304 0.04755434782608696
0 0.40217391304347827 0.16983695652173914 0.024456521739130436 0.025815217391304348
0 0.438179347826087 0.1644021739130435 0.03940217391304348 0.03872282608695652
0 0.47690217391304346 0.171875 0.03125 0.03260869565217391
0 0.46875 0.1983695652173913 0.03872282608695652 0.041440217391304345
0 0.1983695652173913 0.16576086956521738 0.029891304347826088 0.028532608695652172
0 0.29483695652173914 0.15353260869565216 0.02309782608695652 0.01970108695652174
0 0.328125 0.5801630434782609 0.390625 0.29279891304347827
0 0.6800271739130435 0.30434782608695654 0.15489130434782608 0.11616847826086957
0 0.49728260869565216 0.3186141304347826 0.17459239130434784 0.13043478260869565
0 0.9769021739130435 0.2105978260869565 0.014945652173913044 0.01154891304347826
0 0.6005434782608695 0.20176630434782608 0.06182065217391304 0.04619565217391304
0 0.6616847826086957 0.23505434782608695 0.07540760869565218 0.05638586956521739
0 0.5264945652173914 0.23505434782608695 0.07880434782608696 0.059103260869565216
0 0.41304347826086957 0.21467391304347827 0.07065217391304347 0.05298913043478261
0 0.30366847826086957 0.26902173913043476 0.10801630434782608 0.08152173913043478
0 0.33084239130434784 0.20855978260869565 0.06657608695652174 0.050271739130434784
0 0.28464673913043476 0.1793478260869565 0.04619565217391304 0.034646739130434784
0 0.20448369565217392 0.19701086956521738 0.06725543478260869 0.050271739130434784
0 0.32133152173913043 0.17255434782608695 0.04008152173913043 0.029891304347826088
0 0.4320652173913043 0.18410326086956522 0.051630434782608696 0.03872282608695652
0 0.2452445652173913 0.1637228260869565 0.033967391304347824 0.025815217391304348
0 0.5652173913043478 0.1766304347826087 0.042119565217391304 0.03192934782608696
0 0.14605978260869565 0.13383152173913043 0.024456521739130436 0.017663043478260868
0 0.1297554347826087 0.1324728260869565 0.029211956521739132 0.021739130434782608
0 0.6358695652173914 0.16779891304347827 0.029211956521739132 0.021739130434782608
0 0.22282608695652173 0.15421195652173914 0.030570652173913044 0.02309782608695652
0 0.08084239130434782 0.13043478260869565 0.020380434782608696 0.014945652173913044
0 0.12296195652173914 0.15013586956521738 0.03125 0.02377717391304348
0 0.45516304347826086 0.19089673913043478 0.05570652173913043 0.042119565217391304
0 0.09035326086956522 0.13179347826086957 0.021739130434782608 0.016304347826086956