0 0.9612771739130435 0.3858695652173913 0.07676630434782608 0.08084239130434782
0 0.609375 0.41032608695652173 0.05502717391304348 0.05502717391304348
0 0.26358695652173914 0.46467391304347827 0.06589673913043478 0.06182065217391304
0 0.8913043478260869 0.390625 0.057744565217391304 0.059782608695652176
0 0.5230978260869565 0.438179347826087 0.08084239130434782 0.07744565217391304
0 0.4741847826086957 0.406929347826087 0.046875 0.051630434782608696
0 0.78125 0.4741847826086957 0.059103260869565216 0.051630434782608696
0 0.7425271739130435 0.4048913043478261 0.05502717391304348 0.051630434782608696
0 0.19972826086956522 0.49184782608695654 0.050951086956521736 0.05434782608695652
0 0.35054347826086957 0.4205163043478261 0.05366847826086957 0.050951086956521736
0 0.2554347826086957 0.4266304347826087 0.05366847826086957 0.04619565217391304
0 0.8797554347826086 0.45991847826086957 0.06317934782608696 0.06453804347826086
0 0.639266304347826 0.48097826086956524 0.059103260869565216 0.05434782608695652
0 0.4735054347826087 0.483695652173913 0.050951086956521736 0.050951086956521736
0 0.43342391304347827 0.46535326086956524 0.050951086956521736 0.05434782608695652
0 0.75 0.47554347826086957 0.04619565217391304 0.04755434782608696
0 0.034646739130434784 0.8145380434782609 0.06929347826086957 0.07608695652173914
0 0.049592391304347824 0.8464673913043478 0.09918478260869565 0.08491847826086957
0 0.16915760869565216 0.8885869565217391 0.16032608695652173 0.09239130434782608
0 0.26358695652173914 0.8172554347826086 0.12771739130434784 0.050271739130434784
0 0.3016304347826087 0.8369565217391305 0.11005434782608696 0.08152173913043478
0 0.3967391304347826 0.8770380434782609 0.12432065217391304 0.09307065217391304
0 0.4898097826086957 0.8512228260869565 0.10394021739130435 0.057744565217391304
0 0.4422554347826087 0.9191576086956522 0.10394021739130435 0.05638586956521739
0 0.26154891304347827 0.9442934782608695 0.14470108695652173 0.109375
0 0.375679347826087 0.970108695652174 0.33084239130434784 0.059782608695652176
0 0.6351902173913043 0.9116847826086957 0.16508152173913043 0.09986413043478261
0 0.6127717391304348 0.8709239130434783 0.12228260869565218 0.09171195652173914
0 0.6807065217391305 0.8668478260869565 0.12024456521739131 0.09103260869565218
0 0.8077445652173914 0.873641304347826 0.12296195652173914 0.09239130434782608
0 0.8947010869565217 0.9626358695652174 0.15217391304347827 0.059782608695652176
0 0.9198369565217391 0.9184782608695652 0.1331521739130435 0.09986413043478261
0 0.9796195652173914 0.8743206521739131 0.04076086956521739 0.09103260869565218
0 0.31997282608695654 0.46875 0.06589673913043478 0.049592391304347824