0 0.96875 0.640625 0.03192934782608696 0.028532608695652172
0 0.6630434782608695 0.7126358695652174 0.03328804347826087 0.029211956521739132
0 0.28328804347826086 0.5869565217391305 0.021739130434782608 0.02717391304347826
0 0.32404891304347827 0.5394021739130435 0.025815217391304348 0.024456521739130436
0 0.35529891304347827 0.5101902173913043 0.025815217391304348 0.025815217391304348
0 0.38790760869565216 0.47214673913043476 0.022418478260869564 0.021059782608695652
0 0.41915760869565216 0.436820652173913 0.021059782608695652 0.021059782608695652
0 0.7887228260869565 0.22758152173913043 0.010190217391304348 0.012907608695652174
0 0.8838315217391305 0.20176630434782608 0.01154891304347826 0.01154891304347826
0 0.9497282608695652 0.36277173913043476 0.017663043478260868 0.016304347826086956
0 0.859375 0.360054347826087 0.01970108695652174 0.017663043478260868
0 0.359375 0.3532608695652174 0.017663043478260868 0.014945652173913044
0 0.32472826086956524 0.3498641304347826 0.01970108695652174 0.016983695652173912
0 0.29279891304347827 0.35665760869565216 0.01970108695652174 0.018342391304347828
0 0.25203804347826086 0.35190217391304346 0.018342391304347828 0.016983695652173912
0 0.22010869565217392 0.36141304347826086 0.017663043478260868 0.014945652173913044
0 0.09850543478260869 0.3892663043478261 0.015625 0.01358695652173913
0 0.006114130434782609 0.38654891304347827 0.012228260869565218 0.014945652173913044
0 0.03736413043478261 0.3580163043478261 0.018342391304347828 0.016983695652173912
0 0.08016304347826086 0.359375 0.018342391304347828 0.01358695652173913
0 0.11820652173913043 0.35597826086956524 0.017663043478260868 0.01358695652173913
0 0.1514945652173913 0.3498641304347826 0.017663043478260868 0.012228260869565218
0 0.16576086956521738 0.3491847826086957 0.015625 0.014945652173913044
0 0.014945652173913044 0.32065217391304346 0.018342391304347828 0.017663043478260868
0 0.04891304347826087 0.31997282608695654 0.01970108695652174 0.017663043478260868
0 0.08695652173913043 0.32065217391304346 0.020380434782608696 0.018342391304347828
0 0.10190217391304347 0.3077445652173913 0.01970108695652174 0.018342391304347828
0 0.11141304347826086 0.2703804347826087 0.016304347826086956 0.018342391304347828
0 0.15896739130434784 0.28532608695652173 0.017663043478260868 0.016983695652173912
0 0.15692934782608695 0.3267663043478261 0.017663043478260868 0.016983695652173912
0 0.1800271739130435 0.32133152173913043 0.01970108695652174 0.016304347826086956
0 0.2296195652173913 0.3179347826086957 0.018342391304347828 0.015625
0 0.23641304347826086 0.30434782608695654 0.017663043478260868 0.014945652173913044
0 0.27445652173913043 0.30434782608695654 0.01970108695652174 0.018342391304347828
0 0.5006793478260869 0.3498641304347826 0.018342391304347828 0.016304347826086956
0 0.4639945652173913 0.3383152173913043 0.017663043478260868 0.016304347826086956
0 0.4171195652173913 0.34103260869565216 0.017663043478260868 0.016304347826086956
0 0.35733695652173914 0.3220108695652174 0.01970108695652174 0.018342391304347828
0 0.36616847826086957 0.3186141304347826 0.015625 0.015625
0 0.4076086956521739 0.31589673913043476 0.017663043478260868 0.016983695652173912
0 0.42934782608695654 0.31657608695652173 0.017663043478260868 0.016983695652173912
0 0.44904891304347827 0.31589673913043476 0.014945652173913044 0.014945652173913044
0 0.47078804347826086 0.3111413043478261 0.017663043478260868 0.016304347826086956
0 0.483695652173913 0.3111413043478261 0.01358695652173913 0.014945652173913044
0 0.5197010869565217 0.3111413043478261 0.017663043478260868 0.016983695652173912
0 0.5421195652173914 0.30366847826086957 0.016304347826086956 0.015625
0 0.5115489130434783 0.28396739130434784 0.01358695652173913 0.015625
0 0.4904891304347826 0.29347826086956524 0.015625 0.01358695652173913
0 0.43478260869565216 0.30095108695652173 0.01358695652173913 0.01358695652173913
0 0.36684782608695654 0.2955163043478261 0.017663043478260868 0.015625
0 0.31589673913043476 0.30027173913043476 0.018342391304347828 0.01970108695652174
0 0.5360054347826086 0.34578804347826086 0.018342391304347828 0.016304347826086956
0 0.5706521739130435 0.3451086956521739 0.018342391304347828 0.017663043478260868
0 0.609375 0.34171195652173914 0.017663043478260868 0.014945652173913044
0 0.6426630434782609 0.34103260869565216 0.017663043478260868 0.016983695652173912
0 0.6936141304347826 0.3383152173913043 0.01970108695652174 0.017663043478260868
0 0.7493206521739131 0.34035326086956524 0.016304347826086956 0.016304347826086956
0 0.7880434782608695 0.33559782608695654 0.017663043478260868 0.016304347826086956
0 0.8383152173913043 0.3328804347826087 0.016304347826086956 0.01358695652173913
0 0.9069293478260869 0.3376358695652174 0.016304347826086956 0.017663043478260868
0 0.953125 0.33152173913043476 0.01970108695652174 0.014945652173913044
0 0.7805706521739131 0.29891304347826086 0.017663043478260868 0.016304347826086956
0 0.7737771739130435 0.2826086956521739 0.016304347826086956 0.016304347826086956
0 0.7629076086956522 0.27241847826086957 0.012907608695652174 0.012907608695652174
0 0.7520380434782609 0.29008152173913043 0.012907608695652174 0.015625
0 0.7316576086956522 0.28396739130434784 0.016304347826086956 0.014945652173913044
0 0.7350543478260869 0.3029891304347826 0.017663043478260868 0.017663043478260868
0 0.703125 0.30095108695652173 0.014945652173913044 0.012907608695652174
0 0.6759510869565217 0.30502717391304346 0.017663043478260868 0.016983695652173912
0 0.671875 0.28804347826086957 0.014945652173913044 0.014945652173913044
0 0.6243206521739131 0.266304347826087 0.014945652173913044 0.01358695652173913
0 0.6317934782608695 0.27921195652173914 0.016304347826086956 0.014945652173913044
0 0.609375 0.28464673913043476 0.018342391304347828 0.018342391304347828
0 0.5706521739130435 0.27377717391304346 0.017663043478260868 0.016983695652173912
0 0.5543478260869565 0.2866847826086957 0.017663043478260868 0.018342391304347828
0 0.5903532608695652 0.3070652173913043 0.017663043478260868 0.014945652173913044
0 0.9918478260869565 0.33627717391304346 0.015625 0.014945652173913044
0 0.9972826086956522 0.29347826086956524 0.005434782608695652 0.016304347826086956
0 0.9823369565217391 0.297554347826087 0.017663043478260868 0.014945652173913044
0 0.9735054347826086 0.28125 0.017663043478260868 0.016983695652173912
0 0.9605978260869565 0.25679347826086957 0.015625 0.016983695652173912
0 0.9456521739130435 0.27853260869565216 0.014945652173913044 0.01358695652173913
0 0.9558423913043478 0.30502717391304346 0.015625 0.014945652173913044
0 0.9347826086956522 0.30095108695652173 0.014945652173913044 0.015625
0 0.9164402173913043 0.28125 0.017663043478260868 0.018342391304347828
0 0.8729619565217391 0.25679347826086957 0.015625 0.014945652173913044
0 0.8688858695652174 0.28396739130434784 0.014945652173913044 0.012907608695652174
0 0.923233695652174 0.30570652173913043 0.016304347826086956 0.014945652173913044
0 0.8668478260869565 0.3063858695652174 0.016304347826086956 0.016304347826086956
0 0.8552989130434783 0.29891304347826086 0.015625 0.015625
0 0.8288043478260869 0.2826086956521739 0.016304347826086956 0.016983695652173912
0 0.8057065217391305 0.2717391304347826 0.01358695652173913 0.01358695652173913
0 0.8125 0.30027173913043476 0.017663043478260868 0.015625
0 0.7771739130434783 0.22554347826086957 0.012907608695652174 0.008831521739130434
0 0.96875 0.24116847826086957 0.015625 0.01154891304347826
0 0.9694293478260869 0.21807065217391305 0.014945652173913044 0.01154891304347826
0 0.9171195652173914 0.24796195652173914 0.017663043478260868 0.012907608695652174
0 0.004076086956521739 0.3580163043478261 0.007472826086956522 0.014266304347826086
0 0.03328804347826087 0.30570652173913043 0.021059782608695652 0.015625
0 0.08423913043478261 0.2955163043478261 0.021059782608695652 0.015625
0 0.1358695652173913 0.29279891304347827 0.021059782608695652 0.015625
0 0.18070652173913043 0.3539402173913043 0.018342391304347828 0.01358695652173913
0 0.23777173913043478 0.311820652173913 0.020380434782608696 0.015625
0 0.2798913043478261 0.3233695652173913 0.021059782608695652 0.016304347826086956
0 0.2601902173913043 0.2955163043478261 0.020380434782608696 0.014945652173913044
0 0.42934782608695654 0.29008152173913043 0.016983695652173912 0.012907608695652174
0 0.5801630434782609 0.28464673913043476 0.018342391304347828 0.014266304347826086
0 0.6345108695652174 0.30978260869565216 0.019021739130434784 0.014266304347826086
0 0.907608695652174 0.265625 0.018342391304347828 0.01358695652173913
0 0.8573369565217391 0.26154891304347827 0.017663043478260868 0.012907608695652174
0 0.8485054347826086 0.26970108695652173 0.017663043478260868 0.012907608695652174
0 0.8967391304347826 0.29959239130434784 0.017663043478260868 0.01358695652173913
0 0.8043478260869565 0.26154891304347827 0.016304347826086956 0.012228260869565218