0 0.28396739130434784 0.7336956521739131 0.12092391304347826 0.15013586956521738
0 0.8002717391304348 0.5244565217391305 0.11345108695652174 0.08831521739130435
0 0.4048913043478261 0.5278532608695652 0.07201086956521739 0.08355978260869565
0 0.14741847826086957 0.5108695652173914 0.09918478260869565 0.08763586956521739
0 0.12364130434782608 0.4008152173913043 0.07065217391304347 0.08355978260869565
0 0.36277173913043476 0.46127717391304346 0.08152173913043478 0.07404891304347826
0 0.4388586956521739 0.38315217391304346 0.06453804347826086 0.06929347826086957
0 0.7336956521739131 0.41983695652173914 0.06385869565217392 0.059103260869565216
0 0.8552989130434783 0.45040760869565216 0.08967391304347826 0.07744565217391304
0 0.9116847826086957 0.4361413043478261 0.07676630434782608 0.06385869565217392
0 0.9164402173913043 0.4008152173913043 0.04823369565217391 0.04551630434782609
0 0.9898097826086957 0.4123641304347826 0.01970108695652174 0.06317934782608696
0 0.8811141304347826 0.39334239130434784 0.041440217391304345 0.041440217391304345
0 0.8165760869565217 0.389945652173913 0.04483695652173913 0.04483695652173913
0 0.7900815217391305 0.37092391304347827 0.035326086956521736 0.036005434782608696
0 0.6739130434782609 0.36616847826086957 0.027853260869565216 0.030570652173913044
0 0.5930706521739131 0.36277173913043476 0.03940217391304348 0.03328804347826087
0 0.016304347826086956 0.3580163043478261 0.03260869565217391 0.036005434782608696
0 0.20176630434782608 0.8552989130434783 0.1637228260869565 0.12296195652173914
0 0.4857336956521739 0.8974184782608695 0.17051630434782608 0.12907608695652173
0 0.4945652173913043 0.7547554347826086 0.1487771739130435 0.11209239130434782
0 0.8274456521739131 0.6691576086956522 0.15285326086956522 0.11480978260869565
0 0.9667119565217391 0.5652173913043478 0.06657608695652174 0.09239130434782608
0 0.5713315217391305 0.5679347826086957 0.11073369565217392 0.08220108695652174
0 0.6698369565217391 0.48029891304347827 0.09375 0.07065217391304347
0 0.02309782608695652 0.40285326086956524 0.04619565217391304 0.06114130434782609
0 0.18885869565217392 0.46467391304347827 0.08627717391304347 0.06521739130434782
0 0.25203804347826086 0.40896739130434784 0.07269021739130435 0.05570652173913043
0 0.5523097826086957 0.4388586956521739 0.07269021739130435 0.05570652173913043
0 0.484375 0.45516304347826086 0.07948369565217392 0.059103260869565216
0 0.6582880434782609 0.4320652173913043 0.07269021739130435 0.05502717391304348
0 0.9728260869565217 0.39334239130434784 0.041440217391304345 0.03192934782608696
0 0.8206521739130435 0.4164402173913043 0.0625 0.046875
0 0.7758152173913043 0.41032608695652173 0.058423913043478264 0.043478260869565216
0 0.8695652173913043 0.37092391304347827 0.02377717391304348 0.016983695652173912
0 0.811141304347826 0.3641304347826087 0.021059782608695652 0.016304347826086956
0 0.8505434782608695 0.37839673913043476 0.02377717391304348 0.017663043478260868
0 0.5271739130434783 0.34035326086956524 0.03125 0.022418478260869564
0 0.33152173913043476 0.34714673913043476 0.043478260869565216 0.03260869565217391
0 0.2513586956521739 0.39470108695652173 0.06997282608695653 0.052309782608695655
0 0.09510869565217392 0.359375 0.06657608695652174 0.050271739130434784