0 0.6664402173913043 0.8057065217391305 0.015625 0.01154891304347826
0 0.45108695652173914 0.7065217391304348 0.018342391304347828 0.01970108695652174
0 0.39877717391304346 0.7255434782608695 0.014266304347826086 0.015625
0 0.38790760869565216 0.7289402173913043 0.014266304347826086 0.015625
0 0.38722826086956524 0.6834239130434783 0.008831521739130434 0.008831521739130434
0 0.3641304347826087 0.673233695652174 0.007472826086956522 0.006793478260869565
0 0.7683423913043478 0.7880434782608695 0.01358695652173913 0.01358695652173913
0 0.6929347826086957 0.7235054347826086 0.021059782608695652 0.020380434782608696
0 0.8682065217391305 0.796875 0.009510869565217392 0.009510869565217392
0 0.8858695652173914 0.7934782608695652 0.01154891304347826 0.01154891304347826
0 0.15217391304347827 0.7561141304347826 0.01154891304347826 0.01154891304347826
0 0.21739130434782608 0.7615489130434783 0.01154891304347826 0.01358695652173913
0 0.3376358695652174 0.7241847826086957 0.010190217391304348 0.01358695652173913
0 0.26358695652173914 0.5883152173913043 0.006793478260869565 0.006793478260869565
0 0.22010869565217392 0.5692934782608695 0.007472826086956522 0.007472826086956522
0 0.16304347826086957 0.5862771739130435 0.007472826086956522 0.007472826086956522
0 0.13994565217391305 0.5862771739130435 0.008152173913043478 0.007472826086956522
0 0.09103260869565218 0.5720108695652174 0.006793478260869565 0.006114130434782609
0 0.328804347826087 0.7262228260869565 0.010190217391304348 0.01154891304347826
0 0.3294836956521739 0.6827445652173914 0.007472826086956522 0.007472826086956522
0 0.21875 0.7146739130434783 0.009510869565217392 0.009510869565217392
0 0.22758152173913043 0.6786684782608695 0.006114130434782609 0.006114130434782609
0 0.23505434782608695 0.6745923913043478 0.005434782608695652 0.005434782608695652
0 0.1827445652173913 0.6976902173913043 0.006793478260869565 0.006793478260869565
0 0.2105978260869565 0.6528532608695652 0.005434782608695652 0.004755434782608696
0 0.1875 0.6677989130434783 0.005434782608695652 0.005434782608695652
0 0.18682065217391305 0.6596467391304348 0.004755434782608696 0.005434782608695652
0 0.0020380434782608695 0.6800271739130435 0.004076086956521739 0.006793478260869565
0 0.010869565217391304 0.6834239130434783 0.006114130434782609 0.006793478260869565
0 0.01970108695652174 0.6963315217391305 0.007472826086956522 0.007472826086956522
0 0.03192934782608696 0.6949728260869565 0.007472826086956522 0.008831521739130434
0 0.01358695652173913 0.6963315217391305 0.006114130434782609 0.007472826086956522
0 0.16236413043478262 0.6773097826086957 0.005434782608695652 0.005434782608695652
0 0.1487771739130435 0.6773097826086957 0.004755434782608696 0.005434782608695652
0 0.14673913043478262 0.6800271739130435 0.004755434782608696 0.005434782608695652
0 0.11956521739130435 0.688858695652174 0.006114130434782609 0.006793478260869565
0 0.10733695652173914 0.6800271739130435 0.006114130434782609 0.006114130434782609
0 0.10326086956521739 0.6745923913043478 0.005434782608695652 0.005434782608695652
0 0.11480978260869565 0.6752717391304348 0.005434782608695652 0.005434782608695652
0 0.09986413043478261 0.7085597826086957 0.009510869565217392 0.010190217391304348
0 0.09239130434782608 0.6983695652173914 0.007472826086956522 0.007472826086956522
0 0.06657608695652174 0.686141304347826 0.006793478260869565 0.006793478260869565
0 0.05366847826086957 0.6983695652173914 0.007472826086956522 0.008831521739130434
0 0.05434782608695652 0.6759510869565217 0.006114130434782609 0.006114130434782609
0 0.17051630434782608 0.6644021739130435 0.004755434782608696 0.004755434782608696
0 0.14673913043478262 0.6664402173913043 0.004755434782608696 0.004755434782608696
0 0.1324728260869565 0.6650815217391305 0.004755434782608696 0.004755434782608696
0 0.12160326086956522 0.6671195652173914 0.004755434782608696 0.004755434782608696
0 0.11209239130434782 0.6630434782608695 0.004755434782608696 0.004755434782608696
0 0.11684782608695653 0.6589673913043478 0.004076086956521739 0.004755434782608696
0 0.12567934782608695 0.6589673913043478 0.004076086956521739 0.004755434782608696
0 0.15285326086956522 0.654891304347826 0.004755434782608696 0.004755434782608696
0 0.14198369565217392 0.6616847826086957 0.004755434782608696 0.004755434782608696
0 0.11684782608695653 0.6453804347826086 0.004076086956521739 0.004076086956521739
0 0.09375 0.6494565217391305 0.004076086956521739 0.004076086956521739
0 0.09918478260869565 0.6637228260869565 0.004755434782608696 0.004755434782608696
0 0.08899456521739131 0.6480978260869565 0.004076086956521739 0.004076086956521739
0 0.07880434782608696 0.6447010869565217 0.0033967391304347825 0.004076086956521739
0 0.06453804347826086 0.6644021739130435 0.004755434782608696 0.004755434782608696
0 0.06046195652173913 0.65625 0.004755434782608696 0.004755434782608696
0 0.033967391304347824 0.6691576086956522 0.005434782608695652 0.005434782608695652
0 0.03872282608695652 0.6637228260869565 0.004755434782608696 0.004755434782608696
0 0.029211956521739132 0.6528532608695652 0.004755434782608696 0.004755434782608696
0 0.49116847826086957 0.7398097826086957 0.017663043478260868 0.01358695652173913
0 0.546875 0.7316576086956522 0.016983695652173912 0.012907608695652174
0 0.579483695652174 0.8002717391304348 0.016304347826086956 0.012228260869565218
0 0.46875 0.7336956521739131 0.016983695652173912 0.012907608695652174
0 0.438179347826087 0.7099184782608695 0.014945652173913044 0.010869565217391304
0 0.36752717391304346 0.7269021739130435 0.016304347826086956 0.012228260869565218
0 0.375679347826087 0.7690217391304348 0.020380434782608696 0.014945652173913044
0 0.3851902173913043 0.6209239130434783 0.008152173913043478 0.006114130434782609
0 0.36209239130434784 0.688858695652174 0.012228260869565218 0.009510869565217392
0 0.7411684782608695 0.717391304347826 0.020380434782608696 0.015625
0 0.7846467391304348 0.779891304347826 0.015625 0.01154891304347826
0 0.9938858695652174 0.7459239130434783 0.012228260869565218 0.01358695652173913
0 0.9884510869565217 0.7432065217391305 0.018342391304347828 0.014266304347826086
0 0.9368206521739131 0.7520380434782609 0.017663043478260868 0.01358695652173913
0 0.0006793478260869565 0.7370923913043478 0.001358695652173913 0.010869565217391304
0 0.014266304347826086 0.7391304347826086 0.014266304347826086 0.010869565217391304
0 0.029211956521739132 0.7432065217391305 0.015625 0.01154891304347826
0 0.043478260869565216 0.7445652173913043 0.015625 0.01154891304347826
0 0.046875 0.7391304347826086 0.014266304347826086 0.010190217391304348
0 0.05434782608695652 0.7384510869565217 0.01358695652173913 0.010190217391304348
0 0.06861413043478261 0.7425271739130435 0.012907608695652174 0.009510869565217392
0 0.06046195652173913 0.7540760869565217 0.01358695652173913 0.010190217391304348
0 0.10394021739130435 0.7466032608695652 0.012907608695652174 0.009510869565217392
0 0.11752717391304347 0.748641304347826 0.012907608695652174 0.009510869565217392
0 0.13926630434782608 0.7533967391304348 0.01358695652173913 0.010190217391304348
0 0.25 0.7751358695652174 0.015625 0.01154891304347826
0 0.2547554347826087 0.7629076086956522 0.014945652173913044 0.010869565217391304
0 0.27853260869565216 0.782608695652174 0.016304347826086956 0.012228260869565218
0 0.2758152173913043 0.7690217391304348 0.015625 0.01154891304347826
0 0.27445652173913043 0.7649456521739131 0.015625 0.01154891304347826
0 0.3016304347826087 0.7744565217391305 0.016983695652173912 0.012907608695652174
0 0.2907608695652174 0.7778532608695652 0.016304347826086956 0.012228260869565218
0 0.3451086956521739 0.7296195652173914 0.016304347826086956 0.012228260869565218
0 0.059782608695652176 0.5536684782608695 0.009510869565217392 0.006793478260869565
0 0.31453804347826086 0.7139945652173914 0.01358695652173913 0.010190217391304348
0 0.29891304347826086 0.7255434782608695 0.014266304347826086 0.010190217391304348
0 0.2982336956521739 0.7167119565217391 0.012907608695652174 0.009510869565217392
0 0.30434782608695654 0.7072010869565217 0.010869565217391304 0.008152173913043478
0 0.3179347826086957 0.6875 0.009510869565217392 0.006793478260869565
0 0.3226902173913043 0.6834239130434783 0.008831521739130434 0.006793478260869565
0 0.2078804347826087 0.71875 0.010869565217391304 0.008152173913043478
0 0.24048913043478262 0.7146739130434783 0.010869565217391304 0.008152173913043478
0 0.26970108695652173 0.7221467391304348 0.012228260869565218 0.008831521739130434
0 0.2826086956521739 0.7072010869565217 0.010869565217391304 0.008152173913043478
0 0.28396739130434784 0.7004076086956522 0.010190217391304348 0.007472826086956522
0 0.28872282608695654 0.6970108695652174 0.010190217391304348 0.007472826086956522
0 0.2866847826086957 0.6895380434782609 0.009510869565217392 0.007472826086956522
0 0.297554347826087 0.6813858695652174 0.008152173913043478 0.006793478260869565
0 0.30434782608695654 0.6786684782608695 0.008152173913043478 0.006114130434782609
0 0.28532608695652173 0.6779891304347826 0.008152173913043478 0.006114130434782609
0 0.27921195652173914 0.670516304347826 0.006793478260869565 0.005434782608695652
0 0.27241847826086957 0.6779891304347826 0.008152173913043478 0.006114130434782609
0 0.26902173913043476 0.6752717391304348 0.007472826086956522 0.006114130434782609
0 0.2751358695652174 0.6847826086956522 0.008831521739130434 0.006793478260869565
0 0.2669836956521739 0.6841032608695652 0.008831521739130434 0.006114130434782609
0 0.25679347826086957 0.6834239130434783 0.008152173913043478 0.006114130434782609
0 0.26970108695652173 0.6929347826086957 0.009510869565217392 0.007472826086956522
0 0.25 0.6929347826086957 0.008831521739130434 0.006793478260869565
0 0.2139945652173913 0.7051630434782609 0.009510869565217392 0.006793478260869565
0 0.22010869565217392 0.6983695652173914 0.008831521739130434 0.006793478260869565
0 0.22282608695652173 0.6942934782608695 0.008152173913043478 0.006793478260869565
0 0.21807065217391305 0.688858695652174 0.008152173913043478 0.006114130434782609
0 0.2425271739130435 0.671875 0.006793478260869565 0.005434782608695652
0 0.25 0.6698369565217391 0.006793478260869565 0.005434782608695652
0 0.18885869565217392 0.6929347826086957 0.008152173913043478 0.006114130434782609
0 0.1983695652173913 0.6915760869565217 0.008152173913043478 0.006114130434782609
0 0.20516304347826086 0.6854619565217391 0.008152173913043478 0.006114130434782609
0 0.21603260869565216 0.6779891304347826 0.007472826086956522 0.005434782608695652
0 0.22282608695652173 0.6745923913043478 0.006793478260869565 0.005434782608695652
0 0.22894021739130435 0.6677989130434783 0.006793478260869565 0.004755434782608696
0 0.22214673913043478 0.6630434782608695 0.006114130434782609 0.004755434782608696
0 0.21263586956521738 0.6677989130434783 0.006114130434782609 0.004755434782608696
0 0.20923913043478262 0.6630434782608695 0.006114130434782609 0.004755434782608696
0 0.20108695652173914 0.673233695652174 0.006793478260869565 0.004755434782608696
0 0.19021739130434784 0.6644021739130435 0.006114130434782609 0.004076086956521739
0 0.19021739130434784 0.6596467391304348 0.006114130434782609 0.004076086956521739
0 0.19021739130434784 0.6766304347826086 0.006793478260869565 0.004755434782608696
0 0.002717391304347826 0.6970108695652174 0.005434782608695652 0.007472826086956522
0 0.0006793478260869565 0.6997282608695652 0.001358695652173913 0.007472826086956522
0 0.0033967391304347825 0.7010869565217391 0.006114130434782609 0.007472826086956522
0 0.02377717391304348 0.7099184782608695 0.010190217391304348 0.007472826086956522
0 0.02309782608695652 0.6820652173913043 0.007472826086956522 0.005434782608695652
0 0.008152173913043478 0.6983695652173914 0.009510869565217392 0.007472826086956522
0 0.13926630434782608 0.7065217391304348 0.010190217391304348 0.007472826086956522
0 0.13654891304347827 0.6997282608695652 0.010190217391304348 0.007472826086956522
0 0.140625 0.6942934782608695 0.007472826086956522 0.005434782608695652
0 0.17866847826086957 0.7160326086956522 0.010190217391304348 0.008152173913043478
0 0.17323369565217392 0.7038043478260869 0.009510869565217392 0.006793478260869565
0 0.16915760869565216 0.6902173913043478 0.006793478260869565 0.004755434782608696
0 0.1610054347826087 0.6841032608695652 0.006793478260869565 0.004755434782608696
0 0.17391304347826086 0.6834239130434783 0.006793478260869565 0.004755434782608696
0 0.171875 0.6766304347826086 0.006114130434782609 0.004755434782608696
0 0.1766304347826087 0.673233695652174 0.006114130434782609 0.004755434782608696
0 0.1358695652173913 0.6779891304347826 0.006114130434782609 0.004755434782608696
0 0.12635869565217392 0.6813858695652174 0.006793478260869565 0.004755434782608696
0 0.10258152173913043 0.7038043478260869 0.010190217391304348 0.007472826086956522
0 0.10597826086956522 0.6976902173913043 0.009510869565217392 0.006793478260869565
0 0.08355978260869565 0.7078804347826086 0.010190217391304348 0.007472826086956522
0 0.09171195652173914 0.7038043478260869 0.010190217391304348 0.007472826086956522
0 0.09375 0.6936141304347826 0.008831521739130434 0.006793478260869565
0 0.08288043478260869 0.6854619565217391 0.007472826086956522 0.005434782608695652
0 0.07269021739130435 0.6820652173913043 0.007472826086956522 0.005434782608695652
0 0.07744565217391304 0.6786684782608695 0.006793478260869565 0.005434782608695652
0 0.06997282608695653 0.6949728260869565 0.009510869565217392 0.006793478260869565
0 0.051630434782608696 0.6922554347826086 0.008831521739130434 0.006793478260869565
0 0.04619565217391304 0.6773097826086957 0.007472826086956522 0.005434782608695652
0 0.01154891304347826 0.6766304347826086 0.006793478260869565 0.005434782608695652
0 0.03804347826086957 0.6745923913043478 0.007472826086956522 0.005434782608695652
0 0.06317934782608696 0.6766304347826086 0.006793478260869565 0.005434782608695652
0 0.08627717391304347 0.6752717391304348 0.006793478260869565 0.004755434782608696
0 0.17866847826086957 0.6630434782608695 0.005434782608695652 0.004076086956521739
0 0.17323369565217392 0.6569293478260869 0.005434782608695652 0.004076086956521739
0 0.1637228260869565 0.6610054347826086 0.005434782608695652 0.004076086956521739
0 0.15896739130434784 0.6671195652173914 0.005434782608695652 0.004076086956521739
0 0.14198369565217392 0.670516304347826 0.005434782608695652 0.004076086956521739
0 0.11141304347826086 0.6671195652173914 0.005434782608695652 0.004076086956521739
0 0.14198369565217392 0.6521739130434783 0.004755434782608696 0.004076086956521739
0 0.109375 0.6521739130434783 0.004755434782608696 0.004076086956521739
0 0.09646739130434782 0.6739130434782609 0.006114130434782609 0.004755434782608696
0 0.08831521739130435 0.6589673913043478 0.004755434782608696 0.004076086956521739
0 0.07948369565217392 0.6582880434782609 0.005434782608695652 0.004076086956521739
0 0.07472826086956522 0.6644021739130435 0.006114130434782609 0.004755434782608696
0 0.08220108695652174 0.6677989130434783 0.006114130434782609 0.004755434782608696
0 0.07065217391304347 0.6725543478260869 0.006114130434782609 0.004755434782608696
0 0.058423913043478264 0.6644021739130435 0.006114130434782609 0.004755434782608696
0 0.06521739130434782 0.6494565217391305 0.004755434782608696 0.0033967391304347825
0 0.04823369565217391 0.6474184782608695 0.004755434782608696 0.0033967391304347825
0 0.043478260869565216 0.6474184782608695 0.004755434782608696 0.0033967391304347825
0 0.04755434782608696 0.6535326086956522 0.004755434782608696 0.004076086956521739
0 0.04823369565217391 0.6698369565217391 0.006114130434782609 0.004755434782608696
0 0.026494565217391304 0.6671195652173914 0.006114130434782609 0.004755434782608696
0 0.015625 0.6691576086956522 0.006793478260869565 0.004755434782608696
0 0.0033967391304347825 0.6671195652173914 0.006114130434782609 0.004755434782608696
0 0.008831521739130434 0.6650815217391305 0.006114130434782609 0.004755434782608696
0 0.014945652173913044 0.6596467391304348 0.005434782608695652 0.004076086956521739
0 0.024456521739130436 0.6603260869565217 0.005434782608695652 0.004076086956521739
0 0.03736413043478261 0.6494565217391305 0.004755434782608696 0.0033967391304347825
0 0.030570652173913044 0.639266304347826 0.0033967391304347825 0.002717391304347826
0 0.029891304347826088 0.6447010869565217 0.004076086956521739 0.002717391304347826
0 0.019021739130434784 0.6433423913043478 0.005434782608695652 0.004076086956521739
0 0.017663043478260868 0.6508152173913043 0.004755434782608696 0.0033967391304347825
0 0.004076086956521739 0.6610054347826086 0.006114130434782609 0.004755434782608696
0 0.0020380434782608695 0.6440217391304348 0.004076086956521739 0.004076086956521739
0 0.006793478260869565 0.6413043478260869 0.004755434782608696 0.004076086956521739
0 0.007472826086956522 0.6480978260869565 0.005434782608695652 0.004076086956521739
0 0.06317934782608696 0.6460597826086957 0.004755434782608696 0.0033967391304347825