0 0.08831521739130435 0.6650815217391305 0.010869565217391304 0.01154891304347826
0 0.06114130434782609 0.6610054347826086 0.009510869565217392 0.01154891304347826
0 0.21535326086956522 0.6691576086956522 0.01358695652173913 0.01358695652173913
0 0.421195652173913 0.6902173913043478 0.010190217391304348 0.01154891304347826
0 0.4633152173913043 0.7262228260869565 0.015625 0.01358695652173913
0 0.828125 0.7214673913043478 0.012228260869565218 0.014266304347826086
0 0.9592391304347826 0.7302989130434783 0.010869565217391304 0.01358695652173913
0 0.9707880434782609 0.6297554347826086 0.004755434782608696 0.004755434782608696
0 0.22010869565217392 0.5591032608695652 0.005434782608695652 0.004755434782608696
0 0.109375 0.5665760869565217 0.006114130434782609 0.005434782608695652
0 0.10190217391304347 0.5706521739130435 0.006114130434782609 0.006114130434782609
0 0.18342391304347827 0.5699728260869565 0.005434782608695652 0.004755434782608696
0 0.18885869565217392 0.5733695652173914 0.006114130434782609 0.006114130434782609
0 0.07880434782608696 0.5339673913043478 0.006793478260869565 0.006793478260869565
0 0.024456521739130436 0.5380434782608695 0.006114130434782609 0.005434782608695652
0 0.004076086956521739 0.5625 0.007472826086956522 0.007472826086956522
0 0.029211956521739132 0.5652173913043478 0.007472826086956522 0.006793478260869565
0 0.010190217391304348 0.5699728260869565 0.008831521739130434 0.008831521739130434
0 0.05366847826086957 0.5665760869565217 0.006793478260869565 0.006793478260869565
0 0.06929347826086957 0.5686141304347826 0.005434782608695652 0.005434782608695652
0 0.7105978260869565 0.6766304347826086 0.008831521739130434 0.010190217391304348
0 0.8274456521739131 0.6847826086956522 0.009510869565217392 0.009510869565217392
0 0.967391304347826 0.701766304347826 0.009510869565217392 0.009510869565217392
0 0.9639945652173914 0.6752717391304348 0.006114130434782609 0.006793478260869565
0 0.9993206521739131 0.6807065217391305 0.001358695652173913 0.006793478260869565
0 0.9680706521739131 0.6616847826086957 0.005434782608695652 0.005434782608695652
0 0.9836956521739131 0.6521739130434783 0.004755434782608696 0.004755434782608696
0 0.9381793478260869 0.6413043478260869 0.004755434782608696 0.004755434782608696
0 0.859375 0.6535326086956522 0.006793478260869565 0.007472826086956522
0 0.8430706521739131 0.6514945652173914 0.006793478260869565 0.006793478260869565
0 0.8498641304347826 0.6338315217391305 0.006114130434782609 0.006793478260869565
0 0.8716032608695652 0.6317934782608695 0.005434782608695652 0.005434782608695652
0 0.438179347826087 0.6413043478260869 0.008831521739130434 0.008831521739130434
0 0.3016304347826087 0.6345108695652174 0.01154891304347826 0.01154891304347826
0 0.27853260869565216 0.6331521739130435 0.021059782608695652 0.01970108695652174
0 0.25883152173913043 0.6290760869565217 0.015625 0.014266304347826086
0 0.17527173913043478 0.6222826086956522 0.019021739130434784 0.018342391304347828
0 0.12228260869565218 0.623641304347826 0.010190217391304348 0.01154891304347826
0 0.13790760869565216 0.6175271739130435 0.008831521739130434 0.009510869565217392
0 0.09714673913043478 0.6154891304347826 0.008831521739130434 0.009510869565217392
0 0.07744565217391304 0.6188858695652174 0.009510869565217392 0.009510869565217392
0 0.06046195652173913 0.6161684782608695 0.008152173913043478 0.007472826086956522
0 0.010190217391304348 0.6182065217391305 0.008831521739130434 0.008831521739130434
0 0.004076086956521739 0.6019021739130435 0.007472826086956522 0.010190217391304348
0 0.009510869565217392 0.5991847826086957 0.008152173913043478 0.009510869565217392
0 0.046875 0.5944293478260869 0.006793478260869565 0.006793478260869565
0 0.12567934782608695 0.5740489130434783 0.006114130434782609 0.005434782608695652
0 0.13654891304347827 0.5788043478260869 0.006114130434782609 0.006114130434782609
0 0.15964673913043478 0.5835597826086957 0.006793478260869565 0.006114130434782609
0 0.10394021739130435 0.5971467391304348 0.007472826086956522 0.006793478260869565
0 0.10190217391304347 0.6039402173913043 0.009510869565217392 0.008831521739130434
0 0.08627717391304347 0.6086956521739131 0.008831521739130434 0.008831521739130434
0 0.11209239130434782 0.6086956521739131 0.008831521739130434 0.008831521739130434
0 0.06182065217391304 0.5726902173913043 0.006114130434782609 0.005434782608695652
0 0.050951086956521736 0.5740489130434783 0.006793478260869565 0.006114130434782609
0 0.17323369565217392 0.5910326086956522 0.006793478260869565 0.006793478260869565
0 0.21603260869565216 0.5944293478260869 0.006793478260869565 0.006793478260869565
0 0.20652173913043478 0.5883152173913043 0.006793478260869565 0.006793478260869565
0 0.20855978260869565 0.5828804347826086 0.006114130434782609 0.006114130434782609
0 0.1956521739130435 0.5822010869565217 0.006114130434782609 0.006114130434782609
0 0.1983695652173913 0.576766304347826 0.004755434782608696 0.004755434782608696
0 0.25883152173913043 0.6059782608695652 0.008152173913043478 0.007472826086956522
0 0.25679347826086957 0.5998641304347826 0.007472826086956522 0.007472826086956522
0 0.2764945652173913 0.5889945652173914 0.006793478260869565 0.006793478260869565
0 0.28328804347826086 0.5869565217391305 0.006114130434782609 0.005434782608695652
0 0.2764945652173913 0.578125 0.006114130434782609 0.005434782608695652
0 0.26358695652173914 0.5754076086956522 0.005434782608695652 0.005434782608695652
0 0.327445652173913 0.6086956521739131 0.007472826086956522 0.007472826086956522
0 0.31657608695652173 0.610733695652174 0.007472826086956522 0.006793478260869565
0 0.30502717391304346 0.6066576086956522 0.006114130434782609 0.005434782608695652
0 0.29483695652173914 0.5978260869565217 0.007472826086956522 0.007472826086956522
0 0.3077445652173913 0.579483695652174 0.004755434782608696 0.004755434782608696
0 0.3736413043478261 0.5869565217391305 0.005434782608695652 0.005434782608695652
0 0.3919836956521739 0.5944293478260869 0.006114130434782609 0.005434782608695652
0 0.41915760869565216 0.5822010869565217 0.006114130434782609 0.006114130434782609
0 0.44157608695652173 0.6032608695652174 0.006793478260869565 0.006114130434782609
0 0.5237771739130435 0.6100543478260869 0.006114130434782609 0.005434782608695652
0 0.5088315217391305 0.6025815217391305 0.006114130434782609 0.005434782608695652
0 0.6120923913043478 0.6202445652173914 0.006793478260869565 0.006793478260869565
0 0.6304347826086957 0.6195652173913043 0.006114130434782609 0.005434782608695652
0 0.6494565217391305 0.6229619565217391 0.006114130434782609 0.005434782608695652
0 0.6494565217391305 0.6175271739130435 0.005434782608695652 0.004755434782608696
0 0.65625 0.6270380434782609 0.005434782608695652 0.006114130434782609
0 0.6650815217391305 0.6188858695652174 0.004755434782608696 0.004755434782608696
0 0.6759510869565217 0.6297554347826086 0.006114130434782609 0.005434782608695652
0 0.720108695652174 0.6114130434782609 0.005434782608695652 0.004755434782608696
0 0.75 0.6168478260869565 0.005434782608695652 0.004755434782608696
0 0.6514945652173914 0.6447010869565217 0.014266304347826086 0.014945652173913044
0 0.6127717391304348 0.6460597826086957 0.019021739130434784 0.019021739130434784
0 0.6970108695652174 0.6623641304347826 0.008152173913043478 0.008831521739130434
0 0.78125 0.6487771739130435 0.005434782608695652 0.005434782608695652
0 0.7737771739130435 0.6426630434782609 0.004755434782608696 0.004755434782608696
0 0.7717391304347826 0.6297554347826086 0.004755434782608696 0.004755434782608696
0 0.7778532608695652 0.623641304347826 0.004755434782608696 0.005434782608695652
0 0.7751358695652174 0.6202445652173914 0.004755434782608696 0.004755434782608696
0 0.7588315217391305 0.6256793478260869 0.004755434782608696 0.004755434782608696
0 0.7601902173913043 0.6460597826086957 0.005434782608695652 0.004755434782608696
0 0.7527173913043478 0.6338315217391305 0.004755434782608696 0.004755434782608696
0 0.7398097826086957 0.6487771739130435 0.005434782608695652 0.005434782608695652
0 0.7126358695652174 0.6453804347826086 0.006114130434782609 0.006793478260869565
0 0.6990489130434783 0.6453804347826086 0.005434782608695652 0.006114130434782609
0 0.6827445652173914 0.6508152173913043 0.006114130434782609 0.006793478260869565
0 0.6793478260869565 0.6447010869565217 0.005434782608695652 0.005434782608695652
0 0.7038043478260869 0.6338315217391305 0.005434782608695652 0.005434782608695652
0 0.7411684782608695 0.6290760869565217 0.004755434782608696 0.004755434782608696
0 0.7452445652173914 0.6372282608695652 0.005434782608695652 0.005434782608695652
0 0.7914402173913043 0.6175271739130435 0.004755434782608696 0.004755434782608696
0 0.8328804347826086 0.6243206521739131 0.004755434782608696 0.004755434782608696
0 0.8369565217391305 0.6345108695652174 0.005434782608695652 0.005434782608695652
0 0.8301630434782609 0.6331521739130435 0.004755434782608696 0.005434782608695652
0 0.8335597826086957 0.6413043478260869 0.004755434782608696 0.004755434782608696
0 0.8288043478260869 0.6440217391304348 0.004755434782608696 0.004755434782608696
0 0.8308423913043478 0.6460597826086957 0.006114130434782609 0.005434782608695652
0 0.8179347826086957 0.640625 0.005434782608695652 0.005434782608695652
0 0.8233695652173914 0.6358695652173914 0.005434782608695652 0.005434782608695652
0 0.8240489130434783 0.6311141304347826 0.004755434782608696 0.004755434782608696
0 0.8301630434782609 0.6270380434782609 0.004755434782608696 0.004755434782608696
0 0.8023097826086957 0.6413043478260869 0.004755434782608696 0.004755434782608696
0 0.798233695652174 0.6453804347826086 0.006114130434782609 0.005434782608695652
0 0.7900815217391305 0.6399456521739131 0.004755434782608696 0.004755434782608696
0 0.8233695652173914 0.6514945652173914 0.006114130434782609 0.006793478260869565
0 0.858016304347826 0.623641304347826 0.005434782608695652 0.004755434782608696
0 0.10869565217391304 0.7567934782608695 0.027853260869565216 0.027853260869565216
0 0.12635869565217392 0.735733695652174 0.014266304347826086 0.010869565217391304
0 0.10122282608695653 0.7269021739130435 0.016304347826086956 0.012228260869565218
0 0.19293478260869565 0.717391304347826 0.010190217391304348 0.007472826086956522
0 0.25 0.7105978260869565 0.02309782608695652 0.016983695652173912
0 0.21535326086956522 0.7078804347826086 0.016304347826086956 0.012228260869565218
0 0.20448369565217392 0.6895380434782609 0.014266304347826086 0.010190217391304348
0 0.171875 0.6875 0.01358695652173913 0.010190217391304348
0 0.14605978260869565 0.6820652173913043 0.014266304347826086 0.010869565217391304
0 0.14470108695652173 0.6963315217391305 0.014945652173913044 0.010869565217391304
0 0.11073369565217392 0.6827445652173914 0.012907608695652174 0.010190217391304348
0 0.10733695652173914 0.6725543478260869 0.012907608695652174 0.009510869565217392
0 0.10529891304347826 0.6677989130434783 0.012907608695652174 0.009510869565217392
0 0.07948369565217392 0.65625 0.012228260869565218 0.009510869565217392
0 0.05502717391304348 0.6542119565217391 0.012228260869565218 0.008831521739130434
0 0.034646739130434784 0.6589673913043478 0.012228260869565218 0.008831521739130434
0 0.0020380434782608695 0.6691576086956522 0.004076086956521739 0.009510869565217392
0 0.01358695652173913 0.6766304347826086 0.012907608695652174 0.009510869565217392
0 0.05434782608695652 0.6813858695652174 0.012907608695652174 0.010190217391304348
0 0.1487771739130435 0.6677989130434783 0.014266304347826086 0.010190217391304348
0 0.14470108695652173 0.6616847826086957 0.014266304347826086 0.010190217391304348
0 0.19089673913043478 0.6766304347826086 0.016983695652173912 0.012907608695652174
0 0.18410326086956522 0.6637228260869565 0.016304347826086956 0.012228260869565218
0 0.24864130434782608 0.6936141304347826 0.021739130434782608 0.016304347826086956
0 0.35190217391304346 0.7262228260869565 0.027853260869565216 0.02377717391304348
0 0.30434782608695654 0.6970108695652174 0.016983695652173912 0.012907608695652174
0 0.30502717391304346 0.6881793478260869 0.020380434782608696 0.015625
0 0.33220108695652173 0.6983695652173914 0.016983695652173912 0.012907608695652174
0 0.35597826086956524 0.6881793478260869 0.014945652173913044 0.01154891304347826
0 0.36616847826086957 0.7072010869565217 0.015625 0.01154891304347826
0 0.3858695652173913 0.6949728260869565 0.014266304347826086 0.010190217391304348
0 0.39809782608695654 0.6949728260869565 0.014266304347826086 0.010190217391304348
0 0.46671195652173914 0.7004076086956522 0.015625 0.012228260869565218
0 0.469429347826087 0.6929347826086957 0.015625 0.01154891304347826
0 0.4273097826086957 0.6841032608695652 0.012907608695652174 0.010190217391304348
0 0.47554347826086957 0.6154891304347826 0.02377717391304348 0.02717391304347826
0 0.5618206521739131 0.7214673913043478 0.016983695652173912 0.012907608695652174
0 0.6086956521739131 0.7452445652173914 0.015625 0.012228260869565218
0 0.608016304347826 0.7194293478260869 0.016304347826086956 0.012228260869565218
0 0.6569293478260869 0.7269021739130435 0.010869565217391304 0.008152173913043478
0 0.6813858695652174 0.7214673913043478 0.014266304347826086 0.010190217391304348
0 0.703125 0.7180706521739131 0.01358695652173913 0.010190217391304348
0 0.7289402173913043 0.7302989130434783 0.015625 0.01154891304347826
0 0.7255434782608695 0.7479619565217391 0.016983695652173912 0.012907608695652174
0 0.6997282608695652 0.7588315217391305 0.017663043478260868 0.01358695652173913
0 0.8029891304347826 0.764266304347826 0.017663043478260868 0.01358695652173913
0 0.8532608695652174 0.7880434782608695 0.017663043478260868 0.01358695652173913
0 0.8974184782608695 0.6277173913043478 0.025135869565217392 0.025815217391304348
0 0.8512228260869565 0.7316576086956522 0.014945652173913044 0.01154891304347826
0 0.8131793478260869 0.7214673913043478 0.014945652173913044 0.01154891304347826
0 0.8043478260869565 0.7235054347826086 0.014945652173913044 0.01154891304347826
0 0.9735054347826086 0.735733695652174 0.014266304347826086 0.010190217391304348
0 0.9932065217391305 0.7370923913043478 0.012907608695652174 0.010869565217391304
0 0.782608695652174 0.5788043478260869 0.006793478260869565 0.004755434782608696
0 0.23029891304347827 0.5557065217391305 0.005434782608695652 0.004076086956521739
0 0.23301630434782608 0.5394021739130435 0.004755434782608696 0.004076086956521739
0 0.2296195652173913 0.5414402173913043 0.004755434782608696 0.004076086956521739
0 0.19701086956521738 0.5373641304347826 0.004076086956521739 0.002717391304347826
0 0.1637228260869565 0.5577445652173914 0.004755434782608696 0.004076086956521739
0 0.14605978260869565 0.5584239130434783 0.006114130434782609 0.004755434782608696
0 0.15896739130434784 0.5570652173913043 0.005434782608695652 0.004076086956521739
0 0.10054347826086957 0.5658967391304348 0.006793478260869565 0.004755434782608696
0 0.08899456521739131 0.5448369565217391 0.007472826086956522 0.005434782608695652
0 0.09307065217391304 0.5319293478260869 0.007472826086956522 0.005434782608695652
0 0.07744565217391304 0.5373641304347826 0.007472826086956522 0.005434782608695652
0 0.059782608695652176 0.5421195652173914 0.007472826086956522 0.005434782608695652
0 0.029211956521739132 0.5339673913043478 0.007472826086956522 0.005434782608695652
0 0.0033967391304347825 0.5407608695652174 0.006793478260869565 0.005434782608695652
0 0.036684782608695655 0.5672554347826086 0.008152173913043478 0.006114130434782609
0 0.0033967391304347825 0.576766304347826 0.006793478260869565 0.006793478260869565
0 0.050951086956521736 0.5631793478260869 0.007472826086956522 0.005434782608695652
0 0.06997282608695653 0.5652173913043478 0.007472826086956522 0.005434782608695652
0 0.2914402173913043 0.6827445652173914 0.020380434782608696 0.014945652173913044
0 0.32608695652173914 0.6834239130434783 0.016304347826086956 0.012228260869565218
0 0.30366847826086957 0.6807065217391305 0.01970108695652174 0.014945652173913044
0 0.33627717391304346 0.6786684782608695 0.016304347826086956 0.012228260869565218
0 0.343070652173913 0.6834239130434783 0.015625 0.01154891304347826
0 0.36616847826086957 0.6773097826086957 0.015625 0.01154891304347826
0 0.3797554347826087 0.6807065217391305 0.01358695652173913 0.010190217391304348
0 0.38315217391304346 0.6875 0.01358695652173913 0.010190217391304348
0 0.4436141304347826 0.7119565217391305 0.015625 0.01154891304347826
0 0.561141304347826 0.7024456521739131 0.016304347826086956 0.012228260869565218
0 0.5625 0.6976902173913043 0.016983695652173912 0.012907608695652174
0 0.5658967391304348 0.6929347826086957 0.016983695652173912 0.012907608695652174
0 0.5788043478260869 0.6956521739130435 0.02309782608695652 0.017663043478260868
0 0.6677989130434783 0.7105978260869565 0.01154891304347826 0.008152173913043478
0 0.6623641304347826 0.7058423913043478 0.01154891304347826 0.008831521739130434
0 0.6793478260869565 0.6834239130434783 0.012228260869565218 0.009510869565217392
0 0.71875 0.6868206521739131 0.012228260869565218 0.009510869565217392
0 0.6956521739130435 0.7085597826086957 0.012907608695652174 0.009510869565217392
0 0.7581521739130435 0.7214673913043478 0.014945652173913044 0.01154891304347826
0 0.7710597826086957 0.7207880434782609 0.014945652173913044 0.01154891304347826
0 0.7608695652173914 0.7153532608695652 0.014945652173913044 0.010869565217391304
0 0.7493206521739131 0.7139945652173914 0.014945652173913044 0.010869565217391304
0 0.7438858695652174 0.6739130434782609 0.010869565217391304 0.008152173913043478
0 0.7819293478260869 0.717391304347826 0.014945652173913044 0.010869565217391304
0 0.7975543478260869 0.7153532608695652 0.014266304347826086 0.010869565217391304
0 0.8376358695652174 0.6820652173913043 0.01154891304347826 0.008831521739130434
0 0.7703804347826086 0.6773097826086957 0.006793478260869565 0.005434782608695652
0 0.7846467391304348 0.6745923913043478 0.010190217391304348 0.007472826086956522
0 0.7927989130434783 0.6745923913043478 0.010190217391304348 0.007472826086956522
0 0.8009510869565217 0.6752717391304348 0.010190217391304348 0.007472826086956522
0 0.8186141304347826 0.6752717391304348 0.010190217391304348 0.007472826086956522
0 0.8322010869565217 0.673233695652174 0.010190217391304348 0.007472826086956522
0 0.842391304347826 0.6745923913043478 0.010190217391304348 0.007472826086956522
0 0.9735054347826086 0.6970108695652174 0.010190217391304348 0.007472826086956522
0 0.9802989130434783 0.6997282608695652 0.010190217391304348 0.007472826086956522
0 0.9918478260869565 0.7072010869565217 0.010869565217391304 0.008831521739130434
0 0.9904891304347826 0.6990489130434783 0.010190217391304348 0.007472826086956522
0 0.9979619565217391 0.6970108695652174 0.004076086956521739 0.007472826086956522
0 0.9959239130434783 0.6997282608695652 0.008152173913043478 0.007472826086956522
0 0.9979619565217391 0.7004076086956522 0.004076086956521739 0.006793478260869565
0 0.9660326086956522 0.6942934782608695 0.009510869565217392 0.007472826086956522
0 0.9626358695652174 0.686141304347826 0.008152173913043478 0.006793478260869565
0 0.9599184782608695 0.6807065217391305 0.008152173913043478 0.006114130434782609
0 0.9551630434782609 0.6779891304347826 0.007472826086956522 0.006114130434782609
0 0.9789402173913043 0.6773097826086957 0.007472826086956522 0.005434782608695652
0 0.984375 0.6895380434782609 0.008152173913043478 0.006793478260869565
0 0.9864130434782609 0.6752717391304348 0.007472826086956522 0.005434782608695652
0 0.9918478260869565 0.6752717391304348 0.006793478260869565 0.005434782608695652
0 0.9966032608695652 0.6528532608695652 0.006793478260869565 0.004076086956521739
0 0.9891304347826086 0.6542119565217391 0.006114130434782609 0.004755434782608696
0 0.9891304347826086 0.6610054347826086 0.006793478260869565 0.004755434782608696
0 0.9864130434782609 0.6650815217391305 0.006793478260869565 0.004755434782608696
0 0.9721467391304348 0.671875 0.007472826086956522 0.005434782608695652
0 0.9755434782608695 0.6644021739130435 0.006793478260869565 0.005434782608695652
0 0.9762228260869565 0.657608695652174 0.006114130434782609 0.004755434782608696
0 0.9891304347826086 0.6487771739130435 0.005434782608695652 0.004076086956521739
0 0.9993206521739131 0.6440217391304348 0.001358695652173913 0.004076086956521739
0 0.9959239130434783 0.640625 0.005434782608695652 0.004076086956521739
0 0.9171195652173914 0.639266304347826 0.006793478260869565 0.004755434782608696
0 0.920516304347826 0.6447010869565217 0.006114130434782609 0.004755434782608696
0 0.9266304347826086 0.6535326086956522 0.006793478260869565 0.004755434782608696
0 0.9381793478260869 0.6358695652173914 0.006114130434782609 0.004755434782608696
0 0.9313858695652174 0.6372282608695652 0.006114130434782609 0.004755434782608696
0 0.951766304347826 0.639266304347826 0.005434782608695652 0.004076086956521739
0 0.9442934782608695 0.6365489130434783 0.005434782608695652 0.004076086956521739
0 0.9694293478260869 0.6399456521739131 0.005434782608695652 0.004076086956521739
0 0.9470108695652174 0.6521739130434783 0.006114130434782609 0.004755434782608696
0 0.9463315217391305 0.6589673913043478 0.006793478260869565 0.004755434782608696
0 0.9347826086956522 0.6508152173913043 0.006793478260869565 0.005434782608695652
0 0.9538043478260869 0.6644021739130435 0.006793478260869565 0.005434782608695652
0 0.9619565217391305 0.6637228260869565 0.006793478260869565 0.005434782608695652
0 0.9660326086956522 0.6589673913043478 0.006793478260869565 0.004755434782608696
0 0.954483695652174 0.6745923913043478 0.008152173913043478 0.005434782608695652
0 0.9605978260869565 0.6711956521739131 0.007472826086956522 0.005434782608695652
0 0.9741847826086957 0.6514945652173914 0.005434782608695652 0.004755434782608696
0 0.9816576086956522 0.641983695652174 0.005434782608695652 0.004076086956521739
0 0.9565217391304348 0.639266304347826 0.004755434782608696 0.004076086956521739
0 0.8845108695652174 0.6480978260869565 0.007472826086956522 0.005434782608695652
0 0.875 0.6480978260869565 0.006793478260869565 0.005434782608695652
0 0.8722826086956522 0.6440217391304348 0.006793478260869565 0.004755434782608696
0 0.8654891304347826 0.640625 0.006793478260869565 0.005434782608695652
0 0.859375 0.6453804347826086 0.006793478260869565 0.005434782608695652
0 0.8600543478260869 0.6501358695652174 0.007472826086956522 0.005434782608695652
0 0.8505434782608695 0.6528532608695652 0.007472826086956522 0.005434782608695652
0 0.8417119565217391 0.6460597826086957 0.006793478260869565 0.004755434782608696
0 0.8444293478260869 0.6399456521739131 0.006793478260869565 0.004755434782608696
0 0.8464673913043478 0.6365489130434783 0.006114130434782609 0.004755434782608696
0 0.8559782608695652 0.6331521739130435 0.006114130434782609 0.004755434782608696
0 0.8519021739130435 0.6290760869565217 0.006114130434782609 0.004755434782608696
0 0.8668478260869565 0.6277173913043478 0.006114130434782609 0.004755434782608696
0 0.876358695652174 0.6338315217391305 0.006793478260869565 0.004755434782608696
0 0.421195652173913 0.6501358695652174 0.010190217391304348 0.007472826086956522
0 0.4048913043478261 0.6317934782608695 0.009510869565217392 0.006793478260869565
0 0.38722826086956524 0.6358695652173914 0.009510869565217392 0.007472826086956522
0 0.3851902173913043 0.6338315217391305 0.009510869565217392 0.007472826086956522
0 0.3763586956521739 0.6351902173913043 0.010869565217391304 0.008152173913043478
0 0.3172554347826087 0.6739130434782609 0.01970108695652174 0.014945652173913044
0 0.2955163043478261 0.6759510869565217 0.01970108695652174 0.014945652173913044
0 0.25679347826086957 0.6331521739130435 0.017663043478260868 0.01358695652173913
0 0.25679347826086957 0.6182065217391305 0.014266304347826086 0.010869565217391304
0 0.27309782608695654 0.6202445652173914 0.014945652173913044 0.01154891304347826
0 0.23029891304347827 0.6175271739130435 0.016983695652173912 0.012907608695652174
0 0.14945652173913043 0.6365489130434783 0.017663043478260868 0.01358695652173913
0 0.11616847826086957 0.6154891304347826 0.010869565217391304 0.008152173913043478
0 0.033967391304347824 0.609375 0.010190217391304348 0.007472826086956522
0 0.004076086956521739 0.6154891304347826 0.008152173913043478 0.007472826086956522
0 0.04483695652173913 0.5801630434782609 0.008152173913043478 0.006114130434782609
0 0.030570652173913044 0.5957880434782609 0.009510869565217392 0.006793478260869565
0 0.044157608695652176 0.5978260869565217 0.009510869565217392 0.006793478260869565
0 0.05434782608695652 0.6012228260869565 0.009510869565217392 0.006793478260869565
0 0.07065217391304347 0.6039402173913043 0.009510869565217392 0.007472826086956522
0 0.06997282608695653 0.5964673913043478 0.008831521739130434 0.006793478260869565
0 0.08491847826086957 0.578125 0.007472826086956522 0.006114130434782609
0 0.09646739130434782 0.5754076086956522 0.007472826086956522 0.005434782608695652
0 0.13722826086956522 0.5760869565217391 0.006793478260869565 0.005434782608695652
0 0.15421195652173914 0.5876358695652174 0.007472826086956522 0.006114130434782609
0 0.15353260869565216 0.5957880434782609 0.008831521739130434 0.006793478260869565
0 0.14334239130434784 0.6066576086956522 0.012228260869565218 0.008831521739130434
0 0.12432065217391304 0.6073369565217391 0.010190217391304348 0.007472826086956522
0 0.08288043478260869 0.6005434782608695 0.008831521739130434 0.006793478260869565
0 0.08559782608695653 0.595108695652174 0.008831521739130434 0.006793478260869565
0 0.13519021739130435 0.5835597826086957 0.007472826086956522 0.005434782608695652
0 0.17255434782608695 0.5774456521739131 0.006793478260869565 0.004755434782608696
0 0.17595108695652173 0.5828804347826086 0.006793478260869565 0.005434782608695652
0 0.1766304347826087 0.5985054347826086 0.01358695652173913 0.010190217391304348
0 0.18614130434782608 0.6039402173913043 0.014945652173913044 0.01154891304347826
0 0.19293478260869565 0.608016304347826 0.015625 0.012228260869565218
0 0.2112771739130435 0.6100543478260869 0.015625 0.01154891304347826
0 0.2262228260869565 0.6032608695652174 0.010869565217391304 0.008152173913043478
0 0.22418478260869565 0.5957880434782609 0.008152173913043478 0.006114130434782609
0 0.22010869565217392 0.5876358695652174 0.007472826086956522 0.005434782608695652
0 0.20720108695652173 0.5774456521739131 0.006793478260869565 0.004755434782608696
0 0.21535326086956522 0.5788043478260869 0.006793478260869565 0.004755434782608696
0 0.25339673913043476 0.6100543478260869 0.014266304347826086 0.010190217391304348
0 0.2547554347826087 0.5964673913043478 0.008152173913043478 0.006114130434782609
0 0.25883152173913043 0.5944293478260869 0.008152173913043478 0.006114130434782609
0 0.2710597826086957 0.6086956521739131 0.012907608695652174 0.009510869565217392
0 0.26834239130434784 0.5930706521739131 0.007472826086956522 0.005434782608695652
0 0.26970108695652173 0.5760869565217391 0.006114130434782609 0.004076086956521739
0 0.3125 0.6039402173913043 0.008831521739130434 0.006793478260869565
0 0.31589673913043476 0.5883152173913043 0.006793478260869565 0.005434782608695652
0 0.31521739130434784 0.5822010869565217 0.006114130434782609 0.004755434782608696
0 0.3111413043478261 0.578125 0.006114130434782609 0.004755434782608696
0 0.3111413043478261 0.5686141304347826 0.005434782608695652 0.004076086956521739
0 0.3029891304347826 0.5686141304347826 0.006114130434782609 0.004076086956521739
0 0.29415760869565216 0.5747282608695652 0.006114130434782609 0.004755434782608696
0 0.296875 0.5815217391304348 0.006114130434782609 0.004755434782608696
0 0.2873641304347826 0.5869565217391305 0.006793478260869565 0.005434782608695652
0 0.27309782608695654 0.609375 0.01358695652173913 0.010190217391304348
0 0.3546195652173913 0.5631793478260869 0.004076086956521739 0.0033967391304347825
0 0.37228260869565216 0.5971467391304348 0.007472826086956522 0.005434782608695652
0 0.36684782608695654 0.5998641304347826 0.007472826086956522 0.005434782608695652
0 0.36209239130434784 0.6052989130434783 0.008152173913043478 0.005434782608695652
0 0.3845108695652174 0.6046195652173914 0.007472826086956522 0.005434782608695652
0 0.4008152173913043 0.6046195652173914 0.007472826086956522 0.005434782608695652
0 0.3953804347826087 0.6019021739130435 0.007472826086956522 0.005434782608695652
0 0.40285326086956524 0.5631793478260869 0.004076086956521739 0.0033967391304347825
0 0.41779891304347827 0.5971467391304348 0.007472826086956522 0.005434782608695652
0 0.421875 0.5998641304347826 0.006793478260869565 0.005434782608695652
0 0.4273097826086957 0.5978260869565217 0.007472826086956522 0.005434782608695652
0 0.43546195652173914 0.5930706521739131 0.006793478260869565 0.004755434782608696
0 0.43546195652173914 0.6073369565217391 0.007472826086956522 0.005434782608695652
0 0.4429347826086957 0.608016304347826 0.007472826086956522 0.005434782608695652
0 0.45108695652173914 0.6039402173913043 0.007472826086956522 0.005434782608695652
0 0.46195652173913043 0.5978260869565217 0.006793478260869565 0.005434782608695652
0 0.4904891304347826 0.608016304347826 0.007472826086956522 0.005434782608695652
0 0.499320652173913 0.6114130434782609 0.010190217391304348 0.007472826086956522
0 0.5067934782608695 0.6141304347826086 0.010869565217391304 0.008152173913043478
0 0.5122282608695652 0.609375 0.008831521739130434 0.006793478260869565
0 0.5230978260869565 0.6073369565217391 0.008831521739130434 0.006114130434782609
0 0.5339673913043478 0.6134510869565217 0.008152173913043478 0.006114130434782609
0 0.5441576086956522 0.6141304347826086 0.008152173913043478 0.006114130434782609
0 0.5550271739130435 0.6141304347826086 0.006114130434782609 0.004755434782608696
0 0.5563858695652174 0.6175271739130435 0.008831521739130434 0.006114130434782609
0 0.5658967391304348 0.6175271739130435 0.008831521739130434 0.006114130434782609
0 0.5835597826086957 0.6202445652173914 0.008152173913043478 0.006114130434782609
0 0.5896739130434783 0.6168478260869565 0.004755434782608696 0.004076086956521739
0 0.6059782608695652 0.6216032608695652 0.007472826086956522 0.005434782608695652
0 0.6365489130434783 0.6222826086956522 0.006793478260869565 0.005434782608695652
0 0.6433423913043478 0.6243206521739131 0.008152173913043478 0.006114130434782609
0 0.65625 0.6222826086956522 0.006114130434782609 0.004755434782608696
0 0.6603260869565217 0.6256793478260869 0.007472826086956522 0.005434782608695652
0 0.6610054347826086 0.6209239130434783 0.005434782608695652 0.004076086956521739
0 0.6711956521739131 0.6202445652173914 0.006114130434782609 0.004755434782608696
0 0.6793478260869565 0.6202445652173914 0.006114130434782609 0.004755434782608696
0 0.6664402173913043 0.625 0.007472826086956522 0.005434782608695652
0 0.6881793478260869 0.6283967391304348 0.006114130434782609 0.004755434782608696
0 0.6902173913043478 0.6222826086956522 0.006114130434782609 0.004755434782608696
0 0.7051630434782609 0.6229619565217391 0.006114130434782609 0.004755434782608696
0 0.7078804347826086 0.6222826086956522 0.006114130434782609 0.004755434782608696
0 0.7160326086956522 0.6256793478260869 0.006114130434782609 0.004755434782608696
0 0.7241847826086957 0.6229619565217391 0.005434782608695652 0.004076086956521739
0 0.7296195652173914 0.6161684782608695 0.005434782608695652 0.004076086956521739
0 0.7398097826086957 0.6216032608695652 0.006114130434782609 0.004755434782608696
0 0.6331521739130435 0.6372282608695652 0.015625 0.01154891304347826
0 0.641983695652174 0.6358695652173914 0.014266304347826086 0.010869565217391304
0 0.6283967391304348 0.6379076086956522 0.015625 0.01154891304347826
0 0.6657608695652174 0.6630434782608695 0.010869565217391304 0.008152173913043478
0 0.6542119565217391 0.6542119565217391 0.014266304347826086 0.010190217391304348
0 0.6664402173913043 0.6487771739130435 0.010190217391304348 0.007472826086956522
0 0.6766304347826086 0.6508152173913043 0.010190217391304348 0.007472826086956522
0 0.6657608695652174 0.6433423913043478 0.010190217391304348 0.007472826086956522
0 0.6603260869565217 0.6358695652173914 0.008831521739130434 0.006793478260869565
0 0.6677989130434783 0.6379076086956522 0.008831521739130434 0.006793478260869565
0 0.6535326086956522 0.6637228260869565 0.014266304347826086 0.010869565217391304
0 0.6012228260869565 0.6487771739130435 0.01970108695652174 0.014266304347826086
0 0.5849184782608695 0.6521739130434783 0.01970108695652174 0.014945652173913044
0 0.5774456521739131 0.6480978260869565 0.019021739130434784 0.014266304347826086
0 0.5713315217391305 0.6569293478260869 0.021059782608695652 0.016304347826086956
0 0.5584239130434783 0.6508152173913043 0.01970108695652174 0.014945652173913044
0 0.5577445652173914 0.6487771739130435 0.019021739130434784 0.014266304347826086
0 0.548233695652174 0.6480978260869565 0.018342391304347828 0.014266304347826086
0 0.5516304347826086 0.6535326086956522 0.01970108695652174 0.014945652173913044
0 0.6895380434782609 0.6596467391304348 0.010190217391304348 0.007472826086956522
0 0.704483695652174 0.6616847826086957 0.008831521739130434 0.006793478260869565
0 0.7126358695652174 0.6630434782608695 0.009510869565217392 0.006793478260869565
0 0.7214673913043478 0.6677989130434783 0.010190217391304348 0.007472826086956522
0 0.7364130434782609 0.6657608695652174 0.009510869565217392 0.007472826086956522
0 0.7554347826086957 0.6725543478260869 0.010190217391304348 0.007472826086956522
0 0.7690217391304348 0.6684782608695652 0.006793478260869565 0.004755434782608696
0 0.7839673913043478 0.6630434782608695 0.008152173913043478 0.006114130434782609
0 0.7839673913043478 0.6555706521739131 0.006793478260869565 0.004755434782608696
0 0.78125 0.6426630434782609 0.006114130434782609 0.004755434782608696
0 0.7785326086956522 0.639266304347826 0.006114130434782609 0.004755434782608696
0 0.7724184782608695 0.6385869565217391 0.005434782608695652 0.004755434782608696
0 0.7717391304347826 0.6345108695652174 0.005434782608695652 0.004755434782608696
0 0.7771739130434783 0.6290760869565217 0.005434782608695652 0.004076086956521739
0 0.782608695652174 0.6290760869565217 0.005434782608695652 0.004076086956521739
0 0.7676630434782609 0.6202445652173914 0.005434782608695652 0.004076086956521739
0 0.7629076086956522 0.6202445652173914 0.005434782608695652 0.004076086956521739
0 0.7615489130434783 0.6317934782608695 0.006114130434782609 0.004755434782608696
0 0.7588315217391305 0.6338315217391305 0.006114130434782609 0.004755434782608696
0 0.765625 0.6514945652173914 0.006114130434782609 0.004755434782608696
0 0.7663043478260869 0.654891304347826 0.006114130434782609 0.004755434782608696
0 0.7663043478260869 0.6603260869565217 0.006793478260869565 0.004755434782608696
0 0.7547554347826086 0.6650815217391305 0.009510869565217392 0.006793478260869565
0 0.7547554347826086 0.6596467391304348 0.006114130434782609 0.004755434782608696
0 0.7527173913043478 0.654891304347826 0.006114130434782609 0.004755434782608696
0 0.7377717391304348 0.6603260869565217 0.008831521739130434 0.006793478260869565
0 0.7377717391304348 0.6555706521739131 0.008152173913043478 0.006114130434782609
0 0.7282608695652174 0.6440217391304348 0.006114130434782609 0.004755434782608696
0 0.7302989130434783 0.6514945652173914 0.008152173913043478 0.006114130434782609
0 0.7275815217391305 0.6603260869565217 0.008831521739130434 0.006793478260869565
0 0.720108695652174 0.6610054347826086 0.008831521739130434 0.006793478260869565
0 0.7180706521739131 0.6521739130434783 0.008152173913043478 0.006114130434782609
0 0.7051630434782609 0.6501358695652174 0.007472826086956522 0.005434782608695652
0 0.6949728260869565 0.641983695652174 0.008831521739130434 0.006793478260869565
0 0.6841032608695652 0.6379076086956522 0.006793478260869565 0.004755434782608696
0 0.6881793478260869 0.6351902173913043 0.006114130434782609 0.004755434782608696
0 0.7139945652173914 0.6317934782608695 0.006114130434782609 0.004755434782608696
0 0.7302989130434783 0.6324728260869565 0.006114130434782609 0.004755434782608696
0 0.748641304347826 0.6345108695652174 0.006114130434782609 0.004755434782608696
0 0.7051630434782609 0.639266304347826 0.006114130434782609 0.004755434782608696
0 0.7785326086956522 0.6657608695652174 0.008152173913043478 0.006793478260869565
0 0.7771739130434783 0.6725543478260869 0.009510869565217392 0.006793478260869565
0 0.8125 0.6745923913043478 0.010190217391304348 0.007472826086956522
0 0.8491847826086957 0.671875 0.009510869565217392 0.007472826086956522
0 0.8491847826086957 0.6684782608695652 0.009510869565217392 0.006793478260869565
0 0.8396739130434783 0.6650815217391305 0.008831521739130434 0.006793478260869565
0 0.8301630434782609 0.6664402173913043 0.009510869565217392 0.006793478260869565
0 0.8186141304347826 0.6664402173913043 0.009510869565217392 0.006793478260869565
0 0.8233695652173914 0.6630434782608695 0.008831521739130434 0.006793478260869565
0 0.8308423913043478 0.6582880434782609 0.008152173913043478 0.006114130434782609
0 0.8220108695652174 0.657608695652174 0.007472826086956522 0.005434782608695652
0 0.8301630434782609 0.6528532608695652 0.006793478260869565 0.005434782608695652
0 0.8009510869565217 0.6644021739130435 0.008831521739130434 0.006793478260869565
0 0.7995923913043478 0.6610054347826086 0.008152173913043478 0.006114130434782609
0 0.8070652173913043 0.6582880434782609 0.007472826086956522 0.005434782608695652
0 0.8050271739130435 0.6195652173913043 0.005434782608695652 0.004076086956521739
0 0.8186141304347826 0.6243206521739131 0.005434782608695652 0.004755434782608696
0 0.8396739130434783 0.6270380434782609 0.006114130434782609 0.004755434782608696
0 0.8308423913043478 0.6480978260869565 0.006793478260869565 0.005434782608695652
0 0.813858695652174 0.6508152173913043 0.006793478260869565 0.004755434782608696
0 0.811141304347826 0.6297554347826086 0.006114130434782609 0.004755434782608696
0 0.8043478260869565 0.6365489130434783 0.006114130434782609 0.004076086956521739
0 0.8057065217391305 0.6494565217391305 0.006793478260869565 0.004755434782608696