0 0.4313858695652174 0.26970108695652173 0.018342391304347828 0.017663043478260868
0 0.6963315217391305 0.2235054347826087 0.025135869565217392 0.025135869565217392
0 0.23097826086956522 0.12771739130434784 0.021739130434782608 0.019021739130434784
0 0.5441576086956522 0.33152173913043476 0.020380434782608696 0.020380434782608696
0 0.8050271739130435 0.13858695652173914 0.01970108695652174 0.021059782608695652
0 0.27309782608695654 0.15081521739130435 0.02309782608695652 0.02309782608695652
0 0.9972826086956522 0.008831521739130434 0.005434782608695652 0.017663043478260868
0 0.7438858695652174 0.11209239130434782 0.017663043478260868 0.016304347826086956
0 0.18614130434782608 0.10258152173913043 0.022418478260869564 0.021739130434782608
0 0.37228260869565216 0.058423913043478264 0.021739130434782608 0.019021739130434784
0 0.795516304347826 0.021059782608695652 0.017663043478260868 0.017663043478260868
0 0.035326086956521736 0.17051630434782608 0.021739130434782608 0.024456521739130436
0 0.422554347826087 0.078125 0.020380434782608696 0.021739130434782608
0 0.32472826086956524 0.1800271739130435 0.021739130434782608 0.021739130434782608
0 0.328125 0.03125 0.019021739130434784 0.019021739130434784
0 0.006793478260869565 0.14741847826086957 0.012907608695652174 0.024456521739130436
0 0.8845108695652174 0.35190217391304346 0.025135869565217392 0.019021739130434784
0 0.9605978260869565 0.3892663043478261 0.025135869565217392 0.019021739130434784
0 0.7425271739130435 0.46195652173913043 0.026494565217391304 0.01970108695652174
0 0.9938858695652174 0.8933423913043478 0.01154891304347826 0.02309782608695652
0 0.08288043478260869 0.7690217391304348 0.015625 0.01154891304347826
0 0.8172554347826086 0.31521739130434784 0.024456521739130436 0.018342391304347828
0 0.2758152173913043 0.6222826086956522 0.021739130434782608 0.016304347826086956
0 0.5278532608695652 0.545516304347826 0.025135869565217392 0.019021739130434784
0 0.3532608695652174 0.6752717391304348 0.021739130434782608 0.015625
0 0.8464673913043478 0.7622282608695652 0.029891304347826088 0.021739130434782608
0 0.8980978260869565 0.5557065217391305 0.027853260869565216 0.020380434782608696
0 0.22826086956521738 0.5597826086956522 0.019021739130434784 0.014945652173913044
0 0.22486413043478262 0.9089673913043478 0.019021739130434784 0.014266304347826086
0 0.28804347826086957 0.36141304347826086 0.022418478260869564 0.016983695652173912
0 0.7574728260869565 0.703125 0.025135869565217392 0.019021739130434784
0 0.421875 0.7228260869565217 0.019021739130434784 0.014266304347826086
0 0.9918478260869565 0.25815217391304346 0.015625 0.018342391304347828
0 0.468070652173913 0.7894021739130435 0.01970108695652174 0.014945652173913044
0 0.6677989130434783 0.4116847826086957 0.024456521739130436 0.018342391304347828
0 0.9735054347826086 0.6120923913043478 0.02717391304347826 0.020380434782608696
0 0.5855978260869565 0.5896739130434783 0.025135869565217392 0.019021739130434784
0 0.9266304347826086 0.22010869565217392 0.02377717391304348 0.017663043478260868
0 0.5631793478260869 0.8566576086956522 0.026494565217391304 0.020380434782608696
0 0.8192934782608695 0.5040760869565217 0.02717391304347826 0.020380434782608696
0 0.06182065217391304 0.422554347826087 0.021739130434782608 0.016304347826086956
0 0.19021739130434784 0.28532608695652173 0.02309782608695652 0.016983695652173912
0 0.46059782608695654 0.4898097826086957 0.025135869565217392 0.018342391304347828
0 0.4891304347826087 0.3016304347826087 0.024456521739130436 0.018342391304347828
0 0.029891304347826088 0.7126358695652174 0.016983695652173912 0.012907608695652174
0 0.30366847826086957 0.984375 0.018342391304347828 0.01358695652173913
0 0.6793478260869565 0.6447010869565217 0.025135869565217392 0.019021739130434784
0 0.610733695652174 0.375679347826087 0.025135869565217392 0.018342391304347828
0 0.7438858695652174 0.2860054347826087 0.024456521739130436 0.018342391304347828
0 0.6317934782608695 0.19701086956521738 0.02377717391304348 0.017663043478260868
0 0.22554347826086957 0.32133152173913043 0.02309782608695652 0.016983695652173912
0 0.9714673913043478 0.10122282608695653 0.022418478260869564 0.016983695652173912
0 0.11073369565217392 0.05298913043478261 0.02309782608695652 0.016983695652173912
0 0.8709239130434783 0.19293478260869565 0.02377717391304348 0.017663043478260868
0 0.40285326086956524 0.44633152173913043 0.02309782608695652 0.017663043478260868
0 0.6589673913043478 0.9307065217391305 0.02717391304347826 0.020380434782608696
0 0.10801630434782608 0.4517663043478261 0.021059782608695652 0.015625
0 0.1358695652173913 0.234375 0.02377717391304348 0.017663043478260868
0 0.5346467391304348 0.016983695652173912 0.021739130434782608 0.015625
0 0.07676630434782608 0.19904891304347827 0.025815217391304348 0.01970108695652174
0 0.8505434782608695 0.05298913043478261 0.022418478260869564 0.016983695652173912
0 0.15081521739130435 0.8355978260869565 0.014266304347826086 0.010869565217391304
0 0.5679347826086957 0.16644021739130435 0.024456521739130436 0.017663043478260868
0 0.5910326086956522 0.03804347826086957 0.021739130434782608 0.016304347826086956
0 0.3383152173913043 0.406929347826087 0.02309782608695652 0.016983695652173912
0 0.9313858695652174 0.826766304347826 0.029891304347826088 0.022418478260869564
0 0.6922554347826086 0.09375 0.02309782608695652 0.016983695652173912
0 0.38315217391304346 0.23777173913043478 0.02377717391304348 0.017663043478260868
0 0.03260869565217391 0.004755434782608696 0.021739130434782608 0.008831521739130434
0 0.5203804347826086 0.13519021739130435 0.02377717391304348 0.018342391304347828
0 0.9164402173913043 0.07608695652173914 0.02309782608695652 0.016983695652173912
0 0.15489130434782608 0.07472826086956522 0.02309782608695652 0.017663043478260868
0 0.15285326086956522 0.5149456521739131 0.01970108695652174 0.014945652173913044
0 0.6331521739130435 0.057065217391304345 0.022418478260869564 0.016983695652173912
0 0.08491847826086957 0.036005434782608696 0.022418478260869564 0.016983695652173912
0 0.7391304347826086 0.9925271739130435 0.02717391304347826 0.014945652173913044
0 0.007472826086956522 0.3797554347826087 0.014945652173913044 0.016304347826086956
0 0.014945652173913044 0.006793478260869565 0.021739130434782608 0.01358695652173913
0 0.09307065217391304 0.010190217391304348 0.022418478260869564 0.016983695652173912
0 0.125 0.009510869565217392 0.022418478260869564 0.016983695652173912
0 0.15625 0.01154891304347826 0.022418478260869564 0.016983695652173912
0 0.1983695652173913 0.01358695652173913 0.022418478260869564 0.016983695652173912
0 0.2418478260869565 0.006793478260869565 0.022418478260869564 0.012907608695652174
0 0.2907608695652174 0.014945652173913044 0.022418478260869564 0.016983695652173912
0 0.46467391304347827 0.09307065217391304 0.024456521739130436 0.018342391304347828
0 0.4422554347826087 0.007472826086956522 0.02309782608695652 0.014945652173913044
0 0.40421195652173914 0.014945652173913044 0.024456521739130436 0.018342391304347828
0 0.37228260869565216 0.012228260869565218 0.024456521739130436 0.018342391304347828
0 0.49116847826086957 0.008152173913043478 0.021059782608695652 0.015625
0 0.7479619565217391 0.008152173913043478 0.021059782608695652 0.015625
0 0.7105978260869565 0.005434782608695652 0.021739130434782608 0.010869565217391304
0 0.6671195652173914 0.009510869565217392 0.021059782608695652 0.015625
0 0.9497282608695652 0.007472826086956522 0.01970108695652174 0.014945652173913044
0 0.8974184782608695 0.006114130434782609 0.020380434782608696 0.012228260869565218
0 0.8376358695652174 0.004755434782608696 0.020380434782608696 0.009510869565217392