0 0.9626358695652174 0.44565217391304346 0.03804347826086957 0.03804347826086957
0 0.90625 0.41440217391304346 0.03872282608695652 0.035326086956521736
0 0.8546195652173914 0.3960597826086957 0.03872282608695652 0.03940217391304348
0 0.9728260869565217 0.3383152173913043 0.036005434782608696 0.03260869565217391
0 0.7730978260869565 0.3546195652173913 0.03125 0.03260869565217391
0 0.7350543478260869 0.36141304347826086 0.028532608695652172 0.029891304347826088
0 0.7010869565217391 0.3186141304347826 0.021739130434782608 0.02717391304347826
0 0.7697010869565217 0.39809782608695654 0.03125 0.035326086956521736
0 0.7058423913043478 0.4470108695652174 0.042119565217391304 0.041440217391304345
0 0.6209239130434783 0.421195652173913 0.034646739130434784 0.034646739130434784
0 0.5366847826086957 0.453125 0.041440217391304345 0.03940217391304348
0 0.5557065217391305 0.4157608695652174 0.04008152173913043 0.042119565217391304
0 0.5129076086956522 0.4014945652173913 0.034646739130434784 0.03804347826086957
0 0.4741847826086957 0.4116847826086957 0.034646739130434784 0.03804347826086957
0 0.3851902173913043 0.375679347826087 0.04008152173913043 0.03940217391304348
0 0.358695652173913 0.37160326086956524 0.03125 0.03328804347826087
0 0.4171195652173913 0.3539402173913043 0.03125 0.029891304347826088
0 0.452445652173913 0.3960597826086957 0.02717391304347826 0.02717391304347826
0 0.48845108695652173 0.3539402173913043 0.03125 0.036684782608695655
0 0.592391304347826 0.3423913043478261 0.029211956521739132 0.03260869565217391
0 0.5991847826086957 0.3688858695652174 0.036005434782608696 0.03804347826086957
0 0.6372282608695652 0.360054347826087 0.036005434782608696 0.04008152173913043
0 0.44429347826086957 0.22078804347826086 0.03260869565217391 0.03125
0 0.4891304347826087 0.20244565217391305 0.036005434782608696 0.033967391304347824
0 0.43953804347826086 0.1480978260869565 0.03872282608695652 0.03940217391304348
0 0.4578804347826087 0.12364130434782608 0.036005434782608696 0.035326086956521736
0 0.5543478260869565 0.1644021739130435 0.042119565217391304 0.042798913043478264
0 0.626358695652174 0.1480978260869565 0.03940217391304348 0.03804347826086957
0 0.6175271739130435 0.06317934782608696 0.03125 0.029211956521739132
0 0.7065217391304348 0.10326086956521739 0.033967391304347824 0.03125
0 0.8213315217391305 0.06589673913043478 0.027853260869565216 0.033967391304347824
0 0.8342391304347826 0.03192934782608696 0.036005434782608696 0.03260869565217391
0 0.8546195652173914 0.01154891304347826 0.029891304347826088 0.02309782608695652
0 0.8865489130434783 0.019021739130434784 0.025135869565217392 0.028532608695652172
0 0.9334239130434783 0.008831521739130434 0.03192934782608696 0.017663043478260868
0 0.9898097826086957 0.03260869565217391 0.020380434782608696 0.029891304347826088
0 0.9341032608695652 0.0625 0.033967391304347824 0.02717391304347826
0 0.673233695652174 0.03260869565217391 0.03260869565217391 0.03192934782608696
0 0.438179347826087 0.020380434782608696 0.03125 0.029211956521739132
0 0.3220108695652174 0.014945652173913044 0.025135869565217392 0.02309782608695652
0 0.2112771739130435 0.025135869565217392 0.03125 0.03260869565217391
0 0.18410326086956522 0.002717391304347826 0.020380434782608696 0.005434782608695652
0 0.07336956521739131 0.004755434782608696 0.02717391304347826 0.009510869565217392
0 0.046875 0.06521739130434782 0.03125 0.028532608695652172
0 0.21467391304347827 0.09646739130434782 0.033967391304347824 0.03125
0 0.1983695652173913 0.12771739130434784 0.041440217391304345 0.041440217391304345
0 0.29008152173913043 0.17527173913043478 0.03804347826086957 0.035326086956521736
0 0.343070652173913 0.24796195652173914 0.03125 0.04076086956521739
0 0.2826086956521739 0.28328804347826086 0.03260869565217391 0.035326086956521736
0 0.22078804347826086 0.2914402173913043 0.03940217391304348 0.042798913043478264
0 0.13111413043478262 0.24660326086956522 0.04008152173913043 0.043478260869565216
0 0.1453804347826087 0.22554347826086957 0.03260869565217391 0.030570652173913044
0 0.008831521739130434 0.25203804347826086 0.017663043478260868 0.034646739130434784
0 0.030570652173913044 0.21671195652173914 0.04619565217391304 0.03940217391304348
0 0.07676630434782608 0.16847826086956522 0.04008152173913043 0.03804347826086957
0 0.01358695652173913 0.12839673913043478 0.026494565217391304 0.035326086956521736
0 0.008831521739130434 0.40964673913043476 0.017663043478260868 0.035326086956521736
0 0.10733695652173914 0.375 0.041440217391304345 0.03940217391304348
0 0.29483695652173914 0.38247282608695654 0.033967391304347824 0.033967391304347824
0 0.36616847826086957 0.40896739130434784 0.036005434782608696 0.03804347826086957
0 0.34171195652173914 0.41440217391304346 0.027853260869565216 0.030570652173913044
0 0.30095108695652173 0.4938858695652174 0.034646739130434784 0.04076086956521739
0 0.16304347826086957 0.5081521739130435 0.03940217391304348 0.03804347826086957
0 0.23029891304347827 0.453125 0.04008152173913043 0.03940217391304348
0 0.15285326086956522 0.46467391304347827 0.025815217391304348 0.03125
0 0.18206521739130435 0.43410326086956524 0.033967391304347824 0.036684782608695655
0 0.046875 0.45040760869565216 0.033967391304347824 0.03804347826086957
0 0.13994565217391305 0.8756793478260869 0.036684782608695655 0.03804347826086957
0 0.18342391304347827 0.8838315217391305 0.03804347826086957 0.03872282608695652
0 0.27921195652173914 0.9171195652173914 0.04823369565217391 0.04891304347826087
0 0.6283967391304348 0.03260869565217391 0.02717391304347826 0.02309782608695652
0 0.23165760869565216 0.25203804347826086 0.036684782608695655 0.03736413043478261
0 0.5713315217391305 0.9918478260869565 0.05434782608695652 0.016304347826086956
0 0.5353260869565217 0.9850543478260869 0.05434782608695652 0.029211956521739132
0 0.47078804347826086 0.9796195652173914 0.05434782608695652 0.04008152173913043
0 0.40964673913043476 0.9565217391304348 0.05366847826086957 0.04008152173913043
0 0.920516304347826 0.453804347826087 0.04551630434782609 0.034646739130434784
0 0.904891304347826 0.4361413043478261 0.044157608695652176 0.03328804347826087
0 0.9055706521739131 0.38858695652173914 0.03940217391304348 0.029891304347826088
0 0.8654891304347826 0.344429347826087 0.035326086956521736 0.026494565217391304
0 0.8322010869565217 0.33220108695652173 0.033967391304347824 0.025815217391304348
0 0.9177989130434783 0.35190217391304346 0.036005434782608696 0.02717391304347826
0 0.9836956521739131 0.36209239130434784 0.03260869565217391 0.027853260869565216
0 0.8057065217391305 0.34103260869565216 0.035326086956521736 0.026494565217391304
0 0.7717391304347826 0.3688858695652174 0.03736413043478261 0.028532608695652172
0 0.7160326086956522 0.33967391304347827 0.033967391304347824 0.025135869565217392
0 0.7065217391304348 0.3967391304347826 0.04008152173913043 0.030570652173913044
0 0.7792119565217391 0.43070652173913043 0.044157608695652176 0.03328804347826087
0 0.7194293478260869 0.422554347826087 0.043478260869565216 0.03260869565217391
0 0.4741847826086957 0.46195652173913043 0.046875 0.035326086956521736
0 0.38383152173913043 0.44565217391304346 0.04008152173913043 0.030570652173913044
0 0.38315217391304346 0.41304347826086957 0.03940217391304348 0.029211956521739132
0 0.4429347826086957 0.375 0.03872282608695652 0.029211956521739132
0 0.484375 0.3376358695652174 0.036684782608695655 0.027853260869565216
0 0.45584239130434784 0.34782608695652173 0.036005434782608696 0.02717391304347826
0 0.41915760869565216 0.33627717391304346 0.035326086956521736 0.026494565217391304
0 0.6514945652173914 0.3389945652173913 0.034646739130434784 0.025815217391304348
0 0.3858695652173913 0.23505434782608695 0.04076086956521739 0.030570652173913044
0 0.39470108695652173 0.10801630434782608 0.03736413043478261 0.028532608695652172
0 0.5971467391304348 0.12024456521739131 0.04008152173913043 0.030570652173913044
0 0.59375 0.09578804347826086 0.03940217391304348 0.029211956521739132
0 0.6698369565217391 0.11345108695652174 0.041440217391304345 0.03125
0 0.7459239130434783 0.12771739130434784 0.04076086956521739 0.030570652173913044
0 0.751358695652174 0.11073369565217392 0.04008152173913043 0.029891304347826088
0 0.7927989130434783 0.04076086956521739 0.034646739130434784 0.025815217391304348
0 0.8960597826086957 0.07065217391304347 0.036005434782608696 0.02717391304347826
0 0.5 0.041440217391304345 0.033967391304347824 0.025135869565217392
0 0.34375 0.03736413043478261 0.03260869565217391 0.02377717391304348
0 0.13994565217391305 0.02717391304347826 0.028532608695652172 0.021739130434782608
0 0.01154891304347826 0.016983695652173912 0.022418478260869564 0.021739130434782608
0 0.33016304347826086 0.18953804347826086 0.042119565217391304 0.03192934782608696
0 0.27377717391304346 0.2078804347826087 0.042119565217391304 0.03125
0 0.17119565217391305 0.30910326086956524 0.042798913043478264 0.03192934782608696
0 0.11616847826086957 0.30095108695652173 0.04483695652173913 0.033967391304347824
0 0.01358695652173913 0.3077445652173913 0.026494565217391304 0.03260869565217391
0 0.026494565217391304 0.14673913043478262 0.04076086956521739 0.030570652173913044
0 0.06997282608695653 0.32472826086956524 0.042798913043478264 0.03192934782608696
0 0.026494565217391304 0.37771739130434784 0.04076086956521739 0.030570652173913044
0 0.06182065217391304 0.360054347826087 0.042119565217391304 0.03125
0 0.14945652173913043 0.3648097826086957 0.04483695652173913 0.03328804347826087
0 0.15557065217391305 0.37839673913043476 0.043478260869565216 0.03260869565217391
0 0.27445652173913043 0.3811141304347826 0.042119565217391304 0.03192934782608696
0 0.3063858695652174 0.4014945652173913 0.04008152173913043 0.029891304347826088
0 0.3485054347826087 0.35529891304347827 0.03872282608695652 0.028532608695652172
0 0.3451086956521739 0.34375 0.03940217391304348 0.029891304347826088
0 0.36209239130434784 0.389945652173913 0.03872282608695652 0.029211956521739132
0 0.1800271739130435 0.46059782608695654 0.042119565217391304 0.03192934782608696
0 0.15760869565217392 0.42391304347826086 0.041440217391304345 0.03125
0 0.11616847826086957 0.42934782608695654 0.042119565217391304 0.03125
0 0.10869565217391304 0.45108695652173914 0.041440217391304345 0.03125
0 0.033967391304347824 0.43546195652173914 0.04008152173913043 0.030570652173913044
0 0.004755434782608696 0.436820652173913 0.008831521739130434 0.029211956521739132
0 0.0033967391304347825 0.8403532608695652 0.006793478260869565 0.03872282608695652
0 0.06589673913043478 0.8349184782608695 0.051630434782608696 0.03872282608695652
0 0.10733695652173914 0.8573369565217391 0.052309782608695655 0.03940217391304348
0 0.050951086956521736 0.9313858695652174 0.05570652173913043 0.042119565217391304
0 0.010869565217391304 0.9293478260869565 0.021739130434782608 0.042119565217391304
0 0.022418478260869564 0.9042119565217391 0.04483695652173913 0.041440217391304345
0 0.2452445652173913 0.8811141304347826 0.05298913043478261 0.04008152173913043
0 0.296195652173913 0.9408967391304348 0.05502717391304348 0.041440217391304345
0 0.004755434782608696 0.3383152173913043 0.008831521739130434 0.03125
0 0.23641304347826086 0.375 0.041440217391304345 0.030570652173913044
0 0.5421195652173914 0.3960597826086957 0.042119565217391304 0.03125
0 0.5713315217391305 0.36752717391304346 0.04008152173913043 0.030570652173913044
0 0.28396739130434784 0.39945652173913043 0.04008152173913043 0.030570652173913044