0 0.5292119565217391 0.7717391304347826 0.02717391304347826 0.02309782608695652
0 0.3389945652173913 0.8057065217391305 0.03192934782608696 0.025815217391304348
0 0.06385869565217392 0.8097826086956522 0.025135869565217392 0.020380434782608696
0 0.03125 0.8158967391304348 0.024456521739130436 0.029891304347826088
0 0.04008152173913043 0.6154891304347826 0.01970108695652174 0.016304347826086956
0 0.10326086956521739 0.6161684782608695 0.018342391304347828 0.01358695652173913
0 0.17255434782608695 0.6134510869565217 0.018342391304347828 0.01358695652173913
0 0.25 0.6154891304347826 0.018342391304347828 0.014266304347826086
0 0.2601902173913043 0.6100543478260869 0.016983695652173912 0.014266304347826086
0 0.34035326086956524 0.6216032608695652 0.016304347826086956 0.01358695652173913
0 0.41304347826086957 0.6086956521739131 0.021059782608695652 0.019021739130434784
0 0.9959239130434783 0.5523097826086957 0.008152173913043478 0.016304347826086956
0 0.9211956521739131 0.5570652173913043 0.016304347826086956 0.016304347826086956
0 0.7595108695652174 0.516983695652174 0.012907608695652174 0.01358695652173913
0 0.6745923913043478 0.49116847826086957 0.010190217391304348 0.008831521739130434
0 0.623641304347826 0.4945652173913043 0.012907608695652174 0.010869565217391304
0 0.5692934782608695 0.49660326086956524 0.010869565217391304 0.010869565217391304
0 0.5210597826086957 0.49660326086956524 0.012907608695652174 0.01154891304347826
0 0.4116847826086957 0.49660326086956524 0.010190217391304348 0.008831521739130434
0 0.37703804347826086 0.49660326086956524 0.008152173913043478 0.008152173913043478
0 0.3654891304347826 0.499320652173913 0.010190217391304348 0.008831521739130434
0 0.32133152173913043 0.5020380434782609 0.008152173913043478 0.008152173913043478
0 0.26834239130434784 0.5040760869565217 0.010869565217391304 0.010869565217391304
0 0.21739130434782608 0.5061141304347826 0.008152173913043478 0.008152173913043478
0 0.11413043478260869 0.48165760869565216 0.010190217391304348 0.010190217391304348
0 0.06521739130434782 0.5339673913043478 0.012907608695652174 0.010190217391304348
0 0.02309782608695652 0.3797554347826087 0.006114130434782609 0.006114130434782609
0 0.04483695652173913 0.37771739130434784 0.007472826086956522 0.006793478260869565
0 0.030570652173913044 0.3953804347826087 0.007472826086956522 0.006793478260869565
0 0.007472826086956522 0.421195652173913 0.007472826086956522 0.006793478260869565
0 0.01970108695652174 0.4205163043478261 0.007472826086956522 0.006793478260869565
0 0.02717391304347826 0.41847826086956524 0.006114130434782609 0.006793478260869565
0 0.04755434782608696 0.41983695652173914 0.007472826086956522 0.006793478260869565
0 0.057065217391304345 0.41779891304347827 0.006114130434782609 0.006793478260869565
0 0.06657608695652174 0.4157608695652174 0.006114130434782609 0.006793478260869565
0 0.06929347826086957 0.4076086956521739 0.007472826086956522 0.006793478260869565
0 0.06725543478260869 0.3851902173913043 0.006114130434782609 0.006114130434782609
0 0.07608695652173914 0.37703804347826086 0.006114130434782609 0.006114130434782609
0 0.12703804347826086 0.374320652173913 0.004755434782608696 0.006114130434782609
0 0.14198369565217392 0.37296195652173914 0.006114130434782609 0.006114130434782609
0 0.14198369565217392 0.39741847826086957 0.006114130434782609 0.006114130434782609
0 0.12092391304347826 0.39809782608695654 0.004755434782608696 0.006114130434782609
0 0.09239130434782608 0.4014945652173913 0.006114130434782609 0.006114130434782609
0 0.09578804347826086 0.4123641304347826 0.007472826086956522 0.006793478260869565
0 0.08084239130434782 0.41983695652173914 0.007472826086956522 0.008152173913043478
0 0.09510869565217392 0.42459239130434784 0.007472826086956522 0.008152173913043478
0 0.11141304347826086 0.421195652173913 0.007472826086956522 0.006793478260869565
0 0.11413043478260869 0.41508152173913043 0.007472826086956522 0.006793478260869565
0 0.12703804347826086 0.40625 0.006114130434782609 0.006114130434782609
0 0.13790760869565216 0.41508152173913043 0.006114130434782609 0.006114130434782609
0 0.13043478260869565 0.41779891304347827 0.006114130434782609 0.006793478260869565
0 0.14402173913043478 0.41847826086956524 0.006114130434782609 0.006114130434782609
0 0.1514945652173913 0.40828804347826086 0.006114130434782609 0.006793478260869565
0 0.16847826086956522 0.421875 0.006114130434782609 0.006114130434782609
0 0.16576086956521738 0.4110054347826087 0.006114130434782609 0.006114130434782609
0 0.16304347826086957 0.405570652173913 0.006114130434782609 0.006114130434782609
0 0.1514945652173913 0.4014945652173913 0.004755434782608696 0.006114130434782609
0 0.1800271739130435 0.4048913043478261 0.006114130434782609 0.006793478260869565
0 0.17730978260869565 0.4001358695652174 0.006114130434782609 0.006114130434782609
0 0.18478260869565216 0.39470108695652173 0.006114130434782609 0.006114130434782609
0 0.18953804347826086 0.38654891304347827 0.006114130434782609 0.006114130434782609
0 0.1800271739130435 0.3688858695652174 0.006114130434782609 0.006114130434782609
0 0.18953804347826086 0.3648097826086957 0.006114130434782609 0.005434782608695652
0 0.19769021739130435 0.3967391304347826 0.004755434782608696 0.006793478260869565
0 0.203125 0.3892663043478261 0.006114130434782609 0.006114130434782609
0 0.20855978260869565 0.39809782608695654 0.006114130434782609 0.006114130434782609
0 0.21535326086956522 0.40828804347826086 0.006114130434782609 0.006793478260869565
0 0.18817934782608695 0.4116847826086957 0.006114130434782609 0.006114130434782609
0 0.2112771739130435 0.42459239130434784 0.006114130434782609 0.006793478260869565
0 0.2262228260869565 0.41983695652173914 0.007472826086956522 0.008152173913043478
0 0.2391304347826087 0.41915760869565216 0.007472826086956522 0.008152173913043478
0 0.23369565217391305 0.40625 0.007472826086956522 0.006793478260869565
0 0.2269021739130435 0.4008152173913043 0.006114130434782609 0.006793478260869565
0 0.2418478260869565 0.389945652173913 0.007472826086956522 0.006793478260869565
0 0.24796195652173914 0.39809782608695654 0.006114130434782609 0.006114130434782609
0 0.2595108695652174 0.39266304347826086 0.006114130434782609 0.006114130434782609
0 0.26222826086956524 0.41779891304347827 0.008152173913043478 0.008152173913043478
0 0.27309782608695654 0.40285326086956524 0.007472826086956522 0.008152173913043478
0 0.27853260869565216 0.4110054347826087 0.007472826086956522 0.006793478260869565
0 0.2798913043478261 0.4171195652173913 0.008152173913043478 0.008152173913043478
0 0.296875 0.4171195652173913 0.007472826086956522 0.008152173913043478
0 0.28396739130434784 0.39945652173913043 0.007472826086956522 0.008831521739130434
0 0.296875 0.39945652173913043 0.006114130434782609 0.006793478260869565
0 0.30502717391304346 0.406929347826087 0.006114130434782609 0.006793478260869565
0 0.3294836956521739 0.4157608695652174 0.007472826086956522 0.008831521739130434
0 0.344429347826087 0.41983695652173914 0.006114130434782609 0.006114130434782609
0 0.358695652173913 0.4205163043478261 0.006114130434782609 0.006114130434782609
0 0.375 0.41983695652173914 0.006114130434782609 0.006793478260869565
0 0.38858695652173914 0.3376358695652174 0.006114130434782609 0.006114130434782609
0 0.35665760869565216 0.3376358695652174 0.006114130434782609 0.006114130434782609
0 0.34035326086956524 0.33695652173913043 0.004755434782608696 0.006114130434782609
0 0.983016304347826 0.4171195652173913 0.010190217391304348 0.010190217391304348
0 0.9551630434782609 0.4164402173913043 0.008152173913043478 0.008831521739130434
0 0.938858695652174 0.41508152173913043 0.008152173913043478 0.008152173913043478
0 0.9225543478260869 0.41508152173913043 0.008152173913043478 0.008152173913043478
0 0.9096467391304348 0.41440217391304346 0.007472826086956522 0.006793478260869565
0 0.8913043478260869 0.41779891304347827 0.008152173913043478 0.008152173913043478
0 0.8668478260869565 0.4116847826086957 0.010190217391304348 0.010190217391304348
0 0.876358695652174 0.41508152173913043 0.008152173913043478 0.008831521739130434
0 0.829483695652174 0.4164402173913043 0.007472826086956522 0.008152173913043478
0 0.8145380434782609 0.4164402173913043 0.006114130434782609 0.006793478260869565
0 0.7989130434782609 0.41779891304347827 0.007472826086956522 0.006793478260869565
0 0.8063858695652174 0.41779891304347827 0.007472826086956522 0.008152173913043478
0 0.7839673913043478 0.4157608695652174 0.007472826086956522 0.008152173913043478
0 0.7554347826086957 0.421195652173913 0.007472826086956522 0.006793478260869565
0 0.7391304347826086 0.421195652173913 0.007472826086956522 0.006793478260869565
0 0.7459239130434783 0.4110054347826087 0.008152173913043478 0.006793478260869565
0 0.7554347826086957 0.40625 0.007472826086956522 0.006793478260869565
0 0.7663043478260869 0.41372282608695654 0.007472826086956522 0.006114130434782609
0 0.7737771739130435 0.4048913043478261 0.007472826086956522 0.008152173913043478
0 0.7785326086956522 0.4014945652173913 0.007472826086956522 0.008152173913043478
0 0.7914402173913043 0.4008152173913043 0.007472826086956522 0.006793478260869565
0 0.8009510869565217 0.4014945652173913 0.007472826086956522 0.008152173913043478
0 0.7948369565217391 0.4116847826086957 0.006114130434782609 0.006114130434782609
0 0.8063858695652174 0.4116847826086957 0.006114130434782609 0.006114130434782609
0 0.828125 0.40285326086956524 0.006114130434782609 0.006793478260869565
0 0.8349184782608695 0.39741847826086957 0.010190217391304348 0.008831521739130434
0 0.8233695652173914 0.3892663043478261 0.007472826086956522 0.008152173913043478
0 0.8172554347826086 0.391304347826087 0.007472826086956522 0.006793478260869565
0 0.796875 0.3919836956521739 0.008152173913043478 0.008152173913043478
0 0.7832880434782609 0.39334239130434784 0.007472826086956522 0.008152173913043478
0 0.7697010869565217 0.39266304347826086 0.007472826086956522 0.006793478260869565
0 0.7934782608695652 0.3851902173913043 0.007472826086956522 0.006793478260869565
0 0.8029891304347826 0.38790760869565216 0.007472826086956522 0.008152173913043478
0 0.782608695652174 0.3797554347826087 0.007472826086956522 0.006793478260869565
0 0.8199728260869565 0.37907608695652173 0.008152173913043478 0.008152173913043478
0 0.7894021739130435 0.36752717391304346 0.007472826086956522 0.008152173913043478
0 0.8131793478260869 0.3648097826086957 0.007472826086956522 0.008831521739130434
0 0.8362771739130435 0.37296195652173914 0.006114130434782609 0.008152173913043478
0 0.8417119565217391 0.3763586956521739 0.008152173913043478 0.008831521739130434
0 0.8546195652173914 0.37160326086956524 0.007472826086956522 0.006793478260869565
0 0.8648097826086957 0.3648097826086957 0.006114130434782609 0.006793478260869565
0 0.8702445652173914 0.35597826086956524 0.006114130434782609 0.006793478260869565
0 0.8716032608695652 0.3960597826086957 0.007472826086956522 0.008152173913043478
0 0.8811141304347826 0.38790760869565216 0.008152173913043478 0.008152173913043478
0 0.8940217391304348 0.39470108695652173 0.008152173913043478 0.008831521739130434
0 0.8980978260869565 0.38722826086956524 0.007472826086956522 0.008152173913043478
0 0.9055706521739131 0.39334239130434784 0.008152173913043478 0.008152173913043478
0 0.9171195652173914 0.4048913043478261 0.007472826086956522 0.008152173913043478
0 0.9103260869565217 0.406929347826087 0.007472826086956522 0.008152173913043478
0 0.9279891304347826 0.406929347826087 0.007472826086956522 0.006793478260869565
0 0.9470108695652174 0.39334239130434784 0.008152173913043478 0.008831521739130434
0 0.9347826086956522 0.38722826086956524 0.008152173913043478 0.008831521739130434
0 0.9225543478260869 0.3858695652173913 0.007472826086956522 0.006793478260869565
0 0.9259510869565217 0.39334239130434784 0.008152173913043478 0.008152173913043478
0 0.9177989130434783 0.39334239130434784 0.007472826086956522 0.006793478260869565
0 0.9639945652173914 0.40896739130434784 0.008152173913043478 0.008831521739130434
0 0.9925271739130435 0.39809782608695654 0.007472826086956522 0.006793478260869565
0 0.9694293478260869 0.3892663043478261 0.007472826086956522 0.008152173913043478
0 0.9239130434782609 0.375 0.007472826086956522 0.008831521739130434
0 0.9347826086956522 0.37228260869565216 0.007472826086956522 0.006793478260869565
0 0.9368206521739131 0.36345108695652173 0.007472826086956522 0.006793478260869565
0 0.9653532608695652 0.36752717391304346 0.007472826086956522 0.006793478260869565
0 0.9952445652173914 0.3845108695652174 0.006114130434782609 0.006114130434782609
0 0.9959239130434783 0.390625 0.007472826086956522 0.008152173913043478
0 0.9089673913043478 0.3804347826086957 0.007472826086956522 0.008152173913043478
0 0.9001358695652174 0.37296195652173914 0.008152173913043478 0.008152173913043478
0 0.953125 0.360054347826087 0.007472826086956522 0.006793478260869565
0 0.951766304347826 0.3695652173913043 0.006114130434782609 0.006793478260869565
0 0.9898097826086957 0.36752717391304346 0.007472826086956522 0.008152173913043478
0 0.9368206521739131 0.3546195652173913 0.006114130434782609 0.006793478260869565
0 0.9293478260869565 0.3532608695652174 0.006114130434782609 0.006114130434782609
0 0.9103260869565217 0.3648097826086957 0.007472826086956522 0.006793478260869565
0 0.8913043478260869 0.3580163043478261 0.007472826086956522 0.006793478260869565
0 0.8783967391304348 0.36752717391304346 0.007472826086956522 0.006793478260869565
0 0.9028532608695652 0.3607336956521739 0.007472826086956522 0.006793478260869565
0 0.970108695652174 0.3960597826086957 0.008152173913043478 0.008831521739130434
0 0.9198369565217391 0.4014945652173913 0.007472826086956522 0.006793478260869565
0 0.8865489130434783 0.41032608695652173 0.008152173913043478 0.008152173913043478
0 0.9633152173913043 0.344429347826087 0.006114130434782609 0.006793478260869565
0 0.9096467391304348 0.34035326086956524 0.006114130434782609 0.006793478260869565
0 0.8953804347826086 0.34035326086956524 0.007472826086956522 0.006793478260869565
0 0.8804347826086957 0.34171195652173914 0.006114130434782609 0.006793478260869565
0 0.8804347826086957 0.32472826086956524 0.004755434782608696 0.006114130434782609
0 0.8899456521739131 0.327445652173913 0.006114130434782609 0.006793478260869565
0 0.8688858695652174 0.327445652173913 0.006114130434782609 0.006114130434782609
0 0.8627717391304348 0.34782608695652173 0.006114130434782609 0.006793478260869565
0 0.8559782608695652 0.344429347826087 0.006114130434782609 0.006793478260869565
0 0.8525815217391305 0.3539402173913043 0.007472826086956522 0.008152173913043478
0 0.8464673913043478 0.34714673913043476 0.006114130434782609 0.006793478260869565
0 0.8926630434782609 0.405570652173913 0.007472826086956522 0.008152173913043478
0 0.8783967391304348 0.40285326086956524 0.008152173913043478 0.008152173913043478
0 0.9802989130434783 0.4014945652173913 0.008152173913043478 0.008152173913043478
0 0.8192934782608695 0.35054347826086957 0.007472826086956522 0.006793478260869565
0 0.8410326086956522 0.35190217391304346 0.006114130434782609 0.006793478260869565
0 0.828125 0.358695652173913 0.006114130434782609 0.006793478260869565
0 0.8389945652173914 0.3641304347826087 0.007472826086956522 0.006114130434782609
0 0.8430706521739131 0.36820652173913043 0.007472826086956522 0.008152173913043478
0 0.795516304347826 0.3532608695652174 0.007472826086956522 0.006793478260869565
0 0.7792119565217391 0.35665760869565216 0.006114130434782609 0.006793478260869565
0 0.7744565217391305 0.35122282608695654 0.006114130434782609 0.006114130434782609
0 0.7595108695652174 0.358695652173913 0.007472826086956522 0.006793478260869565
0 0.7561141304347826 0.3498641304347826 0.007472826086956522 0.006793478260869565
0 0.7384510869565217 0.35529891304347827 0.006114130434782609 0.006114130434782609
0 0.7296195652173914 0.34171195652173914 0.006114130434782609 0.006114130434782609
0 0.765625 0.33084239130434784 0.007472826086956522 0.006114130434782609
0 0.765625 0.36820652173913043 0.006114130434782609 0.006793478260869565
0 0.7581521739130435 0.375 0.008152173913043478 0.008152173913043478
0 0.733016304347826 0.375679347826087 0.007472826086956522 0.008152173913043478
0 0.7336956521739131 0.3702445652173913 0.007472826086956522 0.006793478260869565
0 0.735733695652174 0.3641304347826087 0.007472826086956522 0.006793478260869565
0 0.7255434782608695 0.3607336956521739 0.007472826086956522 0.006114130434782609
0 0.7248641304347826 0.3688858695652174 0.007472826086956522 0.006793478260869565
0 0.7241847826086957 0.37839673913043476 0.007472826086956522 0.006793478260869565
0 0.7527173913043478 0.38654891304347827 0.007472826086956522 0.006793478260869565
0 0.7255434782608695 0.421195652173913 0.007472826086956522 0.006793478260869565
0 0.7085597826086957 0.41779891304347827 0.007472826086956522 0.008152173913043478
0 0.6908967391304348 0.41779891304347827 0.007472826086956522 0.008152173913043478
0 0.671875 0.4171195652173913 0.007472826086956522 0.006793478260869565
0 0.6582880434782609 0.4164402173913043 0.007472826086956522 0.006793478260869565
0 0.640625 0.4157608695652174 0.008152173913043478 0.008831521739130434
0 0.6365489130434783 0.406929347826087 0.007472826086956522 0.006793478260869565
0 0.6222826086956522 0.405570652173913 0.006114130434782609 0.006793478260869565
0 0.6358695652173914 0.39945652173913043 0.006114130434782609 0.006793478260869565
0 0.6372282608695652 0.39470108695652173 0.007472826086956522 0.006793478260869565
0 0.641983695652174 0.3851902173913043 0.007472826086956522 0.006793478260869565
0 0.6487771739130435 0.39334239130434784 0.007472826086956522 0.006793478260869565
0 0.6487771739130435 0.4048913043478261 0.007472826086956522 0.006793478260869565
0 0.6596467391304348 0.405570652173913 0.007472826086956522 0.006793478260869565
0 0.6698369565217391 0.405570652173913 0.007472826086956522 0.006793478260869565
0 0.6739130434782609 0.4001358695652174 0.007472826086956522 0.006793478260869565
0 0.6739130434782609 0.39402173913043476 0.007472826086956522 0.006793478260869565
0 0.6569293478260869 0.389945652173913 0.007472826086956522 0.006793478260869565
0 0.6650815217391305 0.3811141304347826 0.007472826086956522 0.006793478260869565
0 0.6569293478260869 0.37703804347826086 0.007472826086956522 0.006793478260869565
0 0.6793478260869565 0.38654891304347827 0.007472826086956522 0.008152173913043478
0 0.6786684782608695 0.37907608695652173 0.007472826086956522 0.006793478260869565
0 0.6773097826086957 0.3736413043478261 0.006114130434782609 0.006114130434782609
0 0.6841032608695652 0.37092391304347827 0.007472826086956522 0.006793478260869565
0 0.6956521739130435 0.36684782608695654 0.007472826086956522 0.006793478260869565
0 0.7010869565217391 0.37771739130434784 0.006114130434782609 0.006793478260869565
0 0.7119565217391305 0.39470108695652173 0.008152173913043478 0.008152173913043478
0 0.6854619565217391 0.3967391304347826 0.008152173913043478 0.008831521739130434
0 0.6922554347826086 0.40828804347826086 0.007472826086956522 0.006793478260869565
0 0.6936141304347826 0.4014945652173913 0.006114130434782609 0.006793478260869565
0 0.7058423913043478 0.41032608695652173 0.007472826086956522 0.006793478260869565
0 0.7282608695652174 0.40964673913043476 0.008152173913043478 0.008152173913043478
0 0.7432065217391305 0.40421195652173914 0.007472826086956522 0.006793478260869565
0 0.7282608695652174 0.4001358695652174 0.007472826086956522 0.006793478260869565
0 0.7418478260869565 0.39809782608695654 0.006114130434782609 0.006114130434782609
0 0.7364130434782609 0.38654891304347827 0.006114130434782609 0.006793478260869565
0 0.7228260869565217 0.3919836956521739 0.006114130434782609 0.006793478260869565
0 0.6324728260869565 0.3811141304347826 0.006114130434782609 0.006793478260869565
0 0.625 0.374320652173913 0.007472826086956522 0.008152173913043478
0 0.6460597826086957 0.36684782608695654 0.007472826086956522 0.006114130434782609
0 0.6582880434782609 0.36616847826086957 0.007472826086956522 0.006114130434782609
0 0.6929347826086957 0.35529891304347827 0.007472826086956522 0.008152173913043478
0 0.7126358695652174 0.35665760869565216 0.007472826086956522 0.006114130434782609
0 0.7153532608695652 0.3491847826086957 0.006114130434782609 0.006114130434782609
0 0.71875 0.34035326086956524 0.006114130434782609 0.006114130434782609
0 0.6990489130434783 0.34035326086956524 0.006114130434782609 0.006114130434782609
0 0.6875 0.33220108695652173 0.006114130434782609 0.005434782608695652
0 0.7038043478260869 0.33016304347826086 0.004755434782608696 0.006114130434782609
0 0.6433423913043478 0.343070652173913 0.006114130434782609 0.006114130434782609
0 0.6338315217391305 0.34171195652173914 0.006114130434782609 0.006793478260869565
0 0.6202445652173914 0.3220108695652174 0.007472826086956522 0.006793478260869565
0 0.6290760869565217 0.3546195652173913 0.006114130434782609 0.006114130434782609
0 0.639266304347826 0.359375 0.004755434782608696 0.006114130434782609
0 0.6311141304347826 0.3654891304347826 0.006114130434782609 0.006114130434782609
0 0.6114130434782609 0.3648097826086957 0.006114130434782609 0.006793478260869565
0 0.6059782608695652 0.3546195652173913 0.004755434782608696 0.006114130434782609
0 0.6052989130434783 0.34782608695652173 0.006114130434782609 0.006114130434782609
0 0.6120923913043478 0.33967391304347827 0.006114130434782609 0.006114130434782609
0 0.595108695652174 0.3423913043478261 0.004755434782608696 0.006114130434782609
0 0.5964673913043478 0.3607336956521739 0.006114130434782609 0.006114130434782609
0 0.657608695652174 0.35258152173913043 0.006114130434782609 0.006793478260869565
0 0.6691576086956522 0.3498641304347826 0.004755434782608696 0.006114130434782609
0 0.6834239130434783 0.3498641304347826 0.006114130434782609 0.006114130434782609
0 0.5692934782608695 0.34646739130434784 0.006114130434782609 0.006114130434782609
0 0.5516304347826086 0.34375 0.006114130434782609 0.006114130434782609
0 0.5434782608695652 0.343070652173913 0.004755434782608696 0.006114130434782609
0 0.5332880434782609 0.34578804347826086 0.006114130434782609 0.006793478260869565
0 0.49184782608695654 0.3451086956521739 0.007472826086956522 0.006114130434782609
0 0.4789402173913043 0.34714673913043476 0.006114130434782609 0.006793478260869565
0 0.48029891304347827 0.36277173913043476 0.006114130434782609 0.006114130434782609
0 0.49728260869565216 0.36141304347826086 0.006114130434782609 0.006793478260869565
0 0.5129076086956522 0.3607336956521739 0.007472826086956522 0.006114130434782609
0 0.5258152173913043 0.36616847826086957 0.006114130434782609 0.006114130434782609
0 0.485054347826087 0.37771739130434784 0.007472826086956522 0.006793478260869565
0 0.5067934782608695 0.3845108695652174 0.006114130434782609 0.006793478260869565
0 0.5088315217391305 0.37839673913043476 0.007472826086956522 0.006793478260869565
0 0.5292119565217391 0.3804347826086957 0.007472826086956522 0.006793478260869565
0 0.5400815217391305 0.36752717391304346 0.006114130434782609 0.006114130434782609
0 0.5448369565217391 0.3648097826086957 0.004755434782608696 0.006114130434782609
0 0.5557065217391305 0.3702445652173913 0.007472826086956522 0.006793478260869565
0 0.561141304347826 0.36616847826086957 0.006114130434782609 0.006793478260869565
0 0.5788043478260869 0.3648097826086957 0.006114130434782609 0.006793478260869565
0 0.5828804347826086 0.35665760869565216 0.006114130434782609 0.006114130434782609
0 0.5883152173913043 0.36684782608695654 0.006114130434782609 0.006114130434782609
0 0.5944293478260869 0.37228260869565216 0.007472826086956522 0.006793478260869565
0 0.5747282608695652 0.375 0.006114130434782609 0.006793478260869565
0 0.5645380434782609 0.3797554347826087 0.006114130434782609 0.006114130434782609
0 0.5332880434782609 0.39334239130434784 0.007472826086956522 0.006793478260869565
0 0.5278532608695652 0.38858695652173914 0.007472826086956522 0.006793478260869565
0 0.5176630434782609 0.3919836956521739 0.007472826086956522 0.006793478260869565
0 0.5006793478260869 0.38722826086956524 0.007472826086956522 0.006793478260869565
0 0.4898097826086957 0.3919836956521739 0.007472826086956522 0.006793478260869565
0 0.48165760869565216 0.390625 0.007472826086956522 0.006793478260869565
0 0.4782608695652174 0.40625 0.007472826086956522 0.006793478260869565
0 0.5074728260869565 0.41915760869565216 0.008152173913043478 0.008831521739130434
0 0.5163043478260869 0.4076086956521739 0.007472826086956522 0.006793478260869565
0 0.5292119565217391 0.41779891304347827 0.007472826086956522 0.008152173913043478
0 0.546875 0.41779891304347827 0.007472826086956522 0.008152173913043478
0 0.5788043478260869 0.41983695652173914 0.004755434782608696 0.006114130434782609
0 0.5978260869565217 0.41847826086956524 0.007472826086956522 0.006793478260869565
0 0.5910326086956522 0.40217391304347827 0.006114130434782609 0.008152173913043478
0 0.5679347826086957 0.4048913043478261 0.007472826086956522 0.006793478260869565
0 0.5808423913043478 0.39741847826086957 0.006114130434782609 0.006793478260869565
0 0.563858695652174 0.4008152173913043 0.006114130434782609 0.006793478260869565
0 0.5502717391304348 0.3967391304347826 0.006114130434782609 0.006793478260869565
0 0.5414402173913043 0.390625 0.007472826086956522 0.006793478260869565
0 0.5645380434782609 0.389945652173913 0.007472826086956522 0.008152173913043478
0 0.5720108695652174 0.3892663043478261 0.007472826086956522 0.006793478260869565
0 0.5815217391304348 0.38654891304347827 0.007472826086956522 0.008152173913043478
0 0.5998641304347826 0.3967391304347826 0.006114130434782609 0.006793478260869565
0 0.609375 0.40353260869565216 0.008152173913043478 0.008152173913043478
0 0.45652173913043476 0.41032608695652173 0.007472826086956522 0.006793478260869565
0 0.4626358695652174 0.41847826086956524 0.007472826086956522 0.008152173913043478
0 0.4429347826086957 0.421195652173913 0.007472826086956522 0.008152173913043478
0 0.40896739130434784 0.41779891304347827 0.007472826086956522 0.006793478260869565
0 0.3919836956521739 0.421195652173913 0.007472826086956522 0.008152173913043478
0 0.38722826086956524 0.4076086956521739 0.007472826086956522 0.006793478260869565
0 0.40964673913043476 0.40828804347826086 0.006114130434782609 0.006793478260869565
0 0.43070652173913043 0.40896739130434784 0.007472826086956522 0.006793478260869565
0 0.40625 0.39809782608695654 0.007472826086956522 0.006793478260869565
0 0.40353260869565216 0.38790760869565216 0.007472826086956522 0.006793478260869565
0 0.4048913043478261 0.3763586956521739 0.006114130434782609 0.006793478260869565
0 0.4273097826086957 0.3797554347826087 0.006114130434782609 0.006793478260869565
0 0.43478260869565216 0.39945652173913043 0.007472826086956522 0.006114130434782609
0 0.44972826086956524 0.3811141304347826 0.006114130434782609 0.006793478260869565
0 0.469429347826087 0.38722826086956524 0.007472826086956522 0.008152173913043478
0 0.4626358695652174 0.37703804347826086 0.007472826086956522 0.008152173913043478
0 0.38790760869565216 0.3845108695652174 0.007472826086956522 0.006793478260869565
0 0.38179347826086957 0.38315217391304346 0.007472826086956522 0.006793478260869565
0 0.374320652173913 0.38247282608695654 0.006114130434782609 0.006114130434782609
0 0.37771739130434784 0.375 0.006114130434782609 0.006114130434782609
0 0.35665760869565216 0.37839673913043476 0.006114130434782609 0.006793478260869565
0 0.3532608695652174 0.4001358695652174 0.007472826086956522 0.008152173913043478
0 0.3607336956521739 0.4110054347826087 0.007472826086956522 0.006793478260869565
0 0.42391304347826086 0.344429347826087 0.006114130434782609 0.006114130434782609
0 0.421195652173913 0.3539402173913043 0.006114130434782609 0.006114130434782609
0 0.42934782608695654 0.35733695652173914 0.006114130434782609 0.005434782608695652
0 0.4375 0.36616847826086957 0.007472826086956522 0.006793478260869565
0 0.452445652173913 0.36345108695652173 0.006114130434782609 0.006793478260869565
0 0.4626358695652174 0.3532608695652174 0.006114130434782609 0.006114130434782609
0 0.46671195652173914 0.3580163043478261 0.006114130434782609 0.006793478260869565
0 0.4001358695652174 0.3648097826086957 0.006114130434782609 0.006114130434782609
0 0.3804347826086957 0.35733695652173914 0.006114130434782609 0.005434782608695652
0 0.359375 0.3607336956521739 0.006114130434782609 0.006114130434782609
0 0.3172554347826087 0.3580163043478261 0.006114130434782609 0.006114130434782609
0 0.26970108695652173 0.37771739130434784 0.006114130434782609 0.006114130434782609
0 0.296875 0.37703804347826086 0.006114130434782609 0.006793478260869565
0 0.30027173913043476 0.36684782608695654 0.006114130434782609 0.006114130434782609
0 0.30978260869565216 0.36684782608695654 0.006114130434782609 0.006114130434782609
0 0.31997282608695654 0.37771739130434784 0.006114130434782609 0.005434782608695652
0 0.3294836956521739 0.3702445652173913 0.006114130434782609 0.006114130434782609
0 0.3328804347826087 0.35665760869565216 0.006114130434782609 0.006114130434782609
0 0.344429347826087 0.36209239130434784 0.006114130434782609 0.006114130434782609
0 0.3389945652173913 0.374320652173913 0.004755434782608696 0.006114130434782609
0 0.33491847826086957 0.39741847826086957 0.006114130434782609 0.008152173913043478
0 0.3485054347826087 0.41032608695652173 0.007472826086956522 0.006793478260869565
0 0.31589673913043476 0.4076086956521739 0.007472826086956522 0.006793478260869565
0 0.311820652173913 0.4001358695652174 0.006114130434782609 0.006793478260869565
0 0.20244565217391305 0.8036684782608695 0.02717391304347826 0.021739130434782608
0 0.17459239130434784 0.8097826086956522 0.027853260869565216 0.022418478260869564
0 0.02717391304347826 0.6168478260869565 0.016983695652173912 0.01358695652173913
0 0.12092391304347826 0.6161684782608695 0.018342391304347828 0.014266304347826086
0 0.1922554347826087 0.6127717391304348 0.018342391304347828 0.01358695652173913
0 0.3389945652173913 0.6073369565217391 0.018342391304347828 0.014266304347826086
0 0.5461956521739131 0.5788043478260869 0.018342391304347828 0.015625
0 0.8491847826086957 0.5550271739130435 0.016304347826086956 0.012907608695652174
0 0.7615489130434783 0.46467391304347827 0.01154891304347826 0.008831521739130434
0 0.6311141304347826 0.49592391304347827 0.01154891304347826 0.010190217391304348
0 0.5733695652173914 0.49116847826086957 0.01154891304347826 0.009510869565217392
0 0.5278532608695652 0.4938858695652174 0.012907608695652174 0.010190217391304348
0 0.42934782608695654 0.49592391304347827 0.010869565217391304 0.008831521739130434
0 0.47214673913043476 0.5 0.010869565217391304 0.009510869565217392
0 0.47282608695652173 0.49252717391304346 0.01154891304347826 0.009510869565217392
0 0.3294836956521739 0.501358695652174 0.010190217391304348 0.008831521739130434
0 0.27785326086956524 0.5040760869565217 0.010190217391304348 0.008152173913043478
0 0.22758152173913043 0.5020380434782609 0.010190217391304348 0.008152173913043478
0 0.15285326086956522 0.501358695652174 0.010869565217391304 0.008831521739130434
0 0.16983695652173914 0.5054347826086957 0.010869565217391304 0.008831521739130434
0 0.020380434782608696 0.5339673913043478 0.01358695652173913 0.01154891304347826
0 0.012228260869565218 0.5360054347826086 0.01358695652173913 0.01154891304347826
0 0.002717391304347826 0.3804347826086957 0.005434782608695652 0.006793478260869565
0 0.014266304347826086 0.421875 0.007472826086956522 0.006114130434782609
0 0.033967391304347824 0.4164402173913043 0.008152173913043478 0.006114130434782609
0 0.03736413043478261 0.422554347826087 0.007472826086956522 0.006114130434782609
0 0.06657608695652174 0.4001358695652174 0.007472826086956522 0.006114130434782609
0 0.06114130434782609 0.39945652173913043 0.007472826086956522 0.006793478260869565
0 0.09171195652173914 0.375 0.006114130434782609 0.006114130434782609
0 0.10733695652173914 0.3702445652173913 0.006114130434782609 0.005434782608695652
0 0.11616847826086957 0.36277173913043476 0.006114130434782609 0.005434782608695652
0 0.11548913043478261 0.3851902173913043 0.006114130434782609 0.005434782608695652
0 0.12364130434782608 0.37092391304347827 0.006114130434782609 0.005434782608695652
0 0.15353260869565216 0.37092391304347827 0.006114130434782609 0.005434782608695652
0 0.13926630434782608 0.38722826086956524 0.007472826086956522 0.005434782608695652
0 0.11684782608695653 0.4001358695652174 0.007472826086956522 0.006114130434782609
0 0.11413043478260869 0.405570652173913 0.006114130434782609 0.006114130434782609
0 0.09375 0.406929347826087 0.007472826086956522 0.006114130434782609
0 0.13722826086956522 0.40828804347826086 0.007472826086956522 0.005434782608695652
0 0.15557065217391305 0.42595108695652173 0.007472826086956522 0.006114130434782609
0 0.16168478260869565 0.39741847826086957 0.006114130434782609 0.006114130434782609
0 0.17527173913043478 0.3892663043478261 0.007472826086956522 0.005434782608695652
0 0.16508152173913043 0.3763586956521739 0.007472826086956522 0.005434782608695652
0 0.16779891304347827 0.3695652173913043 0.006114130434782609 0.005434782608695652
0 0.16508152173913043 0.38722826086956524 0.006114130434782609 0.005434782608695652
0 0.20855978260869565 0.391304347826087 0.006114130434782609 0.006114130434782609
0 0.18614130434782608 0.40896739130434784 0.007472826086956522 0.005434782608695652
0 0.19904891304347827 0.421875 0.007472826086956522 0.006114130434782609
0 0.18682065217391305 0.422554347826087 0.007472826086956522 0.005434782608695652
0 0.22826086956521738 0.3953804347826087 0.007472826086956522 0.005434782608695652
0 0.24048913043478262 0.4008152173913043 0.007472826086956522 0.006793478260869565
0 0.296195652173913 0.40625 0.007472826086956522 0.006793478260869565
0 0.28940217391304346 0.4048913043478261 0.008152173913043478 0.006793478260869565
0 0.05638586956521739 0.3342391304347826 0.005434782608695652 0.005434782608695652
0 0.08763586956521739 0.3328804347826087 0.007472826086956522 0.006114130434782609
0 0.15353260869565216 0.33695652173913043 0.006114130434782609 0.005434782608695652
0 0.3111413043478261 0.422554347826087 0.008152173913043478 0.006793478260869565
0 0.34578804347826086 0.30095108695652173 0.006114130434782609 0.005434782608695652
0 0.453125 0.2907608695652174 0.007472826086956522 0.006114130434782609
0 0.485054347826087 0.296875 0.007472826086956522 0.006114130434782609
0 0.49252717391304346 0.313179347826087 0.007472826086956522 0.006114130434782609
0 0.5387228260869565 0.3111413043478261 0.007472826086956522 0.006114130434782609
0 0.5360054347826086 0.2907608695652174 0.002717391304347826 0.001358695652173913
0 0.5665760869565217 0.2866847826086957 0.010190217391304348 0.007472826086956522
0 0.5862771739130435 0.3070652173913043 0.008152173913043478 0.006793478260869565
0 0.6019021739130435 0.32065217391304346 0.008152173913043478 0.006114130434782609
0 0.4014945652173913 0.33627717391304346 0.006114130434782609 0.005434782608695652
0 0.32540760869565216 0.33084239130434784 0.006114130434782609 0.005434782608695652
0 0.3077445652173913 0.3342391304347826 0.006114130434782609 0.005434782608695652
0 0.29415760869565216 0.327445652173913 0.006114130434782609 0.005434782608695652
0 0.36209239130434784 0.30570652173913043 0.006114130434782609 0.005434782608695652
0 0.45584239130434784 0.30910326086956524 0.007472826086956522 0.006114130434782609
0 0.8614130434782609 0.4164402173913043 0.010190217391304348 0.008152173913043478
0 0.8519021739130435 0.41508152173913043 0.008831521739130434 0.007472826086956522
0 0.8620923913043478 0.4164402173913043 0.010190217391304348 0.008152173913043478
0 0.7703804347826086 0.4014945652173913 0.008831521739130434 0.006793478260869565
0 0.826766304347826 0.40896739130434784 0.008152173913043478 0.006793478260869565
0 0.8247282608695652 0.39741847826086957 0.008831521739130434 0.006793478260869565
0 0.8410326086956522 0.3892663043478261 0.008831521739130434 0.006793478260869565
0 0.7819293478260869 0.3858695652173913 0.008152173913043478 0.006793478260869565
0 0.8172554347826086 0.36752717391304346 0.008152173913043478 0.006793478260869565
0 0.9442934782608695 0.40625 0.008831521739130434 0.007472826086956522
0 0.9415760869565217 0.39945652173913043 0.008831521739130434 0.007472826086956522
0 0.9483695652173914 0.3892663043478261 0.008831521739130434 0.006793478260869565
0 0.9789402173913043 0.4116847826086957 0.010190217391304348 0.008152173913043478
0 0.9694293478260869 0.3763586956521739 0.008152173913043478 0.006793478260869565
0 0.9932065217391305 0.3804347826086957 0.008152173913043478 0.006793478260869565
0 0.9836956521739131 0.35733695652173914 0.007472826086956522 0.006114130434782609
0 0.9551630434782609 0.3546195652173913 0.007472826086956522 0.006114130434782609
0 0.9524456521739131 0.3491847826086957 0.007472826086956522 0.005434782608695652
0 0.9245923913043478 0.359375 0.008152173913043478 0.006793478260869565
0 0.890625 0.38315217391304346 0.008831521739130434 0.007472826086956522
0 0.9639945652173914 0.39877717391304346 0.008831521739130434 0.008152173913043478
0 0.9538043478260869 0.37771739130434784 0.008152173913043478 0.006793478260869565
0 0.8953804347826086 0.33627717391304346 0.007472826086956522 0.006114130434782609
0 0.9014945652173914 0.32404891304347827 0.007472826086956522 0.005434782608695652
0 0.8845108695652174 0.3845108695652174 0.008831521739130434 0.007472826086956522
0 0.9979619565217391 0.41032608695652173 0.0033967391304347825 0.008152173913043478
0 0.9150815217391305 0.37160326086956524 0.008152173913043478 0.006793478260869565
0 0.7527173913043478 0.35733695652173914 0.007472826086956522 0.006114130434782609
0 0.7289402173913043 0.34578804347826086 0.007472826086956522 0.006114130434782609
0 0.7336956521739131 0.33491847826086957 0.006114130434782609 0.006114130434782609
0 0.7527173913043478 0.3389945652173913 0.007472826086956522 0.006114130434782609
0 0.7588315217391305 0.33220108695652173 0.007472826086956522 0.005434782608695652
0 0.7493206521739131 0.375 0.008152173913043478 0.006793478260869565
0 0.7323369565217391 0.421875 0.008152173913043478 0.006793478260869565
0 0.6379076086956522 0.391304347826087 0.007472826086956522 0.006793478260869565
0 0.6514945652173914 0.38858695652173914 0.008152173913043478 0.006793478260869565
0 0.7105978260869565 0.38722826086956524 0.007472826086956522 0.006793478260869565
0 0.688858695652174 0.39402173913043476 0.008152173913043478 0.006793478260869565
0 0.65625 0.36209239130434784 0.007472826086956522 0.005434782608695652
0 0.6841032608695652 0.3607336956521739 0.007472826086956522 0.006114130434782609
0 0.7065217391304348 0.3491847826086957 0.007472826086956522 0.006114130434782609
0 0.7146739130434783 0.344429347826087 0.006114130434782609 0.005434782608695652
0 0.6929347826086957 0.34103260869565216 0.006114130434782609 0.005434782608695652
0 0.6915760869565217 0.33627717391304346 0.006114130434782609 0.005434782608695652
0 0.6990489130434783 0.33016304347826086 0.005434782608695652 0.005434782608695652
0 0.7112771739130435 0.33016304347826086 0.006114130434782609 0.004076086956521739
0 0.7167119565217391 0.33016304347826086 0.006114130434782609 0.005434782608695652
0 0.7336956521739131 0.328804347826087 0.006114130434782609 0.005434782608695652
0 0.7282608695652174 0.33016304347826086 0.005434782608695652 0.005434782608695652
0 0.734375 0.32404891304347827 0.006114130434782609 0.005434782608695652
0 0.7472826086956522 0.328804347826087 0.006114130434782609 0.005434782608695652
0 0.6820652173913043 0.327445652173913 0.005434782608695652 0.005434782608695652
0 0.6793478260869565 0.3335597826086957 0.006114130434782609 0.004076086956521739
0 0.639266304347826 0.33559782608695654 0.007472826086956522 0.006114130434782609
0 0.6168478260869565 0.34578804347826086 0.007472826086956522 0.005434782608695652
0 0.6127717391304348 0.3580163043478261 0.007472826086956522 0.006114130434782609
0 0.6433423913043478 0.32472826086956524 0.007472826086956522 0.006793478260869565
0 0.6582880434782609 0.32065217391304346 0.007472826086956522 0.005434782608695652
0 0.6535326086956522 0.35529891304347827 0.006114130434782609 0.005434782608695652
0 0.5577445652173914 0.34103260869565216 0.006114130434782609 0.005434782608695652
0 0.5197010869565217 0.34646739130434784 0.007472826086956522 0.006114130434782609
0 0.5108695652173914 0.34782608695652173 0.006114130434782609 0.006114130434782609
0 0.501358695652174 0.3695652173913043 0.007472826086956522 0.006114130434782609
0 0.4938858695652174 0.37296195652173914 0.007472826086956522 0.006114130434782609
0 0.5176630434782609 0.37771739130434784 0.007472826086956522 0.006114130434782609
0 0.5373641304347826 0.37296195652173914 0.007472826086956522 0.006114130434782609
0 0.561141304347826 0.3858695652173913 0.007472826086956522 0.006114130434782609
0 0.48777173913043476 0.41779891304347827 0.008831521739130434 0.006793478260869565
0 0.5652173913043478 0.4171195652173913 0.007472826086956522 0.006114130434782609
0 0.6114130434782609 0.39809782608695654 0.007472826086956522 0.006793478260869565
0 0.42527173913043476 0.421195652173913 0.008152173913043478 0.006793478260869565
0 0.40625 0.38247282608695654 0.007472826086956522 0.006114130434782609
0 0.41847826086956524 0.38179347826086957 0.007472826086956522 0.006793478260869565
0 0.436820652173913 0.38722826086956524 0.008152173913043478 0.006793478260869565
0 0.453125 0.38858695652173914 0.008152173913043478 0.006793478260869565
0 0.48709239130434784 0.38722826086956524 0.008152173913043478 0.006793478260869565
0 0.4313858695652174 0.36209239130434784 0.006114130434782609 0.005434782608695652
0 0.453125 0.35597826086956524 0.007472826086956522 0.005434782608695652
0 0.4014945652173913 0.34714673913043476 0.006114130434782609 0.005434782608695652
0 0.40217391304347827 0.35190217391304346 0.007472826086956522 0.006114130434782609
0 0.3539402173913043 0.3654891304347826 0.006114130434782609 0.005434782608695652
0 0.3607336956521739 0.3485054347826087 0.006114130434782609 0.005434782608695652
0 0.2907608695652174 0.360054347826087 0.006114130434782609 0.005434782608695652
0 0.28396739130434784 0.36209239130434784 0.006114130434782609 0.005434782608695652
0 0.26902173913043476 0.3641304347826087 0.006114130434782609 0.005434782608695652
0 0.2710597826086957 0.37160326086956524 0.007472826086956522 0.005434782608695652
0 0.2914402173913043 0.37092391304347827 0.006114130434782609 0.005434782608695652
0 0.3186141304347826 0.37092391304347827 0.006114130434782609 0.005434782608695652
0 0.3267663043478261 0.36345108695652173 0.006114130434782609 0.006114130434782609
0 0.34782608695652173 0.358695652173913 0.007472826086956522 0.005434782608695652
0 0.33084239130434784 0.405570652173913 0.008152173913043478 0.006793478260869565
0 0.2703804347826087 0.3967391304347826 0.007472826086956522 0.006114130434782609
0 0.7506793478260869 0.327445652173913 0.007472826086956522 0.006114130434782609
0 0.7540760869565217 0.33220108695652173 0.007472826086956522 0.006114130434782609
0 0.6610054347826086 0.33627717391304346 0.006114130434782609 0.006114130434782609
0 0.6827445652173914 0.29008152173913043 0.008152173913043478 0.006114130434782609
0 0.6283967391304348 0.297554347826087 0.008152173913043478 0.007472826086956522
0 0.6467391304347826 0.2907608695652174 0.007472826086956522 0.006114130434782609