0 0.7146739130434783 0.33491847826086957 0.021059782608695652 0.022418478260869564
0 0.3851902173913043 0.5203804347826086 0.07404891304347826 0.049592391304347824
0 0.7126358695652174 0.452445652173913 0.027853260869565216 0.03940217391304348
0 0.13858695652173914 0.46535326086956524 0.033967391304347824 0.04483695652173913
0 0.3138586956521739 0.4470108695652174 0.025815217391304348 0.03940217391304348
0 0.15692934782608695 0.42595108695652173 0.029891304347826088 0.035326086956521736
0 0.9259510869565217 0.41847826086956524 0.03260869565217391 0.026494565217391304
0 0.6222826086956522 0.4952445652173913 0.05366847826086957 0.036005434782608696
0 0.623641304347826 0.673233695652174 0.14673913043478262 0.09782608695652174
0 0.41508152173913043 0.44429347826086957 0.04551630434782609 0.029891304347826088
0 0.06929347826086957 0.6413043478260869 0.13790760869565216 0.09918478260869565
0 0.8682065217391305 0.4273097826086957 0.041440217391304345 0.027853260869565216
0 0.9789402173913043 0.4388586956521739 0.042119565217391304 0.029891304347826088
0 0.37771739130434784 0.4273097826086957 0.041440217391304345 0.027853260869565216
0 0.7302989130434783 0.48845108695652173 0.05298913043478261 0.035326086956521736
0 0.5101902173913043 0.421195652173913 0.04076086956521739 0.02717391304347826
0 0.21331521739130435 0.6745923913043478 0.16304347826086957 0.10869565217391304
0 0.34171195652173914 0.5224184782608695 0.07608695652173914 0.050951086956521736
0 0.5774456521739131 0.4952445652173913 0.05366847826086957 0.036005434782608696
0 0.13111413043478262 0.4320652173913043 0.043478260869565216 0.028532608695652172
0 0.29959239130434784 0.4164402173913043 0.03940217391304348 0.026494565217391304
0 0.32608695652173914 0.4171195652173913 0.03940217391304348 0.026494565217391304
0 0.375 0.4110054347826087 0.03804347826086957 0.025815217391304348
0 0.41779891304347827 0.40964673913043476 0.03804347826086957 0.025815217391304348
0 0.48709239130434784 0.4014945652173913 0.036005434782608696 0.024456521739130436
0 0.6025815217391305 0.4171195652173913 0.03940217391304348 0.026494565217391304
0 0.6297554347826086 0.4164402173913043 0.03940217391304348 0.026494565217391304
0 0.7350543478260869 0.4164402173913043 0.04008152173913043 0.026494565217391304
0 0.7975543478260869 0.40964673913043476 0.03872282608695652 0.025815217391304348
0 0.8288043478260869 0.40964673913043476 0.03872282608695652 0.025815217391304348
0 0.876358695652174 0.39741847826086957 0.035326086956521736 0.02377717391304348
0 0.9551630434782609 0.41440217391304346 0.03940217391304348 0.026494565217391304
0 0.9735054347826086 0.406929347826087 0.03804347826086957 0.025135869565217392
0 0.8186141304347826 0.4436141304347826 0.04551630434782609 0.030570652173913044
0 0.5672554347826086 0.47214673913043476 0.050271739130434784 0.03328804347826087