0 0.0033967391304347825 0.28396739130434784 0.006793478260869565 0.02717391304347826
0 0.019021739130434784 0.27921195652173914 0.03192934782608696 0.027853260869565216
0 0.06793478260869565 0.3485054347826087 0.036684782608695655 0.035326086956521736
0 0.10529891304347826 0.30434782608695654 0.03192934782608696 0.03192934782608696
0 0.18342391304347827 0.31521739130434784 0.02309782608695652 0.029891304347826088
0 0.25747282608695654 0.21671195652173914 0.017663043478260868 0.015625
0 0.24116847826086957 0.25883152173913043 0.027853260869565216 0.024456521739130436
0 0.08967391304347826 0.4436141304347826 0.05502717391304348 0.046875
0 0.3023097826086957 0.23505434782608695 0.021059782608695652 0.021059782608695652
0 0.37907608695652173 0.2601902173913043 0.02377717391304348 0.021059782608695652
0 0.36345108695652173 0.29279891304347827 0.02717391304347826 0.024456521739130436
0 0.4789402173913043 0.30570652173913043 0.03804347826086957 0.036005434782608696
0 0.45652173913043476 0.3389945652173913 0.042798913043478264 0.036684782608695655
0 0.391304347826087 0.3688858695652174 0.04755434782608696 0.04551630434782609
0 0.673233695652174 0.44429347826086957 0.058423913043478264 0.04891304347826087
0 0.8125 0.4375 0.06385869565217392 0.04891304347826087
0 0.9558423913043478 0.35597826086956524 0.036005434782608696 0.035326086956521736
0 0.8274456521739131 0.32065217391304346 0.04008152173913043 0.028532608695652172
0 0.8274456521739131 0.28940217391304346 0.03192934782608696 0.025135869565217392
0 0.7554347826086957 0.26154891304347827 0.028532608695652172 0.022418478260869564
0 0.6345108695652174 0.23505434782608695 0.025135869565217392 0.021059782608695652
0 0.6399456521739131 0.21671195652173914 0.021739130434782608 0.014266304347826086
0 0.4735054347826087 0.21739130434782608 0.017663043478260868 0.015625
0 0.014266304347826086 0.2418478260869565 0.025815217391304348 0.019021739130434784
0 0.02309782608695652 0.20991847826086957 0.01970108695652174 0.014945652173913044
0 0.0020380434782608695 0.39334239130434784 0.004076086956521739 0.03940217391304348
0 0.17323369565217392 0.26358695652173914 0.029211956521739132 0.021739130434782608
0 0.10122282608695653 0.22758152173913043 0.02309782608695652 0.017663043478260868
0 0.18885869565217392 0.21807065217391305 0.021059782608695652 0.015625
0 0.23641304347826086 0.20652173913043478 0.01970108695652174 0.014945652173913044
0 0.30910326086956524 0.20855978260869565 0.017663043478260868 0.01358695652173913
0 0.35665760869565216 0.23777173913043478 0.02309782608695652 0.017663043478260868
0 0.5020380434782609 0.3811141304347826 0.07744565217391304 0.06793478260869565
0 0.6290760869565217 0.3423913043478261 0.04551630434782609 0.033967391304347824
0 0.6311141304347826 0.37160326086956524 0.050951086956521736 0.03804347826086957
0 0.9144021739130435 0.28328804347826086 0.03328804347826087 0.025135869565217392
0 0.7235054347826086 0.27921195652173914 0.034646739130434784 0.025815217391304348
0 0.704483695652174 0.25815217391304346 0.029211956521739132 0.021739130434782608
0 0.6630434782608695 0.24592391304347827 0.026494565217391304 0.01970108695652174
0 0.6942934782608695 0.20516304347826086 0.014266304347826086 0.010869565217391304
0 0.6222826086956522 0.21467391304347827 0.016983695652173912 0.012228260869565218