0 0.04891304347826087 0.40828804347826086 0.025135869565217392 0.03192934782608696
0 0.41372282608695654 0.8179347826086957 0.049592391304347824 0.04755434782608696
0 0.08763586956521739 0.8661684782608695 0.050271739130434784 0.050951086956521736
0 0.5081521739130435 0.8525815217391305 0.04755434782608696 0.04551630434782609
0 0.24320652173913043 0.7527173913043478 0.043478260869565216 0.042798913043478264
0 0.15964673913043478 0.7574728260869565 0.04483695652173913 0.04551630434782609
0 0.7649456521739131 0.39470108695652173 0.03125 0.034646739130434784
0 0.8559782608695652 0.022418478260869564 0.01154891304347826 0.012907608695652174
0 0.8070652173913043 0.03328804347826087 0.012907608695652174 0.01154891304347826
0 0.034646739130434784 0.042798913043478264 0.012228260869565218 0.012228260869565218
0 0.42459239130434784 0.38179347826086957 0.03192934782608696 0.03125
0 0.49252717391304346 0.05502717391304348 0.01154891304347826 0.01154891304347826
0 0.6773097826086957 0.3960597826086957 0.022418478260869564 0.033967391304347824
0 0.26358695652173914 0.38722826086956524 0.03125 0.033967391304347824
0 0.5523097826086957 0.41508152173913043 0.024456521739130436 0.03125
0 0.421195652173913 0.4048913043478261 0.022418478260869564 0.03192934782608696
0 0.5366847826086957 0.03736413043478261 0.010869565217391304 0.012228260869565218
0 0.5801630434782609 0.05570652173913043 0.012907608695652174 0.01154891304347826
0 0.890625 0.389945652173913 0.034646739130434784 0.03260869565217391
0 0.985733695652174 0.406929347826087 0.026494565217391304 0.033967391304347824
0 0.21195652173913043 0.41304347826086957 0.025815217391304348 0.03260869565217391
0 0.6256793478260869 0.05570652173913043 0.012907608695652174 0.01154891304347826
0 0.6154891304347826 0.40625 0.029211956521739132 0.03192934782608696
0 0.923233695652174 0.05502717391304348 0.016983695652173912 0.012228260869565218
0 0.5278532608695652 0.05638586956521739 0.012907608695652174 0.012907608695652174
0 0.30366847826086957 0.058423913043478264 0.010869565217391304 0.010869565217391304
0 0.8206521739130435 0.4123641304347826 0.03328804347826087 0.024456521739130436
0 0.9626358695652174 0.4110054347826087 0.03192934782608696 0.02377717391304348
0 0.8091032608695652 0.05570652173913043 0.014945652173913044 0.010869565217391304