0 0.5665760869565217 0.5434782608695652 0.06657608695652174 0.050951086956521736
0 0.44429347826086957 0.5550271739130435 0.04076086956521739 0.03192934782608696
0 0.3702445652173913 0.5570652173913043 0.04755434782608696 0.030570652173913044
0 0.9660326086956522 0.532608695652174 0.017663043478260868 0.015625
0 0.9402173913043478 0.5319293478260869 0.017663043478260868 0.016983695652173912
0 0.9110054347826086 0.5285326086956522 0.017663043478260868 0.015625
0 0.891983695652174 0.529891304347826 0.01358695652173913 0.014945652173913044
0 0.8254076086956522 0.5360054347826086 0.017663043478260868 0.015625
0 0.7819293478260869 0.5251358695652174 0.022418478260869564 0.01970108695652174
0 0.6698369565217391 0.53125 0.015625 0.015625
0 0.6216032608695652 0.5197010869565217 0.017663043478260868 0.01970108695652174
0 0.30434782608695654 0.5495923913043478 0.04483695652173913 0.036005434782608696
0 0.21535326086956522 0.5509510869565217 0.04619565217391304 0.03328804347826087
0 0.2296195652173913 0.5230978260869565 0.03736413043478261 0.030570652173913044
0 0.1331521739130435 0.5509510869565217 0.049592391304347824 0.03260869565217391
0 0.09986413043478261 0.5543478260869565 0.017663043478260868 0.014266304347826086
0 0.07201086956521739 0.5394021739130435 0.03125 0.027853260869565216
0 0.05298913043478261 0.545516304347826 0.049592391304347824 0.03736413043478261
0 0.0033967391304347825 0.5427989130434783 0.006793478260869565 0.035326086956521736
0 0.41304347826086957 0.5224184782608695 0.03736413043478261 0.024456521739130436
0 0.9925271739130435 0.5346467391304348 0.014945652173913044 0.01358695652173913
0 0.876358695652174 0.5305706521739131 0.021739130434782608 0.014266304347826086
0 0.8471467391304348 0.529891304347826 0.022418478260869564 0.014266304347826086
0 0.8186141304347826 0.5271739130434783 0.022418478260869564 0.014945652173913044
0 0.7995923913043478 0.5292119565217391 0.022418478260869564 0.014945652173913044
0 0.7615489130434783 0.5285326086956522 0.021739130434782608 0.014266304347826086
0 0.7404891304347826 0.5271739130434783 0.02309782608695652 0.015625
0 0.717391304347826 0.5278532608695652 0.006793478260869565 0.004755434782608696
0 0.7010869565217391 0.5230978260869565 0.024456521739130436 0.016983695652173912
0 0.6813858695652174 0.5258152173913043 0.01970108695652174 0.012907608695652174
0 0.6277173913043478 0.5258152173913043 0.02309782608695652 0.015625
0 0.6120923913043478 0.515625 0.010869565217391304 0.008152173913043478
0 0.49184782608695654 0.5230978260869565 0.03736413043478261 0.024456521739130436
0 0.47758152173913043 0.515625 0.03328804347826087 0.022418478260869564
0 0.46467391304347827 0.5292119565217391 0.04008152173913043 0.026494565217391304
0 0.6012228260869565 0.5258152173913043 0.02309782608695652 0.014945652173913044
0 0.27853260869565216 0.5604619565217391 0.042798913043478264 0.028532608695652172
0 0.1644021739130435 0.5319293478260869 0.012907608695652174 0.010869565217391304
0 0.4001358695652174 0.5203804347826086 0.042119565217391304 0.02717391304347826
0 0.019021739130434784 0.5529891304347826 0.03804347826086957 0.027853260869565216
0 0.10665760869565218 0.5271739130434783 0.01358695652173913 0.009510869565217392
0 0.09850543478260869 0.5332880434782609 0.010869565217391304 0.009510869565217392
0 0.0020380434782608695 0.5203804347826086 0.004076086956521739 0.005434782608695652
0 0.014945652173913044 0.5203804347826086 0.014945652173913044 0.007472826086956522
0 0.008152173913043478 0.5251358695652174 0.015625 0.006793478260869565
0 0.08152173913043478 0.5285326086956522 0.006793478260869565 0.004076086956521739