0 0.028532608695652172 0.7717391304347826 0.042119565217391304 0.03804347826086957
0 0.022418478260869564 0.608016304347826 0.03804347826086957 0.03804347826086957
0 0.012907608695652174 0.5774456521739131 0.025815217391304348 0.02717391304347826
0 0.041440217391304345 0.46127717391304346 0.029891304347826088 0.02717391304347826
0 0.1297554347826087 0.5217391304347826 0.029891304347826088 0.028532608695652172
0 0.16847826086956522 0.5081521739130435 0.026494565217391304 0.02377717391304348
0 0.1922554347826087 0.5543478260869565 0.026494565217391304 0.030570652173913044
0 0.1922554347826087 0.6283967391304348 0.029891304347826088 0.03192934782608696
0 0.09035326086956522 0.6623641304347826 0.022418478260869564 0.028532608695652172
0 0.19972826086956522 0.704483695652174 0.022418478260869564 0.030570652173913044
0 0.25747282608695654 0.8118206521739131 0.03328804347826087 0.03804347826086957
0 0.11752717391304347 0.8539402173913043 0.042119565217391304 0.03804347826086957
0 0.6270380434782609 0.49796195652173914 0.026494565217391304 0.026494565217391304
0 0.5733695652173914 0.42459239130434784 0.029891304347826088 0.029891304347826088
0 0.5400815217391305 0.3845108695652174 0.025815217391304348 0.02717391304347826
0 0.3919836956521739 0.436820652173913 0.016983695652173912 0.02377717391304348
0 0.19429347826086957 0.39809782608695654 0.024456521739130436 0.02309782608695652
0 0.2269021739130435 0.406929347826087 0.025815217391304348 0.02377717391304348
0 0.09035326086956522 0.42391304347826086 0.026494565217391304 0.026494565217391304
0 0.13654891304347827 0.40964673913043476 0.025815217391304348 0.02377717391304348
0 0.12092391304347826 0.39877717391304346 0.021059782608695652 0.02377717391304348
0 0.11277173913043478 0.375 0.025815217391304348 0.026494565217391304
0 0.19972826086956522 0.37771739130434784 0.025815217391304348 0.024456521739130436
0 0.31521739130434784 0.3851902173913043 0.024456521739130436 0.02377717391304348
0 0.13858695652173914 0.35597826086956524 0.024456521739130436 0.02377717391304348
0 0.09375 0.3342391304347826 0.024456521739130436 0.021059782608695652
0 0.13111413043478262 0.32133152173913043 0.022418478260869564 0.021059782608695652
0 0.12024456521739131 0.2982336956521739 0.022418478260869564 0.02377717391304348
0 0.09918478260869565 0.28396739130434784 0.021059782608695652 0.021059782608695652
0 0.14673913043478262 0.2873641304347826 0.021059782608695652 0.01970108695652174
0 0.16915760869565216 0.29008152173913043 0.021059782608695652 0.02309782608695652
0 0.1983695652173913 0.3111413043478261 0.024456521739130436 0.024456521739130436
0 0.20108695652173914 0.34578804347826086 0.022418478260869564 0.020380434782608696
0 0.27785326086956524 0.35258152173913043 0.024456521739130436 0.021059782608695652
0 0.2751358695652174 0.33220108695652173 0.024456521739130436 0.02377717391304348
0 0.2547554347826087 0.311820652173913 0.024456521739130436 0.02377717391304348
0 0.280570652173913 0.30910326086956524 0.01970108695652174 0.01970108695652174
0 0.35597826086956524 0.29415760869565216 0.016983695652173912 0.02309782608695652
0 0.3851902173913043 0.26766304347826086 0.017663043478260868 0.017663043478260868
0 0.41032608695652173 0.34035326086956524 0.01970108695652174 0.02377717391304348
0 0.26834239130434784 0.23097826086956522 0.01970108695652174 0.01970108695652174
0 0.29347826086956524 0.21671195652173914 0.01970108695652174 0.020380434782608696
0 0.35733695652173914 0.20855978260869565 0.021059782608695652 0.020380434782608696
0 0.41915760869565216 0.22078804347826086 0.01358695652173913 0.016983695652173912
0 0.49252717391304346 0.19361413043478262 0.016983695652173912 0.020380434782608696
0 0.42934782608695654 0.1983695652173913 0.017663043478260868 0.016983695652173912
0 0.11277173913043478 0.23980978260869565 0.021059782608695652 0.020380434782608696
0 0.08355978260869565 0.23845108695652173 0.01970108695652174 0.020380434782608696
0 0.13451086956521738 0.23029891304347827 0.016983695652173912 0.01970108695652174
0 0.1922554347826087 0.2751358695652174 0.016983695652173912 0.016983695652173912
0 0.21263586956521738 0.2751358695652174 0.021059782608695652 0.02309782608695652
0 0.2269021739130435 0.29279891304347827 0.025815217391304348 0.024456521739130436
0 0.23301630434782608 0.22010869565217392 0.01970108695652174 0.016983695652173912
0 0.15692934782608695 0.203125 0.021059782608695652 0.020380434782608696
0 0.11684782608695653 0.19972826086956522 0.01970108695652174 0.01970108695652174
0 0.8254076086956522 0.19089673913043478 0.021059782608695652 0.02309782608695652
0 0.8811141304347826 0.22418478260869565 0.017663043478260868 0.021059782608695652
0 0.6630434782608695 0.1983695652173913 0.015625 0.015625
0 0.9775815217391305 0.08016304347826086 0.01970108695652174 0.017663043478260868
0 0.936141304347826 0.08695652173913043 0.016983695652173912 0.016983695652173912
0 0.7887228260869565 0.14741847826086957 0.015625 0.017663043478260868
0 0.7927989130434783 0.07948369565217392 0.016983695652173912 0.016983695652173912
0 0.8274456521739131 0.036684782608695655 0.01358695652173913 0.014266304347826086
0 0.8165760869565217 0.025815217391304348 0.01358695652173913 0.014266304347826086
0 0.766983695652174 0.03260869565217391 0.012228260869565218 0.012907608695652174
0 0.7452445652173914 0.021739130434782608 0.01358695652173913 0.012907608695652174
0 0.7282608695652174 0.11209239130434782 0.01358695652173913 0.014266304347826086
0 0.7547554347826086 0.1324728260869565 0.017663043478260868 0.01970108695652174
0 0.7146739130434783 0.18817934782608695 0.017663043478260868 0.020380434782608696
0 0.6596467391304348 0.09850543478260869 0.015625 0.015625
0 0.6779891304347826 0.08084239130434782 0.015625 0.016983695652173912
0 0.6460597826086957 0.07404891304347826 0.015625 0.014266304347826086
0 0.6385869565217391 0.04551630434782609 0.01358695652173913 0.014266304347826086
0 0.6847826086956522 0.004076086956521739 0.015625 0.008152173913043478
0 0.6711956521739131 0.004755434782608696 0.01358695652173913 0.009510869565217392
0 0.65625 0.008831521739130434 0.01358695652173913 0.012228260869565218
0 0.6317934782608695 0.005434782608695652 0.015625 0.010869565217391304
0 0.6127717391304348 0.06046195652173913 0.01358695652173913 0.012907608695652174
0 0.6182065217391305 0.07676630434782608 0.015625 0.012907608695652174
0 0.59375 0.07676630434782608 0.01358695652173913 0.012228260869565218
0 0.5577445652173914 0.1331521739130435 0.01970108695652174 0.01970108695652174
0 0.5366847826086957 0.14605978260869565 0.017663043478260868 0.020380434782608696
0 0.5427989130434783 0.16304347826086957 0.017663043478260868 0.01970108695652174
0 0.5115489130434783 0.14470108695652173 0.01970108695652174 0.020380434782608696
0 0.49252717391304346 0.16983695652173914 0.016983695652173912 0.016983695652173912
0 0.484375 0.15760869565217392 0.016983695652173912 0.017663043478260868
0 0.4891304347826087 0.12567934782608695 0.017663043478260868 0.017663043478260868
0 0.45516304347826086 0.15353260869565216 0.017663043478260868 0.017663043478260868
0 0.46195652173913043 0.1297554347826087 0.016983695652173912 0.014266304347826086
0 0.4517663043478261 0.11888586956521739 0.016983695652173912 0.017663043478260868
0 0.44972826086956524 0.06861413043478261 0.016983695652173912 0.015625
0 0.4857336956521739 0.06929347826086957 0.016983695652173912 0.015625
0 0.5754076086956522 0.15489130434782608 0.016983695652173912 0.015625
0 0.5991847826086957 0.1331521739130435 0.01358695652173913 0.014266304347826086
0 0.6698369565217391 0.14334239130434784 0.01358695652173913 0.012907608695652174
0 0.6970108695652174 0.049592391304347824 0.01358695652173913 0.014266304347826086
0 0.44429347826086957 0.0033967391304347825 0.01358695652173913 0.006793478260869565
0 0.4313858695652174 0.049592391304347824 0.01358695652173913 0.014266304347826086
0 0.41032608695652173 0.022418478260869564 0.01358695652173913 0.014266304347826086
0 0.41304347826086957 0.008152173913043478 0.01358695652173913 0.012907608695652174
0 0.39402173913043476 0.021739130434782608 0.01358695652173913 0.012907608695652174
0 0.3736413043478261 0.02717391304347826 0.012228260869565218 0.010869565217391304
0 0.3485054347826087 0.035326086956521736 0.01358695652173913 0.014266304347826086
0 0.40285326086956524 0.04076086956521739 0.01358695652173913 0.012228260869565218
0 0.38179347826086957 0.057065217391304345 0.016983695652173912 0.015625
0 0.4008152173913043 0.06793478260869565 0.016983695652173912 0.015625
0 0.4830163043478261 0.06182065217391304 0.01358695652173913 0.014266304347826086
0 0.43002717391304346 0.09442934782608696 0.016983695652173912 0.015625
0 0.34103260869565216 0.046875 0.01358695652173913 0.012907608695652174
0 0.3267663043478261 0.042119565217391304 0.01358695652173913 0.012907608695652174
0 0.30570652173913043 0.046875 0.015625 0.014266304347826086
0 0.2710597826086957 0.041440217391304345 0.01358695652173913 0.015625
0 0.2554347826086957 0.03328804347826087 0.012228260869565218 0.012228260869565218
0 0.24116847826086957 0.042119565217391304 0.01358695652173913 0.014266304347826086
0 0.25747282608695654 0.07472826086956522 0.01358695652173913 0.01154891304347826
0 0.29959239130434784 0.09850543478260869 0.015625 0.015625
0 0.3179347826086957 0.11073369565217392 0.016983695652173912 0.017663043478260868
0 0.33084239130434784 0.11209239130434782 0.01358695652173913 0.015625
0 0.30842391304347827 0.12771739130434784 0.016983695652173912 0.01970108695652174
0 0.2710597826086957 0.10258152173913043 0.015625 0.015625
0 0.2547554347826087 0.10869565217391304 0.016983695652173912 0.016983695652173912
0 0.23573369565217392 0.109375 0.015625 0.017663043478260868
0 0.23505434782608695 0.09714673913043478 0.01358695652173913 0.01154891304347826
0 0.375 0.11209239130434782 0.017663043478260868 0.015625
0 0.3845108695652174 0.1358695652173913 0.017663043478260868 0.017663043478260868
0 0.3654891304347826 0.14130434782608695 0.017663043478260868 0.016983695652173912
0 0.34578804347826086 0.15692934782608695 0.017663043478260868 0.01970108695652174
0 0.2758152173913043 0.16983695652173914 0.017663043478260868 0.01970108695652174
0 0.26222826086956524 0.16779891304347827 0.017663043478260868 0.017663043478260868
0 0.24796195652173914 0.14605978260869565 0.01358695652173913 0.015625
0 0.21671195652173914 0.17459239130434784 0.017663043478260868 0.016983695652173912
0 0.21467391304347827 0.16032608695652173 0.016983695652173912 0.016983695652173912
0 0.20652173913043478 0.13858695652173914 0.016983695652173912 0.017663043478260868
0 0.19089673913043478 0.10665760869565218 0.016983695652173912 0.016983695652173912
0 0.15964673913043478 0.16779891304347827 0.017663043478260868 0.020380434782608696
0 0.1297554347826087 0.09850543478260869 0.016983695652173912 0.017663043478260868
0 0.11413043478260869 0.16576086956521738 0.01970108695652174 0.01970108695652174
0 0.027853260869565216 0.17866847826086957 0.017663043478260868 0.01970108695652174
0 0.2105978260869565 0.044157608695652176 0.01358695652173913 0.014266304347826086
0 0.19972826086956522 0.07880434782608696 0.015625 0.015625
0 0.19361413043478262 0.06929347826086957 0.015625 0.014266304347826086
0 0.009510869565217392 0.17255434782608695 0.016983695652173912 0.017663043478260868
0 0.016983695652173912 0.6317934782608695 0.033967391304347824 0.029891304347826088
0 0.01970108695652174 0.545516304347826 0.034646739130434784 0.028532608695652172
0 0.08831521739130435 0.4904891304347826 0.029891304347826088 0.02377717391304348
0 0.11277173913043478 0.5407608695652174 0.03328804347826087 0.026494565217391304
0 0.14130434782608695 0.48777173913043476 0.029891304347826088 0.02377717391304348
0 0.20584239130434784 0.515625 0.029891304347826088 0.024456521739130436
0 0.11888586956521739 0.6773097826086957 0.03804347826086957 0.029211956521739132
0 0.1331521739130435 0.7160326086956522 0.03872282608695652 0.030570652173913044
0 0.21331521739130435 0.7411684782608695 0.03872282608695652 0.030570652173913044
0 0.2269021739130435 0.7092391304347826 0.036684782608695655 0.029891304347826088
0 0.26290760869565216 0.6773097826086957 0.034646739130434784 0.02717391304347826
0 0.29415760869565216 0.6623641304347826 0.034646739130434784 0.02717391304347826
0 0.24864130434782608 0.6569293478260869 0.034646739130434784 0.02717391304347826
0 0.4422554347826087 0.8274456521739131 0.042119565217391304 0.03260869565217391
0 0.33016304347826086 0.8165760869565217 0.041440217391304345 0.03328804347826087
0 0.359375 0.8532608695652174 0.044157608695652176 0.035326086956521736
0 0.2608695652173913 0.9198369565217391 0.04891304347826087 0.03872282608695652
0 0.6936141304347826 0.671875 0.03328804347826087 0.02717391304347826
0 0.751358695652174 0.4986413043478261 0.029891304347826088 0.02309782608695652
0 0.717391304347826 0.49116847826086957 0.029891304347826088 0.02377717391304348
0 0.75 0.46671195652173914 0.029211956521739132 0.02309782608695652
0 0.626358695652174 0.46127717391304346 0.029891304347826088 0.02377717391304348
0 0.5421195652173914 0.484375 0.029891304347826088 0.024456521739130436
0 0.5237771739130435 0.41508152173913043 0.027853260869565216 0.021739130434782608
0 0.48233695652173914 0.45108695652173914 0.029211956521739132 0.02309782608695652
0 0.41915760869565216 0.4830163043478261 0.029891304347826088 0.02309782608695652
0 0.3641304347826087 0.47690217391304346 0.025815217391304348 0.020380434782608696
0 0.32065217391304346 0.469429347826087 0.027853260869565216 0.02309782608695652
0 0.3063858695652174 0.49796195652173914 0.029211956521739132 0.02309782608695652
0 0.2826086956521739 0.5258152173913043 0.029891304347826088 0.024456521739130436
0 0.26154891304347827 0.49796195652173914 0.029891304347826088 0.02309782608695652
0 0.2826086956521739 0.469429347826087 0.027853260869565216 0.02309782608695652
0 0.25203804347826086 0.46535326086956524 0.029211956521739132 0.02309782608695652
0 0.3845108695652174 0.40625 0.026494565217391304 0.021059782608695652
0 0.41508152173913043 0.4123641304347826 0.027853260869565216 0.021739130434782608
0 0.14605978260869565 0.4470108695652174 0.027853260869565216 0.021739130434782608
0 0.3172554347826087 0.405570652173913 0.025815217391304348 0.020380434782608696
0 0.7078804347826086 0.4639945652173913 0.029211956521739132 0.02377717391304348
0 0.686141304347826 0.43546195652173914 0.029211956521739132 0.02309782608695652
0 0.14198369565217392 0.2751358695652174 0.02309782608695652 0.018342391304347828
0 0.15421195652173914 0.3070652173913043 0.025815217391304348 0.020380434782608696
0 0.21807065217391305 0.36141304347826086 0.026494565217391304 0.021059782608695652
0 0.2764945652173913 0.28940217391304346 0.024456521739130436 0.01970108695652174
0 0.30842391304347827 0.29347826086956524 0.02309782608695652 0.01970108695652174
0 0.36616847826086957 0.3328804347826087 0.024456521739130436 0.01970108695652174
0 0.37092391304347827 0.3539402173913043 0.024456521739130436 0.01970108695652174
0 0.38383152173913043 0.30366847826086957 0.02309782608695652 0.018342391304347828
0 0.452445652173913 0.327445652173913 0.02309782608695652 0.018342391304347828
0 0.4266304347826087 0.34035326086956524 0.024456521739130436 0.018342391304347828
0 0.47690217391304346 0.35258152173913043 0.025815217391304348 0.01970108695652174
0 0.296195652173913 0.2764945652173913 0.02309782608695652 0.018342391304347828
0 0.33084239130434784 0.23845108695652173 0.021059782608695652 0.016983695652173912
0 0.40421195652173914 0.23709239130434784 0.021059782608695652 0.015625
0 0.5883152173913043 0.20855978260869565 0.019021739130434784 0.014945652173913044
0 0.2391304347826087 0.25747282608695654 0.02309782608695652 0.018342391304347828
0 0.22078804347826086 0.22010869565217392 0.021059782608695652 0.016983695652173912
0 0.798233695652174 0.3070652173913043 0.025815217391304348 0.020380434782608696
0 0.7411684782608695 0.31521739130434784 0.029211956521739132 0.021739130434782608
0 0.7561141304347826 0.29008152173913043 0.025815217391304348 0.020380434782608696
0 0.6766304347826086 0.37771739130434784 0.029211956521739132 0.021739130434782608
0 0.6508152173913043 0.32540760869565216 0.026494565217391304 0.021059782608695652
0 0.765625 0.22486413043478262 0.022418478260869564 0.017663043478260868
0 0.7860054347826086 0.20380434782608695 0.021059782608695652 0.016983695652173912
0 0.8457880434782609 0.1949728260869565 0.021059782608695652 0.016983695652173912
0 0.6603260869565217 0.20652173913043478 0.01970108695652174 0.014945652173913044
0 0.967391304347826 0.12703804347826086 0.01970108695652174 0.015625
0 0.9286684782608695 0.109375 0.019021739130434784 0.015625
0 0.9137228260869565 0.10054347826086957 0.019021739130434784 0.014945652173913044
0 0.9925271739130435 0.13858695652173914 0.014266304347826086 0.016983695652173912
0 0.9463315217391305 0.16508152173913043 0.021059782608695652 0.016983695652173912
0 0.923233695652174 0.16847826086956522 0.022418478260869564 0.017663043478260868
0 0.8355978260869565 0.1487771739130435 0.01970108695652174 0.015625
0 0.8226902173913043 0.12839673913043478 0.019021739130434784 0.015625
0 0.8016304347826086 0.13994565217391305 0.019021739130434784 0.015625
0 0.8152173913043478 0.10054347826086957 0.017663043478260868 0.014945652173913044
0 0.7275815217391305 0.03260869565217391 0.015625 0.012228260869565218
0 0.7697010869565217 0.05570652173913043 0.016983695652173912 0.012228260869565218
0 0.7547554347826086 0.10597826086956522 0.017663043478260868 0.014266304347826086
0 0.7703804347826086 0.09850543478260869 0.017663043478260868 0.014266304347826086
0 0.7302989130434783 0.13654891304347827 0.017663043478260868 0.014266304347826086
0 0.7092391304347826 0.12907608695652173 0.017663043478260868 0.014266304347826086
0 0.6725543478260869 0.16576086956521738 0.019021739130434784 0.014266304347826086
0 0.6542119565217391 0.06929347826086957 0.015625 0.012228260869565218
0 0.6474184782608695 0.0033967391304347825 0.014266304347826086 0.006114130434782609
0 0.6039402173913043 0.0020380434782608695 0.014266304347826086 0.004076086956521739
0 0.5910326086956522 0.0020380434782608695 0.014266304347826086 0.0033967391304347825
0 0.6012228260869565 0.06521739130434782 0.015625 0.012228260869565218
0 0.5815217391304348 0.0020380434782608695 0.014266304347826086 0.004076086956521739
0 0.5475543478260869 0.0033967391304347825 0.014266304347826086 0.006114130434782609
0 0.5360054347826086 0.06589673913043478 0.016983695652173912 0.012907608695652174
0 0.4422554347826087 0.1637228260869565 0.01970108695652174 0.014945652173913044
0 0.4388586956521739 0.13111413043478262 0.019021739130434784 0.015625
0 0.4327445652173913 0.11888586956521739 0.019021739130434784 0.014945652173913044
0 0.4123641304347826 0.13179347826086957 0.019021739130434784 0.014945652173913044
0 0.40896739130434784 0.11752717391304347 0.017663043478260868 0.014945652173913044
0 0.4436141304347826 0.10461956521739131 0.019021739130434784 0.014945652173913044
0 0.4748641304347826 0.09035326086956522 0.017663043478260868 0.014266304347826086
0 0.4626358695652174 0.09035326086956522 0.016983695652173912 0.014266304347826086
0 0.4782608695652174 0.050951086956521736 0.016983695652173912 0.012907608695652174
0 0.4952445652173913 0.058423913043478264 0.016983695652173912 0.012907608695652174
0 0.5081521739130435 0.06453804347826086 0.016983695652173912 0.012228260869565218
0 0.5230978260869565 0.05502717391304348 0.015625 0.012228260869565218
0 0.5835597826086957 0.12567934782608695 0.017663043478260868 0.014945652173913044
0 0.576766304347826 0.1324728260869565 0.019021739130434784 0.014945652173913044
0 0.6086956521739131 0.11209239130434782 0.017663043478260868 0.014266304347826086
0 0.5978260869565217 0.09578804347826086 0.016983695652173912 0.012907608695652174
0 0.641983695652174 0.15013586956521738 0.017663043478260868 0.014266304347826086
0 0.6216032608695652 0.18682065217391305 0.019021739130434784 0.015625
0 0.6141304347826086 0.16644021739130435 0.019021739130434784 0.014945652173913044
0 0.6304347826086957 0.13994565217391305 0.016983695652173912 0.012907608695652174
0 0.9510869565217391 0.08220108695652174 0.017663043478260868 0.014266304347826086
0 0.563858695652174 0.07472826086956522 0.016983695652173912 0.012907608695652174
0 0.5339673913043478 0.0020380434782608695 0.014266304347826086 0.0033967391304347825
0 0.499320652173913 0.09850543478260869 0.019021739130434784 0.014266304347826086
0 0.5380434782608695 0.13451086956521738 0.01970108695652174 0.015625
0 0.5101902173913043 0.1324728260869565 0.01970108695652174 0.016983695652173912
0 0.422554347826087 0.025815217391304348 0.015625 0.01154891304347826
0 0.422554347826087 0.006114130434782609 0.014266304347826086 0.010869565217391304
0 0.3811141304347826 0.001358695652173913 0.01358695652173913 0.002717391304347826
0 0.3648097826086957 0.042119565217391304 0.014266304347826086 0.012228260869565218
0 0.35733695652173914 0.024456521739130436 0.014266304347826086 0.01154891304347826
0 0.3641304347826087 0.016983695652173912 0.015625 0.012228260869565218
0 0.38383152173913043 0.044157608695652176 0.015625 0.012907608695652174
0 0.4470108695652174 0.046875 0.016983695652173912 0.012907608695652174
0 0.4164402173913043 0.08967391304347826 0.017663043478260868 0.014266304347826086
0 0.42391304347826086 0.059782608695652176 0.016983695652173912 0.012907608695652174
0 0.3702445652173913 0.033967391304347824 0.014266304347826086 0.01154891304347826
0 0.344429347826087 0.027853260869565216 0.01358695652173913 0.01154891304347826
0 0.328804347826087 0.03260869565217391 0.014266304347826086 0.01154891304347826
0 0.297554347826087 0.05638586956521739 0.015625 0.012228260869565218
0 0.24592391304347827 0.07065217391304347 0.015625 0.012228260869565218
0 0.3138586956521739 0.06453804347826086 0.016983695652173912 0.012228260869565218
0 0.3138586956521739 0.09035326086956522 0.016983695652173912 0.012907608695652174
0 0.30978260869565216 0.10733695652173914 0.016983695652173912 0.014266304347826086
0 0.2547554347826087 0.13043478260869565 0.017663043478260868 0.014266304347826086
0 0.37296195652173914 0.12092391304347826 0.019021739130434784 0.014266304347826086
0 0.36277173913043476 0.109375 0.019021739130434784 0.014945652173913044
0 0.38790760869565216 0.11209239130434782 0.017663043478260868 0.014945652173913044
0 0.421195652173913 0.11277173913043478 0.017663043478260868 0.014945652173913044
0 0.46875 0.057065217391304345 0.015625 0.012228260869565218
0 0.35529891304347827 0.0020380434782608695 0.014266304347826086 0.0033967391304347825
0 0.2703804347826087 0.0033967391304347825 0.010869565217391304 0.006793478260869565
0 0.2669836956521739 0.015625 0.015625 0.012228260869565218
0 0.25679347826086957 0.0033967391304347825 0.015625 0.006114130434782609
0 0.28396739130434784 0.001358695652173913 0.010190217391304348 0.002717391304347826
0 0.23505434782608695 0.0020380434782608695 0.014266304347826086 0.0033967391304347825
0 0.23029891304347827 0.029891304347826088 0.014266304347826086 0.012228260869565218
0 0.28940217391304346 0.030570652173913044 0.014266304347826086 0.012228260869565218
0 0.34375 0.13926630434782608 0.019021739130434784 0.015625
0 0.375679347826087 0.16236413043478262 0.01970108695652174 0.015625
0 0.39266304347826086 0.16983695652173914 0.01970108695652174 0.015625
0 0.3607336956521739 0.17323369565217392 0.021059782608695652 0.016983695652173912
0 0.1922554347826087 0.15828804347826086 0.01970108695652174 0.014945652173913044
0 0.1671195652173913 0.16236413043478262 0.01970108695652174 0.015625
0 0.15828804347826086 0.13994565217391305 0.019021739130434784 0.015625
0 0.1487771739130435 0.10054347826086957 0.017663043478260868 0.014266304347826086
0 0.19904891304347827 0.09307065217391304 0.017663043478260868 0.014266304347826086
0 0.058423913043478264 0.17595108695652173 0.01970108695652174 0.015625
0 0.05366847826086957 0.16304347826086957 0.019021739130434784 0.014945652173913044
0 0.09442934782608696 0.16508152173913043 0.021059782608695652 0.015625
0 0.041440217391304345 0.04755434782608696 0.016983695652173912 0.012907608695652174
0 0.027853260869565216 0.04076086956521739 0.015625 0.012228260869565218
0 0.11888586956521739 0.08831521739130435 0.017663043478260868 0.014266304347826086
0 0.109375 0.08695652173913043 0.017663043478260868 0.014266304347826086
0 0.050271739130434784 0.09239130434782608 0.017663043478260868 0.014266304347826086
0 0.050951086956521736 0.07540760869565218 0.017663043478260868 0.012907608695652174
0 0.20380434782608695 0.036005434782608696 0.014266304347826086 0.012228260869565218
0 0.21535326086956522 0.027853260869565216 0.015625 0.012228260869565218
0 0.21739130434782608 0.0020380434782608695 0.014266304347826086 0.0033967391304347825
0 0.20855978260869565 0.07676630434782608 0.016983695652173912 0.012228260869565218
0 0.171875 0.06589673913043478 0.016983695652173912 0.012907608695652174
0 0.14470108695652173 0.09103260869565218 0.017663043478260868 0.014266304347826086
0 0.010869565217391304 0.6766304347826086 0.021739130434782608 0.03260869565217391
0 0.1800271739130435 0.5964673913043478 0.03328804347826087 0.026494565217391304
0 0.034646739130434784 0.16576086956521738 0.019021739130434784 0.014945652173913044
0 0.1480978260869565 0.234375 0.021059782608695652 0.017663043478260868