0 0.39945652173913043 0.38722826086956524 0.02717391304347826 0.03804347826086957
0 0.484375 0.8179347826086957 0.08627717391304347 0.11548913043478261
0 0.6338315217391305 0.7975543478260869 0.08559782608695653 0.13451086956521738
0 0.4789402173913043 0.5516304347826086 0.06997282608695653 0.09646739130434782
0 0.9572010869565217 0.42527173913043476 0.07608695652173914 0.10529891304347826
0 0.7072010869565217 0.37092391304347827 0.043478260869565216 0.059103260869565216
0 0.20855978260869565 0.39809782608695654 0.05502717391304348 0.07404891304347826
0 0.32608695652173914 0.4123641304347826 0.03328804347826087 0.04483695652173913
0 0.018342391304347828 0.4008152173913043 0.036684782608695655 0.06657608695652174
0 0.2914402173913043 0.39470108695652173 0.029891304347826088 0.05638586956521739
0 0.171875 0.374320652173913 0.036684782608695655 0.06385869565217392
0 0.9748641304347826 0.29959239130434784 0.016983695652173912 0.025135869565217392
0 0.7751358695652174 0.4830163043478261 0.030570652173913044 0.03804347826086957
0 0.01154891304347826 0.6569293478260869 0.022418478260869564 0.06929347826086957
0 0.34103260869565216 0.4164402173913043 0.02309782608695652 0.033967391304347824
0 0.6630434782608695 0.38790760869565216 0.02717391304347826 0.044157608695652176
0 0.7506793478260869 0.48165760869565216 0.02717391304347826 0.04076086956521739
0 0.2513586956521739 0.5930706521739131 0.0625 0.06453804347826086
0 0.5679347826086957 0.4422554347826087 0.04619565217391304 0.046875
0 0.2513586956521739 0.592391304347826 0.0625 0.06453804347826086
0 0.45720108695652173 0.40896739130434784 0.04755434782608696 0.04891304347826087
0 0.8471467391304348 0.3736413043478261 0.04483695652173913 0.04551630434782609
0 0.5020380434782609 0.36684782608695654 0.02717391304347826 0.027853260869565216
0 0.5054347826086957 0.3919836956521739 0.036005434782608696 0.03736413043478261
0 0.6555706521739131 0.360054347826087 0.03940217391304348 0.04076086956521739
0 0.6025815217391305 0.3641304347826087 0.02377717391304348 0.025135869565217392
0 0.8947010869565217 0.39334239130434784 0.049592391304347824 0.050951086956521736
0 0.11413043478260869 0.6807065217391305 0.08831521739130435 0.09035326086956522
0 0.03940217391304348 0.6508152173913043 0.07880434782608696 0.08763586956521739
0 0.9762228260869565 0.7085597826086957 0.04755434782608696 0.09307065217391304