0 0.006793478260869565 0.7900815217391305 0.01358695652173913 0.017663043478260868
0 0.019021739130434784 0.8050271739130435 0.018342391304347828 0.022418478260869564
0 0.028532608695652172 0.8478260869565217 0.01970108695652174 0.020380434782608696
0 0.13994565217391305 0.8125 0.06046195652173913 0.06793478260869565
0 0.10190217391304347 0.7764945652173914 0.021739130434782608 0.021739130434782608
0 0.1875 0.798233695652174 0.058423913043478264 0.057744565217391304
0 0.24932065217391305 0.8315217391304348 0.029211956521739132 0.022418478260869564
0 0.3804347826086957 0.8192934782608695 0.0625 0.059103260869565216
0 0.4205163043478261 0.8023097826086957 0.012228260869565218 0.012228260869565218
0 0.47078804347826086 0.829483695652174 0.012228260869565218 0.012228260869565218
0 0.4476902173913043 0.8403532608695652 0.017663043478260868 0.016304347826086956
0 0.5176630434782609 0.8315217391304348 0.01358695652173913 0.014266304347826086
0 0.4938858695652174 0.9001358695652174 0.036684782608695655 0.041440217391304345
0 0.6052989130434783 0.8525815217391305 0.01970108695652174 0.021739130434782608
0 0.5822010869565217 0.8464673913043478 0.018342391304347828 0.016983695652173912
0 0.6644021739130435 0.8634510869565217 0.036684782608695655 0.033967391304347824
0 0.6908967391304348 0.8600543478260869 0.02309782608695652 0.022418478260869564
0 0.8247282608695652 0.8002717391304348 0.008152173913043478 0.008152173913043478
0 0.8926630434782609 0.813858695652174 0.010190217391304348 0.009510869565217392
0 0.970108695652174 0.7907608695652174 0.009510869565217392 0.010190217391304348
0 0.07201086956521739 0.798233695652174 0.042119565217391304 0.03125
0 0.2078804347826087 0.6569293478260869 0.006114130434782609 0.004755434782608696
0 0.25883152173913043 0.6528532608695652 0.002717391304347826 0.004755434782608696
0 0.265625 0.6555706521739131 0.005434782608695652 0.004755434782608696
0 0.25679347826086957 0.6542119565217391 0.005434782608695652 0.004755434782608696
0 0.27309782608695654 0.7914402173913043 0.01970108695652174 0.01970108695652174
0 0.33559782608695654 0.8125 0.026494565217391304 0.020380434782608696
0 0.3111413043478261 0.7873641304347826 0.021059782608695652 0.017663043478260868
0 0.28464673913043476 0.7995923913043478 0.024456521739130436 0.018342391304347828
0 0.26154891304347827 0.8002717391304348 0.024456521739130436 0.018342391304347828
0 0.2982336956521739 0.7921195652173914 0.02309782608695652 0.016983695652173912
0 0.42934782608695654 0.8002717391304348 0.033967391304347824 0.025135869565217392
0 0.4361413043478261 0.8600543478260869 0.03328804347826087 0.025135869565217392
0 0.5095108695652174 0.8396739130434783 0.03328804347826087 0.025135869565217392
0 0.4639945652173913 0.8349184782608695 0.033967391304347824 0.025135869565217392
0 0.5944293478260869 0.8389945652173914 0.018342391304347828 0.01358695652173913
0 0.6399456521739131 0.8512228260869565 0.024456521739130436 0.018342391304347828
0 0.5557065217391305 0.8328804347826086 0.019021739130434784 0.014266304347826086
0 0.5400815217391305 0.8362771739130435 0.021059782608695652 0.015625
0 0.5441576086956522 0.8226902173913043 0.012907608695652174 0.008831521739130434
0 0.5495923913043478 0.8145380434782609 0.004076086956521739 0.002717391304347826
0 0.5713315217391305 0.7948369565217391 0.021059782608695652 0.015625
0 0.5822010869565217 0.8016304347826086 0.021059782608695652 0.015625
0 0.65625 0.813858695652174 0.002717391304347826 0.001358695652173913
0 0.6467391304347826 0.8186141304347826 0.009510869565217392 0.007472826086956522
0 0.6745923913043478 0.8512228260869565 0.026494565217391304 0.01970108695652174
0 0.7214673913043478 0.8709239130434783 0.03328804347826087 0.024456521739130436
0 0.7717391304347826 0.858016304347826 0.028532608695652172 0.021059782608695652
0 0.8091032608695652 0.8838315217391305 0.033967391304347824 0.025135869565217392
0 0.8213315217391305 0.8254076086956522 0.019021739130434784 0.014266304347826086
0 0.9694293478260869 0.8179347826086957 0.016304347826086956 0.01154891304347826
0 0.9354619565217391 0.8247282608695652 0.018342391304347828 0.014266304347826086
0 0.923233695652174 0.8192934782608695 0.016304347826086956 0.012228260869565218
0 0.9347826086956522 0.8947010869565217 0.035326086956521736 0.02717391304347826
0 0.9116847826086957 0.923233695652174 0.044157608695652176 0.03328804347826087
0 0.9898097826086957 0.8933423913043478 0.020380434782608696 0.026494565217391304