0 0.296875 0.06657608695652174 0.006114130434782609 0.006793478260869565
0 0.22826086956521738 0.10122282608695653 0.010869565217391304 0.01358695652173913
0 0.22826086956521738 0.1480978260869565 0.010190217391304348 0.010190217391304348
0 0.30842391304347827 0.15013586956521738 0.010869565217391304 0.01154891304347826
0 0.6059782608695652 0.10394021739130435 0.006114130434782609 0.006793478260869565
0 0.5434782608695652 0.140625 0.006793478260869565 0.010190217391304348
0 0.6603260869565217 0.27785326086956524 0.012907608695652174 0.01154891304347826
0 0.41440217391304346 0.21467391304347827 0.012907608695652174 0.012907608695652174
0 0.39402173913043476 0.20991847826086957 0.01154891304347826 0.012228260869565218
0 0.34714673913043476 0.16304347826086957 0.008831521739130434 0.010190217391304348
0 0.38790760869565216 0.23233695652173914 0.012907608695652174 0.014266304347826086
0 0.27921195652173914 0.23165760869565216 0.010869565217391304 0.01154891304347826
0 0.1983695652173913 0.20448369565217392 0.008831521739130434 0.01154891304347826
0 0.22486413043478262 0.26766304347826086 0.010190217391304348 0.015625
0 0.19701086956521738 0.25747282608695654 0.008831521739130434 0.014266304347826086
0 0.16983695652173914 0.14673913043478262 0.008831521739130434 0.010190217391304348
0 0.13383152173913043 0.1514945652173913 0.010190217391304348 0.012907608695652174
0 0.13654891304347827 0.14402173913043478 0.008831521739130434 0.010190217391304348
0 0.07608695652173914 0.16508152173913043 0.008831521739130434 0.008831521739130434
0 0.1637228260869565 0.20448369565217392 0.008831521739130434 0.010190217391304348
0 0.08967391304347826 0.20652173913043478 0.010190217391304348 0.009510869565217392
0 0.08695652173913043 0.21603260869565216 0.010190217391304348 0.012228260869565218
0 0.10597826086956522 0.23369565217391305 0.010869565217391304 0.012228260869565218
0 0.08491847826086957 0.24728260869565216 0.010869565217391304 0.01358695652173913
0 0.09239130434782608 0.2513586956521739 0.010869565217391304 0.012907608695652174
0 0.03192934782608696 0.23573369565217392 0.012907608695652174 0.01154891304347826
0 0.019021739130434784 0.19701086956521738 0.008831521739130434 0.010190217391304348
0 0.0006793478260869565 0.19769021739130435 0.001358695652173913 0.010190217391304348
0 0.01970108695652174 0.27241847826086957 0.012907608695652174 0.012228260869565218
0 0.09171195652173914 0.3423913043478261 0.01358695652173913 0.015625
0 0.2669836956521739 0.32608695652173914 0.012907608695652174 0.012228260869565218
0 0.4673913043478261 0.34035326086956524 0.012907608695652174 0.016983695652173912
0 0.4952445652173913 0.36752717391304346 0.01970108695652174 0.021739130434782608
0 0.4782608695652174 0.38858695652173914 0.021739130434782608 0.021739130434782608
0 0.5584239130434783 0.3648097826086957 0.021739130434782608 0.020380434782608696
0 0.6664402173913043 0.30978260869565216 0.012907608695652174 0.014945652173913044
0 0.6847826086956522 0.33559782608695654 0.014945652173913044 0.015625
0 0.6521739130434783 0.3423913043478261 0.014945652173913044 0.015625
0 0.7336956521739131 0.38383152173913043 0.018342391304347828 0.018342391304347828
0 0.8097826086956522 0.39945652173913043 0.020380434782608696 0.025135869565217392
0 0.7112771739130435 0.4123641304347826 0.015625 0.022418478260869564
0 0.5502717391304348 0.44633152173913043 0.010869565217391304 0.019021739130434784
0 0.5258152173913043 0.42527173913043476 0.021739130434782608 0.021739130434782608
0 0.49728260869565216 0.4476902173913043 0.01970108695652174 0.021739130434782608
0 0.47214673913043476 0.40964673913043476 0.016304347826086956 0.01970108695652174
0 0.48233695652173914 0.5006793478260869 0.016304347826086956 0.021739130434782608
0 0.4164402173913043 0.41779891304347827 0.017663043478260868 0.02309782608695652
0 0.21263586956521738 0.4436141304347826 0.01154891304347826 0.017663043478260868
0 0.051630434782608696 0.43070652173913043 0.012907608695652174 0.020380434782608696
0 0.016304347826086956 0.46059782608695654 0.015625 0.01970108695652174
0 0.04076086956521739 0.592391304347826 0.024456521739130436 0.02377717391304348
0 0.798233695652174 0.6283967391304348 0.017663043478260868 0.027853260869565216
0 0.717391304347826 0.7051630434782609 0.033967391304347824 0.036005434782608696
0 0.38654891304347827 0.7105978260869565 0.02717391304347826 0.029211956521739132
0 0.34035326086956524 0.6739130434782609 0.026494565217391304 0.018342391304347828
0 0.059103260869565216 0.7370923913043478 0.02377717391304348 0.027853260869565216
0 0.012228260869565218 0.6752717391304348 0.016304347826086956 0.025135869565217392
0 0.9823369565217391 0.9735054347826086 0.034646739130434784 0.03940217391304348
0 0.8532608695652174 0.9809782608695652 0.03260869565217391 0.02309782608695652
0 0.5427989130434783 0.8960597826086957 0.027853260869565216 0.030570652173913044
0 0.09714673913043478 0.03192934782608696 0.009510869565217392 0.008152173913043478
0 0.3688858695652174 0.06453804347826086 0.008831521739130434 0.006793478260869565
0 0.38858695652173914 0.06385869565217392 0.008831521739130434 0.006793478260869565
0 0.421195652173913 0.06046195652173913 0.008152173913043478 0.006114130434782609
0 0.4171195652173913 0.08491847826086957 0.008831521739130434 0.006793478260869565
0 0.4673913043478261 0.07676630434782608 0.006114130434782609 0.005434782608695652
0 0.46671195652173914 0.06453804347826086 0.005434782608695652 0.004076086956521739
0 0.49116847826086957 0.06453804347826086 0.005434782608695652 0.004076086956521739
0 0.4938858695652174 0.10190217391304347 0.008831521739130434 0.006793478260869565
0 0.23233695652173914 0.10122282608695653 0.010869565217391304 0.008152173913043478
0 0.22146739130434784 0.11752717391304347 0.010869565217391304 0.008152173913043478
0 0.3125 0.14945652173913043 0.012228260869565218 0.009510869565217392
0 0.5672554347826086 0.06997282608695653 0.005434782608695652 0.004755434782608696
0 0.6188858695652174 0.10190217391304347 0.008831521739130434 0.006793478260869565
0 0.6331521739130435 0.11277173913043478 0.008831521739130434 0.006793478260869565
0 0.5237771739130435 0.140625 0.010869565217391304 0.008152173913043478
0 0.6773097826086957 0.14198369565217392 0.010190217391304348 0.008152173913043478
0 0.8485054347826086 0.23369565217391305 0.01358695652173913 0.010190217391304348
0 0.8131793478260869 0.23777173913043478 0.014266304347826086 0.010869565217391304
0 0.688858695652174 0.264945652173913 0.01154891304347826 0.008152173913043478
0 0.7004076086956522 0.2751358695652174 0.012907608695652174 0.009510869565217392
0 0.33491847826086957 0.16644021739130435 0.012907608695652174 0.009510869565217392
0 0.374320652173913 0.24388586956521738 0.014266304347826086 0.010869565217391304
0 0.32472826086956524 0.23165760869565216 0.014266304347826086 0.010190217391304348
0 0.23233695652173914 0.171875 0.012907608695652174 0.009510869565217392
0 0.2418478260869565 0.17051630434782608 0.012228260869565218 0.009510869565217392
0 0.18546195652173914 0.26290760869565216 0.01358695652173913 0.010190217391304348
0 0.13790760869565216 0.22554347826086957 0.012907608695652174 0.009510869565217392
0 0.041440217391304345 0.23029891304347827 0.012907608695652174 0.010190217391304348
0 0.004755434782608696 0.2601902173913043 0.008831521739130434 0.010869565217391304
0 0.007472826086956522 0.311820652173913 0.014266304347826086 0.012228260869565218
0 0.05502717391304348 0.3023097826086957 0.016304347826086956 0.012228260869565218
0 0.001358695652173913 0.37092391304347827 0.002717391304347826 0.014266304347826086
0 0.036684782608695655 0.37228260869565216 0.018342391304347828 0.014266304347826086
0 0.04076086956521739 0.36141304347826086 0.017663043478260868 0.01358695652173913
0 0.10665760869565218 0.30502717391304346 0.015625 0.01154891304347826
0 0.06114130434782609 0.3845108695652174 0.018342391304347828 0.014266304347826086
0 0.20244565217391305 0.3186141304347826 0.015625 0.01154891304347826
0 0.19293478260869565 0.3186141304347826 0.014945652173913044 0.01154891304347826
0 0.30434782608695654 0.3967391304347826 0.020380434782608696 0.015625
0 0.3294836956521739 0.4014945652173913 0.020380434782608696 0.016304347826086956
0 0.37160326086956524 0.39402173913043476 0.021739130434782608 0.016983695652173912
0 0.375 0.3811141304347826 0.020380434782608696 0.016304347826086956
0 0.4048913043478261 0.35529891304347827 0.01970108695652174 0.014945652173913044
0 0.4116847826086957 0.3376358695652174 0.01970108695652174 0.015625
0 0.5183423913043478 0.3226902173913043 0.017663043478260868 0.01358695652173913
0 0.7452445652173914 0.3688858695652174 0.021059782608695652 0.015625
0 0.6616847826086957 0.3919836956521739 0.020380434782608696 0.015625
0 0.7595108695652174 0.41032608695652173 0.02377717391304348 0.018342391304347828
0 0.7792119565217391 0.43342391304347827 0.021739130434782608 0.016983695652173912
0 0.8396739130434783 0.421875 0.021059782608695652 0.016304347826086956
0 0.96875 0.44089673913043476 0.021739130434782608 0.016983695652173912
0 0.7119565217391305 0.4476902173913043 0.022418478260869564 0.016983695652173912
0 0.6875 0.42595108695652173 0.021059782608695652 0.016304347826086956
0 0.7065217391304348 0.485054347826087 0.02309782608695652 0.017663043478260868
0 0.7167119565217391 0.5129076086956522 0.02309782608695652 0.017663043478260868
0 0.6480978260869565 0.4578804347826087 0.022418478260869564 0.016983695652173912
0 0.6616847826086957 0.469429347826087 0.02309782608695652 0.017663043478260868
0 0.6005434782608695 0.4076086956521739 0.021739130434782608 0.016983695652173912
0 0.6046195652173914 0.44157608695652173 0.021059782608695652 0.016304347826086956
0 0.5597826086956522 0.49252717391304346 0.021059782608695652 0.016304347826086956
0 0.5964673913043478 0.4945652173913043 0.020380434782608696 0.015625
0 0.6283967391304348 0.4945652173913043 0.021059782608695652 0.016304347826086956
0 0.6793478260869565 0.5033967391304348 0.02309782608695652 0.017663043478260868
0 0.49252717391304346 0.5210597826086957 0.01970108695652174 0.015625
0 0.5067934782608695 0.5088315217391305 0.01970108695652174 0.015625
0 0.4157608695652174 0.47282608695652173 0.021059782608695652 0.016304347826086956
0 0.4171195652173913 0.452445652173913 0.022418478260869564 0.016983695652173912
0 0.3702445652173913 0.44497282608695654 0.021739130434782608 0.016983695652173912
0 0.33152173913043476 0.4388586956521739 0.021059782608695652 0.016983695652173912
0 0.3389945652173913 0.47758152173913043 0.021059782608695652 0.016304347826086956
0 0.313179347826087 0.4789402173913043 0.022418478260869564 0.016983695652173912
0 0.26290760869565216 0.4361413043478261 0.020380434782608696 0.015625
0 0.2425271739130435 0.45516304347826086 0.01970108695652174 0.015625
0 0.19633152173913043 0.4789402173913043 0.021739130434782608 0.016983695652173912
0 0.2425271739130435 0.5101902173913043 0.021739130434782608 0.016983695652173912
0 0.33152173913043476 0.5190217391304348 0.02309782608695652 0.017663043478260868
0 0.4001358695652174 0.5258152173913043 0.02309782608695652 0.017663043478260868
0 0.08967391304347826 0.45991847826086957 0.021059782608695652 0.016304347826086956
0 0.10258152173913043 0.43546195652173914 0.01970108695652174 0.014945652173913044
0 0.13858695652173914 0.4388586956521739 0.019021739130434784 0.014266304347826086
0 0.034646739130434784 0.43953804347826086 0.020380434782608696 0.015625
0 0.05502717391304348 0.5237771739130435 0.025815217391304348 0.01970108695652174
0 0.08491847826086957 0.5292119565217391 0.02309782608695652 0.017663043478260868
0 0.004076086956521739 0.5122282608695652 0.008152173913043478 0.019021739130434784
0 0.08220108695652174 0.5862771739130435 0.025815217391304348 0.01970108695652174
0 0.13722826086956522 0.6039402173913043 0.024456521739130436 0.018342391304347828
0 0.14605978260869565 0.6161684782608695 0.025135869565217392 0.019021739130434784
0 0.15557065217391305 0.5305706521739131 0.022418478260869564 0.017663043478260868
0 0.21331521739130435 0.5835597826086957 0.02377717391304348 0.018342391304347828
0 0.28940217391304346 0.5427989130434783 0.024456521739130436 0.019021739130434784
0 0.328125 0.6114130434782609 0.02717391304347826 0.020380434782608696
0 0.38179347826086957 0.6202445652173914 0.026494565217391304 0.020380434782608696
0 0.4110054347826087 0.5733695652173914 0.025815217391304348 0.01970108695652174
0 0.4266304347826087 0.6351902173913043 0.02717391304347826 0.020380434782608696
0 0.47078804347826086 0.6175271739130435 0.02717391304347826 0.020380434782608696
0 0.5027173913043478 0.6025815217391305 0.026494565217391304 0.020380434782608696
0 0.563858695652174 0.5339673913043478 0.01970108695652174 0.014945652173913044
0 0.6501358695652174 0.5380434782608695 0.02717391304347826 0.021059782608695652
0 0.6154891304347826 0.5876358695652174 0.030570652173913044 0.02309782608695652
0 0.6494565217391305 0.5706521739130435 0.029211956521739132 0.02309782608695652
0 0.686141304347826 0.5896739130434783 0.029891304347826088 0.02309782608695652
0 0.65625 0.6270380434782609 0.030570652173913044 0.02377717391304348
0 0.7282608695652174 0.5835597826086957 0.029891304347826088 0.02309782608695652
0 0.7649456521739131 0.595108695652174 0.030570652173913044 0.02377717391304348
0 0.811141304347826 0.6976902173913043 0.03192934782608696 0.024456521739130436
0 0.8036684782608695 0.6827445652173914 0.030570652173913044 0.02377717391304348
0 0.8546195652173914 0.7520380434782609 0.03328804347826087 0.025135869565217392
0 0.8682065217391305 0.7710597826086957 0.033967391304347824 0.025815217391304348
0 0.7649456521739131 0.734375 0.03192934782608696 0.024456521739130436
0 0.6983695652173914 0.7377717391304348 0.030570652173913044 0.02309782608695652
0 0.6460597826086957 0.7146739130434783 0.030570652173913044 0.02377717391304348
0 0.7133152173913043 0.6711956521739131 0.030570652173913044 0.02309782608695652
0 0.5917119565217391 0.717391304347826 0.030570652173913044 0.02377717391304348
0 0.4986413043478261 0.6623641304347826 0.030570652173913044 0.02309782608695652
0 0.5108695652173914 0.6521739130434783 0.030570652173913044 0.02309782608695652
0 0.4938858695652174 0.7262228260869565 0.03125 0.02377717391304348
0 0.296875 0.7302989130434783 0.029891304347826088 0.02309782608695652
0 0.23777173913043478 0.6902173913043478 0.028532608695652172 0.021739130434782608
0 0.1671195652173913 0.6766304347826086 0.028532608695652172 0.021739130434782608
0 0.17798913043478262 0.7119565217391305 0.029891304347826088 0.02309782608695652
0 0.046875 0.6956521739130435 0.029211956521739132 0.022418478260869564
0 0.11480978260869565 0.8546195652173914 0.03804347826086957 0.029211956521739132
0 0.2269021739130435 0.8770380434782609 0.033967391304347824 0.026494565217391304
0 0.3023097826086957 0.7934782608695652 0.03125 0.02377717391304348
0 0.35597826086956524 0.8301630434782609 0.033967391304347824 0.025815217391304348
0 0.4076086956521739 0.8716032608695652 0.033967391304347824 0.025815217391304348
0 0.592391304347826 0.7921195652173914 0.03328804347826087 0.025815217391304348
0 0.7275815217391305 0.8586956521739131 0.035326086956521736 0.026494565217391304
0 0.7710597826086957 0.8410326086956522 0.034646739130434784 0.026494565217391304
0 0.9171195652173914 0.828125 0.034646739130434784 0.026494565217391304
0 0.904891304347826 0.9184782608695652 0.036684782608695655 0.028532608695652172
0 0.9089673913043478 0.9755434782608695 0.03804347826086957 0.029211956521739132
0 0.7860054347826086 0.9694293478260869 0.03804347826086957 0.029211956521739132
0 0.7391304347826086 0.9014945652173914 0.036684782608695655 0.027853260869565216
0 0.6793478260869565 0.9463315217391305 0.03736413043478261 0.029211956521739132
0 0.5523097826086957 0.9633152173913043 0.03804347826086957 0.029211956521739132
0 0.28872282608695654 0.9565217391304348 0.041440217391304345 0.03125
0 0.10529891304347826 0.9585597826086957 0.043478260869565216 0.03328804347826087