0 0.501358695652174 0.7459239130434783 0.03328804347826087 0.04755434782608696
0 0.5964673913043478 0.7404891304347826 0.035326086956521736 0.05570652173913043
0 0.8125 0.7235054347826086 0.019021739130434784 0.03192934782608696
0 0.9035326086956522 0.735733695652174 0.025135869565217392 0.029211956521739132
0 0.6351902173913043 0.5414402173913043 0.016983695652173912 0.020380434782608696
0 0.6216032608695652 0.5149456521739131 0.016983695652173912 0.025815217391304348
0 0.6460597826086957 0.5067934782608695 0.01154891304347826 0.016983695652173912
0 0.7099184782608695 0.49592391304347827 0.009510869565217392 0.01358695652173913
0 0.7785326086956522 0.5101902173913043 0.012228260869565218 0.018342391304347828
0 0.7581521739130435 0.5135869565217391 0.01154891304347826 0.015625
0 0.8403532608695652 0.5203804347826086 0.012228260869565218 0.016983695652173912
0 0.8328804347826086 0.48709239130434784 0.01154891304347826 0.015625
0 0.876358695652174 0.4904891304347826 0.01154891304347826 0.016983695652173912
0 0.9408967391304348 0.5332880434782609 0.012228260869565218 0.021739130434782608
0 0.47554347826086957 0.31453804347826086 0.015625 0.021739130434782608
0 0.6039402173913043 0.4633152173913043 0.01154891304347826 0.016983695652173912
0 0.6283967391304348 0.4938858695652174 0.012228260869565218 0.018342391304347828
0 0.626358695652174 0.47758152173913043 0.009510869565217392 0.015625
0 0.6514945652173914 0.4735054347826087 0.009510869565217392 0.01358695652173913
0 0.670516304347826 0.4857336956521739 0.01154891304347826 0.016983695652173912
0 0.6372282608695652 0.4476902173913043 0.009510869565217392 0.01358695652173913
0 0.6684782608695652 0.453125 0.009510869565217392 0.012228260869565218
0 0.6942934782608695 0.4483695652173913 0.009510869565217392 0.012228260869565218
0 0.7051630434782609 0.4626358695652174 0.01154891304347826 0.01358695652173913
0 0.7411684782608695 0.4673913043478261 0.009510869565217392 0.01358695652173913
0 0.7635869565217391 0.45652173913043476 0.009510869565217392 0.01358695652173913
0 0.7819293478260869 0.452445652173913 0.008152173913043478 0.012228260869565218
0 0.798233695652174 0.45652173913043476 0.01154891304347826 0.01358695652173913
0 0.8179347826086957 0.45652173913043476 0.009510869565217392 0.015625
0 0.8145380434782609 0.49184782608695654 0.009510869565217392 0.015625
0 0.7934782608695652 0.4796195652173913 0.009510869565217392 0.01358695652173913
0 0.7866847826086957 0.48641304347826086 0.01154891304347826 0.016983695652173912
0 0.9252717391304348 0.2907608695652174 0.008152173913043478 0.012228260869565218
0 0.9476902173913043 0.3023097826086957 0.012228260869565218 0.018342391304347828
0 0.9599184782608695 0.27717391304347827 0.012228260869565218 0.016983695652173912
0 0.9816576086956522 0.27377717391304346 0.012228260869565218 0.015625
0 0.9741847826086957 0.3023097826086957 0.014266304347826086 0.018342391304347828
0 0.9850543478260869 0.3233695652173913 0.01154891304347826 0.021739130434782608
0 0.9972826086956522 0.32133152173913043 0.005434782608695652 0.020380434782608696
0 0.998641304347826 0.30910326086956524 0.0020380434782608695 0.018342391304347828
0 0.6820652173913043 0.734375 0.035326086956521736 0.03736413043478261
0 0.6773097826086957 0.7024456521739131 0.03328804347826087 0.036684782608695655
0 0.7418478260869565 0.688858695652174 0.027853260869565216 0.03192934782608696
0 0.7296195652173914 0.7411684782608695 0.03328804347826087 0.036684782608695655
0 0.8485054347826086 0.7527173913043478 0.02309782608695652 0.025815217391304348
0 0.8614130434782609 0.7289402173913043 0.02309782608695652 0.02377717391304348
0 0.9157608695652174 0.7065217391304348 0.021059782608695652 0.022418478260869564
0 0.8940217391304348 0.6929347826086957 0.021059782608695652 0.022418478260869564
0 0.8743206521739131 0.6997282608695652 0.021739130434782608 0.02377717391304348
0 0.9510869565217391 0.8091032608695652 0.025135869565217392 0.02717391304347826
0 0.8817934782608695 0.9008152173913043 0.034646739130434784 0.036684782608695655
0 0.8464673913043478 0.9490489130434783 0.03872282608695652 0.042119565217391304
0 0.8023097826086957 0.8974184782608695 0.03872282608695652 0.043478260869565216
0 0.7792119565217391 0.9707880434782609 0.03940217391304348 0.042119565217391304
0 0.7432065217391305 0.9259510869565217 0.04076086956521739 0.04551630434782609
0 0.876358695652174 0.9524456521739131 0.035326086956521736 0.03872282608695652
0 0.985733695652174 0.9402173913043478 0.027853260869565216 0.03736413043478261
0 0.9904891304347826 0.9082880434782609 0.019021739130434784 0.030570652173913044
0 0.9823369565217391 0.8885869565217391 0.027853260869565216 0.030570652173913044
0 0.9952445652173914 0.7758152173913043 0.009510869565217392 0.025815217391304348
0 0.9911684782608695 0.7296195652173914 0.017663043478260868 0.025135869565217392
0 0.9300271739130435 0.640625 0.019021739130434784 0.020380434782608696
0 0.9809782608695652 0.6358695652173914 0.01970108695652174 0.020380434782608696
0 0.9959239130434783 0.7133152173913043 0.008152173913043478 0.024456521739130436
0 0.9123641304347826 0.5855978260869565 0.019021739130434784 0.021739130434782608
0 0.8851902173913043 0.5292119565217391 0.014266304347826086 0.016983695652173912
0 0.8519021739130435 0.6086956521739131 0.019021739130434784 0.020380434782608696
0 0.8199728260869565 0.6399456521739131 0.021059782608695652 0.022418478260869564
0 0.7948369565217391 0.6691576086956522 0.021739130434782608 0.02377717391304348
0 0.7880434782608695 0.6447010869565217 0.021059782608695652 0.022418478260869564
0 0.7690217391304348 0.6345108695652174 0.01970108695652174 0.021739130434782608
0 0.7533967391304348 0.6324728260869565 0.019021739130434784 0.021739130434782608
0 0.735733695652174 0.6324728260869565 0.01970108695652174 0.021739130434782608
0 0.688858695652174 0.6467391304347826 0.03328804347826087 0.036684782608695655
0 0.654891304347826 0.6358695652173914 0.03328804347826087 0.035326086956521736
0 0.6623641304347826 0.6229619565217391 0.03125 0.033967391304347824
0 0.6725543478260869 0.5523097826086957 0.01970108695652174 0.020380434782608696
0 0.6671195652173914 0.5122282608695652 0.015625 0.016983695652173912
0 0.6895380434782609 0.5258152173913043 0.016983695652173912 0.018342391304347828
0 0.7282608695652174 0.49592391304347827 0.012228260869565218 0.01358695652173913
0 0.7398097826086957 0.5502717391304348 0.014266304347826086 0.015625
0 0.765625 0.576766304347826 0.016983695652173912 0.016983695652173912
0 0.8009510869565217 0.545516304347826 0.014266304347826086 0.015625
0 0.7676630434782609 0.49252717391304346 0.012228260869565218 0.01358695652173913
0 0.7900815217391305 0.501358695652174 0.01358695652173913 0.01358695652173913
0 0.845108695652174 0.5040760869565217 0.012228260869565218 0.014945652173913044
0 0.8634510869565217 0.5828804347826086 0.019021739130434784 0.020380434782608696
0 0.563858695652174 0.438179347826087 0.008152173913043478 0.008152173913043478
0 0.5917119565217391 0.4796195652173913 0.012228260869565218 0.014945652173913044
0 0.6005434782608695 0.4857336956521739 0.01358695652173913 0.014945652173913044
0 0.6630434782608695 0.49796195652173914 0.014266304347826086 0.015625
0 0.5815217391304348 0.4891304347826087 0.014266304347826086 0.014945652173913044
0 0.6976902173913043 0.4585597826086957 0.01154891304347826 0.012228260869565218
0 0.7520380434782609 0.44429347826086957 0.010190217391304348 0.01154891304347826
0 0.8118206521739131 0.4735054347826087 0.01154891304347826 0.012228260869565218
0 0.8043478260869565 0.48709239130434784 0.012228260869565218 0.014945652173913044
0 0.9395380434782609 0.2914402173913043 0.01358695652173913 0.014945652173913044
0 0.9796195652173914 0.2921195652173913 0.01358695652173913 0.014945652173913044