0 0.07269021739130435 0.22214673913043478 0.008152173913043478 0.006793478260869565
0 0.07065217391304347 0.23845108695652173 0.008831521739130434 0.008831521739130434
0 0.06182065217391304 0.24048913043478262 0.008831521739130434 0.010190217391304348
0 0.051630434782608696 0.23233695652173914 0.008152173913043478 0.006793478260869565
0 0.08491847826086957 0.24320652173913043 0.010869565217391304 0.009510869565217392
0 0.07065217391304347 0.2547554347826087 0.012228260869565218 0.01154891304347826
0 0.08288043478260869 0.25747282608695654 0.010869565217391304 0.01154891304347826
0 0.08355978260869565 0.265625 0.012228260869565218 0.012228260869565218
0 0.058423913043478264 0.265625 0.014945652173913044 0.01358695652173913
0 0.059782608695652176 0.296875 0.014945652173913044 0.01358695652173913
0 0.11413043478260869 0.30095108695652173 0.017663043478260868 0.014945652173913044
0 0.11888586956521739 0.2866847826086957 0.014945652173913044 0.014266304347826086
0 0.10665760869565218 0.2669836956521739 0.012228260869565218 0.01154891304347826
0 0.09850543478260869 0.2595108695652174 0.014266304347826086 0.012228260869565218
0 0.11480978260869565 0.25883152173913043 0.012228260869565218 0.01154891304347826
0 0.109375 0.2452445652173913 0.012228260869565218 0.01154891304347826
0 0.09918478260869565 0.24320652173913043 0.008831521739130434 0.008152173913043478
0 0.09239130434782608 0.23029891304347827 0.008831521739130434 0.008152173913043478
0 0.09239130434782608 0.2235054347826087 0.008831521739130434 0.008152173913043478
0 0.09442934782608696 0.21467391304347827 0.006793478260869565 0.006793478260869565
0 0.10326086956521739 0.23029891304347827 0.008152173913043478 0.008152173913043478
0 0.11752717391304347 0.2425271739130435 0.010869565217391304 0.008831521739130434
0 0.14130434782608695 0.24320652173913043 0.012228260869565218 0.01154891304347826
0 0.13519021739130435 0.22826086956521738 0.010869565217391304 0.008831521739130434
0 0.12296195652173914 0.2262228260869565 0.008152173913043478 0.008152173913043478
0 0.11277173913043478 0.22214673913043478 0.008152173913043478 0.008152173913043478
0 0.11616847826086957 0.21467391304347827 0.004755434782608696 0.006114130434782609
0 0.07336956521739131 0.2105978260869565 0.006793478260869565 0.006114130434782609
0 0.06521739130434782 0.2105978260869565 0.006793478260869565 0.006114130434782609
0 0.19293478260869565 0.21535326086956522 0.006793478260869565 0.006793478260869565
0 0.1949728260869565 0.21875 0.008152173913043478 0.006793478260869565
0 0.17391304347826086 0.21875 0.006793478260869565 0.006793478260869565
0 0.15828804347826086 0.22214673913043478 0.008152173913043478 0.006793478260869565
0 0.15828804347826086 0.21875 0.006793478260869565 0.006114130434782609
0 0.13994565217391305 0.21739130434782608 0.008831521739130434 0.008152173913043478
0 0.16576086956521738 0.2235054347826087 0.006793478260869565 0.006793478260869565
0 0.15828804347826086 0.23301630434782608 0.010869565217391304 0.008831521739130434
0 0.18070652173913043 0.23233695652173914 0.010869565217391304 0.008831521739130434
0 0.18953804347826086 0.2391304347826087 0.010869565217391304 0.009510869565217392
0 0.16508152173913043 0.25271739130434784 0.016304347826086956 0.012228260869565218
0 0.15625 0.2452445652173913 0.008831521739130434 0.008831521739130434
0 0.15217391304347827 0.2608695652173913 0.014945652173913044 0.01358695652173913
0 0.1331521739130435 0.26222826086956524 0.012228260869565218 0.010190217391304348
0 0.125 0.25339673913043476 0.012228260869565218 0.010190217391304348
0 0.12432065217391304 0.26834239130434784 0.014266304347826086 0.012228260869565218
0 0.17798913043478262 0.26902173913043476 0.014945652173913044 0.01358695652173913
0 0.16915760869565216 0.2873641304347826 0.017663043478260868 0.016304347826086956
0 0.15285326086956522 0.29483695652173914 0.014266304347826086 0.014945652173913044
0 0.19769021739130435 0.2982336956521739 0.017663043478260868 0.014945652173913044
0 0.2105978260869565 0.281929347826087 0.016304347826086956 0.014266304347826086
0 0.19633152173913043 0.27785326086956524 0.014266304347826086 0.012228260869565218
0 0.2235054347826087 0.2758152173913043 0.014945652173913044 0.014266304347826086
0 0.21331521739130435 0.3063858695652174 0.017663043478260868 0.016304347826086956
0 0.22826086956521738 0.2262228260869565 0.006793478260869565 0.006793478260869565
0 0.20176630434782608 0.25339673913043476 0.014266304347826086 0.01154891304347826
0 0.1827445652173913 0.250679347826087 0.010869565217391304 0.010190217391304348
0 0.17527173913043478 0.25407608695652173 0.010869565217391304 0.010190217391304348
0 0.22554347826086957 0.2608695652173913 0.012228260869565218 0.01154891304347826
0 0.2642663043478261 0.25271739130434784 0.010869565217391304 0.010190217391304348
0 0.24048913043478262 0.2513586956521739 0.008831521739130434 0.010190217391304348
0 0.2703804347826087 0.23097826086956522 0.008831521739130434 0.008152173913043478
0 0.28940217391304346 0.2105978260869565 0.004755434782608696 0.005434782608695652
0 0.30027173913043476 0.20923913043478262 0.006793478260869565 0.005434782608695652
0 0.281929347826087 0.22486413043478262 0.006793478260869565 0.006793478260869565
0 0.27921195652173914 0.264945652173913 0.012907608695652174 0.01358695652173913
0 0.30910326086956524 0.28125 0.012907608695652174 0.01358695652173913
0 0.33152173913043476 0.2764945652173913 0.012228260869565218 0.01358695652173913
0 0.3186141304347826 0.25815217391304346 0.010869565217391304 0.010190217391304348
0 0.35665760869565216 0.2547554347826087 0.012907608695652174 0.01154891304347826
0 0.33084239130434784 0.250679347826087 0.008831521739130434 0.008831521739130434
0 0.30910326086956524 0.23845108695652173 0.008152173913043478 0.008152173913043478
0 0.311820652173913 0.21739130434782608 0.006793478260869565 0.006793478260869565
0 0.33627717391304346 0.22282608695652173 0.006793478260869565 0.006114130434782609
0 0.34782608695652173 0.21875 0.004755434782608696 0.006114130434782609
0 0.36277173913043476 0.2391304347826087 0.010869565217391304 0.009510869565217392
0 0.38383152173913043 0.2955163043478261 0.014945652173913044 0.014266304347826086
0 0.36820652173913043 0.2860054347826087 0.012907608695652174 0.014266304347826086
0 0.45652173913043476 0.2269021739130435 0.010869565217391304 0.01154891304347826
0 0.44157608695652173 0.2262228260869565 0.008152173913043478 0.008152173913043478
0 0.390625 0.24592391304347827 0.008831521739130434 0.008831521739130434
0 0.40285326086956524 0.26154891304347827 0.012228260869565218 0.012228260869565218
0 0.42595108695652173 0.2710597826086957 0.012228260869565218 0.012228260869565218
0 0.4517663043478261 0.26834239130434784 0.010869565217391304 0.010190217391304348
0 0.47622282608695654 0.264945652173913 0.012907608695652174 0.014266304347826086
0 0.4782608695652174 0.27377717391304346 0.012228260869565218 0.012228260869565218
0 0.45516304347826086 0.3077445652173913 0.014945652173913044 0.014945652173913044
0 0.438179347826087 0.2866847826086957 0.010869565217391304 0.01154891304347826
0 0.5081521739130435 0.22010869565217392 0.010869565217391304 0.01154891304347826
0 0.514266304347826 0.2601902173913043 0.010869565217391304 0.010190217391304348
0 0.5597826086956522 0.2669836956521739 0.014266304347826086 0.01358695652173913
0 0.5081521739130435 0.2751358695652174 0.008831521739130434 0.008831521739130434
0 0.5930706521739131 0.264945652173913 0.008831521739130434 0.01154891304347826
0 0.9585597826086957 0.5434782608695652 0.042798913043478264 0.041440217391304345
0 0.9028532608695652 0.5292119565217391 0.03125 0.035326086956521736
0 0.8668478260869565 0.5210597826086957 0.04619565217391304 0.04551630434782609
0 0.9408967391304348 0.328125 0.017663043478260868 0.014266304347826086
0 0.9286684782608695 0.35665760869565216 0.025815217391304348 0.02377717391304348
0 0.8573369565217391 0.389945652173913 0.019021739130434784 0.025815217391304348
0 0.8573369565217391 0.32540760869565216 0.021739130434782608 0.01970108695652174
0 0.78125 0.4483695652173913 0.03804347826086957 0.04076086956521739
0 0.7459239130434783 0.499320652173913 0.036005434782608696 0.034646739130434784
0 0.6698369565217391 0.438179347826087 0.035326086956521736 0.03192934782608696
0 0.7907608695652174 0.34375 0.016304347826086956 0.01970108695652174
0 0.8125 0.3335597826086957 0.019021739130434784 0.018342391304347828
0 0.7961956521739131 0.3267663043478261 0.014945652173913044 0.016304347826086956
0 0.7730978260869565 0.3186141304347826 0.014945652173913044 0.018342391304347828
0 0.6290760869565217 0.4429347826086957 0.033967391304347824 0.02717391304347826
0 0.6120923913043478 0.47282608695652173 0.03192934782608696 0.02377717391304348
0 0.609375 0.5020380434782609 0.03804347826086957 0.033967391304347824
0 0.5665760869565217 0.49116847826086957 0.03804347826086957 0.03192934782608696
0 0.5815217391304348 0.5421195652173914 0.042798913043478264 0.042798913043478264
0 0.6304347826086957 0.5591032608695652 0.050951086956521736 0.04551630434782609
0 0.5101902173913043 0.47758152173913043 0.036005434782608696 0.034646739130434784
0 0.546875 0.4544836956521739 0.03192934782608696 0.033967391304347824
0 0.5251358695652174 0.41915760869565216 0.035326086956521736 0.029211956521739132
0 0.595108695652174 0.40285326086956524 0.03125 0.029211956521739132
0 0.6127717391304348 0.311820652173913 0.012228260869565218 0.016304347826086956
0 0.592391304347826 0.31453804347826086 0.012228260869565218 0.014266304347826086
0 0.499320652173913 0.37296195652173914 0.036005434782608696 0.03125
0 0.5387228260869565 0.3892663043478261 0.033967391304347824 0.02717391304347826
0 0.4891304347826087 0.41915760869565216 0.02377717391304348 0.02717391304347826
0 0.436820652173913 0.5271739130434783 0.04076086956521739 0.03736413043478261
0 0.40217391304347827 0.5292119565217391 0.036005434782608696 0.035326086956521736
0 0.38722826086956524 0.5108695652173914 0.033967391304347824 0.034646739130434784
0 0.405570652173913 0.44429347826086957 0.027853260869565216 0.026494565217391304
0 0.4585597826086957 0.37296195652173914 0.025815217391304348 0.022418478260869564
0 0.421875 0.3736413043478261 0.02717391304347826 0.02377717391304348
0 0.16508152173913043 0.3186141304347826 0.017663043478260868 0.016304347826086956
0 0.11888586956521739 0.32133152173913043 0.017663043478260868 0.014945652173913044
0 0.10529891304347826 0.33695652173913043 0.02377717391304348 0.018342391304347828
0 0.14198369565217392 0.35122282608695654 0.02377717391304348 0.020380434782608696
0 0.12432065217391304 0.36820652173913043 0.02309782608695652 0.018342391304347828
0 0.16847826086956522 0.36752717391304346 0.02377717391304348 0.021059782608695652
0 0.12432065217391304 0.39741847826086957 0.03125 0.02309782608695652
0 0.1453804347826087 0.40285326086956524 0.02377717391304348 0.022418478260869564
0 0.17323369565217392 0.4123641304347826 0.03125 0.02309782608695652
0 0.23573369565217392 0.36277173913043476 0.02377717391304348 0.02309782608695652
0 0.22282608695652173 0.33220108695652173 0.021739130434782608 0.01970108695652174
0 0.2547554347826087 0.3491847826086957 0.02309782608695652 0.01970108695652174
0 0.30570652173913043 0.3294836956521739 0.019021739130434784 0.018342391304347828
0 0.32065217391304346 0.3294836956521739 0.019021739130434784 0.016983695652173912
0 0.311820652173913 0.5380434782608695 0.04619565217391304 0.03804347826086957
0 0.052309782608695655 0.46195652173913043 0.03872282608695652 0.03125
0 0.16915760869565216 0.5319293478260869 0.03192934782608696 0.03736413043478261
0 0.016304347826086956 0.5509510869565217 0.03260869565217391 0.042119565217391304
0 0.4008152173913043 0.6032608695652174 0.04619565217391304 0.04755434782608696
0 0.44565217391304346 0.6956521739130435 0.050271739130434784 0.04008152173913043
0 0.38179347826086957 0.7601902173913043 0.059103260869565216 0.035326086956521736
0 0.45720108695652173 0.7717391304347826 0.06929347826086957 0.06317934782608696
0 0.578125 0.7418478260869565 0.050271739130434784 0.043478260869565216
0 0.49320652173913043 0.5855978260869565 0.050951086956521736 0.04008152173913043
0 0.71875 0.6542119565217391 0.06317934782608696 0.05570652173913043
0 0.7554347826086957 0.623641304347826 0.042119565217391304 0.034646739130434784
0 0.5978260869565217 0.859375 0.057744565217391304 0.04619565217391304
0 0.18817934782608695 0.8260869565217391 0.06521739130434782 0.05570652173913043
0 0.07948369565217392 0.21671195652173914 0.008831521739130434 0.006114130434782609
0 0.06317934782608696 0.234375 0.010190217391304348 0.007472826086956522
0 0.02717391304347826 0.28125 0.014945652173913044 0.01154891304347826
0 0.03260869565217391 0.2873641304347826 0.016983695652173912 0.012228260869565218
0 0.07269021739130435 0.28532608695652173 0.016304347826086956 0.012228260869565218
0 0.06521739130434782 0.2751358695652174 0.014945652173913044 0.01154891304347826
0 0.08491847826086957 0.2751358695652174 0.014945652173913044 0.01154891304347826
0 0.08016304347826086 0.23165760869565216 0.010190217391304348 0.007472826086956522
0 0.09850543478260869 0.21942934782608695 0.008831521739130434 0.006793478260869565
0 0.09782608695652174 0.20380434782608695 0.006114130434782609 0.004755434782608696
0 0.12567934782608695 0.20244565217391305 0.0020380434782608695 0.001358695652173913
0 0.11616847826086957 0.20108695652173914 0.006114130434782609 0.004076086956521739
0 0.109375 0.20448369565217392 0.006793478260869565 0.004755434782608696
0 0.10529891304347826 0.19972826086956522 0.004076086956521739 0.002717391304347826
0 0.09646739130434782 0.19361413043478262 0.0020380434782608695 0.001358695652173913
0 0.09578804347826086 0.18885869565217392 0.008831521739130434 0.007472826086956522
0 0.11480978260869565 0.1922554347826087 0.021059782608695652 0.015625
0 0.10529891304347826 0.19157608695652173 0.010190217391304348 0.008152173913043478
0 0.14266304347826086 0.19021739130434784 0.010190217391304348 0.007472826086956522
0 0.16032608695652173 0.1922554347826087 0.0020380434782608695 0.001358695652173913
0 0.15896739130434784 0.19972826086956522 0.008152173913043478 0.005434782608695652
0 0.14470108695652173 0.2105978260869565 0.004755434782608696 0.004076086956521739
0 0.13790760869565216 0.20855978260869565 0.004076086956521739 0.002717391304347826
0 0.1331521739130435 0.2112771739130435 0.006114130434782609 0.004076086956521739
0 0.14266304347826086 0.20108695652173914 0.010190217391304348 0.007472826086956522
0 0.13858695652173914 0.19361413043478262 0.010190217391304348 0.007472826086956522
0 0.12839673913043478 0.1956521739130435 0.0006793478260869565 0.001358695652173913
0 0.15896739130434784 0.20923913043478262 0.006114130434782609 0.004076086956521739
0 0.16983695652173914 0.21331521739130435 0.006793478260869565 0.004755434782608696
0 0.1827445652173913 0.20923913043478262 0.004755434782608696 0.004076086956521739
0 0.19293478260869565 0.20652173913043478 0.004076086956521739 0.002717391304347826
0 0.17391304347826086 0.19701086956521738 0.008152173913043478 0.006114130434782609
0 0.21467391304347827 0.2105978260869565 0.006114130434782609 0.005434782608695652
0 0.22010869565217392 0.2078804347826087 0.006114130434782609 0.005434782608695652
0 0.12567934782608695 0.24592391304347827 0.012228260869565218 0.009510869565217392
0 0.21807065217391305 0.2262228260869565 0.010190217391304348 0.006793478260869565
0 0.24932065217391305 0.2235054347826087 0.008831521739130434 0.006114130434782609
0 0.24592391304347827 0.21739130434782608 0.008152173913043478 0.006114130434782609
0 0.24864130434782608 0.23505434782608695 0.010190217391304348 0.007472826086956522
0 0.23980978260869565 0.2418478260869565 0.010869565217391304 0.008152173913043478
0 0.19361413043478262 0.2608695652173913 0.014945652173913044 0.010190217391304348
0 0.20652173913043478 0.24728260869565216 0.012228260869565218 0.008831521739130434
0 0.24320652173913043 0.26358695652173914 0.014945652173913044 0.01154891304347826
0 0.2513586956521739 0.25339673913043476 0.012907608695652174 0.009510869565217392
0 0.266304347826087 0.23980978260869565 0.010869565217391304 0.008152173913043478
0 0.26222826086956524 0.2452445652173913 0.010869565217391304 0.008152173913043478
0 0.2703804347826087 0.21875 0.006793478260869565 0.005434782608695652
0 0.30842391304347827 0.20991847826086957 0.006114130434782609 0.004755434782608696
0 0.29483695652173914 0.21942934782608695 0.008152173913043478 0.005434782608695652
0 0.30366847826086957 0.234375 0.010190217391304348 0.007472826086956522
0 0.296195652173913 0.2425271739130435 0.010869565217391304 0.008152173913043478
0 0.28872282608695654 0.27309782608695654 0.014266304347826086 0.010190217391304348
0 0.28532608695652173 0.28940217391304346 0.016983695652173912 0.012907608695652174
0 0.33967391304347827 0.264945652173913 0.012907608695652174 0.010190217391304348
0 0.3342391304347826 0.24456521739130435 0.010869565217391304 0.008152173913043478
0 0.3186141304347826 0.24864130434782608 0.012228260869565218 0.008152173913043478
0 0.30978260869565216 0.22554347826086957 0.008152173913043478 0.006114130434782609
0 0.3226902173913043 0.22418478260869565 0.008152173913043478 0.006114130434782609
0 0.35597826086956524 0.21535326086956522 0.006114130434782609 0.004755434782608696
0 0.35733695652173914 0.22758152173913043 0.008152173913043478 0.006793478260869565
0 0.3797554347826087 0.26902173913043476 0.014266304347826086 0.01154891304347826
0 0.3960597826086957 0.281929347826087 0.014266304347826086 0.01154891304347826
0 0.38179347826086957 0.28328804347826086 0.014945652173913044 0.012228260869565218
0 0.36684782608695654 0.2907608695652174 0.016304347826086956 0.012228260869565218
0 0.41304347826086957 0.26766304347826086 0.012907608695652174 0.009510869565217392
0 0.436820652173913 0.29959239130434784 0.016304347826086956 0.012228260869565218
0 0.5230978260869565 0.2425271739130435 0.012907608695652174 0.010190217391304348
0 0.5489130434782609 0.24456521739130435 0.012907608695652174 0.009510869565217392
0 0.5461956521739131 0.27921195652173914 0.014266304347826086 0.010190217391304348
0 0.5563858695652174 0.296875 0.014945652173913044 0.01154891304347826
0 0.5258152173913043 0.31046195652173914 0.016304347826086956 0.012228260869565218
0 0.5217391304347826 0.2764945652173913 0.014266304347826086 0.010190217391304348
0 0.6032608695652174 0.29891304347826086 0.014945652173913044 0.01154891304347826
0 0.6542119565217391 0.29279891304347827 0.014266304347826086 0.01154891304347826
0 0.6637228260869565 0.26902173913043476 0.012228260869565218 0.008831521739130434
0 0.6725543478260869 0.29891304347826086 0.016304347826086956 0.012907608695652174
0 0.6786684782608695 0.3063858695652174 0.016983695652173912 0.012907608695652174
0 0.7024456521739131 0.3063858695652174 0.016983695652173912 0.012907608695652174
0 0.7663043478260869 0.2873641304347826 0.014945652173913044 0.01154891304347826
0 0.9850543478260869 0.42527173913043476 0.029891304347826088 0.025815217391304348
0 0.9925271739130435 0.44021739130434784 0.014945652173913044 0.02717391304347826
0 0.9911684782608695 0.48233695652173914 0.016983695652173912 0.03125
0 0.9408967391304348 0.4626358695652174 0.04008152173913043 0.030570652173913044
0 0.904891304347826 0.4422554347826087 0.03804347826086957 0.027853260869565216
0 0.9157608695652174 0.37907608695652173 0.02717391304347826 0.021059782608695652
0 0.9510869565217391 0.39402173913043476 0.029211956521739132 0.021059782608695652
0 0.9735054347826086 0.33967391304347827 0.02309782608695652 0.016983695652173912
0 0.891983695652174 0.34035326086956524 0.021739130434782608 0.016304347826086956
0 0.8851902173913043 0.37839673913043476 0.02717391304347826 0.020380434782608696
0 0.8695652173913043 0.3070652173913043 0.016983695652173912 0.012907608695652174
0 0.8573369565217391 0.343070652173913 0.021739130434782608 0.016304347826086956
0 0.8288043478260869 0.3546195652173913 0.02309782608695652 0.018342391304347828
0 0.8016304347826086 0.3763586956521739 0.029891304347826088 0.022418478260869564
0 0.8627717391304348 0.4483695652173913 0.03804347826086957 0.028532608695652172
0 0.8077445652173914 0.43002717391304346 0.036684782608695655 0.027853260869565216
0 0.8016304347826086 0.405570652173913 0.035326086956521736 0.026494565217391304
0 0.7758152173913043 0.40896739130434784 0.03328804347826087 0.024456521739130436
0 0.8396739130434783 0.5197010869565217 0.042798913043478264 0.03192934782608696
0 0.7520380434782609 0.5421195652173914 0.04619565217391304 0.034646739130434784
0 0.6949728260869565 0.5020380434782609 0.044157608695652176 0.03328804347826087
0 0.6677989130434783 0.49252717391304346 0.042119565217391304 0.030570652173913044
0 0.6915760869565217 0.46535326086956524 0.03872282608695652 0.029211956521739132
0 0.6997282608695652 0.4470108695652174 0.03804347826086957 0.027853260869565216
0 0.6521739130434783 0.39402173913043476 0.03125 0.02309782608695652
0 0.6521739130434783 0.37160326086956524 0.029211956521739132 0.021739130434782608
0 0.6650815217391305 0.36752717391304346 0.027853260869565216 0.020380434782608696
0 0.701766304347826 0.34375 0.02309782608695652 0.016983695652173912
0 0.6956521739130435 0.375 0.027853260869565216 0.021059782608695652
0 0.7398097826086957 0.33967391304347827 0.021059782608695652 0.015625
0 0.751358695652174 0.3498641304347826 0.025135869565217392 0.018342391304347828
0 0.8192934782608695 0.3172554347826087 0.019021739130434784 0.014266304347826086
0 0.7432065217391305 0.3172554347826087 0.017663043478260868 0.01358695652173913
0 0.7248641304347826 0.40421195652173914 0.033967391304347824 0.025815217391304348
0 0.48233695652173914 0.4945652173913043 0.03872282608695652 0.029891304347826088
0 0.6202445652173914 0.422554347826087 0.036005434782608696 0.02717391304347826
0 0.6175271739130435 0.38315217391304346 0.03125 0.02309782608695652
0 0.6066576086956522 0.36616847826086957 0.029211956521739132 0.022418478260869564
0 0.6154891304347826 0.34646739130434784 0.027853260869565216 0.021059782608695652
0 0.6222826086956522 0.33220108695652173 0.025135869565217392 0.01970108695652174
0 0.6480978260869565 0.3179347826086957 0.01970108695652174 0.014945652173913044
0 0.6304347826086957 0.31589673913043476 0.021059782608695652 0.016304347826086956
0 0.5896739130434783 0.3226902173913043 0.02309782608695652 0.016983695652173912
0 0.5801630434782609 0.33559782608695654 0.025815217391304348 0.01970108695652174
0 0.5563858695652174 0.33967391304347827 0.02717391304347826 0.020380434782608696
0 0.5339673913043478 0.32540760869565216 0.025815217391304348 0.01970108695652174
0 0.5081521739130435 0.33695652173913043 0.025815217391304348 0.020380434782608696
0 0.514266304347826 0.41508152173913043 0.036005434782608696 0.02717391304347826
0 0.49320652173913043 0.40421195652173914 0.033967391304347824 0.025815217391304348
0 0.41508152173913043 0.5489130434782609 0.046875 0.035326086956521736
0 0.40217391304347827 0.43002717391304346 0.035326086956521736 0.026494565217391304
0 0.4517663043478261 0.34035326086956524 0.02717391304347826 0.020380434782608696
0 0.4232336956521739 0.3220108695652174 0.021059782608695652 0.015625
0 0.36752717391304346 0.3226902173913043 0.01970108695652174 0.014945652173913044
0 0.4782608695652174 0.31929347826086957 0.021059782608695652 0.015625
0 0.08899456521739131 0.3172554347826087 0.01970108695652174 0.014945652173913044
0 0.03125 0.34375 0.02309782608695652 0.016983695652173912
0 0.31046195652173914 0.313179347826087 0.019021739130434784 0.014266304347826086
0 0.12364130434782608 0.4626358695652174 0.035326086956521736 0.02717391304347826
0 0.36752717391304346 0.4279891304347826 0.03192934782608696 0.02377717391304348
0 0.344429347826087 0.47214673913043476 0.03804347826086957 0.028532608695652172
0 0.058423913043478264 0.499320652173913 0.03872282608695652 0.029891304347826088
0 0.109375 0.4483695652173913 0.035326086956521736 0.026494565217391304
0 0.6535326086956522 0.6270380434782609 0.05298913043478261 0.04008152173913043
0 0.6494565217391305 0.5944293478260869 0.05298913043478261 0.04008152173913043
0 0.7302989130434783 0.7635869565217391 0.06114130434782609 0.04619565217391304
0 0.8152173913043478 0.6073369565217391 0.05502717391304348 0.041440217391304345
0 0.8974184782608695 0.6793478260869565 0.06317934782608696 0.04823369565217391
0 0.8980978260869565 0.779891304347826 0.06385869565217392 0.04823369565217391
0 0.7153532608695652 0.9646739130434783 0.07269021739130435 0.05570652173913043
0 0.5040760869565217 0.8743206521739131 0.06521739130434782 0.04891304347826087
0 0.43410326086956524 0.8817934782608695 0.06589673913043478 0.050271739130434784
0 0.47146739130434784 0.9714673913043478 0.06793478260869565 0.050951086956521736
0 0.33152173913043476 0.9578804347826086 0.06997282608695653 0.052309782608695655
0 0.36616847826086957 0.26154891304347827 0.012907608695652174 0.010190217391304348
0 0.4952445652173913 0.45584239130434784 0.03804347826086957 0.027853260869565216
0 0.6990489130434783 0.358695652173913 0.025815217391304348 0.01970108695652174