0 0.9599184782608695 0.9667119565217391 0.009510869565217392 0.012907608695652174
0 0.9904891304347826 0.6752717391304348 0.006793478260869565 0.006114130434782609
0 0.9993206521739131 0.7302989130434783 0.001358695652173913 0.006793478260869565
0 0.9809782608695652 0.766983695652174 0.006793478260869565 0.006114130434782609
0 0.8546195652173914 0.9483695652173914 0.01154891304347826 0.015625
0 0.8994565217391305 0.8627717391304348 0.012228260869565218 0.014945652173913044
0 0.7336956521739131 0.8654891304347826 0.010869565217391304 0.009510869565217392
0 0.6902173913043478 0.8430706521739131 0.009510869565217392 0.009510869565217392
0 0.7309782608695652 0.8152173913043478 0.008831521739130434 0.008831521739130434
0 0.7649456521739131 0.8172554347826086 0.009510869565217392 0.009510869565217392
0 0.7785326086956522 0.7921195652173914 0.006793478260869565 0.006793478260869565
0 0.7527173913043478 0.7832880434782609 0.006793478260869565 0.006114130434782609
0 0.735733695652174 0.7785326086956522 0.007472826086956522 0.006793478260869565
0 0.7153532608695652 0.7880434782608695 0.007472826086956522 0.006793478260869565
0 0.8308423913043478 0.7676630434782609 0.005434782608695652 0.005434782608695652
0 0.9184782608695652 0.7574728260869565 0.005434782608695652 0.005434782608695652
0 0.7112771739130435 0.7398097826086957 0.009510869565217392 0.009510869565217392
0 0.9110054347826086 0.6902173913043478 0.004755434782608696 0.004076086956521739
0 0.8532608695652174 0.6773097826086957 0.004755434782608696 0.004076086956521739
0 0.8539402173913043 0.6854619565217391 0.004755434782608696 0.004076086956521739
0 0.8369565217391305 0.6820652173913043 0.004755434782608696 0.004076086956521739
0 0.8260869565217391 0.6807065217391305 0.004755434782608696 0.004076086956521739
0 0.8403532608695652 0.6691576086956522 0.004755434782608696 0.004076086956521739
0 0.7989130434782609 0.6902173913043478 0.006793478260869565 0.005434782608695652
0 0.8029891304347826 0.7010869565217391 0.005434782608695652 0.004755434782608696
0 0.7466032608695652 0.7065217391304348 0.005434782608695652 0.005434782608695652
0 0.7296195652173914 0.701766304347826 0.006793478260869565 0.005434782608695652
0 0.7438858695652174 0.7160326086956522 0.005434782608695652 0.005434782608695652
0 0.7683423913043478 0.7133152173913043 0.005434782608695652 0.005434782608695652
0 0.8016304347826086 0.7139945652173914 0.004755434782608696 0.004755434782608696
0 0.7887228260869565 0.7214673913043478 0.005434782608695652 0.004755434782608696
0 0.7194293478260869 0.7255434782608695 0.007472826086956522 0.007472826086956522
0 0.751358695652174 0.6711956521739131 0.004755434782608696 0.005434782608695652
0 0.7533967391304348 0.6657608695652174 0.004755434782608696 0.004755434782608696
0 0.7567934782608695 0.6637228260869565 0.004076086956521739 0.004076086956521739
0 0.7275815217391305 0.6664402173913043 0.005434782608695652 0.004755434782608696
0 0.7180706521739131 0.6671195652173914 0.005434782608695652 0.005434782608695652
0 0.688858695652174 0.6813858695652174 0.006793478260869565 0.006793478260869565
0 0.6847826086956522 0.6766304347826086 0.006793478260869565 0.006114130434782609
0 0.6739130434782609 0.6677989130434783 0.005434782608695652 0.005434782608695652
0 0.6677989130434783 0.6644021739130435 0.004755434782608696 0.005434782608695652
0 0.6385869565217391 0.6711956521739131 0.005434782608695652 0.005434782608695652
0 0.6542119565217391 0.6834239130434783 0.005434782608695652 0.005434782608695652
0 0.6677989130434783 0.6902173913043478 0.004755434782608696 0.005434782608695652
0 0.6141304347826086 0.6868206521739131 0.005434782608695652 0.005434782608695652
0 0.6039402173913043 0.6807065217391305 0.005434782608695652 0.006114130434782609
0 0.6032608695652174 0.6745923913043478 0.005434782608695652 0.004755434782608696
0 0.5720108695652174 0.688858695652174 0.006793478260869565 0.005434782608695652
0 0.5822010869565217 0.6922554347826086 0.006793478260869565 0.006114130434782609
0 0.5903532608695652 0.6956521739130435 0.006793478260869565 0.006114130434782609
0 0.6046195652173914 0.7004076086956522 0.005434782608695652 0.005434782608695652
0 0.6005434782608695 0.7078804347826086 0.005434782608695652 0.005434782608695652
0 0.6603260869565217 0.7418478260869565 0.006793478260869565 0.006114130434782609
0 0.6032608695652174 0.7404891304347826 0.005434782608695652 0.005434782608695652
0 0.6297554347826086 0.7608695652173914 0.006793478260869565 0.006793478260869565
0 0.6480978260869565 0.766983695652174 0.008152173913043478 0.007472826086956522
0 0.5760869565217391 0.7520380434782609 0.006793478260869565 0.005434782608695652
0 0.5346467391304348 0.7404891304347826 0.005434782608695652 0.006114130434782609
0 0.515625 0.7554347826086957 0.006793478260869565 0.007472826086956522
0 0.516983695652174 0.7758152173913043 0.008152173913043478 0.008152173913043478
0 0.5006793478260869 0.7690217391304348 0.006793478260869565 0.006114130434782609
0 0.4585597826086957 0.7601902173913043 0.007472826086956522 0.007472826086956522
0 0.47078804347826086 0.7629076086956522 0.007472826086956522 0.008152173913043478
0 0.40964673913043476 0.7887228260869565 0.008831521739130434 0.008831521739130434
0 0.3342391304347826 0.7894021739130435 0.009510869565217392 0.008831521739130434
0 0.33084239130434784 0.7567934782608695 0.009510869565217392 0.010190217391304348
0 0.28804347826086957 0.8063858695652174 0.010869565217391304 0.010869565217391304
0 0.27853260869565216 0.7989130434782609 0.01154891304347826 0.010869565217391304
0 0.2296195652173913 0.8125 0.009510869565217392 0.010190217391304348
0 0.33967391304347827 0.8186141304347826 0.01154891304347826 0.010869565217391304
0 0.35597826086956524 0.8430706521739131 0.01154891304347826 0.010869565217391304
0 0.405570652173913 0.8716032608695652 0.010869565217391304 0.012228260869565218
0 0.514266304347826 0.8485054347826086 0.009510869565217392 0.009510869565217392
0 0.4945652173913043 0.8029891304347826 0.008831521739130434 0.008152173913043478
0 0.6637228260869565 0.8036684782608695 0.009510869565217392 0.010190217391304348
0 0.6372282608695652 0.8756793478260869 0.01154891304347826 0.010869565217391304
0 0.06657608695652174 0.860733695652174 0.01154891304347826 0.012228260869565218
0 0.1644021739130435 0.8831521739130435 0.01358695652173913 0.01358695652173913
0 0.21195652173913043 0.8648097826086957 0.012228260869565218 0.01358695652173913
0 0.10597826086956522 0.8328804347826086 0.012228260869565218 0.012907608695652174
0 0.171875 0.8308423913043478 0.010869565217391304 0.010869565217391304
0 0.20176630434782608 0.8342391304347826 0.014266304347826086 0.012228260869565218
0 0.23845108695652173 0.8478260869565217 0.010869565217391304 0.012228260869565218
0 0.2826086956521739 0.8573369565217391 0.01154891304347826 0.010869565217391304
0 0.08220108695652174 0.7894021739130435 0.01358695652173913 0.012228260869565218
0 0.13111413043478262 0.7615489130434783 0.009510869565217392 0.008831521739130434
0 0.11684782608695653 0.7506793478260869 0.008831521739130434 0.008152173913043478
0 0.15489130434782608 0.7472826086956522 0.008831521739130434 0.008152173913043478
0 0.1922554347826087 0.7588315217391305 0.009510869565217392 0.012228260869565218
0 0.26222826086956524 0.7601902173913043 0.009510869565217392 0.009510869565217392
0 0.24728260869565216 0.7540760869565217 0.009510869565217392 0.009510869565217392
0 0.23573369565217392 0.751358695652174 0.009510869565217392 0.009510869565217392
0 0.27717391304347827 0.7411684782608695 0.008831521739130434 0.009510869565217392
0 0.29279891304347827 0.7479619565217391 0.008831521739130434 0.008831521739130434
0 0.3016304347826087 0.751358695652174 0.012228260869565218 0.010869565217391304
0 0.019021739130434784 0.7914402173913043 0.01154891304347826 0.010869565217391304
0 0.007472826086956522 0.78125 0.01154891304347826 0.01358695652173913
0 0.01154891304347826 0.8084239130434783 0.01154891304347826 0.010869565217391304
0 0.050951086956521736 0.8512228260869565 0.01358695652173913 0.012228260869565218
0 0.3294836956521739 0.670516304347826 0.007472826086956522 0.006793478260869565
0 0.31589673913043476 0.7221467391304348 0.007472826086956522 0.006793478260869565
0 0.35529891304347827 0.7411684782608695 0.008831521739130434 0.008831521739130434
0 0.4164402173913043 0.7391304347826086 0.006793478260869565 0.005434782608695652
0 0.39809782608695654 0.7309782608695652 0.006793478260869565 0.005434782608695652
0 0.36820652173913043 0.7241847826086957 0.007472826086956522 0.006114130434782609
0 0.35054347826086957 0.7180706521739131 0.005434782608695652 0.006114130434782609
0 0.4048913043478261 0.7092391304347826 0.005434782608695652 0.005434782608695652
0 0.4164402173913043 0.7119565217391305 0.006793478260869565 0.005434782608695652
0 0.4476902173913043 0.7289402173913043 0.007472826086956522 0.006114130434782609
0 0.46467391304347827 0.7105978260869565 0.005434782608695652 0.006114130434782609
0 0.48845108695652173 0.6915760869565217 0.005434782608695652 0.004755434782608696
0 0.5061141304347826 0.7051630434782609 0.006793478260869565 0.006114130434782609
0 0.6970108695652174 0.686141304347826 0.007472826086956522 0.007472826086956522
0 0.609375 0.6304347826086957 0.004755434782608696 0.004076086956521739
0 0.9979619565217391 0.9375 0.004076086956521739 0.010869565217391304
0 0.9300271739130435 0.9144021739130435 0.012907608695652174 0.010190217391304348
0 0.9483695652173914 0.938858695652174 0.014266304347826086 0.010869565217391304
0 0.9904891304347826 0.873641304347826 0.012228260869565218 0.008831521739130434
0 0.9653532608695652 0.8940217391304348 0.012907608695652174 0.009510869565217392
0 0.9429347826086957 0.8668478260869565 0.01154891304347826 0.008831521739130434
0 0.9789402173913043 0.8471467391304348 0.01154891304347826 0.008831521739130434
0 0.9368206521739131 0.84375 0.01154891304347826 0.008831521739130434
0 0.9755434782608695 0.8627717391304348 0.012228260869565218 0.009510869565217392
0 0.9402173913043478 0.8552989130434783 0.01154891304347826 0.009510869565217392
0 0.9836956521739131 0.8254076086956522 0.010190217391304348 0.008152173913043478
0 0.9979619565217391 0.8206521739130435 0.004076086956521739 0.006793478260869565
0 0.9898097826086957 0.7072010869565217 0.006793478260869565 0.005434782608695652
0 0.9721467391304348 0.7112771739130435 0.006793478260869565 0.004755434782608696
0 0.970108695652174 0.7024456521739131 0.006793478260869565 0.004755434782608696
0 0.9572010869565217 0.7058423913043478 0.006793478260869565 0.004755434782608696
0 0.9728260869565217 0.673233695652174 0.006793478260869565 0.004755434782608696
0 0.9809782608695652 0.7269021739130435 0.006793478260869565 0.004755434782608696
0 0.9572010869565217 0.7235054347826086 0.006793478260869565 0.004755434782608696
0 0.9381793478260869 0.7160326086956522 0.006114130434782609 0.004755434782608696
0 0.9313858695652174 0.7282608695652174 0.006793478260869565 0.004755434782608696
0 0.96875 0.7289402173913043 0.006793478260869565 0.005434782608695652
0 0.983016304347826 0.7350543478260869 0.006793478260869565 0.004755434782608696
0 0.9945652173913043 0.748641304347826 0.007472826086956522 0.005434782608695652
0 0.9680706521739131 0.7438858695652174 0.006793478260869565 0.004755434782608696
0 0.938858695652174 0.7384510869565217 0.006793478260869565 0.004755434782608696
0 0.9334239130434783 0.7472826086956522 0.006793478260869565 0.004755434782608696
0 0.9775815217391305 0.7547554347826086 0.007472826086956522 0.005434782608695652
0 0.9585597826086957 0.7608695652173914 0.008152173913043478 0.005434782608695652
0 0.96875 0.7737771739130435 0.008831521739130434 0.006114130434782609
0 0.9422554347826086 0.7839673913043478 0.008831521739130434 0.006114130434782609
0 0.8648097826086957 0.9755434782608695 0.014945652173913044 0.010869565217391304
0 0.8987771739130435 0.9599184782608695 0.014945652173913044 0.010869565217391304
0 0.7866847826086957 0.9504076086956522 0.014945652173913044 0.010869565217391304
0 0.7085597826086957 0.9572010869565217 0.015625 0.01154891304347826
0 0.7269021739130435 0.9796195652173914 0.015625 0.01154891304347826
0 0.6779891304347826 0.9775815217391305 0.015625 0.012228260869565218
0 0.7554347826086957 0.9123641304347826 0.014945652173913044 0.010869565217391304
0 0.8355978260869565 0.9021739130434783 0.01358695652173913 0.010190217391304348
0 0.8491847826086957 0.921875 0.01358695652173913 0.010190217391304348
0 0.9021739130434783 0.923233695652174 0.01358695652173913 0.010190217391304348
0 0.890625 0.9001358695652174 0.012907608695652174 0.010190217391304348
0 0.9171195652173914 0.8879076086956522 0.012907608695652174 0.009510869565217392
0 0.7540760869565217 0.8634510869565217 0.012228260869565218 0.008831521739130434
0 0.764266304347826 0.8573369565217391 0.01154891304347826 0.008831521739130434
0 0.7989130434782609 0.8627717391304348 0.012907608695652174 0.009510869565217392
0 0.6902173913043478 0.8831521739130435 0.012907608695652174 0.009510869565217392
0 0.735733695652174 0.8410326086956522 0.010869565217391304 0.008152173913043478
0 0.6949728260869565 0.858016304347826 0.01154891304347826 0.009510869565217392
0 0.7282608695652174 0.828125 0.010190217391304348 0.008152173913043478
0 0.6963315217391305 0.8240489130434783 0.010190217391304348 0.008152173913043478
0 0.6936141304347826 0.8077445652173914 0.009510869565217392 0.008152173913043478
0 0.7663043478260869 0.8349184782608695 0.010190217391304348 0.008152173913043478
0 0.7995923913043478 0.8254076086956522 0.009510869565217392 0.007472826086956522
0 0.8057065217391305 0.8369565217391305 0.01154891304347826 0.008831521739130434
0 0.8355978260869565 0.8301630434782609 0.01154891304347826 0.008831521739130434
0 0.9021739130434783 0.8084239130434783 0.010869565217391304 0.008152173913043478
0 0.8845108695652174 0.8009510869565217 0.010190217391304348 0.008152173913043478
0 0.8519021739130435 0.7948369565217391 0.009510869565217392 0.007472826086956522
0 0.8349184782608695 0.8057065217391305 0.010190217391304348 0.008152173913043478
0 0.8097826086956522 0.795516304347826 0.008831521739130434 0.006114130434782609
0 0.8023097826086957 0.8009510869565217 0.009510869565217392 0.006114130434782609
0 0.765625 0.7995923913043478 0.009510869565217392 0.006793478260869565
0 0.7364130434782609 0.7941576086956522 0.009510869565217392 0.007472826086956522
0 0.9252717391304348 0.7819293478260869 0.009510869565217392 0.006793478260869565
0 0.8824728260869565 0.7778532608695652 0.009510869565217392 0.006793478260869565
0 0.8539402173913043 0.7839673913043478 0.009510869565217392 0.006793478260869565
0 0.8539402173913043 0.7751358695652174 0.008152173913043478 0.006114130434782609
0 0.8233695652173914 0.7649456521739131 0.007472826086956522 0.005434782608695652
0 0.7934782608695652 0.7724184782608695 0.008152173913043478 0.006114130434782609
0 0.7649456521739131 0.7703804347826086 0.008831521739130434 0.006114130434782609
0 0.7975543478260869 0.7622282608695652 0.007472826086956522 0.006114130434782609
0 0.8519021739130435 0.7595108695652174 0.006793478260869565 0.004755434782608696
0 0.8464673913043478 0.7438858695652174 0.006114130434782609 0.004755434782608696
0 0.8661684782608695 0.7452445652173914 0.006114130434782609 0.004755434782608696
0 0.8614130434782609 0.7404891304347826 0.006114130434782609 0.004755434782608696
0 0.889266304347826 0.7540760869565217 0.006793478260869565 0.004755434782608696
0 0.8980978260869565 0.7676630434782609 0.007472826086956522 0.005434782608695652
0 0.9103260869565217 0.734375 0.006793478260869565 0.004755434782608696
0 0.9008152173913043 0.7425271739130435 0.006793478260869565 0.004755434782608696
0 0.8933423913043478 0.7316576086956522 0.006114130434782609 0.004755434782608696
0 0.9103260869565217 0.7269021739130435 0.006114130434782609 0.004755434782608696
0 0.7663043478260869 0.7377717391304348 0.007472826086956522 0.006114130434782609
0 0.7425271739130435 0.7282608695652174 0.009510869565217392 0.006793478260869565
0 0.8824728260869565 0.6922554347826086 0.005434782608695652 0.004076086956521739
0 0.8831521739130435 0.686141304347826 0.006114130434782609 0.004076086956521739
0 0.8668478260869565 0.6759510869565217 0.005434782608695652 0.0033967391304347825
0 0.8641304347826086 0.6895380434782609 0.006114130434782609 0.004076086956521739
0 0.842391304347826 0.6895380434782609 0.006114130434782609 0.004076086956521739
0 0.8288043478260869 0.6976902173913043 0.006114130434782609 0.004076086956521739
0 0.8077445652173914 0.6908967391304348 0.005434782608695652 0.004076086956521739
0 0.8029891304347826 0.6834239130434783 0.005434782608695652 0.004076086956521739
0 0.811141304347826 0.7065217391304348 0.006114130434782609 0.004755434782608696
0 0.78125 0.6963315217391305 0.006114130434782609 0.004755434782608696
0 0.765625 0.7051630434782609 0.006793478260869565 0.004755434782608696
0 0.7180706521739131 0.7085597826086957 0.008152173913043478 0.005434782608695652
0 0.8043478260869565 0.7302989130434783 0.006114130434782609 0.004755434782608696
0 0.8179347826086957 0.7228260869565217 0.006114130434782609 0.004755434782608696
0 0.7119565217391305 0.7235054347826086 0.008831521739130434 0.006114130434782609
0 0.7004076086956522 0.7309782608695652 0.008831521739130434 0.006114130434782609
0 0.6949728260869565 0.7139945652173914 0.008831521739130434 0.006114130434782609
0 0.717391304347826 0.735733695652174 0.008831521739130434 0.006114130434782609
0 0.8532608695652174 0.6385869565217391 0.0033967391304347825 0.002717391304347826
0 0.8947010869565217 0.6365489130434783 0.006114130434782609 0.004755434782608696
0 0.8831521739130435 0.6385869565217391 0.004076086956521739 0.002717391304347826
0 0.9089673913043478 0.6453804347826086 0.005434782608695652 0.004755434782608696
0 0.9476902173913043 0.6304347826086957 0.0033967391304347825 0.002717391304347826
0 0.7241847826086957 0.6711956521739131 0.006114130434782609 0.004755434782608696
0 0.6949728260869565 0.6915760869565217 0.007472826086956522 0.004755434782608696
0 0.6440217391304348 0.6752717391304348 0.006793478260869565 0.004755434782608696
0 0.6752717391304348 0.7126358695652174 0.008152173913043478 0.006114130434782609
0 0.6324728260869565 0.6997282608695652 0.006793478260869565 0.004755434782608696
0 0.6297554347826086 0.6929347826086957 0.006793478260869565 0.004755434782608696
0 0.5692934782608695 0.6820652173913043 0.006793478260869565 0.004755434782608696
0 0.6120923913043478 0.7153532608695652 0.006793478260869565 0.004755434782608696
0 0.6100543478260869 0.7289402173913043 0.006793478260869565 0.005434782608695652
0 0.6338315217391305 0.7309782608695652 0.006793478260869565 0.005434782608695652
0 0.6514945652173914 0.7350543478260869 0.008152173913043478 0.006114130434782609
0 0.5903532608695652 0.7323369565217391 0.007472826086956522 0.005434782608695652
0 0.623641304347826 0.7445652173913043 0.007472826086956522 0.005434782608695652
0 0.6385869565217391 0.7479619565217391 0.008152173913043478 0.006114130434782609
0 0.6120923913043478 0.7561141304347826 0.007472826086956522 0.006114130434782609
0 0.5523097826086957 0.7493206521739131 0.007472826086956522 0.005434782608695652
0 0.5475543478260869 0.7608695652173914 0.008152173913043478 0.006114130434782609
0 0.5740489130434783 0.766983695652174 0.008831521739130434 0.006114130434782609
0 0.5930706521739131 0.7737771739130435 0.009510869565217392 0.006793478260869565
0 0.6154891304347826 0.7758152173913043 0.009510869565217392 0.006793478260869565
0 0.5699728260869565 0.7785326086956522 0.009510869565217392 0.006793478260869565
0 0.5475543478260869 0.782608695652174 0.008831521739130434 0.006793478260869565
0 0.5183423913043478 0.7887228260869565 0.009510869565217392 0.006793478260869565
0 0.49116847826086957 0.7758152173913043 0.008831521739130434 0.006793478260869565
0 0.48709239130434784 0.7860054347826086 0.009510869565217392 0.007472826086956522
0 0.44497282608695654 0.7737771739130435 0.009510869565217392 0.006793478260869565
0 0.43410326086956524 0.7697010869565217 0.008831521739130434 0.006114130434782609
0 0.39809782608695654 0.7860054347826086 0.010869565217391304 0.008152173913043478
0 0.38315217391304346 0.7758152173913043 0.010190217391304348 0.007472826086956522
0 0.42595108695652173 0.795516304347826 0.010190217391304348 0.008152173913043478
0 0.38790760869565216 0.8009510869565217 0.01154891304347826 0.008152173913043478
0 0.4313858695652174 0.8145380434782609 0.01154891304347826 0.008152173913043478
0 0.26766304347826086 0.8145380434782609 0.012907608695652174 0.009510869565217392
0 0.2907608695652174 0.8315217391304348 0.012228260869565218 0.009510869565217392
0 0.32540760869565216 0.8349184782608695 0.012907608695652174 0.009510869565217392
0 0.36820652173913043 0.8220108695652174 0.012228260869565218 0.009510869565217392
0 0.3967391304347826 0.8308423913043478 0.012228260869565218 0.009510869565217392
0 0.4626358695652174 0.8029891304347826 0.009510869565217392 0.007472826086956522
0 0.5400815217391305 0.798233695652174 0.009510869565217392 0.007472826086956522
0 0.5502717391304348 0.8389945652173914 0.01154891304347826 0.008831521739130434
0 0.5339673913043478 0.858016304347826 0.012228260869565218 0.009510869565217392
0 0.6216032608695652 0.8342391304347826 0.010869565217391304 0.008152173913043478
0 0.6480978260869565 0.8539402173913043 0.01154891304347826 0.008831521739130434
0 0.6304347826086957 0.811141304347826 0.009510869565217392 0.008152173913043478
0 0.5801630434782609 0.8620923913043478 0.012228260869565218 0.009510869565217392
0 0.6188858695652174 0.8858695652173914 0.012907608695652174 0.009510869565217392
0 0.5285326086956522 0.8824728260869565 0.012907608695652174 0.009510869565217392
0 0.4578804347826087 0.8654891304347826 0.012907608695652174 0.010190217391304348
0 0.6134510869565217 0.9096467391304348 0.01358695652173913 0.010190217391304348
0 0.5658967391304348 0.9103260869565217 0.01358695652173913 0.010190217391304348
0 0.5692934782608695 0.9327445652173914 0.014266304347826086 0.010869565217391304
0 0.5210597826086957 0.9225543478260869 0.014945652173913044 0.010869565217391304
0 0.5224184782608695 0.9008152173913043 0.014266304347826086 0.010869565217391304
0 0.48233695652173914 0.8953804347826086 0.014266304347826086 0.010869565217391304
0 0.49116847826086957 0.9551630434782609 0.015625 0.012228260869565218
0 0.468070652173913 0.9225543478260869 0.014945652173913044 0.010869565217391304
0 0.43070652173913043 0.9538043478260869 0.015625 0.01154891304347826
0 0.438179347826087 0.9769021739130435 0.016304347826086956 0.012228260869565218
0 0.3845108695652174 0.967391304347826 0.015625 0.01154891304347826
0 0.390625 0.9402173913043478 0.015625 0.012228260869565218
0 0.35054347826086957 0.9558423913043478 0.016304347826086956 0.012228260869565218
0 0.34714673913043476 0.9300271739130435 0.014945652173913044 0.010869565217391304
0 0.328804347826087 0.9225543478260869 0.015625 0.012228260869565218
0 0.281929347826087 0.9144021739130435 0.015625 0.01154891304347826
0 0.2554347826086957 0.9442934782608695 0.015625 0.012228260869565218
0 0.22826086956521738 0.9273097826086957 0.016304347826086956 0.012228260869565218
0 0.344429347826087 0.8960597826086957 0.014945652173913044 0.010869565217391304
0 0.42459239130434784 0.9144021739130435 0.014945652173913044 0.010869565217391304
0 0.22214673913043478 0.9714673913043478 0.016304347826086956 0.012228260869565218
0 0.17798913043478262 0.9667119565217391 0.016304347826086956 0.012228260869565218
0 0.13858695652173914 0.9524456521739131 0.016304347826086956 0.012228260869565218
0 0.11209239130434782 0.984375 0.016983695652173912 0.01358695652173913
0 0.08152173913043478 0.9714673913043478 0.017663043478260868 0.01358695652173913
0 0.010190217391304348 0.9938858695652174 0.017663043478260868 0.012228260869565218
0 0.006114130434782609 0.9103260869565217 0.012228260869565218 0.010869565217391304
0 0.10122282608695653 0.90625 0.015625 0.012228260869565218
0 0.07133152173913043 0.891983695652174 0.015625 0.010869565217391304
0 0.050271739130434784 0.8940217391304348 0.015625 0.010869565217391304
0 0.04823369565217391 0.8797554347826086 0.015625 0.010869565217391304
0 0.015625 0.876358695652174 0.014945652173913044 0.010869565217391304
0 0.09986413043478261 0.8661684782608695 0.014945652173913044 0.010869565217391304
0 0.12432065217391304 0.875 0.015625 0.01154891304347826
0 0.22826086956521738 0.8777173913043478 0.014945652173913044 0.010869565217391304
0 0.1793478260869565 0.8559782608695652 0.014266304347826086 0.010869565217391304
0 0.171875 0.8478260869565217 0.014266304347826086 0.010869565217391304
0 0.13722826086956522 0.8417119565217391 0.014945652173913044 0.010869565217391304
0 0.15828804347826086 0.8172554347826086 0.01358695652173913 0.010190217391304348
0 0.21807065217391305 0.8444293478260869 0.014266304347826086 0.010869565217391304
0 0.10461956521739131 0.7914402173913043 0.012228260869565218 0.009510869565217392
0 0.07472826086956522 0.779891304347826 0.012228260869565218 0.009510869565217392
0 0.06997282608695653 0.7676630434782609 0.01154891304347826 0.008831521739130434
0 0.05434782608695652 0.765625 0.01154891304347826 0.008831521739130434
0 0.13926630434782608 0.7690217391304348 0.01154891304347826 0.008152173913043478
0 0.15489130434782608 0.7785326086956522 0.012228260869565218 0.009510869565217392
0 0.16779891304347827 0.7846467391304348 0.012228260869565218 0.008831521739130434
0 0.18682065217391305 0.75 0.010190217391304348 0.008152173913043478
0 0.21263586956521738 0.7676630434782609 0.010869565217391304 0.008152173913043478
0 0.2112771739130435 0.7771739130434783 0.012228260869565218 0.008831521739130434
0 0.27717391304347827 0.765625 0.01154891304347826 0.008831521739130434
0 0.2642663043478261 0.7377717391304348 0.009510869565217392 0.007472826086956522
0 0.2710597826086957 0.7309782608695652 0.009510869565217392 0.006793478260869565
0 0.31046195652173914 0.7547554347826086 0.010190217391304348 0.008152173913043478
0 0.025815217391304348 0.7961956521739131 0.01358695652173913 0.010190217391304348
0 0.0033967391304347825 0.7764945652173914 0.006793478260869565 0.009510869565217392
0 0.07540760869565218 0.8029891304347826 0.01358695652173913 0.010190217391304348
0 0.012907608695652174 0.8627717391304348 0.014945652173913044 0.010869565217391304
0 0.3383152173913043 0.6813858695652174 0.007472826086956522 0.005434782608695652
0 0.3179347826086957 0.6841032608695652 0.007472826086956522 0.004755434782608696
0 0.4008152173913043 0.6474184782608695 0.008152173913043478 0.005434782608695652
0 0.32608695652173914 0.7248641304347826 0.008152173913043478 0.006114130434782609
0 0.33559782608695654 0.7336956521739131 0.009510869565217392 0.006793478260869565
0 0.38247282608695654 0.751358695652174 0.009510869565217392 0.006793478260869565
0 0.3797554347826087 0.7296195652173914 0.008831521739130434 0.006114130434782609
0 0.4232336956521739 0.7160326086956522 0.006793478260869565 0.005434782608695652
0 0.4361413043478261 0.7214673913043478 0.007472826086956522 0.005434782608695652
0 0.4585597826086957 0.7316576086956522 0.007472826086956522 0.006114130434782609
0 0.4639945652173913 0.7194293478260869 0.007472826086956522 0.004755434782608696
0 0.48029891304347827 0.720108695652174 0.007472826086956522 0.005434782608695652
0 0.499320652173913 0.7262228260869565 0.007472826086956522 0.005434782608695652
0 0.44565217391304346 0.7072010869565217 0.006793478260869565 0.004755434782608696
0 0.44497282608695654 0.7004076086956522 0.006793478260869565 0.004755434782608696
0 0.499320652173913 0.7004076086956522 0.006793478260869565 0.005434782608695652
0 0.514266304347826 0.7119565217391305 0.006793478260869565 0.005434782608695652
0 0.5346467391304348 0.720108695652174 0.006793478260869565 0.005434782608695652
0 0.6304347826086957 0.6148097826086957 0.004755434782608696 0.004076086956521739
0 0.6936141304347826 0.6283967391304348 0.002717391304347826 0.0020380434782608695
0 0.734375 0.6399456521739131 0.006114130434782609 0.004755434782608696
0 0.7370923913043478 0.6311141304347826 0.004755434782608696 0.0033967391304347825
0 0.7914402173913043 0.6379076086956522 0.004076086956521739 0.0033967391304347825
0 0.7540760869565217 0.6413043478260869 0.004755434782608696 0.0033967391304347825
0 0.766983695652174 0.641983695652174 0.004755434782608696 0.0033967391304347825
0 0.7581521739130435 0.639266304347826 0.004755434782608696 0.0033967391304347825
0 0.936141304347826 0.639266304347826 0.004755434782608696 0.0033967391304347825