0 0.22146739130434784 0.6528532608695652 0.008831521739130434 0.009510869565217392
0 0.30910326086956524 0.6345108695652174 0.008831521739130434 0.008831521739130434
0 0.37907608695652173 0.6487771739130435 0.008831521739130434 0.009510869565217392
0 0.5400815217391305 0.7404891304347826 0.025815217391304348 0.02309782608695652
0 0.7248641304347826 0.6555706521739131 0.008831521739130434 0.008831521739130434
0 0.08831521739130435 0.6032608695652174 0.009510869565217392 0.006793478260869565
0 0.11141304347826086 0.5985054347826086 0.008831521739130434 0.005434782608695652
0 0.10326086956521739 0.5991847826086957 0.008831521739130434 0.006793478260869565
0 0.041440217391304345 0.626358695652174 0.009510869565217392 0.007472826086956522
0 0.051630434782608696 0.6243206521739131 0.009510869565217392 0.008152173913043478
0 0.05570652173913043 0.6297554347826086 0.001358695652173913 0.001358695652173913
0 0.12567934782608695 0.626358695652174 0.009510869565217392 0.007472826086956522
0 0.21467391304347827 0.59375 0.007472826086956522 0.006793478260869565
0 0.24728260869565216 0.59375 0.007472826086956522 0.006793478260869565
0 0.23641304347826086 0.5862771739130435 0.008831521739130434 0.005434782608695652
0 0.23165760869565216 0.5835597826086957 0.007472826086956522 0.005434782608695652
0 0.22010869565217392 0.5801630434782609 0.007472826086956522 0.006793478260869565
0 0.21467391304347827 0.5808423913043478 0.007472826086956522 0.005434782608695652
0 0.1983695652173913 0.5815217391304348 0.007472826086956522 0.005434782608695652
0 0.18546195652173914 0.576766304347826 0.007472826086956522 0.005434782608695652
0 0.1800271739130435 0.5944293478260869 0.008831521739130434 0.005434782608695652
0 0.27309782608695654 0.595108695652174 0.007472826086956522 0.006793478260869565
0 0.27921195652173914 0.6120923913043478 0.008831521739130434 0.007472826086956522
0 0.28125 0.608016304347826 0.008831521739130434 0.006793478260869565
0 0.28464673913043476 0.6127717391304348 0.008831521739130434 0.007472826086956522
0 0.28532608695652173 0.6019021739130435 0.008831521739130434 0.007472826086956522
0 0.2717391304347826 0.6012228260869565 0.008831521739130434 0.006793478260869565
0 0.19021739130434784 0.5788043478260869 0.007472826086956522 0.005434782608695652
0 0.1637228260869565 0.5822010869565217 0.007472826086956522 0.005434782608695652
0 0.1644021739130435 0.610733695652174 0.009510869565217392 0.006793478260869565
0 0.17459239130434784 0.5822010869565217 0.008831521739130434 0.005434782608695652
0 0.17051630434782608 0.5774456521739131 0.007472826086956522 0.005434782608695652
0 0.15896739130434784 0.5774456521739131 0.007472826086956522 0.005434782608695652
0 0.15557065217391305 0.5754076086956522 0.007472826086956522 0.005434782608695652
0 0.14741847826086957 0.5713315217391305 0.007472826086956522 0.004755434782608696
0 0.13654891304347827 0.5706521739130435 0.006793478260869565 0.004755434782608696
0 0.12567934782608695 0.5720108695652174 0.007472826086956522 0.004755434782608696
0 0.14470108695652173 0.5876358695652174 0.008831521739130434 0.005434782608695652
0 0.14945652173913043 0.5849184782608695 0.007472826086956522 0.006793478260869565
0 0.16508152173913043 0.5889945652173914 0.008831521739130434 0.006793478260869565
0 0.3016304347826087 0.59375 0.008831521739130434 0.006793478260869565
0 0.3423913043478261 0.7724184782608695 0.03125 0.02377717391304348
0 0.24932065217391305 0.7710597826086957 0.03125 0.02377717391304348
0 0.485054347826087 0.6447010869565217 0.009510869565217392 0.007472826086956522
0 0.5040760869565217 0.623641304347826 0.010869565217391304 0.008152173913043478
0 0.40964673913043476 0.6046195652173914 0.008831521739130434 0.006793478260869565
0 0.40421195652173914 0.608016304347826 0.009510869565217392 0.006793478260869565
0 0.4422554347826087 0.6052989130434783 0.008831521739130434 0.006793478260869565
0 0.45516304347826086 0.6073369565217391 0.008831521739130434 0.006793478260869565
0 0.47146739130434784 0.609375 0.009510869565217392 0.006793478260869565
0 0.5713315217391305 0.6066576086956522 0.010869565217391304 0.007472826086956522
0 0.5835597826086957 0.6657608695652174 0.016304347826086956 0.01154891304347826
0 0.5502717391304348 0.7167119565217391 0.025135869565217392 0.017663043478260868
0 0.766983695652174 0.6616847826086957 0.014945652173913044 0.01154891304347826
0 0.8192934782608695 0.6684782608695652 0.016304347826086956 0.012228260869565218
0 0.938858695652174 0.6589673913043478 0.014945652173913044 0.010869565217391304
0 0.9966032608695652 0.6827445652173914 0.006793478260869565 0.014945652173913044