0 0.8797554347826086 0.7900815217391305 0.04891304347826087 0.029211956521739132
0 0.8987771739130435 0.7676630434782609 0.05366847826086957 0.028532608695652172
0 0.8498641304347826 0.7228260869565217 0.050951086956521736 0.025135869565217392
0 0.8254076086956522 0.6677989130434783 0.04755434782608696 0.025135869565217392
0 0.7479619565217391 0.5726902173913043 0.046875 0.021059782608695652
0 0.6542119565217391 0.7934782608695652 0.052309782608695655 0.029211956521739132
0 0.6019021739130435 0.7398097826086957 0.05298913043478261 0.028532608695652172
0 0.6283967391304348 0.701766304347826 0.051630434782608696 0.026494565217391304
0 0.6311141304347826 0.670516304347826 0.046875 0.02377717391304348
0 0.6100543478260869 0.6521739130434783 0.04755434782608696 0.021739130434782608
0 0.6324728260869565 0.6311141304347826 0.05570652173913043 0.025815217391304348
0 0.7425271739130435 0.5495923913043478 0.04483695652173913 0.021739130434782608
0 0.7323369565217391 0.5305706521739131 0.042798913043478264 0.01970108695652174
0 0.5692934782608695 0.5584239130434783 0.04076086956521739 0.02377717391304348
0 0.5366847826086957 0.5407608695652174 0.04891304347826087 0.021059782608695652
0 0.5461956521739131 0.5217391304347826 0.04619565217391304 0.020380434782608696
0 0.5713315217391305 0.5088315217391305 0.04483695652173913 0.021059782608695652
0 0.7561141304347826 0.501358695652174 0.046875 0.021059782608695652
0 0.701766304347826 0.4898097826086957 0.04755434782608696 0.02309782608695652
0 0.5570652173913043 0.47554347826086957 0.042798913043478264 0.021739130434782608
0 0.9816576086956522 0.46467391304347827 0.036684782608695655 0.024456521739130436
0 0.654891304347826 0.36345108695652173 0.029211956521739132 0.016983695652173912
0 0.6324728260869565 0.33695652173913043 0.030570652173913044 0.015625
0 0.889266304347826 0.35258152173913043 0.03192934782608696 0.018342391304347828
0 0.859375 0.31929347826086957 0.02717391304347826 0.014945652173913044
0 0.6582880434782609 0.3294836956521739 0.025815217391304348 0.012228260869565218
0 0.5550271739130435 0.24320652173913043 0.025815217391304348 0.014945652173913044
0 0.813858695652174 0.27309782608695654 0.025815217391304348 0.012907608695652174
0 0.592391304347826 0.17323369565217392 0.025815217391304348 0.01154891304347826
0 0.7323369565217391 0.23641304347826086 0.025135869565217392 0.012228260869565218
0 0.8457880434782609 0.20923913043478262 0.03328804347826087 0.016304347826086956
0 0.7846467391304348 0.22146739130434784 0.030570652173913044 0.014945652173913044
0 0.8614130434782609 0.16304347826086957 0.028532608695652172 0.012907608695652174
0 0.7717391304347826 0.1671195652173913 0.020380434782608696 0.01154891304347826
0 0.8029891304347826 0.1487771739130435 0.022418478260869564 0.01154891304347826
0 0.5088315217391305 0.12092391304347826 0.024456521739130436 0.01154891304347826
0 0.7085597826086957 0.11684782608695653 0.018342391304347828 0.008831521739130434
0 0.8994565217391305 0.09307065217391304 0.021059782608695652 0.010869565217391304
0 0.45516304347826086 0.17527173913043478 0.025135869565217392 0.012228260869565218
0 0.4001358695652174 0.21739130434782608 0.025135869565217392 0.012228260869565218
0 0.3063858695652174 0.2078804347826087 0.024456521739130436 0.01358695652173913
0 0.35529891304347827 0.28328804347826086 0.025135869565217392 0.012907608695652174
0 0.3485054347826087 0.29279891304347827 0.024456521739130436 0.012907608695652174
0 0.36209239130434784 0.3539402173913043 0.025135869565217392 0.014945652173913044
0 0.5163043478260869 0.3763586956521739 0.035326086956521736 0.021739130434782608
0 0.265625 0.34375 0.03192934782608696 0.018342391304347828
0 0.327445652173913 0.49660326086956524 0.044157608695652176 0.021739130434782608
0 0.37296195652173914 0.5305706521739131 0.04619565217391304 0.020380434782608696
0 0.25747282608695654 0.5176630434782609 0.041440217391304345 0.01970108695652174
0 0.23845108695652173 0.529891304347826 0.04891304347826087 0.021739130434782608
0 0.38383152173913043 0.5591032608695652 0.046875 0.022418478260869564
0 0.40625 0.6297554347826086 0.051630434782608696 0.02377717391304348
0 0.4320652173913043 0.6148097826086957 0.042119565217391304 0.021739130434782608
0 0.234375 0.657608695652174 0.04619565217391304 0.02377717391304348
0 0.23165760869565216 0.6379076086956522 0.049592391304347824 0.02377717391304348
0 0.4123641304347826 0.671875 0.051630434782608696 0.027853260869565216
0 0.4048913043478261 0.7112771739130435 0.05638586956521739 0.027853260869565216
0 0.4470108695652174 0.8023097826086957 0.058423913043478264 0.03125
0 0.4266304347826087 0.7683423913043478 0.06046195652173913 0.028532608695652172
0 0.1983695652173913 0.8152173913043478 0.044157608695652176 0.02717391304347826
0 0.01970108695652174 0.7989130434782609 0.03872282608695652 0.025815217391304348
0 0.021739130434782608 0.7554347826086957 0.042798913043478264 0.025135869565217392
0 0.20652173913043478 0.735733695652174 0.041440217391304345 0.021059782608695652
0 0.01154891304347826 0.7282608695652174 0.02309782608695652 0.024456521739130436
0 0.15489130434782608 0.703125 0.050951086956521736 0.022418478260869564
0 0.19429347826086957 0.6759510869565217 0.051630434782608696 0.025815217391304348
0 0.05298913043478261 0.6610054347826086 0.049592391304347824 0.02377717391304348
0 0.007472826086956522 0.6385869565217391 0.014266304347826086 0.025135869565217392
0 0.018342391304347828 0.6127717391304348 0.036684782608695655 0.02309782608695652
0 0.15828804347826086 0.6161684782608695 0.05298913043478261 0.025135869565217392
0 0.18953804347826086 0.5713315217391305 0.04076086956521739 0.021739130434782608
0 0.14266304347826086 0.5597826086956522 0.03940217391304348 0.022418478260869564
0 0.06182065217391304 0.5529891304347826 0.03328804347826087 0.018342391304347828
0 0.049592391304347824 0.5292119565217391 0.042119565217391304 0.021739130434782608
0 0.1949728260869565 0.5067934782608695 0.033967391304347824 0.017663043478260868
0 0.08491847826086957 0.49320652173913043 0.042119565217391304 0.019021739130434784
0 0.20991847826086957 0.48641304347826086 0.03736413043478261 0.020380434782608696
0 0.20652173913043478 0.46603260869565216 0.029211956521739132 0.016304347826086956
0 0.21875 0.40896739130434784 0.03940217391304348 0.018342391304347828
0 0.10529891304347826 0.3376358695652174 0.024456521739130436 0.012228260869565218
0 0.06453804347826086 0.33491847826086957 0.028532608695652172 0.012907608695652174
0 0.002717391304347826 0.35258152173913043 0.005434782608695652 0.01358695652173913
0 0.21263586956521738 0.3335597826086957 0.03125 0.016983695652173912
0 0.0006793478260869565 0.29415760869565216 0.001358695652173913 0.01358695652173913
0 0.21195652173913043 0.29959239130434784 0.020380434782608696 0.01358695652173913
0 0.09918478260869565 0.25203804347826086 0.020380434782608696 0.012907608695652174
0 0.12024456521739131 0.23505434782608695 0.02377717391304348 0.01154891304347826
0 0.421875 0.12092391304347826 0.020380434782608696 0.010869565217391304
0 0.26834239130434784 0.2425271739130435 0.025135869565217392 0.014945652173913044
0 0.12092391304347826 0.18953804347826086 0.024456521739130436 0.010869565217391304
0 0.035326086956521736 0.19633152173913043 0.01970108695652174 0.009510869565217392
0 0.0033967391304347825 0.18410326086956522 0.006793478260869565 0.01154891304347826
0 0.1637228260869565 0.10733695652173914 0.024456521739130436 0.01154891304347826
0 0.018342391304347828 0.23505434782608695 0.021739130434782608 0.012228260869565218
0 0.16915760869565216 0.36752717391304346 0.036684782608695655 0.018342391304347828
0 0.6365489130434783 0.7778532608695652 0.06453804347826086 0.024456521739130436
0 0.6304347826086957 0.7228260869565217 0.06046195652173913 0.02309782608695652
0 0.6542119565217391 0.625 0.05502717391304348 0.020380434782608696
0 0.7561141304347826 0.5217391304347826 0.051630434782608696 0.019021739130434784
0 0.5889945652173914 0.5006793478260869 0.051630434782608696 0.019021739130434784
0 0.5550271739130435 0.4945652173913043 0.050951086956521736 0.019021739130434784
0 0.7282608695652174 0.5061141304347826 0.050951086956521736 0.019021739130434784
0 0.9891304347826086 0.5448369565217391 0.021739130434782608 0.01970108695652174
0 0.9891304347826086 0.5095108695652174 0.021739130434782608 0.019021739130434784
0 0.985733695652174 0.49592391304347827 0.028532608695652172 0.019021739130434784
0 0.9823369565217391 0.484375 0.035326086956521736 0.018342391304347828
0 0.938858695652174 0.40828804347826086 0.04483695652173913 0.016983695652173912
0 0.6759510869565217 0.4578804347826087 0.04891304347826087 0.018342391304347828
0 0.7160326086956522 0.47214673913043476 0.051630434782608696 0.019021739130434784
0 0.5509510869565217 0.38179347826086957 0.04076086956521739 0.014945652173913044
0 0.6677989130434783 0.40353260869565216 0.042798913043478264 0.016304347826086956
0 0.7432065217391305 0.40964673913043476 0.04483695652173913 0.016304347826086956
0 0.9157608695652174 0.3858695652173913 0.042798913043478264 0.016304347826086956
0 0.936141304347826 0.37296195652173914 0.04076086956521739 0.015625
0 0.9368206521739131 0.36277173913043476 0.04008152173913043 0.014945652173913044
0 0.6535326086956522 0.38654891304347827 0.041440217391304345 0.015625
0 0.6229619565217391 0.3851902173913043 0.04076086956521739 0.014945652173913044
0 0.6514945652173914 0.34578804347826086 0.03736413043478261 0.01358695652173913
0 0.8675271739130435 0.34103260869565216 0.035326086956521736 0.012907608695652174
0 0.8933423913043478 0.328804347826087 0.033967391304347824 0.012907608695652174
0 0.8682065217391305 0.3111413043478261 0.033967391304347824 0.012907608695652174
0 0.8709239130434783 0.296875 0.033967391304347824 0.012907608695652174
0 0.8953804347826086 0.297554347826087 0.033967391304347824 0.012907608695652174
0 0.6066576086956522 0.27853260869565216 0.03192934782608696 0.012228260869565218
0 0.6052989130434783 0.265625 0.030570652173913044 0.01154891304347826
0 0.5665760869565217 0.23980978260869565 0.029891304347826088 0.01154891304347826
0 0.5686141304347826 0.23301630434782608 0.029891304347826088 0.01154891304347826
0 0.8498641304347826 0.28125 0.03328804347826087 0.012907608695652174
0 0.8335597826086957 0.2873641304347826 0.03328804347826087 0.012907608695652174
0 0.5686141304347826 0.22282608695652173 0.029891304347826088 0.01154891304347826
0 0.5251358695652174 0.21942934782608695 0.029211956521739132 0.010869565217391304
0 0.7167119565217391 0.20720108695652173 0.03192934782608696 0.01154891304347826
0 0.7194293478260869 0.22078804347826086 0.03125 0.01154891304347826
0 0.9952445652173914 0.13654891304347827 0.009510869565217392 0.010190217391304348
0 0.6168478260869565 0.25883152173913043 0.030570652173913044 0.01154891304347826
0 0.37703804347826086 0.22758152173913043 0.029211956521739132 0.010869565217391304
0 0.406929347826087 0.2452445652173913 0.029211956521739132 0.010869565217391304
0 0.32133152173913043 0.27241847826086957 0.03125 0.012228260869565218
0 0.453125 0.2921195652173913 0.030570652173913044 0.01154891304347826
0 0.46875 0.281929347826087 0.030570652173913044 0.01154891304347826
0 0.46467391304347827 0.27309782608695654 0.030570652173913044 0.01154891304347826
0 0.46535326086956524 0.2669836956521739 0.030570652173913044 0.01154891304347826
0 0.3648097826086957 0.27853260869565216 0.03192934782608696 0.012228260869565218
0 0.375 0.3172554347826087 0.034646739130434784 0.012907608695652174
0 0.4945652173913043 0.31589673913043476 0.03328804347826087 0.012228260869565218
0 0.49796195652173914 0.328804347826087 0.03328804347826087 0.012907608695652174
0 0.4898097826086957 0.344429347826087 0.036005434782608696 0.01358695652173913
0 0.5264945652173914 0.344429347826087 0.036005434782608696 0.01358695652173913
0 0.38315217391304346 0.3695652173913043 0.04076086956521739 0.014945652173913044
0 0.36141304347826086 0.38383152173913043 0.042798913043478264 0.015625
0 0.5237771739130435 0.36345108695652173 0.03804347826086957 0.014266304347826086
0 0.25747282608695654 0.36752717391304346 0.03872282608695652 0.014266304347826086
0 0.37160326086956524 0.4578804347826087 0.044157608695652176 0.016304347826086956
0 0.37703804347826086 0.47758152173913043 0.044157608695652176 0.016304347826086956
0 0.35665760869565216 0.548233695652174 0.050271739130434784 0.019021739130434784
0 0.4014945652173913 0.6949728260869565 0.059103260869565216 0.022418478260869564
0 0.4116847826086957 0.7438858695652174 0.06317934782608696 0.02377717391304348
0 0.1875 0.78125 0.059782608695652176 0.022418478260869564
0 0.20720108695652173 0.7547554347826086 0.057065217391304345 0.021739130434782608
0 0.07948369565217392 0.5081521739130435 0.044157608695652176 0.016983695652173912
0 0.09442934782608696 0.41779891304347827 0.03940217391304348 0.014945652173913044
0 0.08423913043478261 0.38858695652173914 0.03940217391304348 0.014266304347826086
0 0.12907608695652173 0.28804347826086957 0.029211956521739132 0.010869565217391304
0 0.11413043478260869 0.281929347826087 0.028532608695652172 0.010190217391304348
0 0.22214673913043478 0.2860054347826087 0.03125 0.01154891304347826
0 0.22826086956521738 0.27445652173913043 0.029211956521739132 0.01154891304347826
0 0.11480978260869565 0.24456521739130435 0.027853260869565216 0.010190217391304348
0 0.28872282608695654 0.2418478260869565 0.029211956521739132 0.010869565217391304
0 0.234375 0.1800271739130435 0.027853260869565216 0.010190217391304348