0 0.546875 0.904891304347826 0.08559782608695653 0.08220108695652174
0 0.13994565217391305 0.9721467391304348 0.10054347826086957 0.035326086956521736
0 0.010869565217391304 0.9769021739130435 0.021739130434782608 0.02717391304347826
0 0.30027173913043476 0.7629076086956522 0.04551630434782609 0.043478260869565216
0 0.8165760869565217 0.6120923913043478 0.05434782608695652 0.042119565217391304
0 0.7350543478260869 0.6059782608695652 0.04076086956521739 0.03192934782608696
0 0.08084239130434782 0.6514945652173914 0.050951086956521736 0.042119565217391304
0 0.11005434782608696 0.5339673913043478 0.03872282608695652 0.03125
0 0.18342391304347827 0.5570652173913043 0.041440217391304345 0.035326086956521736
0 0.546875 0.5129076086956522 0.03804347826086957 0.03260869565217391
0 0.5543478260869565 0.485054347826087 0.03260869565217391 0.02717391304347826
0 0.6908967391304348 0.5224184782608695 0.029211956521739132 0.026494565217391304
0 0.7520380434782609 0.5237771739130435 0.03328804347826087 0.025815217391304348
0 0.8192934782608695 0.5645380434782609 0.03872282608695652 0.028532608695652172
0 0.798233695652174 0.4748641304347826 0.03192934782608696 0.02309782608695652
0 0.8851902173913043 0.5305706521739131 0.041440217391304345 0.03260869565217391
0 0.9293478260869565 0.5706521739130435 0.03872282608695652 0.03125
0 0.9775815217391305 0.576766304347826 0.04483695652173913 0.03125
0 0.9782608695652174 0.532608695652174 0.03328804347826087 0.026494565217391304
0 0.9144021739130435 0.44157608695652173 0.02717391304347826 0.02309782608695652
0 0.891983695652174 0.45584239130434784 0.029891304347826088 0.02377717391304348
0 0.9415760869565217 0.42866847826086957 0.026494565217391304 0.020380434782608696
0 0.9864130434782609 0.4361413043478261 0.02377717391304348 0.021059782608695652
0 0.985733695652174 0.4116847826086957 0.02717391304347826 0.01970108695652174
0 0.9721467391304348 0.39334239130434784 0.024456521739130436 0.01970108695652174
0 0.9653532608695652 0.37296195652173914 0.021059782608695652 0.015625
0 0.983016304347826 0.3491847826086957 0.015625 0.01154891304347826
0 0.9966032608695652 0.35258152173913043 0.006114130434782609 0.01154891304347826
0 0.9476902173913043 0.35529891304347827 0.015625 0.012228260869565218
0 0.9096467391304348 0.35665760869565216 0.015625 0.014266304347826086
0 0.876358695652174 0.35054347826086957 0.016983695652173912 0.014266304347826086
0 0.8709239130434783 0.37907608695652173 0.020380434782608696 0.016304347826086956
0 0.829483695652174 0.39402173913043476 0.02309782608695652 0.01970108695652174
0 0.8057065217391305 0.405570652173913 0.02377717391304348 0.018342391304347828
0 0.8308423913043478 0.3736413043478261 0.020380434782608696 0.018342391304347828
0 0.8084239130434783 0.36684782608695654 0.021059782608695652 0.016304347826086956
0 0.7900815217391305 0.36752717391304346 0.016983695652173912 0.014266304347826086
0 0.7649456521739131 0.37160326086956524 0.021059782608695652 0.016304347826086956
0 0.7683423913043478 0.4001358695652174 0.021739130434782608 0.016304347826086956
0 0.7771739130434783 0.43342391304347827 0.026494565217391304 0.020380434782608696
0 0.7092391304347826 0.42934782608695654 0.026494565217391304 0.01970108695652174
0 0.7370923913043478 0.40625 0.02377717391304348 0.018342391304347828
0 0.71875 0.40217391304347827 0.02309782608695652 0.018342391304347828
0 0.7194293478260869 0.3858695652173913 0.021059782608695652 0.017663043478260868
0 0.6868206521739131 0.37907608695652173 0.02377717391304348 0.018342391304347828
0 0.6854619565217391 0.40353260869565216 0.021739130434782608 0.01970108695652174
0 0.6827445652173914 0.46127717391304346 0.03260869565217391 0.026494565217391304
0 0.6494565217391305 0.4592391304347826 0.027853260869565216 0.02309782608695652
0 0.639266304347826 0.3967391304347826 0.020380434782608696 0.015625
0 0.5427989130434783 0.453804347826087 0.02309782608695652 0.022418478260869564
0 0.44497282608695654 0.45652173913043476 0.03192934782608696 0.02377717391304348
0 0.3546195652173913 0.4633152173913043 0.026494565217391304 0.020380434782608696
0 0.7853260869565217 0.27241847826086957 0.008152173913043478 0.007472826086956522
0 0.9449728260869565 0.33152173913043476 0.01154891304347826 0.009510869565217392
0 0.9408967391304348 0.33967391304347827 0.015625 0.01154891304347826
0 0.954483695652174 0.33695652173913043 0.014945652173913044 0.01154891304347826
0 0.9816576086956522 0.3328804347826087 0.012228260869565218 0.010190217391304348
0 0.9918478260869565 0.3226902173913043 0.012228260869565218 0.009510869565217392
0 0.9952445652173914 0.31453804347826086 0.008152173913043478 0.008152173913043478
0 0.234375 0.19633152173913043 0.02717391304347826 0.025135869565217392
0 0.1637228260869565 0.7697010869565217 0.06793478260869565 0.04483695652173913
0 0.7221467391304348 0.6480978260869565 0.05502717391304348 0.036684782608695655
0 0.610733695652174 0.641983695652174 0.05298913043478261 0.035326086956521736
0 0.24660326086956522 0.6657608695652174 0.05298913043478261 0.035326086956521736
0 0.25271739130434784 0.641983695652174 0.051630434782608696 0.034646739130434784
0 0.1827445652173913 0.5264945652173914 0.042119565217391304 0.027853260869565216
0 0.46059782608695654 0.5584239130434783 0.042119565217391304 0.029211956521739132
0 0.6168478260869565 0.49320652173913043 0.036005434782608696 0.02377717391304348
0 0.703125 0.5149456521739131 0.035326086956521736 0.02377717391304348
0 0.8980978260869565 0.49660326086956524 0.036005434782608696 0.02377717391304348
0 0.8953804347826086 0.4782608695652174 0.033967391304347824 0.022418478260869564
0 0.9816576086956522 0.3736413043478261 0.021739130434782608 0.014266304347826086
0 0.8519021739130435 0.3491847826086957 0.016983695652173912 0.01154891304347826
0 0.9021739130434783 0.3804347826086957 0.022418478260869564 0.015625
0 0.8688858695652174 0.41032608695652173 0.026494565217391304 0.018342391304347828
0 0.8682065217391305 0.36820652173913043 0.021059782608695652 0.014266304347826086
0 0.8872282608695652 0.3688858695652174 0.021059782608695652 0.014266304347826086
0 0.8247282608695652 0.46059782608695654 0.03192934782608696 0.021059782608695652
0 0.811141304347826 0.4517663043478261 0.030570652173913044 0.020380434782608696
0 0.4673913043478261 0.4375 0.027853260869565216 0.018342391304347828
0 0.499320652173913 0.501358695652174 0.036005434782608696 0.024456521739130436
0 0.7194293478260869 0.32404891304347827 0.016983695652173912 0.01154891304347826
0 0.8043478260869565 0.26902173913043476 0.0020380434782608695 0.001358695652173913
0 0.8118206521739131 0.2669836956521739 0.0020380434782608695 0.001358695652173913
0 0.8172554347826086 0.2717391304347826 0.004755434782608696 0.0033967391304347825
0 0.8471467391304348 0.2710597826086957 0.004755434782608696 0.0033967391304347825
0 0.8376358695652174 0.26766304347826086 0.0020380434782608695 0.001358695652173913
0 0.8654891304347826 0.26766304347826086 0.004076086956521739 0.002717391304347826
0 0.890625 0.264945652173913 0.0033967391304347825 0.001358695652173913
0 0.9721467391304348 0.34103260869565216 0.014945652173913044 0.009510869565217392
0 0.4476902173913043 0.18885869565217392 0.02309782608695652 0.015625
0 0.004076086956521739 0.16915760869565216 0.008152173913043478 0.022418478260869564
0 0.27921195652173914 0.18885869565217392 0.029211956521739132 0.01970108695652174
0 0.6161684782608695 0.07880434782608696 0.029211956521739132 0.019021739130434784
0 0.6073369565217391 0.08288043478260869 0.028532608695652172 0.01970108695652174
0 0.6304347826086957 0.08152173913043478 0.029211956521739132 0.01970108695652174