0 0.45040760869565216 0.7296195652173914 0.05434782608695652 0.06182065217391304
0 0.21671195652173914 0.7010869565217391 0.026494565217391304 0.04076086956521739
0 0.13519021739130435 0.701766304347826 0.04076086956521739 0.036005434782608696
0 0.006114130434782609 0.7072010869565217 0.012228260869565218 0.036684782608695655
0 0.7914402173913043 0.7004076086956522 0.027853260869565216 0.029891304347826088
0 0.7724184782608695 0.6942934782608695 0.012907608695652174 0.01970108695652174
0 0.31453804347826086 0.7010869565217391 0.036005434782608696 0.03192934782608696
0 0.08831521739130435 0.703125 0.03736413043478261 0.03328804347826087
0 0.16304347826086957 0.7635869565217391 0.06589673913043478 0.058423913043478264
0 0.8634510869565217 0.688858695652174 0.01970108695652174 0.017663043478260868
0 0.9619565217391305 0.688858695652174 0.01970108695652174 0.017663043478260868
0 0.9938858695652174 0.701766304347826 0.012228260869565218 0.019021739130434784