0 0.25747282608695654 0.5251358695652174 0.027853260869565216 0.03125
0 0.5101902173913043 0.5747282608695652 0.019021739130434784 0.027853260869565216
0 0.561141304347826 0.5889945652173914 0.02377717391304348 0.02377717391304348
0 0.6426630434782609 0.5054347826086957 0.02309782608695652 0.02377717391304348
0 0.5917119565217391 0.59375 0.019021739130434784 0.025135869565217392
0 0.904891304347826 0.579483695652174 0.025135869565217392 0.036005434782608696
0 0.8851902173913043 0.5577445652173914 0.02309782608695652 0.027853260869565216
0 0.9239130434782609 0.5278532608695652 0.019021739130434784 0.027853260869565216
0 0.9993206521739131 0.5006793478260869 0.001358695652173913 0.021059782608695652
0 0.11345108695652174 0.4110054347826087 0.02717391304347826 0.02377717391304348
0 0.078125 0.4266304347826087 0.02717391304347826 0.02377717391304348
0 0.3023097826086957 0.6453804347826086 0.025135869565217392 0.022418478260869564
0 0.20448369565217392 0.7860054347826086 0.05638586956521739 0.07948369565217392
0 0.48233695652173914 0.625 0.025135869565217392 0.022418478260869564
0 0.6154891304347826 0.59375 0.02717391304347826 0.02377717391304348
0 0.5394021739130435 0.48709239130434784 0.02717391304347826 0.02377717391304348
0 0.5570652173913043 0.515625 0.02717391304347826 0.02377717391304348
0 0.576766304347826 0.5536684782608695 0.02717391304347826 0.02377717391304348
0 0.6385869565217391 0.5305706521739131 0.025135869565217392 0.022418478260869564
0 0.6929347826086957 0.5278532608695652 0.02309782608695652 0.020380434782608696
0 0.71875 0.516983695652174 0.02309782608695652 0.020380434782608696
0 0.765625 0.4748641304347826 0.021059782608695652 0.018342391304347828
0 0.7126358695652174 0.4701086956521739 0.021059782608695652 0.018342391304347828
0 0.6623641304347826 0.47146739130434784 0.021059782608695652 0.018342391304347828
0 0.6739130434782609 0.5720108695652174 0.025135869565217392 0.022418478260869564
0 0.7540760869565217 0.6039402173913043 0.02717391304347826 0.02377717391304348
0 0.795516304347826 0.6073369565217391 0.02717391304347826 0.02377717391304348
0 0.876358695652174 0.6256793478260869 0.03328804347826087 0.029891304347826088
0 0.9408967391304348 0.7038043478260869 0.04076086956521739 0.051630434782608696
0 0.9470108695652174 0.5896739130434783 0.03125 0.027853260869565216
0 0.8627717391304348 0.5774456521739131 0.029211956521739132 0.025815217391304348
0 0.9082880434782609 0.5271739130434783 0.025135869565217392 0.022418478260869564
0 0.9626358695652174 0.4796195652173913 0.019021739130434784 0.016983695652173912
0 0.9809782608695652 0.484375 0.021059782608695652 0.018342391304347828
0 0.96875 0.5224184782608695 0.02309782608695652 0.020380434782608696
0 0.9891304347826086 0.5203804347826086 0.021739130434782608 0.020380434782608696
0 0.9782608695652174 0.563858695652174 0.02717391304347826 0.02377717391304348