0 0.6379076086956522 0.483695652173913 0.06521739130434782 0.059103260869565216
0 0.890625 0.37092391304347827 0.06521739130434782 0.04755434782608696
0 0.6283967391304348 0.421875 0.06657608695652174 0.06114130434782609
0 0.796875 0.375 0.059782608695652176 0.04755434782608696
0 0.43342391304347827 0.3797554347826087 0.050951086956521736 0.044157608695652176
0 0.5387228260869565 0.37092391304347827 0.050271739130434784 0.046875
0 0.34103260869565216 0.38722826086956524 0.044157608695652176 0.04483695652173913
0 0.25747282608695654 0.452445652173913 0.05298913043478261 0.05298913043478261
0 0.438179347826087 0.453804347826087 0.050271739130434784 0.05570652173913043
0 0.7078804347826086 0.485054347826087 0.058423913043478264 0.06114130434782609
0 0.16304347826086957 0.47282608695652173 0.04755434782608696 0.057744565217391304
0 0.7873641304347826 0.4830163043478261 0.06929347826086957 0.06182065217391304
0 0.34714673913043476 0.4626358695652174 0.050271739130434784 0.057744565217391304
0 0.47758152173913043 0.37839673913043476 0.041440217391304345 0.03804347826086957
0 0.7024456521739131 0.3648097826086957 0.059103260869565216 0.046875
0 0.010869565217391304 0.4789402173913043 0.021059782608695652 0.05570652173913043
0 0.06725543478260869 0.48165760869565216 0.04619565217391304 0.046875
0 0.5292119565217391 0.46467391304347827 0.059103260869565216 0.051630434782608696
0 0.8967391304347826 0.47758152173913043 0.059103260869565216 0.05638586956521739
0 0.22146739130434784 0.44021739130434784 0.04755434782608696 0.050271739130434784
0 0.47758152173913043 0.4544836956521739 0.04619565217391304 0.05298913043478261
0 0.024456521739130436 0.3919836956521739 0.03260869565217391 0.035326086956521736
0 0.04551630434782609 0.38654891304347827 0.024456521739130436 0.027853260869565216
0 0.058423913043478264 0.375 0.030570652173913044 0.03260869565217391
0 0.10733695652173914 0.3851902173913043 0.036684782608695655 0.036005434782608696
0 0.14673913043478262 0.3967391304347826 0.029211956521739132 0.035326086956521736
0 0.18410326086956522 0.39470108695652173 0.03736413043478261 0.03940217391304348
0 0.203125 0.3967391304347826 0.029211956521739132 0.033967391304347824
0 0.2235054347826087 0.3919836956521739 0.022418478260869564 0.027853260869565216
0 0.2425271739130435 0.38654891304347827 0.03260869565217391 0.033967391304347824
0 0.2608695652173913 0.3967391304347826 0.036684782608695655 0.042119565217391304
0 0.28396739130434784 0.3797554347826087 0.036684782608695655 0.036684782608695655
0 0.30366847826086957 0.36345108695652173 0.03192934782608696 0.036005434782608696
0 0.37160326086956524 0.3736413043478261 0.03804347826086957 0.036684782608695655
0 0.3960597826086957 0.3736413043478261 0.030570652173913044 0.036005434782608696
0 0.6134510869565217 0.36820652173913043 0.05366847826086957 0.04551630434782609
0 0.3811141304347826 0.41983695652173914 0.050951086956521736 0.046875
0 0.12228260869565218 0.44157608695652173 0.046875 0.049592391304347824
0 0.08695652173913043 0.41508152173913043 0.03260869565217391 0.042119565217391304
0 0.016304347826086956 0.43546195652173914 0.03260869565217391 0.04483695652173913
0 0.09442934782608696 0.37160326086956524 0.024456521739130436 0.022418478260869564