0 0.9932065217391305 0.49320652173913043 0.012228260869565218 0.01154891304347826
0 0.9714673913043478 0.4898097826086957 0.012907608695652174 0.01154891304347826
0 0.9510869565217391 0.4945652173913043 0.01358695652173913 0.012228260869565218
0 0.936141304347826 0.499320652173913 0.012228260869565218 0.012228260869565218
0 0.8600543478260869 0.4952445652173913 0.012907608695652174 0.012907608695652174
0 0.8716032608695652 0.5339673913043478 0.016983695652173912 0.016983695652173912
0 0.9198369565217391 0.5271739130434783 0.015625 0.014945652173913044
0 0.9001358695652174 0.5427989130434783 0.018342391304347828 0.020380434782608696
0 0.9334239130434783 0.5414402173913043 0.012907608695652174 0.016304347826086956
0 0.9476902173913043 0.5217391304347826 0.012228260869565218 0.012907608695652174
0 0.6351902173913043 0.4904891304347826 0.012907608695652174 0.012907608695652174
0 0.6915760869565217 0.48097826086956524 0.01358695652173913 0.014266304347826086
0 0.7133152173913043 0.49660326086956524 0.012907608695652174 0.012907608695652174
0 0.7282608695652174 0.484375 0.012907608695652174 0.012228260869565218
0 0.7384510869565217 0.485054347826087 0.01358695652173913 0.012228260869565218
0 0.7792119565217391 0.48097826086956524 0.014945652173913044 0.014945652173913044
0 0.8057065217391305 0.49320652173913043 0.012907608695652174 0.01358695652173913
0 0.813858695652174 0.4904891304347826 0.012228260869565218 0.012228260869565218
0 0.8172554347826086 0.5305706521739131 0.015625 0.016304347826086956
0 0.8532608695652174 0.53125 0.015625 0.015625
0 0.8566576086956522 0.5387228260869565 0.016983695652173912 0.016983695652173912
0 0.8600543478260869 0.5529891304347826 0.020380434782608696 0.01970108695652174
0 0.8165760869565217 0.5529891304347826 0.017663043478260868 0.017663043478260868
0 0.7873641304347826 0.5366847826086957 0.016983695652173912 0.016983695652173912
0 0.7785326086956522 0.5489130434782609 0.022418478260869564 0.022418478260869564
0 0.7384510869565217 0.5373641304347826 0.015625 0.016983695652173912
0 0.7235054347826086 0.5339673913043478 0.015625 0.016304347826086956
0 0.7262228260869565 0.5543478260869565 0.021059782608695652 0.020380434782608696
0 0.6827445652173914 0.5577445652173914 0.01970108695652174 0.02309782608695652
0 0.671875 0.5387228260869565 0.020380434782608696 0.019021739130434784
0 0.65625 0.5278532608695652 0.015625 0.014945652173913044
0 0.65625 0.5407608695652174 0.02309782608695652 0.020380434782608696
0 0.6379076086956522 0.5387228260869565 0.016983695652173912 0.016983695652173912
0 0.6345108695652174 0.5217391304347826 0.015625 0.012907608695652174
0 0.6127717391304348 0.5319293478260869 0.017663043478260868 0.017663043478260868
0 0.579483695652174 0.5407608695652174 0.022418478260869564 0.021059782608695652
0 0.5597826086956522 0.5353260869565217 0.01970108695652174 0.017663043478260868
0 0.5876358695652174 0.5244565217391305 0.014945652173913044 0.014266304347826086
0 0.6046195652173914 0.49320652173913043 0.01358695652173913 0.012907608695652174
0 0.5686141304347826 0.49252717391304346 0.012907608695652174 0.012907608695652174
0 0.5495923913043478 0.4904891304347826 0.01358695652173913 0.012228260869565218
0 0.5332880434782609 0.49320652173913043 0.01358695652173913 0.012228260869565218
0 0.5163043478260869 0.49592391304347827 0.012228260869565218 0.012907608695652174
0 0.5346467391304348 0.5115489130434783 0.014945652173913044 0.012907608695652174
0 0.5081521739130435 0.5427989130434783 0.02309782608695652 0.02309782608695652
0 0.5190217391304348 0.5319293478260869 0.015625 0.014945652173913044
0 0.501358695652174 0.5278532608695652 0.016983695652173912 0.014945652173913044
0 0.4796195652173913 0.49796195652173914 0.014945652173913044 0.014266304347826086
0 0.4436141304347826 0.48777173913043476 0.01358695652173913 0.01358695652173913
0 0.4232336956521739 0.48777173913043476 0.014945652173913044 0.014266304347826086
0 0.4014945652173913 0.4735054347826087 0.015625 0.01358695652173913
0 0.37228260869565216 0.47690217391304346 0.015625 0.014945652173913044
0 0.43546195652173914 0.5441576086956522 0.01970108695652174 0.01970108695652174
0 0.059103260869565216 0.47622282608695654 0.017663043478260868 0.017663043478260868
0 0.13519021739130435 0.47690217391304346 0.015625 0.014266304347826086
0 0.15557065217391305 0.4952445652173913 0.016983695652173912 0.016304347826086956
0 0.2554347826086957 0.48233695652173914 0.017663043478260868 0.017663043478260868
0 0.29891304347826086 0.5054347826086957 0.018342391304347828 0.016983695652173912
0 0.32065217391304346 0.49252717391304346 0.015625 0.015625
0 0.328804347826087 0.48029891304347827 0.01358695652173913 0.014945652173913044
0 0.25407608695652173 0.5163043478260869 0.017663043478260868 0.017663043478260868
0 0.2418478260869565 0.5414402173913043 0.036684782608695655 0.036684782608695655
0 0.19972826086956522 0.5434782608695652 0.06182065217391304 0.05570652173913043
0 0.15828804347826086 0.5271739130434783 0.025135869565217392 0.022418478260869564
0 0.12907608695652173 0.5271739130434783 0.07404891304347826 0.06385869565217392
0 0.03804347826086957 0.5407608695652174 0.025815217391304348 0.022418478260869564
0 0.014945652173913044 0.5434782608695652 0.021059782608695652 0.020380434782608696
0 0.4375 0.641983695652174 0.04619565217391304 0.042119565217391304
0 0.37771739130434784 0.6426630434782609 0.06385869565217392 0.052309782608695655
0 0.38722826086956524 0.6895380434782609 0.09782608695652174 0.09239130434782608
0 0.5529891304347826 0.6555706521739131 0.057065217391304345 0.04823369565217391
0 0.5190217391304348 0.6073369565217391 0.036684782608695655 0.035326086956521736
0 0.5027173913043478 0.5842391304347826 0.029891304347826088 0.02717391304347826
0 0.5373641304347826 0.5855978260869565 0.035326086956521736 0.036005434782608696
0 0.5210597826086957 0.5706521739130435 0.02377717391304348 0.021059782608695652
0 0.5033967391304348 0.5679347826086957 0.025135869565217392 0.021059782608695652
0 0.579483695652174 0.5686141304347826 0.021059782608695652 0.021739130434782608
0 0.609375 0.5855978260869565 0.03940217391304348 0.034646739130434784
0 0.6188858695652174 0.6582880434782609 0.04755434782608696 0.04823369565217391
0 0.65625 0.5978260869565217 0.036684782608695655 0.03125
0 0.6480978260869565 0.6182065217391305 0.03125 0.03328804347826087
0 0.6739130434782609 0.6277173913043478 0.04551630434782609 0.04008152173913043
0 0.6793478260869565 0.6881793478260869 0.078125 0.09035326086956522
0 0.7927989130434783 0.6372282608695652 0.04891304347826087 0.05570652173913043
0 0.7608695652173914 0.6100543478260869 0.03328804347826087 0.034646739130434784
0 0.7533967391304348 0.5869565217391305 0.027853260869565216 0.026494565217391304
0 0.7160326086956522 0.5760869565217391 0.033967391304347824 0.030570652173913044
0 0.8274456521739131 0.5713315217391305 0.022418478260869564 0.021739130434782608
0 0.8389945652173914 0.5978260869565217 0.04551630434782609 0.044157608695652176
0 0.876358695652174 0.5971467391304348 0.03940217391304348 0.03872282608695652
0 0.8865489130434783 0.579483695652174 0.020380434782608696 0.02377717391304348
0 0.873641304347826 0.5679347826086957 0.020380434782608696 0.019021739130434784
0 0.9184782608695652 0.5896739130434783 0.025815217391304348 0.029211956521739132
0 0.9660326086956522 0.6154891304347826 0.03872282608695652 0.03804347826086957
0 0.9714673913043478 0.5910326086956522 0.025815217391304348 0.025815217391304348
0 0.96875 0.5733695652173914 0.020380434782608696 0.022418478260869564
0 0.9891304347826086 0.6413043478260869 0.021739130434782608 0.03804347826086957
0 0.9334239130434783 0.6508152173913043 0.044157608695652176 0.04483695652173913
0 0.875 0.6881793478260869 0.07540760869565218 0.06725543478260869
0 0.6460597826086957 0.48233695652173914 0.012907608695652174 0.012907608695652174
0 0.9300271739130435 0.4898097826086957 0.01358695652173913 0.010190217391304348
0 0.8980978260869565 0.49252717391304346 0.01358695652173913 0.010190217391304348
0 0.9164402173913043 0.4986413043478261 0.014266304347826086 0.010190217391304348
0 0.8716032608695652 0.48233695652173914 0.012907608695652174 0.008831521739130434
0 0.9483695652173914 0.5509510869565217 0.020380434782608696 0.015625
0 0.9850543478260869 0.5163043478260869 0.015625 0.01154891304347826
0 0.6283967391304348 0.47622282608695654 0.014266304347826086 0.010190217391304348
0 0.8505434782608695 0.5230978260869565 0.017663043478260868 0.01358695652173913
0 0.8104619565217391 0.5407608695652174 0.01970108695652174 0.014945652173913044
0 0.7873641304347826 0.5278532608695652 0.019021739130434784 0.014266304347826086
0 0.6582880434782609 0.5563858695652174 0.02717391304347826 0.020380434782608696
0 0.626358695652174 0.5427989130434783 0.02309782608695652 0.017663043478260868
0 0.5842391304347826 0.48641304347826086 0.014945652173913044 0.010869565217391304
0 0.5373641304347826 0.5197010869565217 0.018342391304347828 0.014266304347826086
0 0.499320652173913 0.5027173913043478 0.015625 0.012228260869565218
0 0.38247282608695654 0.49116847826086957 0.017663043478260868 0.01358695652173913
0 0.44429347826086957 0.5353260869565217 0.021059782608695652 0.016304347826086956
0 0.436820652173913 0.5516304347826086 0.025135869565217392 0.019021739130434784
0 0.11684782608695653 0.48233695652173914 0.018342391304347828 0.014266304347826086
0 0.21263586956521738 0.47622282608695654 0.009510869565217392 0.006793478260869565
0 0.19089673913043478 0.48777173913043476 0.021059782608695652 0.016304347826086956
0 0.25679347826086957 0.5258152173913043 0.03872282608695652 0.029211956521739132
0 0.4266304347826087 0.5842391304347826 0.035326086956521736 0.026494565217391304
0 0.43342391304347827 0.5957880434782609 0.041440217391304345 0.03125
0 0.563858695652174 0.6182065217391305 0.046875 0.035326086956521736
0 0.6161684782608695 0.5679347826086957 0.03192934782608696 0.024456521739130436
0 0.7860054347826086 0.5822010869565217 0.03736413043478261 0.027853260869565216
0 0.8009510869565217 0.5679347826086957 0.029891304347826088 0.022418478260869564
0 0.9918478260869565 0.5957880434782609 0.016304347826086956 0.025135869565217392
0 0.6875 0.49184782608695654 0.015625 0.01154891304347826