0 0.5523097826086957 0.5726902173913043 0.010190217391304348 0.014266304347826086
0 0.3641304347826087 0.5842391304347826 0.010190217391304348 0.01358695652173913
0 0.38858695652173914 0.561141304347826 0.008831521739130434 0.012907608695652174
0 0.35733695652173914 0.5591032608695652 0.010190217391304348 0.01154891304347826
0 0.3451086956521739 0.5686141304347826 0.010190217391304348 0.012907608695652174
0 0.26222826086956524 0.5679347826086957 0.012228260869565218 0.01358695652173913
0 0.26154891304347827 0.5788043478260869 0.012907608695652174 0.014266304347826086
0 0.25203804347826086 0.5584239130434783 0.010869565217391304 0.010869565217391304
0 0.2642663043478261 0.5387228260869565 0.008831521739130434 0.008152173913043478
0 0.2296195652173913 0.5713315217391305 0.012228260869565218 0.012228260869565218
0 0.2269021739130435 0.5625 0.008831521739130434 0.008831521739130434
0 0.20855978260869565 0.5625 0.010190217391304348 0.010869565217391304
0 0.19361413043478262 0.5652173913043478 0.010190217391304348 0.010190217391304348
0 0.19904891304347827 0.5733695652173914 0.012228260869565218 0.012228260869565218
0 0.09442934782608696 0.6005434782608695 0.01970108695652174 0.02377717391304348
0 0.16168478260869565 0.5740489130434783 0.012907608695652174 0.012228260869565218
0 0.18070652173913043 0.5808423913043478 0.014945652173913044 0.014266304347826086
0 0.1800271739130435 0.5652173913043478 0.01154891304347826 0.010869565217391304
0 0.14198369565217392 0.5597826086956522 0.010869565217391304 0.010869565217391304
0 0.12635869565217392 0.5570652173913043 0.01154891304347826 0.012228260869565218
0 0.14266304347826086 0.5720108695652174 0.012907608695652174 0.01358695652173913
0 0.12635869565217392 0.5774456521739131 0.012907608695652174 0.014266304347826086
0 0.10801630434782608 0.5686141304347826 0.010869565217391304 0.012228260869565218
0 0.09375 0.5625 0.01154891304347826 0.012228260869565218
0 0.09850543478260869 0.5339673913043478 0.009510869565217392 0.008831521739130434
0 0.08220108695652174 0.5631793478260869 0.009510869565217392 0.009510869565217392
0 0.06997282608695653 0.561141304347826 0.008831521739130434 0.010190217391304348
0 0.058423913043478264 0.5652173913043478 0.010869565217391304 0.01154891304347826
0 0.05638586956521739 0.5788043478260869 0.01358695652173913 0.014945652173913044
0 0.043478260869565216 0.5672554347826086 0.010190217391304348 0.012228260869565218
0 0.03328804347826087 0.561141304347826 0.008831521739130434 0.008831521739130434
0 0.022418478260869564 0.5679347826086957 0.010869565217391304 0.01154891304347826
0 0.014945652173913044 0.5577445652173914 0.008831521739130434 0.008831521739130434
0 0.007472826086956522 0.5679347826086957 0.012907608695652174 0.01358695652173913
0 0.018342391304347828 0.5842391304347826 0.014945652173913044 0.016304347826086956
0 0.004076086956521739 0.5855978260869565 0.008152173913043478 0.016983695652173912
0 0.051630434782608696 0.6032608695652174 0.016983695652173912 0.024456521739130436
0 0.058423913043478264 0.5930706521739131 0.014945652173913044 0.020380434782608696
0 0.41440217391304346 0.5 0.010190217391304348 0.008831521739130434
0 0.42391304347826086 0.49252717391304346 0.010190217391304348 0.010190217391304348
0 0.45040760869565216 0.5027173913043478 0.01154891304347826 0.010190217391304348
0 0.4639945652173913 0.49252717391304346 0.010190217391304348 0.009510869565217392
0 0.48845108695652173 0.49660326086956524 0.012907608695652174 0.01154891304347826
0 0.5006793478260869 0.49252717391304346 0.01154891304347826 0.010190217391304348
0 0.5271739130434783 0.49184782608695654 0.010190217391304348 0.009510869565217392
0 0.967391304347826 0.47146739130434784 0.014945652173913044 0.012907608695652174
0 0.7710597826086957 0.45720108695652173 0.015625 0.012907608695652174
0 0.8240489130434783 0.4701086956521739 0.014266304347826086 0.012907608695652174
0 0.8865489130434783 0.485054347826087 0.016304347826086956 0.014266304347826086
0 0.9103260869565217 0.4735054347826087 0.014945652173913044 0.012907608695652174
0 0.6480978260869565 0.485054347826087 0.010869565217391304 0.010190217391304348
0 0.6324728260869565 0.49252717391304346 0.01358695652173913 0.01154891304347826
0 0.6066576086956522 0.485054347826087 0.01358695652173913 0.010869565217391304
0 0.5713315217391305 0.48845108695652173 0.010190217391304348 0.008831521739130434
0 0.0625 0.5760869565217391 0.01154891304347826 0.016983695652173912
0 0.008152173913043478 0.8539402173913043 0.016304347826086956 0.09578804347826086
0 0.8824728260869565 0.8824728260869565 0.14130434782608695 0.12024456521739131
0 0.75 0.7601902173913043 0.07744565217391304 0.078125
0 0.4735054347826087 0.8240489130434783 0.08016304347826086 0.078125
0 0.21535326086956522 0.7676630434782609 0.08831521739130435 0.06589673913043478
0 0.025815217391304348 0.7567934782608695 0.051630434782608696 0.05434782608695652
0 0.5366847826086957 0.7493206521739131 0.07744565217391304 0.057744565217391304
0 0.34646739130434784 0.7167119565217391 0.05366847826086957 0.04008152173913043
0 0.16644021739130435 0.6908967391304348 0.021059782608695652 0.015625
0 0.042119565217391304 0.6807065217391305 0.03804347826086957 0.028532608695652172
0 0.010190217391304348 0.6379076086956522 0.020380434782608696 0.02309782608695652
0 0.057065217391304345 0.6372282608695652 0.029891304347826088 0.022418478260869564
0 0.8355978260869565 0.7316576086956522 0.06114130434782609 0.06182065217391304
0 0.7391304347826086 0.65625 0.06046195652173913 0.04551630434782609
0 0.5285326086956522 0.6929347826086957 0.025815217391304348 0.019021739130434784
0 0.5855978260869565 0.6399456521739131 0.015625 0.01154891304347826
0 0.5991847826086957 0.6786684782608695 0.06657608695652174 0.049592391304347824
0 0.6243206521739131 0.6311141304347826 0.014945652173913044 0.01154891304347826
0 0.9959239130434783 0.6168478260869565 0.008152173913043478 0.019021739130434784
0 0.9823369565217391 0.6066576086956522 0.024456521739130436 0.018342391304347828
0 0.983016304347826 0.5917119565217391 0.02309782608695652 0.017663043478260868
0 0.9524456521739131 0.5985054347826086 0.02309782608695652 0.021059782608695652
0 0.9707880434782609 0.5801630434782609 0.022418478260869564 0.016983695652173912
0 0.9809782608695652 0.5720108695652174 0.021739130434782608 0.016304347826086956
0 0.9442934782608695 0.578125 0.022418478260869564 0.016983695652173912
0 0.9191576086956522 0.5686141304347826 0.016304347826086956 0.01358695652173913
0 0.907608695652174 0.595108695652174 0.03192934782608696 0.021739130434782608
0 0.936141304347826 0.5910326086956522 0.02377717391304348 0.017663043478260868
0 0.890625 0.5849184782608695 0.02309782608695652 0.016983695652173912
0 0.8695652173913043 0.5774456521739131 0.022418478260869564 0.016983695652173912
0 0.8546195652173914 0.5706521739130435 0.021739130434782608 0.014266304347826086
0 0.8403532608695652 0.6114130434782609 0.025135869565217392 0.018342391304347828
0 0.7894021739130435 0.6025815217391305 0.024456521739130436 0.018342391304347828
0 0.7296195652173914 0.608016304347826 0.025135869565217392 0.018342391304347828
0 0.7112771739130435 0.6019021739130435 0.02377717391304348 0.018342391304347828
0 0.717391304347826 0.5842391304347826 0.02309782608695652 0.016983695652173912
0 0.7126358695652174 0.5754076086956522 0.022418478260869564 0.016304347826086956
0 0.7139945652173914 0.5652173913043478 0.021059782608695652 0.016304347826086956
0 0.7364130434782609 0.5733695652173914 0.021739130434782608 0.016304347826086956
0 0.6623641304347826 0.5625 0.012907608695652174 0.010190217391304348
0 0.6535326086956522 0.5754076086956522 0.012907608695652174 0.009510869565217392
0 0.6684782608695652 0.5835597826086957 0.012907608695652174 0.009510869565217392
0 0.657608695652174 0.5896739130434783 0.012907608695652174 0.009510869565217392
0 0.6460597826086957 0.5910326086956522 0.014266304347826086 0.010869565217391304
0 0.6535326086956522 0.6019021739130435 0.014945652173913044 0.010869565217391304
0 0.6317934782608695 0.6100543478260869 0.014945652173913044 0.010869565217391304
0 0.6154891304347826 0.5631793478260869 0.014266304347826086 0.010190217391304348
0 0.610733695652174 0.5692934782608695 0.014266304347826086 0.010869565217391304
0 0.6052989130434783 0.5815217391304348 0.014266304347826086 0.010869565217391304
0 0.5896739130434783 0.5822010869565217 0.014266304347826086 0.010869565217391304
0 0.5760869565217391 0.6005434782608695 0.014945652173913044 0.010869565217391304
0 0.5645380434782609 0.6066576086956522 0.014945652173913044 0.010869565217391304
0 0.5495923913043478 0.6182065217391305 0.014266304347826086 0.010190217391304348
0 0.579483695652174 0.5686141304347826 0.014266304347826086 0.010869565217391304
0 0.5686141304347826 0.5686141304347826 0.014266304347826086 0.010869565217391304
0 0.5441576086956522 0.5876358695652174 0.014266304347826086 0.010869565217391304
0 0.5251358695652174 0.592391304347826 0.014266304347826086 0.010190217391304348
0 0.5067934782608695 0.5985054347826086 0.014266304347826086 0.010190217391304348
0 0.4945652173913043 0.6046195652173914 0.01358695652173913 0.010190217391304348
0 0.47146739130434784 0.6127717391304348 0.01358695652173913 0.010190217391304348
0 0.484375 0.5869565217391305 0.01358695652173913 0.010190217391304348
0 0.4986413043478261 0.5801630434782609 0.01358695652173913 0.010190217391304348
0 0.5020380434782609 0.5665760869565217 0.01358695652173913 0.010190217391304348
0 0.514266304347826 0.5672554347826086 0.01358695652173913 0.010190217391304348
0 0.5264945652173914 0.5652173913043478 0.014266304347826086 0.010190217391304348
0 0.46467391304347827 0.5910326086956522 0.01358695652173913 0.010190217391304348
0 0.45991847826086957 0.5815217391304348 0.01358695652173913 0.010190217391304348
0 0.4830163043478261 0.5692934782608695 0.01358695652173913 0.010190217391304348
0 0.48097826086956524 0.5591032608695652 0.01358695652173913 0.010190217391304348
0 0.4639945652173913 0.5679347826086957 0.01358695652173913 0.010190217391304348
0 0.44633152173913043 0.5733695652173914 0.01358695652173913 0.010190217391304348
0 0.44021739130434784 0.5645380434782609 0.012907608695652174 0.009510869565217392
0 0.453125 0.5597826086956522 0.012907608695652174 0.009510869565217392
0 0.43070652173913043 0.5754076086956522 0.012907608695652174 0.009510869565217392
0 0.5244565217391305 0.6413043478260869 0.01358695652173913 0.010190217391304348
0 0.49320652173913043 0.6365489130434783 0.01358695652173913 0.010190217391304348
0 0.47690217391304346 0.6514945652173914 0.049592391304347824 0.03736413043478261
0 0.42595108695652173 0.6766304347826086 0.036005434782608696 0.02717391304347826
0 0.40828804347826086 0.6283967391304348 0.015625 0.012228260869565218
0 0.4375 0.6277173913043478 0.01358695652173913 0.010190217391304348
0 0.42391304347826086 0.6120923913043478 0.014266304347826086 0.010190217391304348
0 0.41304347826086957 0.5869565217391305 0.01358695652173913 0.010190217391304348
0 0.22554347826086957 0.6467391304347826 0.020380434782608696 0.014945652173913044
0 0.18138586956521738 0.65625 0.06929347826086957 0.051630434782608696
0 0.15489130434782608 0.6317934782608695 0.029891304347826088 0.022418478260869564
0 0.15081521739130435 0.6134510869565217 0.026494565217391304 0.01970108695652174
0 0.34171195652173914 0.6426630434782609 0.051630434782608696 0.03872282608695652
0 0.29279891304347827 0.6786684782608695 0.036005434782608696 0.02717391304347826
0 0.3023097826086957 0.6331521739130435 0.019021739130434784 0.014266304347826086
0 0.265625 0.6175271739130435 0.022418478260869564 0.016983695652173912
0 0.3641304347826087 0.6134510869565217 0.017663043478260868 0.012907608695652174
0 0.21942934782608695 0.6195652173913043 0.02377717391304348 0.017663043478260868
0 0.19021739130434784 0.5991847826086957 0.021739130434782608 0.016304347826086956
0 0.23573369565217392 0.5849184782608695 0.016304347826086956 0.012228260869565218
0 0.25339673913043476 0.6039402173913043 0.020380434782608696 0.015625
0 0.313179347826087 0.6039402173913043 0.016304347826086956 0.012228260869565218
0 0.296195652173913 0.595108695652174 0.015625 0.012228260869565218
0 0.35190217391304346 0.5978260869565217 0.015625 0.012228260869565218
0 0.38179347826086957 0.5930706521739131 0.014266304347826086 0.010869565217391304
0 0.37907608695652173 0.5774456521739131 0.014266304347826086 0.010190217391304348
0 0.40421195652173914 0.5713315217391305 0.012907608695652174 0.009510869565217392
0 0.4171195652173913 0.5672554347826086 0.012907608695652174 0.009510869565217392
0 0.41372282608695654 0.5597826086956522 0.012907608695652174 0.009510869565217392
0 0.3811141304347826 0.5672554347826086 0.01358695652173913 0.010190217391304348
0 0.36277173913043476 0.5699728260869565 0.01358695652173913 0.010190217391304348
0 0.3423913043478261 0.5597826086956522 0.012228260869565218 0.009510869565217392
0 0.32472826086956524 0.5706521739130435 0.01358695652173913 0.010190217391304348
0 0.313179347826087 0.5665760869565217 0.012907608695652174 0.010190217391304348
0 0.296195652173913 0.5726902173913043 0.014266304347826086 0.010190217391304348
0 0.30366847826086957 0.5835597826086957 0.014945652173913044 0.010869565217391304
0 0.32133152173913043 0.5835597826086957 0.014945652173913044 0.010869565217391304
0 0.281929347826087 0.5862771739130435 0.015625 0.012228260869565218
0 0.28804347826086957 0.5692934782608695 0.01358695652173913 0.010190217391304348
0 0.2982336956521739 0.5631793478260869 0.012907608695652174 0.009510869565217392
0 0.2751358695652174 0.5645380434782609 0.012907608695652174 0.009510869565217392
0 0.20448369565217392 0.5849184782608695 0.018342391304347828 0.01358695652173913
0 0.07608695652173914 0.5862771739130435 0.01970108695652174 0.014945652173913044
0 0.08220108695652174 0.6114130434782609 0.025135869565217392 0.018342391304347828
0 0.14605978260869565 0.5889945652173914 0.016983695652173912 0.012907608695652174
0 0.16168478260869565 0.5672554347826086 0.01358695652173913 0.010190217391304348
0 0.08967391304347826 0.5774456521739131 0.016983695652173912 0.012907608695652174
0 0.008152173913043478 0.5985054347826086 0.016304347826086956 0.016304347826086956
0 0.03192934782608696 0.6039402173913043 0.022418478260869564 0.016983695652173912
0 0.008831521739130434 0.6120923913043478 0.017663043478260868 0.018342391304347828
0 0.529891304347826 0.484375 0.01154891304347826 0.008831521739130434
0 0.8688858695652174 0.47146739130434784 0.015625 0.012228260869565218
0 0.84375 0.48845108695652173 0.014266304347826086 0.010869565217391304
0 0.6956521739130435 0.48233695652173914 0.01358695652173913 0.010190217391304348
0 0.6752717391304348 0.49184782608695654 0.01358695652173913 0.010190217391304348
0 0.5618206521739131 0.576766304347826 0.014266304347826086 0.010869565217391304
0 0.7119565217391305 0.6365489130434783 0.026494565217391304 0.015625
0 0.20176630434782608 0.5570652173913043 0.008152173913043478 0.006114130434782609
0 0.03940217391304348 0.5889945652173914 0.01970108695652174 0.014266304347826086
0 0.09103260869565218 0.592391304347826 0.021059782608695652 0.015625
0 0.3892663043478261 0.6052989130434783 0.014945652173913044 0.010869565217391304
0 0.7370923913043478 0.5978260869565217 0.02377717391304348 0.018342391304347828
0 0.44021739130434784 0.657608695652174 0.051630434782608696 0.03872282608695652