0 0.028532608695652172 0.008152173913043478 0.012907608695652174 0.009510869565217392
0 0.3423913043478261 0.10394021739130435 0.018342391304347828 0.015625
0 0.17459239130434784 0.13111413043478262 0.017663043478260868 0.012907608695652174
0 0.11277173913043478 0.13179347826086957 0.015625 0.012907608695652174
0 0.006114130434782609 0.1324728260869565 0.012228260869565218 0.01358695652173913
0 0.2112771739130435 0.18614130434782608 0.01358695652173913 0.01154891304347826
0 0.10597826086956522 0.2112771739130435 0.018342391304347828 0.015625
0 0.08220108695652174 0.2235054347826087 0.014945652173913044 0.014266304347826086
0 0.057744565217391304 0.2235054347826087 0.014945652173913044 0.01358695652173913
0 0.11888586956521739 0.24048913043478262 0.01358695652173913 0.014266304347826086
0 0.19021739130434784 0.23777173913043478 0.021059782608695652 0.01358695652173913
0 0.004076086956521739 0.22826086956521738 0.008152173913043478 0.012228260869565218
0 0.09578804347826086 0.35597826086956524 0.018342391304347828 0.01154891304347826
0 0.0625 0.5224184782608695 0.029211956521739132 0.025815217391304348
0 0.03260869565217391 0.0033967391304347825 0.014266304347826086 0.006793478260869565
0 0.0006793478260869565 0.008152173913043478 0.0006793478260869565 0.009510869565217392
0 0.09375 0.0020380434782608695 0.01358695652173913 0.004076086956521739
0 0.7588315217391305 0.21603260869565216 0.018342391304347828 0.012228260869565218
0 0.23709239130434784 0.11209239130434782 0.019021739130434784 0.012907608695652174
0 0.07676630434782608 0.12432065217391304 0.018342391304347828 0.01154891304347826
0 0.23573369565217392 0.20244565217391305 0.018342391304347828 0.012228260869565218
0 0.13926630434782608 0.203125 0.018342391304347828 0.012228260869565218
0 0.08831521739130435 0.19701086956521738 0.017663043478260868 0.01154891304347826
0 0.13858695652173914 0.2391304347826087 0.018342391304347828 0.012228260869565218
0 0.07540760869565218 0.23845108695652173 0.018342391304347828 0.012228260869565218
0 0.016304347826086956 0.20991847826086957 0.017663043478260868 0.012228260869565218
0 0.03736413043478261 0.2866847826086957 0.017663043478260868 0.012228260869565218
0 0.025135869565217392 0.5550271739130435 0.02717391304347826 0.018342391304347828