0 0.049592391304347824 0.5251358695652174 0.014945652173913044 0.01358695652173913
0 0.02377717391304348 0.5529891304347826 0.02309782608695652 0.020380434782608696
0 0.019021739130434784 0.5190217391304348 0.014945652173913044 0.012907608695652174
0 0.2425271739130435 0.5197010869565217 0.020380434782608696 0.01970108695652174
0 0.14266304347826086 0.5550271739130435 0.03260869565217391 0.03125
0 0.06929347826086957 0.5577445652173914 0.02377717391304348 0.02717391304347826
0 0.07880434782608696 0.5985054347826086 0.059103260869565216 0.051630434782608696
0 0.38790760869565216 0.5427989130434783 0.017663043478260868 0.01970108695652174
0 0.47554347826086957 0.501358695652174 0.010190217391304348 0.009510869565217392
0 0.5190217391304348 0.5264945652173914 0.021739130434782608 0.024456521739130436
0 0.5971467391304348 0.5427989130434783 0.034646739130434784 0.036684782608695655
0 0.7595108695652174 0.5577445652173914 0.034646739130434784 0.04483695652173913
0 0.8586956521739131 0.5577445652173914 0.034646739130434784 0.03192934782608696
0 0.8274456521739131 0.5366847826086957 0.02377717391304348 0.026494565217391304
0 0.5543478260869565 0.5067934782608695 0.009510869565217392 0.010190217391304348
0 0.8519021739130435 0.5339673913043478 0.02309782608695652 0.026494565217391304
0 0.8410326086956522 0.514266304347826 0.015625 0.017663043478260868
0 0.7778532608695652 0.5088315217391305 0.02377717391304348 0.025815217391304348
0 0.6039402173913043 0.5074728260869565 0.012228260869565218 0.012907608695652174
0 0.04619565217391304 0.5414402173913043 0.026494565217391304 0.01970108695652174
0 0.05298913043478261 0.5373641304347826 0.022418478260869564 0.017663043478260868
0 0.004755434782608696 0.5027173913043478 0.0033967391304347825 0.0020380434782608695
0 0.012907608695652174 0.49592391304347827 0.0006793478260869565 0.0006793478260869565
0 0.046875 0.4898097826086957 0.012228260869565218 0.008831521739130434
0 0.06317934782608696 0.4986413043478261 0.012907608695652174 0.009510869565217392
0 0.14130434782608695 0.49320652173913043 0.03736413043478261 0.027853260869565216
0 0.13926630434782608 0.48233695652173914 0.016304347826086956 0.012228260869565218
0 0.021059782608695652 0.5339673913043478 0.019021739130434784 0.014945652173913044
0 0.03260869565217391 0.5332880434782609 0.018342391304347828 0.01358695652173913
0 0.09782608695652174 0.5332880434782609 0.018342391304347828 0.01358695652173913
0 0.07540760869565218 0.47622282608695654 0.009510869565217392 0.006793478260869565
0 0.07540760869565218 0.47622282608695654 0.009510869565217392 0.006793478260869565
0 0.18070652173913043 0.5115489130434783 0.010869565217391304 0.007472826086956522
0 0.16644021739130435 0.48777173913043476 0.022418478260869564 0.017663043478260868
0 0.15421195652173914 0.4904891304347826 0.036005434782608696 0.02717391304347826
0 0.16236413043478262 0.48097826086956524 0.022418478260869564 0.016983695652173912
0 0.24456521739130435 0.5203804347826086 0.016304347826086956 0.012228260869565218
0 0.12092391304347826 0.529891304347826 0.015625 0.01154891304347826
0 0.05570652173913043 0.5720108695652174 0.043478260869565216 0.03260869565217391
0 0.017663043478260868 0.5706521739130435 0.034646739130434784 0.03192934782608696
0 0.020380434782608696 0.5964673913043478 0.04008152173913043 0.04008152173913043
0 0.057744565217391304 0.5828804347826086 0.04755434782608696 0.036005434782608696
0 0.029211956521739132 0.5679347826086957 0.04076086956521739 0.030570652173913044
0 0.13926630434782608 0.5876358695652174 0.049592391304347824 0.03736413043478261
0 0.10258152173913043 0.6372282608695652 0.06657608695652174 0.04891304347826087
0 0.1514945652173913 0.6161684782608695 0.06046195652173913 0.04483695652173913
0 0.19293478260869565 0.6277173913043478 0.06317934782608696 0.04755434782608696
0 0.18817934782608695 0.671875 0.13043478260869565 0.09782608695652174
0 0.21875 0.6052989130434783 0.05638586956521739 0.041440217391304345
0 0.20040760869565216 0.5713315217391305 0.043478260869565216 0.03260869565217391
0 0.16644021739130435 0.5699728260869565 0.042119565217391304 0.03125
0 0.2513586956521739 0.561141304347826 0.03804347826086957 0.028532608695652172
0 0.29415760869565216 0.5998641304347826 0.05434782608695652 0.04076086956521739
0 0.375679347826087 0.639266304347826 0.05434782608695652 0.04076086956521739
0 0.28872282608695654 0.6779891304347826 0.13179347826086957 0.09918478260869565
0 0.13858695652173914 0.7384510869565217 0.15285326086956522 0.11413043478260869
0 0.46059782608695654 0.7581521739130435 0.1793478260869565 0.13451086956521738
0 0.5101902173913043 0.6188858695652174 0.05502717391304348 0.04076086956521739
0 0.5346467391304348 0.5869565217391305 0.046875 0.034646739130434784
0 0.5618206521739131 0.5692934782608695 0.041440217391304345 0.03192934782608696
0 0.5074728260869565 0.5625 0.04008152173913043 0.029211956521739132
0 0.48097826086956524 0.5801630434782609 0.04483695652173913 0.03328804347826087
0 0.499320652173913 0.5509510869565217 0.035326086956521736 0.02717391304347826
0 0.48709239130434784 0.5360054347826086 0.029891304347826088 0.022418478260869564
0 0.4544836956521739 0.561141304347826 0.03872282608695652 0.029211956521739132
0 0.42459239130434784 0.5720108695652174 0.03872282608695652 0.029211956521739132
0 0.37771739130434784 0.5801630434782609 0.04076086956521739 0.03125
0 0.39945652173913043 0.6039402173913043 0.046875 0.034646739130434784
0 0.31929347826086957 0.5652173913043478 0.041440217391304345 0.03125
0 0.33695652173913043 0.5475543478260869 0.030570652173913044 0.02309782608695652
0 0.4157608695652174 0.5509510869565217 0.03328804347826087 0.025135869565217392
0 0.3892663043478261 0.5625 0.036005434782608696 0.027853260869565216
0 0.4422554347826087 0.5427989130434783 0.030570652173913044 0.022418478260869564
0 0.45584239130434784 0.529891304347826 0.02717391304347826 0.020380434782608696
0 0.42459239130434784 0.5434782608695652 0.030570652173913044 0.02309782608695652
0 0.4164402173913043 0.5332880434782609 0.02717391304347826 0.01970108695652174
0 0.438179347826087 0.5237771739130435 0.022418478260869564 0.017663043478260868
0 0.4273097826086957 0.5027173913043478 0.008152173913043478 0.006114130434782609
0 0.40896739130434784 0.5115489130434783 0.016983695652173912 0.012907608695652174
0 0.45584239130434784 0.5040760869565217 0.007472826086956522 0.006114130434782609
0 0.37907608695652173 0.5061141304347826 0.012228260869565218 0.009510869565217392
0 0.27445652173913043 0.5176630434782609 0.010190217391304348 0.008152173913043478
0 0.25747282608695654 0.516983695652174 0.007472826086956522 0.006114130434782609
0 0.48097826086956524 0.5217391304347826 0.022418478260869564 0.016983695652173912
0 0.6175271739130435 0.5529891304347826 0.03804347826086957 0.028532608695652172
0 0.6345108695652174 0.5489130434782609 0.03736413043478261 0.027853260869565216
0 0.9252717391304348 0.7914402173913043 0.125 0.13994565217391305
0 0.6942934782608695 0.7248641304347826 0.1480978260869565 0.11141304347826086
0 0.8498641304347826 0.6929347826086957 0.13722826086956522 0.10326086956521739
0 0.9307065217391305 0.6032608695652174 0.058423913043478264 0.044157608695652176
0 0.8335597826086957 0.59375 0.04891304347826087 0.036684782608695655
0 0.7112771739130435 0.6114130434782609 0.05298913043478261 0.03940217391304348
0 0.7778532608695652 0.5801630434782609 0.04483695652173913 0.03328804347826087
0 0.8804347826086957 0.6039402173913043 0.059103260869565216 0.044157608695652176
0 0.9775815217391305 0.5774456521739131 0.04483695652173913 0.03736413043478261
0 0.9558423913043478 0.5563858695652174 0.041440217391304345 0.03125
0 0.9021739130434783 0.5584239130434783 0.042119565217391304 0.03192934782608696
0 0.8002717391304348 0.5414402173913043 0.03328804347826087 0.025135869565217392
0 0.7425271739130435 0.5332880434782609 0.029891304347826088 0.021739130434782608
0 0.7072010869565217 0.5407608695652174 0.03328804347826087 0.024456521739130436
0 0.6908967391304348 0.5278532608695652 0.027853260869565216 0.021059782608695652
0 0.6385869565217391 0.5135869565217391 0.020380434782608696 0.015625
0 0.6161684782608695 0.5135869565217391 0.021059782608695652 0.015625
0 0.592391304347826 0.515625 0.021059782608695652 0.015625
0 0.5808423913043478 0.5054347826086957 0.01358695652173913 0.010190217391304348
0 0.5862771739130435 0.49320652173913043 0.014945652173913044 0.010869565217391304
0 0.671875 0.49660326086956524 0.007472826086956522 0.006114130434782609
0 0.6922554347826086 0.49320652173913043 0.01358695652173913 0.010869565217391304
0 0.7160326086956522 0.4938858695652174 0.001358695652173913 0.001358695652173913
0 0.5998641304347826 0.5203804347826086 0.02309782608695652 0.017663043478260868
0 0.9952445652173914 0.49592391304347827 0.009510869565217392 0.046875
0 0.9904891304347826 0.5095108695652174 0.007472826086956522 0.006114130434782609
0 0.9932065217391305 0.5285326086956522 0.01358695652173913 0.020380434782608696
0 0.967391304347826 0.5190217391304348 0.020380434782608696 0.014945652173913044
0 0.9177989130434783 0.5339673913043478 0.029891304347826088 0.022418478260869564
0 0.8913043478260869 0.5339673913043478 0.030570652173913044 0.02309782608695652
0 0.8702445652173914 0.5353260869565217 0.030570652173913044 0.02377717391304348
0 0.8797554347826086 0.5183423913043478 0.019021739130434784 0.014266304347826086
0 0.9014945652173914 0.5183423913043478 0.020380434782608696 0.014266304347826086
0 0.9279891304347826 0.5020380434782609 0.012907608695652174 0.009510869565217392
0 0.9476902173913043 0.5115489130434783 0.01154891304347826 0.008831521739130434
0 0.9211956521739131 0.5135869565217391 0.015625 0.01154891304347826
0 0.9619565217391305 0.5040760869565217 0.018342391304347828 0.014266304347826086
0 0.9612771739130435 0.4945652173913043 0.014945652173913044 0.010869565217391304
0 0.8777173913043478 0.49320652173913043 0.01358695652173913 0.010190217391304348
0 0.8396739130434783 0.5434782608695652 0.033967391304347824 0.025135869565217392
0 0.795516304347826 0.5217391304347826 0.024456521739130436 0.018342391304347828
0 0.7730978260869565 0.5264945652173914 0.02717391304347826 0.020380434782608696
0 0.7615489130434783 0.514266304347826 0.021059782608695652 0.015625
0 0.7493206521739131 0.514266304347826 0.021059782608695652 0.015625
0 0.7404891304347826 0.5197010869565217 0.02309782608695652 0.017663043478260868
0 0.7139945652173914 0.5210597826086957 0.02377717391304348 0.018342391304347828
0 0.7051630434782609 0.5095108695652174 0.015625 0.012228260869565218
0 0.6915760869565217 0.5129076086956522 0.018342391304347828 0.014266304347826086
0 0.8091032608695652 0.501358695652174 0.010869565217391304 0.007472826086956522
0 0.8002717391304348 0.5047554347826086 0.012907608695652174 0.010190217391304348
0 0.8410326086956522 0.5 0.007472826086956522 0.006114130434782609
0 0.8539402173913043 0.5 0.008152173913043478 0.006793478260869565
0 0.8648097826086957 0.4986413043478261 0.006114130434782609 0.004755434782608696
0 0.8478260869565217 0.5067934782608695 0.015625 0.01154891304347826
0 0.9130434782608695 0.5054347826086957 0.015625 0.01154891304347826
0 0.532608695652174 0.5088315217391305 0.016983695652173912 0.012228260869565218
0 0.5190217391304348 0.5115489130434783 0.017663043478260868 0.01358695652173913
0 0.6365489130434783 0.5040760869565217 0.012228260869565218 0.008831521739130434
0 0.6528532608695652 0.49728260869565216 0.01358695652173913 0.010869565217391304
0 0.686141304347826 0.5027173913043478 0.008152173913043478 0.006114130434782609
0 0.6800271739130435 0.49320652173913043 0.014945652173913044 0.010869565217391304
0 0.6956521739130435 0.47690217391304346 0.028532608695652172 0.021739130434782608
0 0.6290760869565217 0.53125 0.029211956521739132 0.022418478260869564
0 0.6351902173913043 0.5217391304347826 0.025135869565217392 0.019021739130434784
0 0.6487771739130435 0.5203804347826086 0.024456521739130436 0.018342391304347828
0 0.6644021739130435 0.5176630434782609 0.021739130434782608 0.016304347826086956
0 0.5380434782608695 0.5217391304347826 0.02377717391304348 0.018342391304347828
0 0.9497282608695652 0.6589673913043478 0.10054347826086957 0.09510869565217392