0 0.12024456521739131 0.5801630434782609 0.042119565217391304 0.06861413043478261
0 0.5020380434782609 0.4796195652173913 0.010869565217391304 0.010190217391304348
0 0.5176630434782609 0.4748641304347826 0.01154891304347826 0.010869565217391304
0 0.5339673913043478 0.484375 0.02309782608695652 0.021739130434782608
0 0.5278532608695652 0.49728260869565216 0.02717391304347826 0.026494565217391304
0 0.7078804347826086 0.6963315217391305 0.11480978260869565 0.13451086956521738
0 0.6895380434782609 0.516983695652174 0.03192934782608696 0.036684782608695655
0 0.6114130434782609 0.5054347826086957 0.026494565217391304 0.02717391304347826
0 0.5985054347826086 0.5054347826086957 0.021059782608695652 0.025135869565217392
0 0.6440217391304348 0.44157608695652173 0.020380434782608696 0.01970108695652174
0 0.5835597826086957 0.44972826086956524 0.018342391304347828 0.020380434782608696
0 0.6807065217391305 0.4673913043478261 0.012228260869565218 0.01358695652173913
0 0.7520380434782609 0.47554347826086957 0.016983695652173912 0.017663043478260868
0 0.7255434782608695 0.46195652173913043 0.012228260869565218 0.015625
0 0.6942934782608695 0.46875 0.014945652173913044 0.014945652173913044
0 0.7839673913043478 0.468070652173913 0.021059782608695652 0.024456521739130436
0 0.8097826086956522 0.4592391304347826 0.014945652173913044 0.015625
0 0.798233695652174 0.48165760869565216 0.021059782608695652 0.021739130434782608
0 0.9171195652173914 0.485054347826087 0.016983695652173912 0.022418478260869564
0 0.9667119565217391 0.45108695652173914 0.012228260869565218 0.014945652173913044
0 0.9836956521739131 0.44565217391304346 0.015625 0.01358695652173913
0 0.9932065217391305 0.46127717391304346 0.012907608695652174 0.01970108695652174
0 0.9966032608695652 0.44429347826086957 0.006114130434782609 0.01358695652173913
0 0.9945652173913043 0.49592391304347827 0.010869565217391304 0.03328804347826087
0 0.002717391304347826 0.5774456521739131 0.005434782608695652 0.03736413043478261
0 0.08084239130434782 0.7459239130434783 0.15489130434782608 0.11616847826086957
0 0.10733695652173914 0.515625 0.024456521739130436 0.017663043478260868
0 0.042119565217391304 0.5251358695652174 0.024456521739130436 0.018342391304347828
0 0.026494565217391304 0.49592391304347827 0.05298913043478261 0.046875
0 0.006793478260869565 0.5285326086956522 0.01358695652173913 0.020380434782608696
0 0.012907608695652174 0.6589673913043478 0.025815217391304348 0.09510869565217392
0 0.20040760869565216 0.7153532608695652 0.1453804347826087 0.10869565217391304
0 0.17255434782608695 0.5489130434782609 0.04008152173913043 0.029891304347826088
0 0.10529891304347826 0.5523097826086957 0.04076086956521739 0.030570652173913044
0 0.11480978260869565 0.5400815217391305 0.036005434782608696 0.026494565217391304
0 0.2547554347826087 0.5570652173913043 0.050271739130434784 0.03736413043478261
0 0.203125 0.5414402173913043 0.04008152173913043 0.029211956521739132
0 0.18410326086956522 0.5217391304347826 0.030570652173913044 0.02309782608695652
0 0.19293478260869565 0.5122282608695652 0.029211956521739132 0.022418478260869564
0 0.14605978260869565 0.5190217391304348 0.028532608695652172 0.021739130434782608
0 0.1487771739130435 0.5095108695652174 0.02377717391304348 0.017663043478260868
0 0.16508152173913043 0.5033967391304348 0.022418478260869564 0.016983695652173912
0 0.1331521739130435 0.5108695652173914 0.021739130434782608 0.016304347826086956
0 0.20855978260869565 0.5074728260869565 0.02717391304347826 0.021059782608695652
0 0.2391304347826087 0.514266304347826 0.03804347826086957 0.027853260869565216
0 0.2554347826086957 0.516983695652174 0.03872282608695652 0.028532608695652172
0 0.29415760869565216 0.5224184782608695 0.04008152173913043 0.029891304347826088
0 0.09239130434782608 0.5135869565217391 0.022418478260869564 0.017663043478260868
0 0.08152173913043478 0.5054347826086957 0.017663043478260868 0.012907608695652174
0 0.08152173913043478 0.5061141304347826 0.017663043478260868 0.01358695652173913
0 0.11684782608695653 0.5006793478260869 0.012907608695652174 0.009510869565217392
0 0.18206521739130435 0.48845108695652173 0.016983695652173912 0.012228260869565218
0 0.2078804347826087 0.49592391304347827 0.021739130434782608 0.015625
0 0.19157608695652173 0.4782608695652174 0.006114130434782609 0.004076086956521739
0 0.18682065217391305 0.4748641304347826 0.005434782608695652 0.004076086956521739
0 0.17730978260869565 0.4735054347826087 0.009510869565217392 0.006793478260869565
0 0.12432065217391304 0.4741847826086957 0.0625 0.04755434782608696
0 0.19972826086956522 0.48709239130434784 0.015625 0.01154891304347826
0 0.203125 0.4748641304347826 0.004076086956521739 0.0033967391304347825
0 0.26154891304347827 0.48709239130434784 0.026494565217391304 0.01970108695652174
0 0.29891304347826086 0.485054347826087 0.025135869565217392 0.019021739130434784
0 0.27921195652173914 0.48233695652173914 0.02377717391304348 0.017663043478260868
0 0.2235054347826087 0.47078804347826086 0.015625 0.01154891304347826
0 0.28940217391304346 0.468070652173913 0.012907608695652174 0.010190217391304348
0 0.27377717391304346 0.47146739130434784 0.016304347826086956 0.012228260869565218
0 0.2452445652173913 0.47690217391304346 0.020380434782608696 0.014945652173913044
0 0.23573369565217392 0.4748641304347826 0.019021739130434784 0.01358695652173913
0 0.22758152173913043 0.4857336956521739 0.025135869565217392 0.018342391304347828
0 0.40828804347826086 0.4741847826086957 0.02309782608695652 0.017663043478260868
0 0.37160326086956524 0.48097826086956524 0.02377717391304348 0.017663043478260868
0 0.35665760869565216 0.4782608695652174 0.021059782608695652 0.015625
0 0.33627717391304346 0.48233695652173914 0.02377717391304348 0.017663043478260868
0 0.33152173913043476 0.516983695652174 0.03872282608695652 0.029211956521739132
0 0.32065217391304346 0.49184782608695654 0.028532608695652172 0.021739130434782608
0 0.35122282608695654 0.4626358695652174 0.021739130434782608 0.016304347826086956
0 0.37160326086956524 0.46603260869565216 0.021739130434782608 0.016304347826086956
0 0.3111413043478261 0.4830163043478261 0.02377717391304348 0.017663043478260868
0 0.3077445652173913 0.48777173913043476 0.026494565217391304 0.01970108695652174
0 0.44497282608695654 0.49660326086956524 0.026494565217391304 0.01970108695652174
0 0.4701086956521739 0.4945652173913043 0.026494565217391304 0.019021739130434784
0 0.49320652173913043 0.47214673913043476 0.022418478260869564 0.016983695652173912
0 0.5006793478260869 0.49728260869565216 0.026494565217391304 0.01970108695652174
0 0.5047554347826086 0.48845108695652173 0.025135869565217392 0.018342391304347828
0 0.5163043478260869 0.4857336956521739 0.024456521739130436 0.019021739130434784
0 0.5244565217391305 0.4789402173913043 0.02377717391304348 0.017663043478260868
0 0.5237771739130435 0.5129076086956522 0.027853260869565216 0.021059782608695652
0 0.5604619565217391 0.49796195652173914 0.02717391304347826 0.01970108695652174
0 0.5516304347826086 0.44904891304347827 0.019021739130434784 0.01358695652173913
0 0.391304347826087 0.4633152173913043 0.021739130434782608 0.015625
0 0.38247282608695654 0.4639945652173913 0.021739130434782608 0.016304347826086956
0 0.40353260869565216 0.4626358695652174 0.021739130434782608 0.016304347826086956
0 0.49660326086956524 0.5421195652173914 0.03872282608695652 0.029211956521739132
0 0.5360054347826086 0.5713315217391305 0.044157608695652176 0.03328804347826087
0 0.41372282608695654 0.501358695652174 0.02717391304347826 0.020380434782608696
0 0.5230978260869565 0.6739130434782609 0.13111413043478262 0.09850543478260869
0 0.40217391304347827 0.8077445652173914 0.171875 0.12907608695652173
0 0.421875 0.6908967391304348 0.13722826086956522 0.10258152173913043
0 0.46671195652173914 0.9307065217391305 0.1800271739130435 0.13451086956521738
0 0.7078804347826086 0.6195652173913043 0.10190217391304347 0.07676630434782608
0 0.5788043478260869 0.6277173913043478 0.10461956521739131 0.078125
0 0.6277173913043478 0.5896739130434783 0.052309782608695655 0.04008152173913043
0 0.610733695652174 0.5672554347826086 0.049592391304347824 0.036684782608695655
0 0.704483695652174 0.5604619565217391 0.04619565217391304 0.034646739130434784
0 0.6501358695652174 0.5394021739130435 0.03804347826086957 0.028532608695652172
0 0.6596467391304348 0.514266304347826 0.03328804347826087 0.024456521739130436
0 0.5985054347826086 0.49184782608695654 0.026494565217391304 0.01970108695652174
0 0.5876358695652174 0.4375 0.015625 0.012228260869565218
0 0.5720108695652174 0.44633152173913043 0.018342391304347828 0.01358695652173913
0 0.6657608695652174 0.47554347826086957 0.022418478260869564 0.017663043478260868
0 0.671875 0.4673913043478261 0.020380434782608696 0.014945652173913044
0 0.671875 0.45991847826086957 0.020380434782608696 0.014945652173913044
0 0.7235054347826086 0.484375 0.026494565217391304 0.01970108695652174
0 0.735733695652174 0.46875 0.019021739130434784 0.014266304347826086
0 0.7105978260869565 0.45652173913043476 0.016983695652173912 0.012907608695652174
0 0.7995923913043478 0.4633152173913043 0.017663043478260868 0.01358695652173913
0 0.7710597826086957 0.43953804347826086 0.019021739130434784 0.014266304347826086
0 0.7459239130434783 0.45991847826086957 0.01358695652173913 0.010190217391304348
0 0.9137228260869565 0.4585597826086957 0.018342391304347828 0.01358695652173913
0 0.9021739130434783 0.4626358695652174 0.020380434782608696 0.014266304347826086
0 0.8879076086956522 0.46875 0.021739130434782608 0.016304347826086956
0 0.8797554347826086 0.4585597826086957 0.019021739130434784 0.01358695652173913
0 0.8552989130434783 0.46059782608695654 0.019021739130434784 0.01358695652173913
0 0.8457880434782609 0.45516304347826086 0.017663043478260868 0.01358695652173913
0 0.8355978260869565 0.46671195652173914 0.020380434782608696 0.014266304347826086
0 0.8288043478260869 0.453804347826087 0.016304347826086956 0.012228260869565218
0 0.8288043478260869 0.4748641304347826 0.021739130434782608 0.016304347826086956
0 0.8709239130434783 0.468070652173913 0.021739130434782608 0.016304347826086956
0 0.8716032608695652 0.46059782608695654 0.020380434782608696 0.014945652173913044
0 0.9707880434782609 0.47078804347826086 0.021739130434782608 0.016983695652173912
0 0.9789402173913043 0.46059782608695654 0.019021739130434784 0.014266304347826086
0 0.9925271739130435 0.4701086956521739 0.014945652173913044 0.016983695652173912
0 0.9014945652173914 0.5570652173913043 0.036005434782608696 0.02717391304347826
0 0.873641304347826 0.5957880434782609 0.050271739130434784 0.03736413043478261
0 0.9327445652173914 0.59375 0.041440217391304345 0.03125
0 0.96875 0.6154891304347826 0.044157608695652176 0.03260869565217391
0 0.9490489130434783 0.6875 0.10190217391304347 0.10190217391304347