0 0.04619565217391304 0.35529891304347827 0.08763586956521739 0.08763586956521739
0 0.592391304347826 0.3967391304347826 0.004076086956521739 0.0033967391304347825
0 0.8532608695652174 0.40964673913043476 0.004755434782608696 0.004076086956521739
0 0.6630434782608695 0.33491847826086957 0.08220108695652174 0.05638586956521739
0 0.9300271739130435 0.406929347826087 0.12296195652173914 0.09307065217391304
0 0.9809782608695652 0.36345108695652173 0.005434782608695652 0.004076086956521739
0 0.24116847826086957 0.9225543478260869 0.078125 0.059782608695652176
0 0.05638586956521739 0.9599184782608695 0.06657608695652174 0.059103260869565216
0 0.41847826086956524 0.9300271739130435 0.058423913043478264 0.04823369565217391
0 0.47214673913043476 0.9490489130434783 0.08084239130434782 0.06114130434782609
0 0.5557065217391305 0.8865489130434783 0.05298913043478261 0.04823369565217391
0 0.5292119565217391 0.9408967391304348 0.08152173913043478 0.06182065217391304
0 0.9021739130434783 0.8396739130434783 0.07404891304347826 0.057744565217391304
0 0.5067934782608695 0.813858695652174 0.008152173913043478 0.006114130434782609
0 0.33695652173913043 0.7601902173913043 0.007472826086956522 0.006114130434782609
0 0.42459239130434784 0.7241847826086957 0.006793478260869565 0.006114130434782609
0 0.34578804347826086 0.6311141304347826 0.002717391304347826 0.002717391304347826
0 0.3491847826086957 0.6317934782608695 0.0033967391304347825 0.002717391304347826
0 0.3736413043478261 0.6311141304347826 0.002717391304347826 0.002717391304347826
0 0.343070652173913 0.625 0.002717391304347826 0.0020380434782608695
0 0.3376358695652174 0.625 0.0033967391304347825 0.002717391304347826
0 0.3498641304347826 0.625 0.0033967391304347825 0.002717391304347826
0 0.3267663043478261 0.6202445652173914 0.0033967391304347825 0.0020380434782608695
0 0.3335597826086957 0.6188858695652174 0.0033967391304347825 0.002717391304347826
0 0.3376358695652174 0.6222826086956522 0.0033967391304347825 0.002717391304347826
0 0.3546195652173913 0.6161684782608695 0.002717391304347826 0.002717391304347826
0 0.38654891304347827 0.6209239130434783 0.002717391304347826 0.002717391304347826
0 0.28532608695652173 0.5006793478260869 0.0033967391304347825 0.002717391304347826
0 0.296195652173913 0.5 0.0033967391304347825 0.002717391304347826
0 0.3029891304347826 0.5006793478260869 0.004076086956521739 0.002717391304347826
0 0.3172554347826087 0.5027173913043478 0.0033967391304347825 0.002717391304347826
0 0.33016304347826086 0.5020380434782609 0.004076086956521739 0.002717391304347826
0 0.33695652173913043 0.5020380434782609 0.004076086956521739 0.002717391304347826
0 0.343070652173913 0.5027173913043478 0.004076086956521739 0.002717391304347826
0 0.3498641304347826 0.5006793478260869 0.004076086956521739 0.002717391304347826
0 0.2914402173913043 0.5067934782608695 0.0033967391304347825 0.002717391304347826
0 0.30570652173913043 0.5061141304347826 0.004076086956521739 0.002717391304347826
0 0.297554347826087 0.5047554347826086 0.0033967391304347825 0.002717391304347826
0 0.28940217391304346 0.515625 0.004076086956521739 0.002717391304347826
0 0.29959239130434784 0.5108695652173914 0.004076086956521739 0.002717391304347826
0 0.3063858695652174 0.516983695652174 0.0033967391304347825 0.002717391304347826
0 0.31521739130434784 0.515625 0.004076086956521739 0.002717391304347826
0 0.32065217391304346 0.515625 0.0033967391304347825 0.002717391304347826
0 0.32540760869565216 0.5149456521739131 0.004076086956521739 0.002717391304347826
0 0.34103260869565216 0.5163043478260869 0.004076086956521739 0.002717391304347826
0 0.34782608695652173 0.516983695652174 0.0033967391304347825 0.002717391304347826
0 0.296195652173913 0.5278532608695652 0.0033967391304347825 0.002717391304347826
0 0.30366847826086957 0.5271739130434783 0.0033967391304347825 0.002717391304347826
0 0.313179347826087 0.5258152173913043 0.004076086956521739 0.002717391304347826
0 0.32608695652173914 0.5258152173913043 0.004076086956521739 0.002717391304347826
0 0.33695652173913043 0.5258152173913043 0.0033967391304347825 0.002717391304347826
0 0.32404891304347827 0.5319293478260869 0.004076086956521739 0.002717391304347826
0 0.34578804347826086 0.5305706521739131 0.0033967391304347825 0.002717391304347826
0 0.3532608695652174 0.5305706521739131 0.004076086956521739 0.002717391304347826
0 0.35597826086956524 0.5122282608695652 0.0033967391304347825 0.002717391304347826
0 0.36277173913043476 0.5095108695652174 0.004076086956521739 0.002717391304347826
0 0.359375 0.5 0.004076086956521739 0.002717391304347826
0 0.36752717391304346 0.5040760869565217 0.004076086956521739 0.002717391304347826
0 0.37771739130434784 0.5006793478260869 0.004076086956521739 0.002717391304347826
0 0.38315217391304346 0.5006793478260869 0.0033967391304347825 0.002717391304347826
0 0.39741847826086957 0.501358695652174 0.004076086956521739 0.002717391304347826
0 0.4048913043478261 0.5020380434782609 0.004076086956521739 0.002717391304347826
0 0.421195652173913 0.5040760869565217 0.004076086956521739 0.002717391304347826
0 0.4279891304347826 0.5047554347826086 0.004076086956521739 0.002717391304347826
0 0.43478260869565216 0.5054347826086957 0.0033967391304347825 0.002717391304347826
0 0.43953804347826086 0.5047554347826086 0.004076086956521739 0.002717391304347826
0 0.4476902173913043 0.5047554347826086 0.004076086956521739 0.002717391304347826
0 0.45720108695652173 0.5054347826086957 0.004076086956521739 0.002717391304347826
0 0.47758152173913043 0.5040760869565217 0.0033967391304347825 0.002717391304347826
0 0.48777173913043476 0.5040760869565217 0.004076086956521739 0.002717391304347826
0 0.4952445652173913 0.5027173913043478 0.0033967391304347825 0.002717391304347826
0 0.49796195652173914 0.5163043478260869 0.004076086956521739 0.002717391304347826
0 0.49116847826086957 0.5163043478260869 0.004076086956521739 0.002717391304347826
0 0.4904891304347826 0.5190217391304348 0.004076086956521739 0.002717391304347826
0 0.48709239130434784 0.5237771739130435 0.004076086956521739 0.002717391304347826
0 0.4796195652173913 0.5292119565217391 0.0033967391304347825 0.002717391304347826
0 0.49660326086956524 0.5244565217391305 0.0033967391304347825 0.002717391304347826
0 0.5020380434782609 0.5237771739130435 0.0033967391304347825 0.002717391304347826
0 0.4891304347826087 0.5373641304347826 0.004076086956521739 0.002717391304347826
0 0.4891304347826087 0.5461956521739131 0.0033967391304347825 0.002717391304347826
0 0.4952445652173913 0.5557065217391305 0.0033967391304347825 0.002717391304347826
0 0.4789402173913043 0.5618206521739131 0.0033967391304347825 0.002717391304347826
0 0.48709239130434784 0.5652173913043478 0.0033967391304347825 0.002717391304347826
0 0.4701086956521739 0.5237771739130435 0.004076086956521739 0.0033967391304347825
0 0.46195652173913043 0.5264945652173914 0.0033967391304347825 0.002717391304347826
0 0.4578804347826087 0.532608695652174 0.0033967391304347825 0.002717391304347826
0 0.4639945652173913 0.5679347826086957 0.0033967391304347825 0.002717391304347826
0 0.44972826086956524 0.5699728260869565 0.0033967391304347825 0.002717391304347826
0 0.4422554347826087 0.5706521739130435 0.0033967391304347825 0.002717391304347826
0 0.438179347826087 0.5597826086956522 0.0033967391304347825 0.002717391304347826
0 0.44497282608695654 0.5591032608695652 0.0033967391304347825 0.002717391304347826
0 0.436820652173913 0.5475543478260869 0.0033967391304347825 0.002717391304347826
0 0.44429347826086957 0.5489130434782609 0.004076086956521739 0.002717391304347826
0 0.4429347826086957 0.5434782608695652 0.0033967391304347825 0.002717391304347826
0 0.4476902173913043 0.529891304347826 0.004076086956521739 0.002717391304347826
0 0.43410326086956524 0.529891304347826 0.0033967391304347825 0.002717391304347826
0 0.42391304347826086 0.5217391304347826 0.0033967391304347825 0.002717391304347826
0 0.43546195652173914 0.5129076086956522 0.0033967391304347825 0.002717391304347826
0 0.4470108695652174 0.5135869565217391 0.004076086956521739 0.002717391304347826
0 0.4123641304347826 0.5149456521739131 0.004076086956521739 0.002717391304347826
0 0.405570652173913 0.5230978260869565 0.004076086956521739 0.002717391304347826
0 0.41032608695652173 0.5230978260869565 0.004076086956521739 0.002717391304347826
0 0.4048913043478261 0.5176630434782609 0.004076086956521739 0.002717391304347826
0 0.39470108695652173 0.5163043478260869 0.004076086956521739 0.002717391304347826
0 0.38383152173913043 0.515625 0.004076086956521739 0.002717391304347826
0 0.37092391304347827 0.515625 0.004076086956521739 0.002717391304347826
0 0.3641304347826087 0.514266304347826 0.0033967391304347825 0.002717391304347826
0 0.3811141304347826 0.5305706521739131 0.0033967391304347825 0.002717391304347826
0 0.39945652173913043 0.5305706521739131 0.004076086956521739 0.002717391304347826
0 0.4110054347826087 0.5305706521739131 0.0033967391304347825 0.002717391304347826
0 0.42595108695652173 0.5394021739130435 0.004076086956521739 0.002717391304347826
0 0.41779891304347827 0.5400815217391305 0.0033967391304347825 0.002717391304347826
0 0.39945652173913043 0.5400815217391305 0.0033967391304347825 0.002717391304347826
0 0.38790760869565216 0.5380434782608695 0.004076086956521739 0.002717391304347826
0 0.3804347826086957 0.5387228260869565 0.0033967391304347825 0.002717391304347826
0 0.359375 0.5400815217391305 0.0033967391304347825 0.002717391304347826
0 0.3376358695652174 0.5421195652173914 0.0033967391304347825 0.002717391304347826
0 0.3233695652173913 0.5461956521739131 0.0033967391304347825 0.002717391304347826
0 0.3294836956521739 0.5495923913043478 0.004076086956521739 0.002717391304347826
0 0.33695652173913043 0.5509510869565217 0.004076086956521739 0.002717391304347826
0 0.3423913043478261 0.5509510869565217 0.0033967391304347825 0.002717391304347826
0 0.35054347826086957 0.5509510869565217 0.0033967391304347825 0.002717391304347826
0 0.36820652173913043 0.5509510869565217 0.004076086956521739 0.002717391304347826
0 0.37228260869565216 0.5516304347826086 0.0033967391304347825 0.002717391304347826
0 0.37907608695652173 0.5509510869565217 0.0033967391304347825 0.002717391304347826
0 0.38790760869565216 0.5475543478260869 0.0033967391304347825 0.002717391304347826
0 0.3423913043478261 0.5570652173913043 0.0033967391304347825 0.002717391304347826
0 0.3546195652173913 0.5591032608695652 0.0033967391304347825 0.002717391304347826
0 0.3641304347826087 0.5618206521739131 0.0033967391304347825 0.002717391304347826
0 0.3851902173913043 0.5591032608695652 0.0033967391304347825 0.002717391304347826
0 0.391304347826087 0.5604619565217391 0.004076086956521739 0.002717391304347826
0 0.40964673913043476 0.5591032608695652 0.0033967391304347825 0.002717391304347826
0 0.3491847826086957 0.5679347826086957 0.0033967391304347825 0.002717391304347826
0 0.3695652173913043 0.5692934782608695 0.0033967391304347825 0.002717391304347826
0 0.3804347826086957 0.5692934782608695 0.0033967391304347825 0.002717391304347826
0 0.3851902173913043 0.5652173913043478 0.0033967391304347825 0.002717391304347826
0 0.3967391304347826 0.5658967391304348 0.004076086956521739 0.002717391304347826
0 0.3967391304347826 0.5726902173913043 0.0033967391304347825 0.002717391304347826
0 0.40625 0.5733695652173914 0.0033967391304347825 0.002717391304347826
0 0.41508152173913043 0.5733695652173914 0.0033967391304347825 0.002717391304347826
0 0.4273097826086957 0.5726902173913043 0.0033967391304347825 0.002717391304347826
0 0.43478260869565216 0.5720108695652174 0.0033967391304347825 0.002717391304347826
0 0.4483695652173913 0.49320652173913043 0.004076086956521739 0.002717391304347826
0 0.47622282608695654 0.49592391304347827 0.004076086956521739 0.002717391304347826
0 0.4123641304347826 0.5686141304347826 0.0033967391304347825 0.002717391304347826
0 0.42934782608695654 0.5828804347826086 0.0033967391304347825 0.002717391304347826
0 0.42459239130434784 0.5828804347826086 0.0033967391304347825 0.002717391304347826
0 0.38179347826086957 0.5849184782608695 0.0033967391304347825 0.002717391304347826
0 0.37771739130434784 0.5835597826086957 0.0033967391304347825 0.002717391304347826
0 0.360054347826087 0.5835597826086957 0.004076086956521739 0.002717391304347826
0 0.34171195652173914 0.5828804347826086 0.0033967391304347825 0.002717391304347826
0 0.34375 0.5822010869565217 0.0033967391304347825 0.002717391304347826
0 0.3220108695652174 0.5672554347826086 0.0033967391304347825 0.002717391304347826
0 0.31589673913043476 0.5672554347826086 0.0033967391304347825 0.002717391304347826
0 0.3125 0.5672554347826086 0.0033967391304347825 0.002717391304347826
0 0.3070652173913043 0.5672554347826086 0.004076086956521739 0.002717391304347826
0 0.29415760869565216 0.5502717391304348 0.0033967391304347825 0.002717391304347826
0 0.3125 0.592391304347826 0.0033967391304347825 0.002717391304347826
0 0.32540760869565216 0.5998641304347826 0.0033967391304347825 0.002717391304347826
0 0.327445652173913 0.6059782608695652 0.0033967391304347825 0.002717391304347826
0 0.33084239130434784 0.6066576086956522 0.002717391304347826 0.002717391304347826
0 0.3294836956521739 0.6025815217391305 0.0033967391304347825 0.002717391304347826
0 0.328804347826087 0.5991847826086957 0.0033967391304347825 0.0020380434782608695
0 0.2873641304347826 0.592391304347826 0.0033967391304347825 0.002717391304347826
0 0.2914402173913043 0.5930706521739131 0.0033967391304347825 0.002717391304347826
0 0.29008152173913043 0.5985054347826086 0.0033967391304347825 0.002717391304347826
0 0.29483695652173914 0.5985054347826086 0.0033967391304347825 0.002717391304347826
0 0.29347826086956524 0.5774456521739131 0.0033967391304347825 0.002717391304347826
0 0.3016304347826087 0.5760869565217391 0.0033967391304347825 0.002717391304347826
0 0.2873641304347826 0.5747282608695652 0.0033967391304347825 0.002717391304347826
0 0.29959239130434784 0.5774456521739131 0.004076086956521739 0.002717391304347826
0 0.4048913043478261 0.6005434782608695 0.0033967391304347825 0.002717391304347826
0 0.40625 0.592391304347826 0.0033967391304347825 0.002717391304347826
0 0.391304347826087 0.5910326086956522 0.0033967391304347825 0.002717391304347826
0 0.3892663043478261 0.579483695652174 0.0033967391304347825 0.002717391304347826
0 0.4116847826086957 0.5862771739130435 0.0033967391304347825 0.002717391304347826
0 0.5251358695652174 0.5040760869565217 0.004076086956521739 0.002717391304347826
0 0.5339673913043478 0.5047554347826086 0.004076086956521739 0.002717391304347826
0 0.529891304347826 0.49728260869565216 0.004076086956521739 0.002717391304347826
0 0.5380434782608695 0.49660326086956524 0.004076086956521739 0.002717391304347826
0 0.529891304347826 0.5149456521739131 0.004076086956521739 0.002717391304347826
0 0.5366847826086957 0.5129076086956522 0.004076086956521739 0.002717391304347826
0 0.5394021739130435 0.5237771739130435 0.0033967391304347825 0.002717391304347826
0 0.532608695652174 0.5264945652173914 0.0033967391304347825 0.002717391304347826
0 0.5271739130434783 0.5217391304347826 0.004076086956521739 0.002717391304347826
0 0.5108695652173914 0.5278532608695652 0.004076086956521739 0.002717391304347826
0 0.5067934782608695 0.5264945652173914 0.004076086956521739 0.002717391304347826
0 0.5027173913043478 0.5394021739130435 0.004076086956521739 0.002717391304347826
0 0.5047554347826086 0.546875 0.0033967391304347825 0.002717391304347826
0 0.5047554347826086 0.5516304347826086 0.0033967391304347825 0.002717391304347826
0 0.5101902173913043 0.5679347826086957 0.0033967391304347825 0.002717391304347826
0 0.5183423913043478 0.5652173913043478 0.0033967391304347825 0.002717391304347826
0 0.53125 0.5536684782608695 0.0033967391304347825 0.002717391304347826
0 0.5380434782608695 0.5550271739130435 0.0033967391304347825 0.002717391304347826
0 0.545516304347826 0.5536684782608695 0.0033967391304347825 0.002717391304347826
0 0.53125 0.5733695652173914 0.0033967391304347825 0.002717391304347826
0 0.5448369565217391 0.576766304347826 0.0033967391304347825 0.002717391304347826
0 0.529891304347826 0.5421195652173914 0.0033967391304347825 0.002717391304347826
0 0.5264945652173914 0.5400815217391305 0.0033967391304347825 0.002717391304347826
0 0.49660326086956524 0.5679347826086957 0.0033967391304347825 0.002717391304347826
0 0.8355978260869565 0.40421195652173914 0.005434782608695652 0.0033967391304347825
0 0.8342391304347826 0.40964673913043476 0.005434782608695652 0.004076086956521739
0 0.8491847826086957 0.39945652173913043 0.004755434782608696 0.0033967391304347825
0 0.8899456521739131 0.35190217391304346 0.004755434782608696 0.002717391304347826
0 0.8967391304347826 0.3532608695652174 0.004076086956521739 0.002717391304347826
0 0.891983695652174 0.358695652173913 0.004755434782608696 0.0033967391304347825
0 0.9035326086956522 0.3580163043478261 0.004755434782608696 0.002717391304347826
0 0.9273097826086957 0.3546195652173913 0.004076086956521739 0.002717391304347826
0 0.9320652173913043 0.3546195652173913 0.004076086956521739 0.002717391304347826
0 0.9327445652173914 0.34103260869565216 0.004755434782608696 0.002717391304347826
0 0.9402173913043478 0.3335597826086957 0.004755434782608696 0.0033967391304347825
0 0.9599184782608695 0.33016304347826086 0.004076086956521739 0.002717391304347826
0 0.985733695652174 0.3328804347826087 0.020380434782608696 0.015625
0 0.9952445652173914 0.3498641304347826 0.009510869565217392 0.016983695652173912
0 0.9959239130434783 0.35529891304347827 0.008152173913043478 0.016983695652173912
0 0.9748641304347826 0.3491847826086957 0.004755434782608696 0.004076086956521739
0 0.9762228260869565 0.32133152173913043 0.018342391304347828 0.014266304347826086
0 0.9402173913043478 0.3226902173913043 0.004076086956521739 0.002717391304347826
0 0.9327445652173914 0.3226902173913043 0.004076086956521739 0.002717391304347826
0 0.9144021739130435 0.3226902173913043 0.004076086956521739 0.002717391304347826
0 0.920516304347826 0.32133152173913043 0.004076086956521739 0.002717391304347826
0 0.9096467391304348 0.31657608695652173 0.004076086956521739 0.002717391304347826
0 0.9177989130434783 0.31046195652173914 0.004076086956521739 0.002717391304347826
0 0.9273097826086957 0.30842391304347827 0.004076086956521739 0.002717391304347826
0 0.9177989130434783 0.30502717391304346 0.004076086956521739 0.002717391304347826
0 0.9245923913043478 0.30502717391304346 0.004076086956521739 0.002717391304347826
0 0.9381793478260869 0.29959239130434784 0.004076086956521739 0.002717391304347826
0 0.9490489130434783 0.30978260869565216 0.004755434782608696 0.002717391304347826
0 0.9551630434782609 0.30842391304347827 0.004076086956521739 0.002717391304347826
0 0.9558423913043478 0.29347826086956524 0.004076086956521739 0.002717391304347826
0 0.9599184782608695 0.2921195652173913 0.004076086956521739 0.002717391304347826
0 0.9626358695652174 0.28940217391304346 0.006114130434782609 0.004076086956521739
0 0.9707880434782609 0.3016304347826087 0.016304347826086956 0.012228260869565218
0 0.9769021739130435 0.3023097826086957 0.016304347826086956 0.012228260869565218
0 0.985733695652174 0.3023097826086957 0.016304347826086956 0.012228260869565218
0 0.9911684782608695 0.3016304347826087 0.015625 0.012228260869565218
0 0.9809782608695652 0.29347826086956524 0.014266304347826086 0.01154891304347826
0 0.9877717391304348 0.29347826086956524 0.014945652173913044 0.010869565217391304
0 0.9945652173913043 0.29415760869565216 0.010869565217391304 0.012228260869565218
0 0.9945652173913043 0.27921195652173914 0.010190217391304348 0.009510869565217392
0 0.9891304347826086 0.27921195652173914 0.012228260869565218 0.009510869565217392
0 0.9347826086956522 0.2826086956521739 0.004076086956521739 0.002717391304347826
0 0.9429347826086957 0.2751358695652174 0.004076086956521739 0.0033967391304347825
0 0.9028532608695652 0.33695652173913043 0.004076086956521739 0.0033967391304347825
0 0.9150815217391305 0.34714673913043476 0.004076086956521739 0.002717391304347826
0 0.84375 0.35665760869565216 0.004755434782608696 0.0033967391304347825
0 0.8573369565217391 0.35258152173913043 0.004755434782608696 0.0033967391304347825
0 0.8220108695652174 0.358695652173913 0.004755434782608696 0.0033967391304347825
0 0.8668478260869565 0.32472826086956524 0.004755434782608696 0.0033967391304347825
0 0.8709239130434783 0.3267663043478261 0.004755434782608696 0.0033967391304347825
0 0.8797554347826086 0.32608695652173914 0.004755434782608696 0.002717391304347826
0 0.8845108695652174 0.32608695652173914 0.004076086956521739 0.0033967391304347825
0 0.8043478260869565 0.3580163043478261 0.004755434782608696 0.0033967391304347825
0 0.811141304347826 0.35258152173913043 0.004755434782608696 0.0033967391304347825
0 0.8158967391304348 0.3491847826086957 0.004755434782608696 0.0033967391304347825
0 0.8226902173913043 0.344429347826087 0.004755434782608696 0.0033967391304347825
0 0.8260869565217391 0.34171195652173914 0.004755434782608696 0.0033967391304347825
0 0.829483695652174 0.3376358695652174 0.004755434782608696 0.0033967391304347825
0 0.8322010869565217 0.3342391304347826 0.004755434782608696 0.0033967391304347825
0 0.8376358695652174 0.328804347826087 0.004755434782608696 0.0033967391304347825
0 0.8525815217391305 0.311820652173913 0.004076086956521739 0.0033967391304347825
0 0.8573369565217391 0.3077445652173913 0.004755434782608696 0.0033967391304347825
0 0.8620923913043478 0.30027173913043476 0.004755434782608696 0.0033967391304347825
0 0.8675271739130435 0.2982336956521739 0.004755434782608696 0.0033967391304347825
0 0.8716032608695652 0.28804347826086957 0.004755434782608696 0.0033967391304347825
0 0.889266304347826 0.2907608695652174 0.004076086956521739 0.002717391304347826
0 0.8858695652173914 0.2955163043478261 0.004076086956521739 0.002717391304347826
0 0.8824728260869565 0.30027173913043476 0.004076086956521739 0.002717391304347826
0 0.8811141304347826 0.3023097826086957 0.004076086956521739 0.0033967391304347825
0 0.8240489130434783 0.32472826086956524 0.004755434782608696 0.0033967391304347825
0 0.8206521739130435 0.328125 0.004755434782608696 0.0033967391304347825
0 0.8125 0.33695652173913043 0.004076086956521739 0.0033967391304347825
0 0.811141304347826 0.34103260869565216 0.004755434782608696 0.0033967391304347825
0 0.8029891304347826 0.35054347826086957 0.004755434782608696 0.0033967391304347825
0 0.8009510869565217 0.3532608695652174 0.004755434782608696 0.0033967391304347825
0 0.7921195652173914 0.35665760869565216 0.004755434782608696 0.0033967391304347825
0 0.7764945652173914 0.35529891304347827 0.004755434782608696 0.0033967391304347825
0 0.779891304347826 0.3485054347826087 0.004755434782608696 0.0033967391304347825
0 0.7880434782608695 0.343070652173913 0.004755434782608696 0.0033967391304347825
0 0.798233695652174 0.3383152173913043 0.004755434782608696 0.002717391304347826
0 0.8002717391304348 0.33491847826086957 0.004755434782608696 0.0033967391304347825
0 0.8063858695652174 0.32472826086956524 0.004755434782608696 0.002717391304347826
0 0.811141304347826 0.32133152173913043 0.004755434782608696 0.002717391304347826
0 0.8152173913043478 0.3179347826086957 0.004755434782608696 0.0033967391304347825
0 0.8192934782608695 0.30842391304347827 0.004076086956521739 0.002717391304347826
0 0.8233695652173914 0.30366847826086957 0.004755434782608696 0.0033967391304347825
0 0.8274456521739131 0.29891304347826086 0.004755434782608696 0.0033967391304347825
0 0.8057065217391305 0.3063858695652174 0.004755434782608696 0.0033967391304347825
0 0.8118206521739131 0.29891304347826086 0.004076086956521739 0.002717391304347826
0 0.8152173913043478 0.2955163043478261 0.004076086956521739 0.002717391304347826
0 0.8220108695652174 0.28464673913043476 0.004076086956521739 0.0033967391304347825
0 0.8254076086956522 0.280570652173913 0.004076086956521739 0.002717391304347826
0 0.7907608695652174 0.3233695652173913 0.004076086956521739 0.0033967391304347825
0 0.7961956521739131 0.31997282608695654 0.004076086956521739 0.0033967391304347825
0 0.798233695652174 0.30842391304347827 0.004076086956521739 0.0033967391304347825
0 0.796875 0.30570652173913043 0.004755434782608696 0.0033967391304347825
0 0.7900815217391305 0.30434782608695654 0.004076086956521739 0.002717391304347826
0 0.7792119565217391 0.30366847826086957 0.004076086956521739 0.0033967391304347825
0 0.7860054347826086 0.29959239130434784 0.004755434782608696 0.002717391304347826
0 0.798233695652174 0.30095108695652173 0.004755434782608696 0.0033967391304347825
0 0.8029891304347826 0.30095108695652173 0.004755434782608696 0.0033967391304347825
0 0.7900815217391305 0.30095108695652173 0.004076086956521739 0.002717391304347826
0 0.7730978260869565 0.32608695652173914 0.004755434782608696 0.0033967391304347825
0 0.779891304347826 0.32540760869565216 0.004755434782608696 0.0033967391304347825
0 0.7846467391304348 0.3233695652173913 0.004755434782608696 0.002717391304347826
0 0.7832880434782609 0.32065217391304346 0.004755434782608696 0.0033967391304347825
0 0.7595108695652174 0.33220108695652173 0.004755434782608696 0.0033967391304347825
0 0.7527173913043478 0.33152173913043476 0.004755434782608696 0.0033967391304347825
0 0.751358695652174 0.32133152173913043 0.004755434782608696 0.0033967391304347825
0 0.764266304347826 0.30502717391304346 0.004755434782608696 0.0033967391304347825
0 0.8389945652173914 0.34646739130434784 0.004755434782608696 0.0033967391304347825
0 0.8525815217391305 0.3423913043478261 0.004755434782608696 0.002717391304347826
0 0.7730978260869565 0.36820652173913043 0.004755434782608696 0.0033967391304347825
0 0.7853260869565217 0.36820652173913043 0.004755434782608696 0.0033967391304347825
0 0.7914402173913043 0.36820652173913043 0.004755434782608696 0.0033967391304347825
0 0.7961956521739131 0.36820652173913043 0.004755434782608696 0.0033967391304347825
0 0.8118206521739131 0.36820652173913043 0.004755434782608696 0.0033967391304347825
0 0.8940217391304348 0.27785326086956524 0.004076086956521739 0.002717391304347826
0 0.904891304347826 0.27241847826086957 0.004076086956521739 0.0033967391304347825
0 0.8043478260869565 0.37771739130434784 0.004755434782608696 0.0033967391304347825
0 0.796875 0.374320652173913 0.004755434782608696 0.004076086956521739
0 0.8688858695652174 0.37771739130434784 0.004755434782608696 0.0033967391304347825
0 0.8743206521739131 0.36820652173913043 0.004755434782608696 0.0033967391304347825
0 0.5835597826086957 0.4164402173913043 0.004755434782608696 0.0033967391304347825
0 0.5692934782608695 0.41508152173913043 0.004755434782608696 0.002717391304347826
0 0.5645380434782609 0.4157608695652174 0.004755434782608696 0.0033967391304347825
0 0.5631793478260869 0.40964673913043476 0.004076086956521739 0.0033967391304347825
0 0.5686141304347826 0.4076086956521739 0.004755434782608696 0.002717391304347826
0 0.5570652173913043 0.4076086956521739 0.004755434782608696 0.002717391304347826
0 0.5618206521739131 0.40421195652173914 0.004755434782608696 0.002717391304347826
0 0.576766304347826 0.40217391304347827 0.004755434782608696 0.002717391304347826
0 0.5788043478260869 0.4076086956521739 0.004755434782608696 0.002717391304347826
0 0.5855978260869565 0.405570652173913 0.004755434782608696 0.002717391304347826
0 0.5862771739130435 0.3967391304347826 0.004755434782608696 0.002717391304347826
0 0.5957880434782609 0.3967391304347826 0.004755434782608696 0.0033967391304347825
0 0.5699728260869565 0.3953804347826087 0.004755434782608696 0.0033967391304347825
0 0.5631793478260869 0.3953804347826087 0.004076086956521739 0.0033967391304347825
0 0.5618206521739131 0.39945652173913043 0.004755434782608696 0.0033967391304347825
0 0.5529891304347826 0.3960597826086957 0.004076086956521739 0.0033967391304347825
0 0.5584239130434783 0.38654891304347827 0.004076086956521739 0.0033967391304347825
0 0.5434782608695652 0.38790760869565216 0.004755434782608696 0.002717391304347826
0 0.5366847826086957 0.37771739130434784 0.004755434782608696 0.0033967391304347825
0 0.5305706521739131 0.37771739130434784 0.004755434782608696 0.002717391304347826
0 0.5244565217391305 0.37771739130434784 0.004755434782608696 0.0033967391304347825
0 0.5203804347826086 0.37771739130434784 0.004755434782608696 0.0033967391304347825
0 0.5129076086956522 0.3804347826086957 0.004755434782608696 0.0033967391304347825
0 0.5047554347826086 0.3811141304347826 0.004755434782608696 0.0033967391304347825
0 0.5020380434782609 0.38654891304347827 0.004755434782608696 0.0033967391304347825
0 0.5088315217391305 0.38654891304347827 0.004076086956521739 0.0033967391304347825
0 0.5210597826086957 0.38383152173913043 0.004755434782608696 0.002717391304347826
0 0.5264945652173914 0.38383152173913043 0.004755434782608696 0.0033967391304347825
0 0.53125 0.38383152173913043 0.004755434782608696 0.002717391304347826
0 0.5122282608695652 0.3953804347826087 0.004076086956521739 0.0033967391304347825
0 0.5163043478260869 0.39470108695652173 0.004755434782608696 0.002717391304347826
0 0.5210597826086957 0.39470108695652173 0.004755434782608696 0.002717391304347826
0 0.5237771739130435 0.39402173913043476 0.004755434782608696 0.0033967391304347825
0 0.5088315217391305 0.4014945652173913 0.004755434782608696 0.0033967391304347825
0 0.514266304347826 0.4014945652173913 0.004755434782608696 0.0033967391304347825
0 0.5176630434782609 0.40217391304347827 0.004076086956521739 0.0033967391304347825
0 0.5230978260869565 0.40217391304347827 0.004076086956521739 0.002717391304347826
0 0.5095108695652174 0.406929347826087 0.004755434782608696 0.002717391304347826
0 0.5149456521739131 0.406929347826087 0.004755434782608696 0.002717391304347826
0 0.5217391304347826 0.406929347826087 0.004076086956521739 0.002717391304347826
0 0.5251358695652174 0.406929347826087 0.004755434782608696 0.002717391304347826
0 0.5108695652173914 0.4116847826086957 0.004755434782608696 0.002717391304347826
0 0.515625 0.4110054347826087 0.004076086956521739 0.0033967391304347825
0 0.5122282608695652 0.4157608695652174 0.004076086956521739 0.002717391304347826
0 0.5183423913043478 0.4157608695652174 0.004755434782608696 0.0033967391304347825
0 0.532608695652174 0.4008152173913043 0.004755434782608696 0.002717391304347826
0 0.5373641304347826 0.4014945652173913 0.004076086956521739 0.002717391304347826
0 0.5414402173913043 0.4014945652173913 0.004076086956521739 0.0033967391304347825
0 0.5332880434782609 0.39877717391304346 0.004755434782608696 0.0033967391304347825
0 0.5380434782608695 0.39809782608695654 0.004076086956521739 0.0033967391304347825
0 0.5427989130434783 0.39809782608695654 0.004076086956521739 0.0033967391304347825
0 0.5332880434782609 0.39402173913043476 0.004076086956521739 0.002717391304347826
0 0.5380434782608695 0.39402173913043476 0.004076086956521739 0.0033967391304347825
0 0.5441576086956522 0.39402173913043476 0.004755434782608696 0.002717391304347826
0 0.5434782608695652 0.4830163043478261 0.004076086956521739 0.002717391304347826
0 0.532608695652174 0.485054347826087 0.004076086956521739 0.002717391304347826
0 0.5230978260869565 0.48777173913043476 0.004076086956521739 0.002717391304347826
0 0.5190217391304348 0.48641304347826086 0.004076086956521739 0.002717391304347826
0 0.5135869565217391 0.48641304347826086 0.004076086956521739 0.002717391304347826
0 0.5040760869565217 0.485054347826087 0.004076086956521739 0.002717391304347826
0 0.5 0.485054347826087 0.004076086956521739 0.002717391304347826
0 0.5 0.4898097826086957 0.004076086956521739 0.002717391304347826
0 0.501358695652174 0.4945652173913043 0.004076086956521739 0.002717391304347826
0 0.5176630434782609 0.4938858695652174 0.004076086956521739 0.002717391304347826
0 0.5224184782608695 0.49184782608695654 0.004076086956521739 0.002717391304347826
0 0.5346467391304348 0.4904891304347826 0.004076086956521739 0.002717391304347826
0 0.5475543478260869 0.4171195652173913 0.004076086956521739 0.002717391304347826
0 0.576766304347826 0.37771739130434784 0.004755434782608696 0.0033967391304347825
0 0.563858695652174 0.374320652173913 0.004755434782608696 0.002717391304347826
0 0.5679347826086957 0.38383152173913043 0.004755434782608696 0.002717391304347826
0 0.47622282608695654 0.484375 0.004076086956521739 0.002717391304347826
0 0.4857336956521739 0.484375 0.004076086956521739 0.002717391304347826
0 0.47078804347826086 0.484375 0.004076086956521739 0.002717391304347826
0 0.46535326086956524 0.484375 0.004076086956521739 0.002717391304347826
0 0.46195652173913043 0.48777173913043476 0.004076086956521739 0.002717391304347826
0 0.468070652173913 0.49116847826086957 0.004076086956521739 0.002717391304347826
0 0.44429347826086957 0.48641304347826086 0.0033967391304347825 0.002717391304347826
0 0.4517663043478261 0.48709239130434784 0.004076086956521739 0.002717391304347826
0 0.45720108695652173 0.48641304347826086 0.004076086956521739 0.002717391304347826
0 0.44021739130434784 0.484375 0.004076086956521739 0.002717391304347826
0 0.4327445652173913 0.485054347826087 0.004076086956521739 0.002717391304347826
0 0.4279891304347826 0.485054347826087 0.004076086956521739 0.002717391304347826
0 0.42527173913043476 0.4945652173913043 0.004076086956521739 0.002717391304347826
0 0.43070652173913043 0.4952445652173913 0.004076086956521739 0.002717391304347826
0 0.41032608695652173 0.49728260869565216 0.004076086956521739 0.002717391304347826
0 0.40217391304347827 0.49660326086956524 0.004076086956521739 0.002717391304347826
0 0.4014945652173913 0.4904891304347826 0.0033967391304347825 0.002717391304347826
0 0.41779891304347827 0.485054347826087 0.004076086956521739 0.002717391304347826
0 0.41440217391304346 0.4830163043478261 0.004076086956521739 0.002717391304347826
0 0.4008152173913043 0.4830163043478261 0.004076086956521739 0.002717391304347826
0 0.4076086956521739 0.48709239130434784 0.004076086956521739 0.002717391304347826
0 0.40964673913043476 0.4904891304347826 0.004076086956521739 0.002717391304347826
0 0.4232336956521739 0.48641304347826086 0.004076086956521739 0.002717391304347826
0 0.3960597826086957 0.49184782608695654 0.004076086956521739 0.002717391304347826
0 0.390625 0.49660326086956524 0.004076086956521739 0.002717391304347826
0 0.37839673913043476 0.4938858695652174 0.004076086956521739 0.002717391304347826
0 0.37703804347826086 0.4891304347826087 0.004076086956521739 0.002717391304347826
0 0.3797554347826087 0.484375 0.0033967391304347825 0.002717391304347826
0 0.391304347826087 0.4891304347826087 0.004076086956521739 0.002717391304347826
0 0.36752717391304346 0.49184782608695654 0.004076086956521739 0.002717391304347826
0 0.36141304347826086 0.48709239130434784 0.0033967391304347825 0.002717391304347826
0 0.3607336956521739 0.4945652173913043 0.004076086956521739 0.002717391304347826
0 0.3539402173913043 0.48641304347826086 0.004076086956521739 0.002717391304347826
0 0.35190217391304346 0.49320652173913043 0.0033967391304347825 0.002717391304347826
0 0.3451086956521739 0.48709239130434784 0.004076086956521739 0.002717391304347826
0 0.344429347826087 0.4904891304347826 0.004076086956521739 0.002717391304347826
0 0.33627717391304346 0.48777173913043476 0.004076086956521739 0.002717391304347826
0 0.33627717391304346 0.49184782608695654 0.004076086956521739 0.002717391304347826
0 0.33220108695652173 0.48777173913043476 0.004076086956521739 0.002717391304347826
0 0.33084239130434784 0.49184782608695654 0.004076086956521739 0.002717391304347826
0 0.32608695652173914 0.4891304347826087 0.004076086956521739 0.002717391304347826
0 0.3233695652173913 0.4945652173913043 0.004076086956521739 0.002717391304347826
0 0.3023097826086957 0.49184782608695654 0.0033967391304347825 0.002717391304347826
0 0.30910326086956524 0.484375 0.004076086956521739 0.002717391304347826
0 0.31929347826086957 0.48641304347826086 0.0033967391304347825 0.002717391304347826
0 0.3111413043478261 0.49184782608695654 0.0033967391304347825 0.002717391304347826
0 0.33016304347826086 0.4945652173913043 0.0033967391304347825 0.002717391304347826
0 0.2921195652173913 0.48641304347826086 0.0033967391304347825 0.002717391304347826
0 0.28804347826086957 0.485054347826087 0.004076086956521739 0.002717391304347826
0 0.26970108695652173 0.4164402173913043 0.004076086956521739 0.002717391304347826
0 0.27785326086956524 0.41440217391304346 0.004076086956521739 0.0033967391304347825
0 0.2860054347826087 0.41304347826086957 0.004076086956521739 0.0033967391304347825
0 0.31046195652173914 0.41440217391304346 0.004076086956521739 0.0033967391304347825
0 0.33152173913043476 0.41440217391304346 0.004755434782608696 0.002717391304347826
0 0.3451086956521739 0.41372282608695654 0.004076086956521739 0.002717391304347826
0 0.359375 0.41372282608695654 0.004755434782608696 0.002717391304347826
0 0.4361413043478261 0.3967391304347826 0.004755434782608696 0.0033967391304347825
0 0.44633152173913043 0.39741847826086957 0.004755434782608696 0.0033967391304347825
0 0.45652173913043476 0.38858695652173914 0.004755434782608696 0.002717391304347826
0 0.4476902173913043 0.38790760869565216 0.004755434782608696 0.0033967391304347825
0 0.438179347826087 0.38790760869565216 0.004076086956521739 0.002717391304347826
0 0.4320652173913043 0.38790760869565216 0.004755434782608696 0.0033967391304347825
0 0.4945652173913043 0.41032608695652173 0.004755434782608696 0.0033967391304347825
0 0.49252717391304346 0.4014945652173913 0.004076086956521739 0.0033967391304347825
0 0.49728260869565216 0.4008152173913043 0.004076086956521739 0.002717391304347826
0 0.4945652173913043 0.39470108695652173 0.004755434782608696 0.0033967391304347825
0 0.48777173913043476 0.3960597826086957 0.004755434782608696 0.0033967391304347825
0 0.4796195652173913 0.3953804347826087 0.004755434782608696 0.0033967391304347825
0 0.47214673913043476 0.39470108695652173 0.004755434782608696 0.002717391304347826
0 0.47078804347826086 0.41372282608695654 0.004755434782608696 0.0033967391304347825
0 0.48233695652173914 0.41372282608695654 0.004755434782608696 0.0033967391304347825
0 0.46671195652173914 0.38654891304347827 0.004755434782608696 0.0033967391304347825
0 0.47554347826086957 0.38858695652173914 0.004755434782608696 0.002717391304347826
0 0.48233695652173914 0.37907608695652173 0.004755434782608696 0.0033967391304347825
0 0.49728260869565216 0.38247282608695654 0.004076086956521739 0.002717391304347826
0 0.46875 0.37839673913043476 0.004755434782608696 0.002717391304347826
0 0.4701086956521739 0.374320652173913 0.004755434782608696 0.002717391304347826
0 0.48097826086956524 0.374320652173913 0.004076086956521739 0.0033967391304347825
0 0.4938858695652174 0.375 0.004076086956521739 0.0033967391304347825
0 0.44089673913043476 0.4116847826086957 0.004076086956521739 0.0033967391304347825
0 0.4110054347826087 0.40896739130434784 0.004755434782608696 0.0033967391304347825
0 0.40353260869565216 0.40896739130434784 0.004755434782608696 0.0033967391304347825
0 0.3960597826086957 0.40896739130434784 0.004076086956521739 0.0033967391304347825
0 0.38858695652173914 0.40964673913043476 0.004755434782608696 0.002717391304347826
0 0.37839673913043476 0.41032608695652173 0.004076086956521739 0.0033967391304347825
0 0.37907608695652173 0.41440217391304346 0.004076086956521739 0.0033967391304347825
0 0.3654891304347826 0.41372282608695654 0.004076086956521739 0.002717391304347826
0 0.36752717391304346 0.405570652173913 0.004076086956521739 0.002717391304347826
0 0.3654891304347826 0.4001358695652174 0.004755434782608696 0.0033967391304347825
0 0.38315217391304346 0.4008152173913043 0.004076086956521739 0.0033967391304347825
0 0.38858695652173914 0.4008152173913043 0.004755434782608696 0.002717391304347826
0 0.40353260869565216 0.4008152173913043 0.004076086956521739 0.0033967391304347825
0 0.35122282608695654 0.4014945652173913 0.004755434782608696 0.0033967391304347825
0 0.3423913043478261 0.4008152173913043 0.004076086956521739 0.002717391304347826
0 0.32404891304347827 0.40217391304347827 0.004076086956521739 0.002717391304347826
0 0.328804347826087 0.40625 0.004755434782608696 0.0033967391304347825
0 0.32065217391304346 0.405570652173913 0.004076086956521739 0.002717391304347826
0 0.30502717391304346 0.39945652173913043 0.004755434782608696 0.002717391304347826
0 0.31589673913043476 0.39877717391304346 0.004076086956521739 0.0033967391304347825
0 0.3233695652173913 0.3967391304347826 0.004076086956521739 0.0033967391304347825
0 0.30502717391304346 0.39402173913043476 0.004755434782608696 0.0033967391304347825
0 0.28940217391304346 0.3960597826086957 0.004755434782608696 0.0033967391304347825
0 0.296875 0.3960597826086957 0.004755434782608696 0.0033967391304347825
0 0.2907608695652174 0.40421195652173914 0.004076086956521739 0.0033967391304347825
0 0.296875 0.4048913043478261 0.004076086956521739 0.002717391304347826
0 0.31589673913043476 0.4116847826086957 0.004755434782608696 0.002717391304347826
0 0.33967391304347827 0.40625 0.004755434782608696 0.002717391304347826
0 0.27717391304347827 0.389945652173913 0.004076086956521739 0.002717391304347826
0 0.2826086956521739 0.389945652173913 0.004076086956521739 0.0033967391304347825
0 0.2921195652173913 0.390625 0.004076086956521739 0.0033967391304347825
0 0.30095108695652173 0.3892663043478261 0.004076086956521739 0.0033967391304347825
0 0.30502717391304346 0.3892663043478261 0.004076086956521739 0.0033967391304347825
0 0.31657608695652173 0.38790760869565216 0.004076086956521739 0.0033967391304347825
0 0.3220108695652174 0.38790760869565216 0.004755434782608696 0.0033967391304347825
0 0.327445652173913 0.38790760869565216 0.004076086956521739 0.0033967391304347825
0 0.3342391304347826 0.38654891304347827 0.004076086956521739 0.0033967391304347825
0 0.3451086956521739 0.38654891304347827 0.004076086956521739 0.0033967391304347825
0 0.35190217391304346 0.38654891304347827 0.004755434782608696 0.0033967391304347825
0 0.3491847826086957 0.391304347826087 0.004755434782608696 0.0033967391304347825
0 0.3532608695652174 0.391304347826087 0.004755434782608696 0.0033967391304347825
0 0.36820652173913043 0.3892663043478261 0.004076086956521739 0.002717391304347826
0 0.3797554347826087 0.38858695652173914 0.004076086956521739 0.002717391304347826
0 0.38722826086956524 0.38858695652173914 0.004755434782608696 0.002717391304347826
0 0.3953804347826087 0.391304347826087 0.004755434782608696 0.002717391304347826
0 0.4048913043478261 0.391304347826087 0.004076086956521739 0.002717391304347826
0 0.389945652173913 0.38247282608695654 0.004076086956521739 0.0033967391304347825
0 0.39945652173913043 0.38315217391304346 0.004755434782608696 0.0033967391304347825
0 0.40353260869565216 0.38315217391304346 0.004076086956521739 0.0033967391304347825
0 0.3804347826086957 0.3763586956521739 0.004076086956521739 0.002717391304347826
0 0.3851902173913043 0.3763586956521739 0.004076086956521739 0.002717391304347826
0 0.3953804347826087 0.37703804347826086 0.004755434782608696 0.0033967391304347825
0 0.3648097826086957 0.37703804347826086 0.004076086956521739 0.002717391304347826
0 0.35529891304347827 0.37771739130434784 0.004755434782608696 0.0033967391304347825
0 0.3491847826086957 0.37839673913043476 0.004755434782608696 0.002717391304347826
0 0.34103260869565216 0.3797554347826087 0.004076086956521739 0.002717391304347826
0 0.328125 0.37703804347826086 0.004755434782608696 0.002717391304347826
0 0.3172554347826087 0.37703804347826086 0.004755434782608696 0.002717391304347826
0 0.30978260869565216 0.3763586956521739 0.004755434782608696 0.002717391304347826
0 0.2955163043478261 0.3763586956521739 0.004076086956521739 0.0033967391304347825
0 0.27921195652173914 0.3763586956521739 0.004755434782608696 0.002717391304347826
0 0.27717391304347827 0.37907608695652173 0.004755434782608696 0.0033967391304347825
0 0.280570652173913 0.38383152173913043 0.004755434782608696 0.0033967391304347825
0 0.296195652173913 0.38247282608695654 0.004755434782608696 0.002717391304347826
0 0.2955163043478261 0.3804347826086957 0.004755434782608696 0.0033967391304347825
0 0.3070652173913043 0.3804347826086957 0.004755434782608696 0.0033967391304347825
0 0.30842391304347827 0.38383152173913043 0.004755434782608696 0.002717391304347826
0 0.3451086956521739 0.38247282608695654 0.004755434782608696 0.0033967391304347825
0 0.3491847826086957 0.38179347826086957 0.004755434782608696 0.0033967391304347825
0 0.35733695652173914 0.3811141304347826 0.004755434782608696 0.0033967391304347825
0 0.328804347826087 0.38315217391304346 0.004076086956521739 0.0033967391304347825
0 0.32065217391304346 0.38247282608695654 0.004076086956521739 0.002717391304347826
0 0.4014945652173913 0.41779891304347827 0.004755434782608696 0.002717391304347826
0 0.39470108695652173 0.41779891304347827 0.004076086956521739 0.002717391304347826
0 0.38315217391304346 0.41779891304347827 0.004076086956521739 0.0033967391304347825
0 0.26290760869565216 0.3967391304347826 0.004755434782608696 0.0033967391304347825
0 0.2547554347826087 0.389945652173913 0.004755434782608696 0.0033967391304347825
0 0.24660326086956522 0.38858695652173914 0.004076086956521739 0.002717391304347826
0 0.25203804347826086 0.40421195652173914 0.004755434782608696 0.002717391304347826
0 0.25883152173913043 0.375679347826087 0.004076086956521739 0.0033967391304347825
0 0.24116847826086957 0.37228260869565216 0.004076086956521739 0.0033967391304347825
0 0.250679347826087 0.37092391304347827 0.004076086956521739 0.0033967391304347825
0 0.25679347826086957 0.3688858695652174 0.004755434782608696 0.0033967391304347825
0 0.41779891304347827 0.391304347826087 0.004755434782608696 0.0033967391304347825
0 0.4164402173913043 0.38315217391304346 0.004755434782608696 0.002717391304347826
0 0.4164402173913043 0.375 0.004755434782608696 0.0033967391304347825
0 0.21739130434782608 0.3960597826086957 0.004076086956521739 0.0033967391304347825
0 0.22486413043478262 0.3967391304347826 0.004076086956521739 0.0033967391304347825
0 0.22758152173913043 0.40421195652173914 0.004755434782608696 0.002717391304347826
0 0.23573369565217392 0.4164402173913043 0.004076086956521739 0.0033967391304347825
0 0.24388586956521738 0.41372282608695654 0.004076086956521739 0.0033967391304347825
0 0.20108695652173914 0.39334239130434784 0.004076086956521739 0.0033967391304347825
0 0.20991847826086957 0.39402173913043476 0.004076086956521739 0.002717391304347826
0 0.18817934782608695 0.38790760869565216 0.004076086956521739 0.002717391304347826
0 0.2112771739130435 0.3845108695652174 0.004076086956521739 0.0033967391304347825
0 0.1949728260869565 0.3804347826086957 0.004076086956521739 0.0033967391304347825
0 0.19972826086956522 0.37839673913043476 0.004076086956521739 0.002717391304347826
0 0.2105978260869565 0.375679347826087 0.004755434782608696 0.0033967391304347825
0 0.17798913043478262 0.3804347826086957 0.004755434782608696 0.002717391304347826
0 0.18885869565217392 0.374320652173913 0.004755434782608696 0.0033967391304347825
0 0.009510869565217392 0.30570652173913043 0.004755434782608696 0.0033967391304347825
0 0.09239130434782608 0.3063858695652174 0.004755434782608696 0.004076086956521739
0 0.10529891304347826 0.30842391304347827 0.004755434782608696 0.004076086956521739
0 0.10190217391304347 0.3186141304347826 0.004755434782608696 0.0033967391304347825
0 0.09103260869565218 0.32133152173913043 0.005434782608695652 0.004076086956521739
0 0.10326086956521739 0.32472826086956524 0.004755434782608696 0.0033967391304347825
0 0.04483695652173913 0.30366847826086957 0.004755434782608696 0.0033967391304347825
0 0.07404891304347826 0.3111413043478261 0.004755434782608696 0.004076086956521739
0 0.025135869565217392 0.2914402173913043 0.004755434782608696 0.002717391304347826
0 0.029891304347826088 0.2982336956521739 0.004076086956521739 0.002717391304347826
0 0.012907608695652174 0.2907608695652174 0.004755434782608696 0.002717391304347826
0 0.015625 0.2955163043478261 0.004076086956521739 0.002717391304347826
0 0.11752717391304347 0.3376358695652174 0.004755434782608696 0.0033967391304347825
0 0.11073369565217392 0.343070652173913 0.004755434782608696 0.0033967391304347825
0 0.11888586956521739 0.3580163043478261 0.004755434782608696 0.0033967391304347825
0 0.12567934782608695 0.359375 0.004755434782608696 0.0033967391304347825
0 0.125 0.34782608695652173 0.004076086956521739 0.0033967391304347825
0 0.1331521739130435 0.344429347826087 0.004755434782608696 0.0033967391304347825
0 0.14402173913043478 0.3423913043478261 0.004755434782608696 0.0033967391304347825
0 0.13722826086956522 0.3294836956521739 0.004755434782608696 0.0033967391304347825
0 0.1453804347826087 0.31997282608695654 0.004755434782608696 0.0033967391304347825
0 0.15285326086956522 0.33220108695652173 0.004755434782608696 0.0033967391304347825
0 0.1610054347826087 0.34035326086956524 0.004755434782608696 0.0033967391304347825
0 0.17527173913043478 0.33695652173913043 0.004755434782608696 0.0033967391304347825
0 0.17255434782608695 0.3294836956521739 0.004755434782608696 0.0033967391304347825
0 0.16508152173913043 0.328125 0.004755434782608696 0.0033967391304347825
0 0.1875 0.33627717391304346 0.004755434782608696 0.0033967391304347825
0 0.18138586956521738 0.34375 0.004755434782608696 0.0033967391304347825
0 0.17323369565217392 0.35190217391304346 0.004755434782608696 0.0033967391304347825
0 0.1793478260869565 0.359375 0.004755434782608696 0.0033967391304347825
0 0.140625 0.3580163043478261 0.004755434782608696 0.002717391304347826
0 0.14741847826086957 0.358695652173913 0.004755434782608696 0.0033967391304347825
0 0.15828804347826086 0.36820652173913043 0.004755434782608696 0.0033967391304347825
0 0.18138586956521738 0.3702445652173913 0.004755434782608696 0.0033967391304347825
0 0.20176630434782608 0.36345108695652173 0.004755434782608696 0.0033967391304347825
0 0.18342391304347827 0.36345108695652173 0.004755434782608696 0.0033967391304347825
0 0.20108695652173914 0.360054347826087 0.004755434782608696 0.0033967391304347825
0 0.21263586956521738 0.359375 0.004755434782608696 0.0033967391304347825
0 0.19293478260869565 0.32472826086956524 0.004755434782608696 0.0033967391304347825
0 0.18342391304347827 0.31046195652173914 0.004755434782608696 0.0033967391304347825
0 0.1793478260869565 0.31521739130434784 0.004755434782608696 0.0033967391304347825
0 0.20040760869565216 0.31589673913043476 0.004755434782608696 0.004076086956521739
0 0.22894021739130435 0.30842391304347827 0.004755434782608696 0.0033967391304347825
0 0.265625 0.3648097826086957 0.004755434782608696 0.0033967391304347825
0 0.2758152173913043 0.36209239130434784 0.004755434782608696 0.0033967391304347825
0 0.28532608695652173 0.3539402173913043 0.004755434782608696 0.0033967391304347825
0 0.27445652173913043 0.35190217391304346 0.004755434782608696 0.0033967391304347825
0 0.3125 0.36820652173913043 0.004755434782608696 0.0033967391304347825
0 0.3125 0.359375 0.004755434782608696 0.0033967391304347825
0 0.33220108695652173 0.35733695652173914 0.004755434782608696 0.0033967391304347825
0 0.3125 0.3491847826086957 0.004755434782608696 0.0033967391304347825
0 0.3335597826086957 0.3451086956521739 0.004755434782608696 0.002717391304347826
0 0.31657608695652173 0.34171195652173914 0.004755434782608696 0.0033967391304347825
0 0.31929347826086957 0.33016304347826086 0.004755434782608696 0.0033967391304347825
0 0.31929347826086957 0.32608695652173914 0.004755434782608696 0.0033967391304347825
0 0.3179347826086957 0.32133152173913043 0.004755434782608696 0.0033967391304347825
0 0.33084239130434784 0.3186141304347826 0.004755434782608696 0.0033967391304347825
0 0.32540760869565216 0.32608695652173914 0.004755434782608696 0.0033967391304347825
0 0.26902173913043476 0.33967391304347827 0.004755434782608696 0.002717391304347826
0 0.26358695652173914 0.33627717391304346 0.004076086956521739 0.0033967391304347825
0 0.27241847826086957 0.33559782608695654 0.004755434782608696 0.0033967391304347825
0 0.2561141304347826 0.34782608695652173 0.004755434782608696 0.0033967391304347825
0 0.25407608695652173 0.33695652173913043 0.004755434782608696 0.0033967391304347825
0 0.25271739130434784 0.3335597826086957 0.004755434782608696 0.0033967391304347825
0 0.25203804347826086 0.3233695652173913 0.004755434782608696 0.0033967391304347825
0 0.25339673913043476 0.3186141304347826 0.004755434782608696 0.0033967391304347825
0 0.28125 0.31521739130434784 0.004755434782608696 0.0033967391304347825
0 0.28804347826086957 0.311820652173913 0.004755434782608696 0.0033967391304347825
0 0.28464673913043476 0.3179347826086957 0.004755434782608696 0.0033967391304347825
0 0.29008152173913043 0.31929347826086957 0.004755434782608696 0.0033967391304347825
0 0.27921195652173914 0.328125 0.004076086956521739 0.0033967391304347825
0 0.29279891304347827 0.328804347826087 0.004755434782608696 0.0033967391304347825
0 0.281929347826087 0.328125 0.004755434782608696 0.0033967391304347825
0 0.28804347826086957 0.328804347826087 0.004755434782608696 0.0033967391304347825
0 0.28328804347826086 0.3335597826086957 0.004755434782608696 0.002717391304347826
0 0.29279891304347827 0.3335597826086957 0.004755434782608696 0.0033967391304347825
0 0.30434782608695654 0.328125 0.004755434782608696 0.0033967391304347825
0 0.31929347826086957 0.3070652173913043 0.004755434782608696 0.0033967391304347825
0 0.32472826086956524 0.30366847826086957 0.004755434782608696 0.0033967391304347825
0 0.3383152173913043 0.32065217391304346 0.004755434782608696 0.0033967391304347825
0 0.33491847826086957 0.3179347826086957 0.004755434782608696 0.0033967391304347825
0 0.3226902173913043 0.36616847826086957 0.004755434782608696 0.002717391304347826
0 0.3294836956521739 0.3654891304347826 0.004076086956521739 0.0033967391304347825
0 0.3389945652173913 0.3654891304347826 0.004755434782608696 0.0033967391304347825
0 0.34578804347826086 0.3654891304347826 0.004755434782608696 0.002717391304347826
0 0.35190217391304346 0.3654891304347826 0.004755434782608696 0.002717391304347826
0 0.35597826086956524 0.3580163043478261 0.004755434782608696 0.0033967391304347825
0 0.36277173913043476 0.35665760869565216 0.004755434782608696 0.0033967391304347825
0 0.37839673913043476 0.35733695652173914 0.004076086956521739 0.0033967391304347825
0 0.37703804347826086 0.3648097826086957 0.004076086956521739 0.0033967391304347825
0 0.38383152173913043 0.36752717391304346 0.004076086956521739 0.0033967391304347825
0 0.39334239130434784 0.35733695652173914 0.004755434782608696 0.0033967391304347825
0 0.3580163043478261 0.328125 0.004755434782608696 0.0033967391304347825
0 0.36820652173913043 0.327445652173913 0.004755434782608696 0.0033967391304347825
0 0.35597826086956524 0.33152173913043476 0.004755434782608696 0.0033967391304347825
0 0.3498641304347826 0.3342391304347826 0.004755434782608696 0.0033967391304347825
0 0.3736413043478261 0.3423913043478261 0.004755434782608696 0.002717391304347826
0 0.3851902173913043 0.3389945652173913 0.004755434782608696 0.0033967391304347825
0 0.4232336956521739 0.34714673913043476 0.004755434782608696 0.0033967391304347825
0 0.43478260869565216 0.3423913043478261 0.004755434782608696 0.002717391304347826
0 0.44089673913043476 0.36209239130434784 0.004755434782608696 0.0033967391304347825
0 0.4110054347826087 0.3539402173913043 0.004755434782608696 0.002717391304347826
0 0.40964673913043476 0.33695652173913043 0.004755434782608696 0.0033967391304347825
0 0.39402173913043476 0.33152173913043476 0.004755434782608696 0.0033967391304347825
0 0.39470108695652173 0.3111413043478261 0.004755434782608696 0.0033967391304347825
0 0.37228260869565216 0.311820652173913 0.004755434782608696 0.0033967391304347825
0 0.4436141304347826 0.33695652173913043 0.004755434782608696 0.0033967391304347825
0 0.4578804347826087 0.33695652173913043 0.004755434782608696 0.0033967391304347825
0 0.48029891304347827 0.3383152173913043 0.004755434782608696 0.0033967391304347825
0 0.4952445652173913 0.3383152173913043 0.004755434782608696 0.0033967391304347825
0 0.48641304347826086 0.35665760869565216 0.004755434782608696 0.0033967391304347825
0 0.4891304347826087 0.36345108695652173 0.004755434782608696 0.002717391304347826
0 0.47554347826086957 0.3648097826086957 0.004076086956521739 0.0033967391304347825
0 0.46603260869565216 0.3654891304347826 0.004076086956521739 0.0033967391304347825
0 0.47214673913043476 0.33152173913043476 0.004755434782608696 0.0033967391304347825
0 0.4517663043478261 0.32133152173913043 0.004755434782608696 0.0033967391304347825
0 0.45720108695652173 0.3186141304347826 0.004755434782608696 0.0033967391304347825
0 0.4748641304347826 0.3186141304347826 0.004755434782608696 0.0033967391304347825
0 0.48641304347826086 0.32065217391304346 0.004755434782608696 0.0033967391304347825
0 0.49592391304347827 0.32133152173913043 0.004755434782608696 0.0033967391304347825
0 0.4945652173913043 0.30842391304347827 0.004755434782608696 0.0033967391304347825
0 0.4938858695652174 0.30366847826086957 0.004755434782608696 0.0033967391304347825
0 0.4673913043478261 0.30502717391304346 0.004755434782608696 0.0033967391304347825
0 0.4517663043478261 0.3070652173913043 0.004755434782608696 0.0033967391304347825
0 0.41304347826086957 0.3695652173913043 0.004755434782608696 0.0033967391304347825
0 0.41304347826086957 0.3641304347826087 0.004755434782608696 0.002717391304347826
0 0.41440217391304346 0.36345108695652173 0.004755434782608696 0.0033967391304347825
0 0.4205163043478261 0.36616847826086957 0.004755434782608696 0.0033967391304347825
0 0.2982336956521739 0.360054347826087 0.004755434782608696 0.0033967391304347825
0 0.5163043478260869 0.35597826086956524 0.004755434782608696 0.0033967391304347825
0 0.5244565217391305 0.35733695652173914 0.004755434782608696 0.0033967391304347825
0 0.5373641304347826 0.35597826086956524 0.004755434782608696 0.0033967391304347825
0 0.5407608695652174 0.35597826086956524 0.004755434782608696 0.0033967391304347825
0 0.5163043478260869 0.3702445652173913 0.004755434782608696 0.0033967391304347825
0 0.5203804347826086 0.3702445652173913 0.004076086956521739 0.002717391304347826
0 0.5319293478260869 0.3702445652173913 0.004755434782608696 0.0033967391304347825
0 0.532608695652174 0.36752717391304346 0.004755434782608696 0.0033967391304347825
0 0.5523097826086957 0.3648097826086957 0.004076086956521739 0.0033967391304347825
0 0.5591032608695652 0.3695652173913043 0.004076086956521739 0.0033967391304347825
0 0.5597826086956522 0.35597826086956524 0.004755434782608696 0.0033967391304347825
0 0.5652173913043478 0.3498641304347826 0.004755434782608696 0.0033967391304347825
0 0.5733695652173914 0.3648097826086957 0.004755434782608696 0.0033967391304347825
0 0.579483695652174 0.360054347826087 0.004755434782608696 0.0033967391304347825
0 0.5835597826086957 0.35529891304347827 0.004755434782608696 0.0033967391304347825
0 0.5876358695652174 0.35054347826086957 0.004755434782608696 0.0033967391304347825
0 0.5903532608695652 0.34782608695652173 0.004755434782608696 0.0033967391304347825
0 0.592391304347826 0.3342391304347826 0.004755434782608696 0.0033967391304347825
0 0.595108695652174 0.33016304347826086 0.004755434782608696 0.0033967391304347825
0 0.5971467391304348 0.3233695652173913 0.004755434782608696 0.0033967391304347825
0 0.7323369565217391 0.3111413043478261 0.004076086956521739 0.0033967391304347825
0 0.7425271739130435 0.3186141304347826 0.004076086956521739 0.0033967391304347825
0 0.7418478260869565 0.3077445652173913 0.004755434782608696 0.002717391304347826
0 0.7472826086956522 0.3023097826086957 0.004076086956521739 0.002717391304347826
0 0.007472826086956522 0.7724184782608695 0.007472826086956522 0.006114130434782609
0 0.32472826086956524 0.6216032608695652 0.0033967391304347825 0.0020380434782608695
0 0.3111413043478261 0.6297554347826086 0.0033967391304347825 0.002717391304347826
0 0.30095108695652173 0.610733695652174 0.0033967391304347825 0.002717391304347826
0 0.30434782608695654 0.623641304347826 0.002717391304347826 0.002717391304347826
0 0.311820652173913 0.6209239130434783 0.0033967391304347825 0.0020380434782608695
0 0.5061141304347826 0.5224184782608695 0.0033967391304347825 0.002717391304347826
0 0.5163043478260869 0.5421195652173914 0.0033967391304347825 0.002717391304347826
0 0.5203804347826086 0.5489130434782609 0.0033967391304347825 0.002717391304347826
0 0.5108695652173914 0.5495923913043478 0.0033967391304347825 0.002717391304347826
0 0.4279891304347826 0.5224184782608695 0.004076086956521739 0.002717391304347826
0 0.42391304347826086 0.516983695652174 0.004076086956521739 0.002717391304347826
0 0.3648097826086957 0.5373641304347826 0.004076086956521739 0.002717391304347826
0 0.4313858695652174 0.5495923913043478 0.0033967391304347825 0.002717391304347826
0 0.4076086956521739 0.6025815217391305 0.0033967391304347825 0.002717391304347826
0 0.3960597826086957 0.5903532608695652 0.0033967391304347825 0.002717391304347826
0 0.35054347826086957 0.5400815217391305 0.004076086956521739 0.002717391304347826
0 0.34782608695652173 0.5346467391304348 0.004076086956521739 0.002717391304347826
0 0.32404891304347827 0.5122282608695652 0.0033967391304347825 0.002717391304347826
0 0.3179347826086957 0.5122282608695652 0.004076086956521739 0.002717391304347826
0 0.3063858695652174 0.5129076086956522 0.0033967391304347825 0.002717391304347826
0 0.33220108695652173 0.5088315217391305 0.004076086956521739 0.002717391304347826
0 0.3498641304347826 0.5081521739130435 0.004076086956521739 0.002717391304347826
0 0.35529891304347827 0.5081521739130435 0.004076086956521739 0.002717391304347826
0 0.3423913043478261 0.5074728260869565 0.0033967391304347825 0.002717391304347826
0 0.34782608695652173 0.5027173913043478 0.0033967391304347825 0.002717391304347826
0 0.39741847826086957 0.5081521739130435 0.004076086956521739 0.002717391304347826
0 0.40964673913043476 0.5067934782608695 0.004076086956521739 0.002717391304347826
0 0.41372282608695654 0.5115489130434783 0.0033967391304347825 0.002717391304347826
0 0.41983695652173914 0.5115489130434783 0.0033967391304347825 0.002717391304347826
0 0.43002717391304346 0.5095108695652174 0.004076086956521739 0.002717391304347826
0 0.4320652173913043 0.5210597826086957 0.004076086956521739 0.002717391304347826
0 0.438179347826087 0.5210597826086957 0.004076086956521739 0.002717391304347826
0 0.44157608695652173 0.5244565217391305 0.004076086956521739 0.002717391304347826
0 0.41304347826086957 0.5387228260869565 0.0033967391304347825 0.002717391304347826
0 0.41304347826086957 0.5448369565217391 0.0033967391304347825 0.002717391304347826
0 0.4014945652173913 0.548233695652174 0.004076086956521739 0.002717391304347826
0 0.27921195652173914 0.44021739130434784 0.004076086956521739 0.002717391304347826
0 0.28532608695652173 0.4429347826086957 0.004076086956521739 0.0033967391304347825
0 0.28396739130434784 0.40896739130434784 0.004755434782608696 0.002717391304347826
0 0.27241847826086957 0.40896739130434784 0.004755434782608696 0.002717391304347826
0 0.24456521739130435 0.38247282608695654 0.004755434782608696 0.0033967391304347825
0 0.576766304347826 0.38315217391304346 0.004755434782608696 0.0033967391304347825
0 0.5815217391304348 0.38179347826086957 0.004076086956521739 0.002717391304347826
0 0.951766304347826 0.3376358695652174 0.004076086956521739 0.002717391304347826
0 0.9599184782608695 0.3389945652173913 0.004076086956521739 0.002717391304347826
0 0.9667119565217391 0.3383152173913043 0.004076086956521739 0.0033967391304347825
0 0.9565217391304348 0.34782608695652173 0.004076086956521739 0.002717391304347826
0 0.8050271739130435 0.2717391304347826 0.004076086956521739 0.002717391304347826
0 0.8322010869565217 0.2710597826086957 0.004076086956521739 0.0033967391304347825
0 0.8254076086956522 0.27377717391304346 0.004076086956521739 0.002717391304347826
0 0.8301630434782609 0.27377717391304346 0.004755434782608696 0.002717391304347826
0 0.9456521739130435 0.26766304347826086 0.004076086956521739 0.002717391304347826
0 0.951766304347826 0.2669836956521739 0.005434782608695652 0.004755434782608696
0 0.7493206521739131 0.34578804347826086 0.004755434782608696 0.0033967391304347825
0 0.8478260869565217 0.29959239130434784 0.004076086956521739 0.002717391304347826
0 0.375 0.297554347826087 0.004755434782608696 0.004076086956521739