0 0.004076086956521739 0.5577445652173914 0.008152173913043478 0.016304347826086956
0 0.04755434782608696 0.5563858695652174 0.017663043478260868 0.016304347826086956
0 0.07404891304347826 0.5529891304347826 0.020380434782608696 0.018342391304347828
0 0.08695652173913043 0.5441576086956522 0.01358695652173913 0.01358695652173913
0 0.08423913043478261 0.5210597826086957 0.017663043478260868 0.014945652173913044
0 0.12907608695652173 0.5305706521739131 0.015625 0.014945652173913044
0 0.12228260869565218 0.5495923913043478 0.017663043478260868 0.014945652173913044
0 0.16779891304347827 0.5278532608695652 0.017663043478260868 0.017663043478260868
0 0.1610054347826087 0.5536684782608695 0.017663043478260868 0.016304347826086956
0 0.1514945652173913 0.5855978260869565 0.016304347826086956 0.016304347826086956
0 0.21739130434782608 0.5536684782608695 0.021059782608695652 0.01970108695652174
0 0.2513586956521739 0.6270380434782609 0.017663043478260868 0.014945652173913044
0 0.23369565217391305 0.5625 0.017663043478260868 0.016983695652173912
0 0.2418478260869565 0.545516304347826 0.016304347826086956 0.016304347826086956
0 0.24932065217391305 0.5658967391304348 0.01358695652173913 0.014945652173913044
0 0.265625 0.5645380434782609 0.015625 0.016304347826086956
0 0.2866847826086957 0.5278532608695652 0.017663043478260868 0.016304347826086956
0 0.29483695652173914 0.5536684782608695 0.01358695652173913 0.01358695652173913
0 0.2873641304347826 0.5570652173913043 0.014945652173913044 0.014945652173913044
0 0.31453804347826086 0.5985054347826086 0.018342391304347828 0.018342391304347828
0 0.33152173913043476 0.5577445652173914 0.017663043478260868 0.017663043478260868
0 0.344429347826087 0.5658967391304348 0.015625 0.014945652173913044
0 0.359375 0.576766304347826 0.012907608695652174 0.01154891304347826
0 0.36616847826086957 0.5584239130434783 0.01358695652173913 0.01358695652173913
0 0.3811141304347826 0.6168478260869565 0.016304347826086956 0.014945652173913044
0 0.3851902173913043 0.5658967391304348 0.01358695652173913 0.012228260869565218
0 0.39877717391304346 0.5597826086956522 0.01358695652173913 0.012907608695652174
0 0.40896739130434784 0.5597826086956522 0.01154891304347826 0.01154891304347826
0 0.43002717391304346 0.5658967391304348 0.01358695652173913 0.01358695652173913
0 0.4375 0.5597826086956522 0.01358695652173913 0.012228260869565218
0 0.452445652173913 0.5563858695652174 0.01358695652173913 0.01358695652173913
0 0.46195652173913043 0.5570652173913043 0.01154891304347826 0.012228260869565218
0 0.47282608695652173 0.5557065217391305 0.01154891304347826 0.01154891304347826
0 0.501358695652174 0.5591032608695652 0.01358695652173913 0.012907608695652174
0 0.5163043478260869 0.5563858695652174 0.01358695652173913 0.012228260869565218
0 0.5271739130434783 0.5550271739130435 0.01154891304347826 0.01154891304347826
0 0.5394021739130435 0.5509510869565217 0.009510869565217392 0.008831521739130434
0 0.5543478260869565 0.5557065217391305 0.01154891304347826 0.01154891304347826
0 0.529891304347826 0.5822010869565217 0.010869565217391304 0.01154891304347826
0 0.5509510869565217 0.6019021739130435 0.012907608695652174 0.01154891304347826
0 0.545516304347826 0.5828804347826086 0.01154891304347826 0.01154891304347826
0 0.5658967391304348 0.5692934782608695 0.01358695652173913 0.01154891304347826
0 0.5801630434782609 0.5699728260869565 0.01154891304347826 0.010190217391304348
0 0.641983695652174 0.5550271739130435 0.010869565217391304 0.01154891304347826
0 0.6487771739130435 0.579483695652174 0.010869565217391304 0.010190217391304348
0 0.6501358695652174 0.6073369565217391 0.010190217391304348 0.010190217391304348
0 0.6786684782608695 0.5971467391304348 0.01154891304347826 0.010190217391304348
0 0.6684782608695652 0.5631793478260869 0.010190217391304348 0.010190217391304348
0 0.6908967391304348 0.5591032608695652 0.010190217391304348 0.010190217391304348
0 0.6990489130434783 0.5706521739130435 0.010190217391304348 0.009510869565217392
0 0.7092391304347826 0.5591032608695652 0.010190217391304348 0.010190217391304348
0 0.7207880434782609 0.5699728260869565 0.010869565217391304 0.010190217391304348
0 0.7289402173913043 0.5618206521739131 0.010869565217391304 0.010190217391304348
0 0.7520380434782609 0.5618206521739131 0.009510869565217392 0.009510869565217392
0 0.7554347826086957 0.5699728260869565 0.010869565217391304 0.009510869565217392
0 0.7697010869565217 0.5665760869565217 0.010869565217391304 0.010190217391304348
0 0.7730978260869565 0.6046195652173914 0.010190217391304348 0.010190217391304348
0 0.8036684782608695 0.6012228260869565 0.009510869565217392 0.009510869565217392
0 0.7927989130434783 0.5699728260869565 0.010869565217391304 0.010190217391304348
0 0.7948369565217391 0.5597826086956522 0.010190217391304348 0.010190217391304348
0 0.8023097826086957 0.5591032608695652 0.008831521739130434 0.008831521739130434
0 0.828125 0.6039402173913043 0.010190217391304348 0.009510869565217392
0 0.8362771739130435 0.5903532608695652 0.010869565217391304 0.010190217391304348
0 0.8444293478260869 0.5597826086956522 0.010190217391304348 0.009510869565217392
0 0.858016304347826 0.5591032608695652 0.010190217391304348 0.010190217391304348
0 0.8811141304347826 0.5597826086956522 0.010190217391304348 0.010190217391304348
0 0.890625 0.5652173913043478 0.010190217391304348 0.010190217391304348
0 0.9103260869565217 0.5597826086956522 0.009510869565217392 0.008831521739130434
0 0.9110054347826086 0.5699728260869565 0.016304347826086956 0.016304347826086956
0 0.9252717391304348 0.561141304347826 0.010190217391304348 0.010190217391304348
0 0.938858695652174 0.5557065217391305 0.009510869565217392 0.008831521739130434
0 0.9375 0.5686141304347826 0.010190217391304348 0.010190217391304348
0 0.9476902173913043 0.5618206521739131 0.009510869565217392 0.009510869565217392
0 0.9592391304347826 0.5591032608695652 0.010869565217391304 0.010190217391304348
0 0.9769021739130435 0.5652173913043478 0.009510869565217392 0.010190217391304348
0 0.02309782608695652 0.545516304347826 0.019021739130434784 0.014266304347826086
0 0.03736413043478261 0.5441576086956522 0.018342391304347828 0.01358695652173913
0 0.021059782608695652 0.5801630434782609 0.019021739130434784 0.014266304347826086
0 0.02717391304347826 0.5645380434782609 0.018342391304347828 0.014266304347826086
0 0.035326086956521736 0.5713315217391305 0.019021739130434784 0.014266304347826086
0 0.09918478260869565 0.5434782608695652 0.019021739130434784 0.014266304347826086
0 0.11413043478260869 0.5292119565217391 0.018342391304347828 0.01358695652173913
0 0.14266304347826086 0.5264945652173914 0.019021739130434784 0.014266304347826086
0 0.15692934782608695 0.53125 0.019021739130434784 0.014945652173913044
0 0.18682065217391305 0.5740489130434783 0.019021739130434784 0.014266304347826086
0 0.1922554347826087 0.5645380434782609 0.01970108695652174 0.014945652173913044
0 0.19089673913043478 0.5563858695652174 0.01970108695652174 0.014945652173913044
0 0.28804347826086957 0.5475543478260869 0.018342391304347828 0.014266304347826086
0 0.3491847826086957 0.5591032608695652 0.016983695652173912 0.012907608695652174
0 0.40421195652173914 0.5652173913043478 0.014945652173913044 0.01154891304347826
0 0.4157608695652174 0.5604619565217391 0.014945652173913044 0.01154891304347826
0 0.4891304347826087 0.5591032608695652 0.014266304347826086 0.010869565217391304
0 0.5278532608695652 0.5672554347826086 0.01358695652173913 0.010190217391304348
0 0.5563858695652174 0.5652173913043478 0.012907608695652174 0.010190217391304348
0 0.5869565217391305 0.6012228260869565 0.012907608695652174 0.010190217391304348
0 0.7466032608695652 0.5692934782608695 0.012228260869565218 0.008831521739130434
0 0.8226902173913043 0.5604619565217391 0.01154891304347826 0.008831521739130434
0 0.8539402173913043 0.5964673913043478 0.012228260869565218 0.008831521739130434
0 0.8926630434782609 0.5584239130434783 0.010190217391304348 0.008152173913043478
0 0.9001358695652174 0.5584239130434783 0.010190217391304348 0.008152173913043478
0 0.9714673913043478 0.5652173913043478 0.012228260869565218 0.008831521739130434
0 0.9966032608695652 0.5625 0.006793478260869565 0.008152173913043478
0 0.8926630434782609 0.5944293478260869 0.014266304347826086 0.010869565217391304
0 0.8756793478260869 0.578125 0.01358695652173913 0.010190217391304348
0 0.6283967391304348 0.5835597826086957 0.04483695652173913 0.05366847826086957
0 0.4164402173913043 0.609375 0.04823369565217391 0.035326086956521736
0 0.38179347826086957 0.5543478260869565 0.017663043478260868 0.012907608695652174
0 0.35597826086956524 0.5523097826086957 0.017663043478260868 0.012907608695652174
0 0.9966032608695652 0.5550271739130435 0.006793478260869565 0.009510869565217392
0 0.9823369565217391 0.5604619565217391 0.01154891304347826 0.008831521739130434