0 0.08695652173913043 0.9476902173913043 0.014266304347826086 0.012228260869565218
0 0.30027173913043476 0.889266304347826 0.010190217391304348 0.010869565217391304
0 0.6154891304347826 0.875 0.010190217391304348 0.010190217391304348
0 0.7180706521739131 0.875 0.009510869565217392 0.008831521739130434
0 0.873641304347826 0.8179347826086957 0.01154891304347826 0.010869565217391304
0 0.21739130434782608 0.670516304347826 0.007472826086956522 0.006793478260869565
0 0.8702445652173914 0.5292119565217391 0.008152173913043478 0.006793478260869565
0 0.5135869565217391 0.532608695652174 0.010869565217391304 0.009510869565217392
0 0.01970108695652174 0.609375 0.008831521739130434 0.008831521739130434
0 0.017663043478260868 0.5855978260869565 0.009510869565217392 0.008831521739130434
0 0.01154891304347826 0.5726902173913043 0.010190217391304348 0.010869565217391304
0 0.0020380434782608695 0.5720108695652174 0.004076086956521739 0.010869565217391304
0 0.0625 0.6148097826086957 0.007472826086956522 0.007472826086956522
0 0.057744565217391304 0.6025815217391305 0.009510869565217392 0.009510869565217392
0 0.05638586956521739 0.592391304347826 0.009510869565217392 0.008831521739130434
0 0.07404891304347826 0.5991847826086957 0.008831521739130434 0.008831521739130434
0 0.06793478260869565 0.5835597826086957 0.008831521739130434 0.008831521739130434
0 0.059103260869565216 0.5788043478260869 0.008831521739130434 0.008831521739130434
0 0.08220108695652174 0.578125 0.008831521739130434 0.008831521739130434
0 0.10258152173913043 0.5672554347826086 0.008831521739130434 0.008152173913043478
0 0.07948369565217392 0.5625 0.008831521739130434 0.008152173913043478
0 0.03736413043478261 0.5604619565217391 0.009510869565217392 0.009510869565217392
0 0.007472826086956522 0.5339673913043478 0.007472826086956522 0.007472826086956522
0 0.03125 0.5305706521739131 0.008152173913043478 0.007472826086956522
0 0.041440217391304345 0.5346467391304348 0.007472826086956522 0.006793478260869565
0 0.051630434782608696 0.5264945652173914 0.007472826086956522 0.006793478260869565
0 0.021059782608695652 0.5210597826086957 0.007472826086956522 0.007472826086956522
0 0.02377717391304348 0.5108695652173914 0.006114130434782609 0.005434782608695652
0 0.01358695652173913 0.5088315217391305 0.006114130434782609 0.005434782608695652
0 0.020380434782608696 0.5054347826086957 0.005434782608695652 0.004755434782608696
0 0.04551630434782609 0.5054347826086957 0.006114130434782609 0.006114130434782609
0 0.06793478260869565 0.5183423913043478 0.006114130434782609 0.006793478260869565
0 0.08288043478260869 0.5258152173913043 0.006114130434782609 0.006114130434782609
0 0.12024456521739131 0.5129076086956522 0.006114130434782609 0.005434782608695652
0 0.06453804347826086 0.5020380434782609 0.006114130434782609 0.006114130434782609
0 0.07336956521739131 0.5061141304347826 0.006114130434782609 0.005434782608695652
0 0.036684782608695655 0.5006793478260869 0.006114130434782609 0.005434782608695652
0 0.13519021739130435 0.53125 0.007472826086956522 0.006793478260869565
0 0.1453804347826087 0.5020380434782609 0.006114130434782609 0.006114130434782609
0 0.1487771739130435 0.5332880434782609 0.007472826086956522 0.007472826086956522
0 0.16983695652173914 0.5319293478260869 0.008831521739130434 0.008831521739130434
0 0.19701086956521738 0.5217391304347826 0.008152173913043478 0.007472826086956522
0 0.9524456521739131 0.468070652173913 0.004755434782608696 0.004755434782608696
0 0.1331521739130435 0.47214673913043476 0.006793478260869565 0.006793478260869565
0 0.15828804347826086 0.47758152173913043 0.006114130434782609 0.005434782608695652
0 0.14402173913043478 0.468070652173913 0.006114130434782609 0.005434782608695652
0 0.13858695652173914 0.45108695652173914 0.007472826086956522 0.007472826086956522
0 0.15760869565217392 0.45040760869565216 0.006114130434782609 0.006114130434782609
0 0.1637228260869565 0.45584239130434784 0.007472826086956522 0.006793478260869565
0 0.034646739130434784 0.47758152173913043 0.006114130434782609 0.006114130434782609
0 0.05366847826086957 0.45652173913043476 0.006114130434782609 0.005434782608695652
0 0.057065217391304345 0.47282608695652173 0.006114130434782609 0.005434782608695652
0 0.04619565217391304 0.49320652173913043 0.006114130434782609 0.005434782608695652
0 0.04008152173913043 0.484375 0.006114130434782609 0.005434782608695652
0 0.9823369565217391 0.4076086956521739 0.006114130434782609 0.006114130434782609
0 0.8967391304347826 0.15692934782608695 0.002717391304347826 0.0020380434782608695
0 0.033967391304347824 0.9619565217391305 0.014266304347826086 0.010869565217391304
0 0.14266304347826086 0.9565217391304348 0.01358695652173913 0.010190217391304348
0 0.19157608695652173 0.9483695652173914 0.014266304347826086 0.010190217391304348
0 0.33695652173913043 0.9599184782608695 0.01358695652173913 0.010190217391304348
0 0.39877717391304346 0.9945652173913043 0.014266304347826086 0.010190217391304348
0 0.4232336956521739 0.9898097826086957 0.01358695652173913 0.010190217391304348
0 0.5652173913043478 0.9694293478260869 0.01358695652173913 0.009510869565217392
0 0.5115489130434783 0.9836956521739131 0.01358695652173913 0.010190217391304348
0 0.5095108695652174 0.9082880434782609 0.012907608695652174 0.009510869565217392
0 0.7595108695652174 0.9368206521739131 0.012907608695652174 0.009510869565217392
0 0.9082880434782609 0.8220108695652174 0.01154891304347826 0.008831521739130434
0 0.9245923913043478 0.7350543478260869 0.010869565217391304 0.008831521739130434
0 0.6542119565217391 0.7907608695652174 0.01154891304347826 0.008831521739130434
0 0.31929347826086957 0.813858695652174 0.012228260869565218 0.008831521739130434
0 0.03125 0.6311141304347826 0.009510869565217392 0.006793478260869565
0 0.016304347826086956 0.6297554347826086 0.008831521739130434 0.006793478260869565
0 0.25815217391304346 0.6820652173913043 0.008831521739130434 0.006114130434782609
0 0.2601902173913043 0.6542119565217391 0.008831521739130434 0.006793478260869565
0 0.35597826086956524 0.6521739130434783 0.008831521739130434 0.006793478260869565
0 0.29415760869565216 0.6222826086956522 0.008831521739130434 0.006793478260869565
0 0.5930706521739131 0.7248641304347826 0.010869565217391304 0.008152173913043478
0 0.9993206521739131 0.5434782608695652 0.001358695652173913 0.006114130434782609
0 0.9898097826086957 0.5292119565217391 0.008152173913043478 0.006114130434782609
0 0.9103260869565217 0.5 0.007472826086956522 0.005434782608695652
0 0.7907608695652174 0.532608695652174 0.007472826086956522 0.005434782608695652
0 0.8104619565217391 0.4952445652173913 0.007472826086956522 0.005434782608695652
0 0.8036684782608695 0.5088315217391305 0.007472826086956522 0.005434782608695652
0 0.625 0.5475543478260869 0.008831521739130434 0.006793478260869565
0 0.609375 0.5353260869565217 0.008831521739130434 0.006793478260869565
0 0.5672554347826086 0.53125 0.008831521739130434 0.006793478260869565
0 0.5597826086956522 0.5475543478260869 0.008831521739130434 0.006793478260869565
0 0.5692934782608695 0.5591032608695652 0.008831521739130434 0.006793478260869565
0 0.5230978260869565 0.5597826086956522 0.008831521739130434 0.006793478260869565
0 0.65625 0.5400815217391305 0.008152173913043478 0.006114130434782609
0 0.3125 0.5828804347826086 0.008831521739130434 0.006793478260869565
0 0.25815217391304346 0.5815217391304348 0.008831521739130434 0.006793478260869565
0 0.17459239130434784 0.5964673913043478 0.010190217391304348 0.007472826086956522
0 0.16983695652173914 0.5570652173913043 0.009510869565217392 0.007472826086956522
0 0.001358695652173913 0.6195652173913043 0.002717391304347826 0.006793478260869565
0 0.004755434782608696 0.5822010869565217 0.009510869565217392 0.008152173913043478
0 0.007472826086956522 0.5557065217391305 0.010190217391304348 0.007472826086956522
0 0.05298913043478261 0.6134510869565217 0.010190217391304348 0.007472826086956522
0 0.03736413043478261 0.6127717391304348 0.010190217391304348 0.007472826086956522
0 0.07540760869565218 0.5889945652173914 0.010190217391304348 0.007472826086956522
0 0.09307065217391304 0.6012228260869565 0.009510869565217392 0.007472826086956522
0 0.10394021739130435 0.5869565217391305 0.010190217391304348 0.007472826086956522
0 0.11209239130434782 0.5774456521739131 0.010190217391304348 0.007472826086956522
0 0.11684782608695653 0.5774456521739131 0.010190217391304348 0.007472826086956522
0 0.05502717391304348 0.5645380434782609 0.009510869565217392 0.007472826086956522
0 0.020380434782608696 0.5461956521739131 0.010190217391304348 0.007472826086956522
0 0.0033967391304347825 0.5434782608695652 0.006793478260869565 0.007472826086956522
0 0.042119565217391304 0.5135869565217391 0.007472826086956522 0.005434782608695652
0 0.03192934782608696 0.5135869565217391 0.007472826086956522 0.005434782608695652
0 0.007472826086956522 0.5027173913043478 0.006793478260869565 0.004755434782608696
0 0.014945652173913044 0.5047554347826086 0.006793478260869565 0.004755434782608696
0 0.042798913043478264 0.5088315217391305 0.007472826086956522 0.005434782608695652
0 0.059103260869565216 0.5081521739130435 0.006793478260869565 0.005434782608695652
0 0.08423913043478261 0.5135869565217391 0.007472826086956522 0.005434782608695652
0 0.10054347826086957 0.5081521739130435 0.006793478260869565 0.005434782608695652
0 0.11413043478260869 0.5054347826086957 0.007472826086956522 0.005434782608695652
0 0.027853260869565216 0.4986413043478261 0.006793478260869565 0.004755434782608696
0 0.13179347826086957 0.5360054347826086 0.008831521739130434 0.006793478260869565
0 0.12839673913043478 0.5237771739130435 0.008152173913043478 0.006114130434782609
0 0.12907608695652173 0.5047554347826086 0.007472826086956522 0.005434782608695652
0 0.14402173913043478 0.5414402173913043 0.008831521739130434 0.006793478260869565
0 0.1637228260869565 0.5251358695652174 0.008152173913043478 0.006793478260869565
0 0.17730978260869565 0.5271739130434783 0.008831521739130434 0.006793478260869565
0 0.20720108695652173 0.5387228260869565 0.008831521739130434 0.006793478260869565
0 0.22282608695652173 0.5387228260869565 0.008831521739130434 0.006793478260869565
0 0.17527173913043478 0.5108695652173914 0.008152173913043478 0.006114130434782609
0 0.17459239130434784 0.4945652173913043 0.008152173913043478 0.006114130434782609
0 0.9993206521739131 0.47758152173913043 0.0006793478260869565 0.005434782608695652
0 0.9307065217391305 0.46059782608695654 0.007472826086956522 0.005434782608695652
0 0.9252717391304348 0.453804347826087 0.007472826086956522 0.005434782608695652
0 0.8879076086956522 0.48165760869565216 0.007472826086956522 0.005434782608695652
0 0.8648097826086957 0.44972826086956524 0.007472826086956522 0.005434782608695652
0 0.8118206521739131 0.4517663043478261 0.007472826086956522 0.005434782608695652
0 0.796875 0.44497282608695654 0.007472826086956522 0.005434782608695652
0 0.5448369565217391 0.44633152173913043 0.006114130434782609 0.004755434782608696
0 0.5278532608695652 0.453125 0.006793478260869565 0.004755434782608696
0 0.5101902173913043 0.4544836956521739 0.006114130434782609 0.004755434782608696
0 0.5067934782608695 0.44633152173913043 0.006793478260869565 0.004755434782608696
0 0.5835597826086957 0.44021739130434784 0.006793478260869565 0.004755434782608696
0 0.5747282608695652 0.469429347826087 0.008152173913043478 0.006114130434782609
0 0.501358695652174 0.45516304347826086 0.006793478260869565 0.004755434782608696
0 0.14198369565217392 0.4891304347826087 0.007472826086956522 0.005434782608695652
0 0.13111413043478262 0.48029891304347827 0.007472826086956522 0.005434782608695652
0 0.12907608695652173 0.47214673913043476 0.007472826086956522 0.005434782608695652
0 0.14266304347826086 0.47622282608695654 0.007472826086956522 0.005434782608695652
0 0.1480978260869565 0.47758152173913043 0.007472826086956522 0.005434782608695652
0 0.15217391304347827 0.4830163043478261 0.007472826086956522 0.005434782608695652
0 0.16644021739130435 0.48233695652173914 0.007472826086956522 0.006114130434782609
0 0.1671195652173913 0.4898097826086957 0.008152173913043478 0.006114130434782609
0 0.15421195652173914 0.49796195652173914 0.007472826086956522 0.005434782608695652
0 0.15353260869565216 0.4741847826086957 0.007472826086956522 0.005434782608695652
0 0.13451086956521738 0.45991847826086957 0.007472826086956522 0.005434782608695652
0 0.14945652173913043 0.45720108695652173 0.007472826086956522 0.005434782608695652
0 0.1610054347826087 0.4592391304347826 0.007472826086956522 0.005434782608695652
0 0.17255434782608695 0.4592391304347826 0.007472826086956522 0.005434782608695652
0 0.17459239130434784 0.4789402173913043 0.008152173913043478 0.005434782608695652
0 0.17527173913043478 0.47146739130434784 0.007472826086956522 0.005434782608695652
0 0.17323369565217392 0.46467391304347827 0.007472826086956522 0.005434782608695652
0 0.18682065217391305 0.45720108695652173 0.007472826086956522 0.005434782608695652
0 0.1983695652173913 0.4626358695652174 0.007472826086956522 0.005434782608695652
0 0.18682065217391305 0.4483695652173913 0.007472826086956522 0.005434782608695652
0 0.19429347826086957 0.4483695652173913 0.007472826086956522 0.005434782608695652
0 0.16847826086956522 0.4429347826086957 0.008152173913043478 0.006114130434782609
0 0.1637228260869565 0.43546195652173914 0.008152173913043478 0.006114130434782609
0 0.12771739130434784 0.4388586956521739 0.008152173913043478 0.006114130434782609
0 0.13111413043478262 0.43953804347826086 0.007472826086956522 0.005434782608695652
0 0.12839673913043478 0.44497282608695654 0.007472826086956522 0.006114130434782609
0 0.14266304347826086 0.438179347826087 0.008152173913043478 0.005434782608695652
0 0.12092391304347826 0.46195652173913043 0.007472826086956522 0.005434782608695652
0 0.11684782608695653 0.46535326086956524 0.007472826086956522 0.005434782608695652
0 0.19021739130434784 0.44157608695652173 0.007472826086956522 0.005434782608695652
0 0.0033967391304347825 0.48097826086956524 0.006793478260869565 0.005434782608695652
0 0.012907608695652174 0.4748641304347826 0.006793478260869565 0.004755434782608696
0 0.01358695652173913 0.469429347826087 0.006793478260869565 0.004755434782608696
0 0.020380434782608696 0.47758152173913043 0.006793478260869565 0.004755434782608696
0 0.035326086956521736 0.46671195652173914 0.006793478260869565 0.004755434782608696
0 0.04076086956521739 0.47554347826086957 0.006793478260869565 0.004755434782608696
0 0.051630434782608696 0.47146739130434784 0.006793478260869565 0.004755434782608696
0 0.051630434782608696 0.47622282608695654 0.006793478260869565 0.004755434782608696
0 0.06657608695652174 0.468070652173913 0.006793478260869565 0.004755434782608696
0 0.06385869565217392 0.49320652173913043 0.006793478260869565 0.005434782608695652
0 0.008152173913043478 0.4952445652173913 0.006793478260869565 0.004755434782608696
0 0.008831521739130434 0.49116847826086957 0.006793478260869565 0.004755434782608696
0 0.02377717391304348 0.4898097826086957 0.006793478260869565 0.004755434782608696
0 0.06793478260869565 0.4796195652173913 0.006793478260869565 0.004755434782608696
0 0.042119565217391304 0.4701086956521739 0.006793478260869565 0.004755434782608696
0 0.08355978260869565 0.46535326086956524 0.006793478260869565 0.005434782608695652
0 0.06385869565217392 0.4578804347826087 0.006793478260869565 0.005434782608695652
0 0.08967391304347826 0.4578804347826087 0.007472826086956522 0.005434782608695652
0 0.09782608695652174 0.4633152173913043 0.007472826086956522 0.005434782608695652
0 0.11548913043478261 0.44904891304347827 0.007472826086956522 0.005434782608695652
0 0.10190217391304347 0.43953804347826086 0.008152173913043478 0.006114130434782609
0 0.11548913043478261 0.43410326086956524 0.008152173913043478 0.006114130434782609
0 0.11752717391304347 0.42866847826086957 0.008152173913043478 0.006793478260869565
0 0.09782608695652174 0.43070652173913043 0.008152173913043478 0.006114130434782609
0 0.10190217391304347 0.42866847826086957 0.008152173913043478 0.006793478260869565
0 0.09782608695652174 0.42391304347826086 0.008152173913043478 0.006793478260869565
0 0.09714673913043478 0.41847826086956524 0.008831521739130434 0.006793478260869565
0 0.10869565217391304 0.421875 0.008831521739130434 0.006793478260869565
0 0.09714673913043478 0.40964673913043476 0.009510869565217392 0.006793478260869565
0 0.109375 0.39741847826086957 0.009510869565217392 0.007472826086956522
0 0.10665760869565218 0.40896739130434784 0.008831521739130434 0.006793478260869565
0 0.12228260869565218 0.41847826086956524 0.008831521739130434 0.006793478260869565
0 0.12364130434782608 0.405570652173913 0.009510869565217392 0.006793478260869565
0 0.10733695652173914 0.4157608695652174 0.008831521739130434 0.006793478260869565
0 0.11413043478260869 0.4164402173913043 0.008831521739130434 0.006793478260869565
0 0.11209239130434782 0.4123641304347826 0.008831521739130434 0.006793478260869565
0 0.12635869565217392 0.4279891304347826 0.008152173913043478 0.006114130434782609
0 0.12228260869565218 0.39334239130434784 0.009510869565217392 0.006793478260869565
0 0.09171195652173914 0.39741847826086957 0.009510869565217392 0.006793478260869565
0 0.08491847826086957 0.391304347826087 0.009510869565217392 0.006793478260869565
0 0.09782608695652174 0.38722826086956524 0.009510869565217392 0.007472826086956522
0 0.10122282608695653 0.3811141304347826 0.010190217391304348 0.007472826086956522
0 0.09307065217391304 0.38247282608695654 0.009510869565217392 0.007472826086956522
0 0.11209239130434782 0.3811141304347826 0.010190217391304348 0.007472826086956522
0 0.11005434782608696 0.3892663043478261 0.009510869565217392 0.007472826086956522
0 0.06182065217391304 0.39470108695652173 0.008831521739130434 0.006793478260869565
0 0.05298913043478261 0.38315217391304346 0.009510869565217392 0.006793478260869565
0 0.059782608695652176 0.3804347826086957 0.009510869565217392 0.006793478260869565
0 0.06725543478260869 0.3804347826086957 0.009510869565217392 0.007472826086956522
0 0.07133152173913043 0.38383152173913043 0.009510869565217392 0.007472826086956522
0 0.03804347826086957 0.38383152173913043 0.008831521739130434 0.006793478260869565
0 0.022418478260869564 0.38654891304347827 0.008831521739130434 0.006793478260869565
0 0.006114130434782609 0.3892663043478261 0.009510869565217392 0.006793478260869565
0 0.010190217391304348 0.3797554347826087 0.009510869565217392 0.006793478260869565
0 0.006114130434782609 0.38315217391304346 0.009510869565217392 0.006793478260869565
0 0.016304347826086956 0.37839673913043476 0.008831521739130434 0.006793478260869565
0 0.027853260869565216 0.37771739130434784 0.008831521739130434 0.006793478260869565
0 0.044157608695652176 0.3804347826086957 0.008831521739130434 0.006793478260869565
0 0.05434782608695652 0.375 0.009510869565217392 0.006793478260869565
0 0.04551630434782609 0.3736413043478261 0.009510869565217392 0.006793478260869565
0 0.08016304347826086 0.375679347826087 0.010190217391304348 0.007472826086956522
0 0.08355978260869565 0.37907608695652173 0.009510869565217392 0.007472826086956522
0 0.06929347826086957 0.375 0.009510869565217392 0.007472826086956522
0 0.09850543478260869 0.375679347826087 0.010190217391304348 0.007472826086956522
0 0.11820652173913043 0.375 0.010190217391304348 0.007472826086956522
0 0.109375 0.375 0.010190217391304348 0.007472826086956522
0 0.12024456521739131 0.38654891304347827 0.009510869565217392 0.007472826086956522
0 0.10258152173913043 0.3960597826086957 0.009510869565217392 0.007472826086956522
0 0.1324728260869565 0.43070652173913043 0.008152173913043478 0.006793478260869565
0 0.13654891304347827 0.4266304347826087 0.008152173913043478 0.006793478260869565
0 0.13858695652173914 0.421195652173913 0.008831521739130434 0.006793478260869565
0 0.13043478260869565 0.422554347826087 0.008831521739130434 0.006793478260869565
0 0.13179347826086957 0.41304347826086957 0.008831521739130434 0.006793478260869565
0 0.13111413043478262 0.406929347826087 0.009510869565217392 0.006793478260869565
0 0.13111413043478262 0.4014945652173913 0.009510869565217392 0.006793478260869565
0 0.1324728260869565 0.39266304347826086 0.009510869565217392 0.007472826086956522
0 0.12703804347826086 0.38722826086956524 0.009510869565217392 0.007472826086956522
0 0.12771739130434784 0.38179347826086957 0.010190217391304348 0.007472826086956522
0 0.13111413043478262 0.37703804347826086 0.010190217391304348 0.007472826086956522
0 0.13926630434782608 0.3811141304347826 0.009510869565217392 0.007472826086956522
0 0.14334239130434784 0.3797554347826087 0.010190217391304348 0.007472826086956522
0 0.14402173913043478 0.39470108695652173 0.009510869565217392 0.007472826086956522
0 0.15081521739130435 0.39334239130434784 0.009510869565217392 0.007472826086956522
0 0.15625 0.390625 0.009510869565217392 0.007472826086956522
0 0.15625 0.3851902173913043 0.010190217391304348 0.007472826086956522
0 0.16779891304347827 0.38858695652173914 0.008152173913043478 0.006114130434782609
0 0.16983695652173914 0.38383152173913043 0.008152173913043478 0.006793478260869565
0 0.17459239130434784 0.3858695652173913 0.008831521739130434 0.006793478260869565
0 0.1800271739130435 0.38722826086956524 0.008831521739130434 0.006793478260869565
0 0.19021739130434784 0.3811141304347826 0.008152173913043478 0.006793478260869565
0 0.1793478260869565 0.37703804347826086 0.008831521739130434 0.006793478260869565
0 0.19157608695652173 0.38654891304347827 0.008152173913043478 0.006114130434782609
0 0.19429347826086957 0.3892663043478261 0.008152173913043478 0.006793478260869565
0 0.18614130434782608 0.38858695652173914 0.008152173913043478 0.006114130434782609
0 0.14266304347826086 0.43002717391304346 0.008152173913043478 0.006114130434782609
0 0.15489130434782608 0.4313858695652174 0.008152173913043478 0.006114130434782609
0 0.1487771739130435 0.42459239130434784 0.008152173913043478 0.005434782608695652
0 0.14741847826086957 0.4205163043478261 0.008152173913043478 0.006114130434782609
0 0.15353260869565216 0.41779891304347827 0.008152173913043478 0.006114130434782609
0 0.1487771739130435 0.4110054347826087 0.008152173913043478 0.006114130434782609
0 0.1514945652173913 0.4123641304347826 0.008152173913043478 0.006114130434782609
0 0.14402173913043478 0.4110054347826087 0.008831521739130434 0.006793478260869565
0 0.14605978260869565 0.40625 0.009510869565217392 0.006793478260869565
0 0.1453804347826087 0.40217391304347827 0.009510869565217392 0.006793478260869565
0 0.16304347826086957 0.406929347826087 0.008152173913043478 0.006114130434782609
0 0.1610054347826087 0.39741847826086957 0.008152173913043478 0.006114130434782609
0 0.16915760869565216 0.39402173913043476 0.008152173913043478 0.006114130434782609
0 0.171875 0.39945652173913043 0.008152173913043478 0.006114130434782609
0 0.1793478260869565 0.40353260869565216 0.008152173913043478 0.006114130434782609
0 0.17866847826086957 0.40828804347826086 0.008152173913043478 0.006114130434782609
0 0.17051630434782608 0.41372282608695654 0.008152173913043478 0.006114130434782609
0 0.1644021739130435 0.4171195652173913 0.008152173913043478 0.006114130434782609
0 0.16576086956521738 0.4232336956521739 0.008152173913043478 0.006114130434782609
0 0.17051630434782608 0.4273097826086957 0.008152173913043478 0.006114130434782609
0 0.1827445652173913 0.42391304347826086 0.006793478260869565 0.005434782608695652
0 0.1827445652173913 0.43410326086956524 0.007472826086956522 0.005434782608695652
0 0.18546195652173914 0.41847826086956524 0.006793478260869565 0.005434782608695652
0 0.19293478260869565 0.41779891304347827 0.006793478260869565 0.005434782608695652
0 0.19429347826086957 0.4123641304347826 0.006793478260869565 0.005434782608695652
0 0.1922554347826087 0.40285326086956524 0.008152173913043478 0.006114130434782609
0 0.1983695652173913 0.40828804347826086 0.006793478260869565 0.005434782608695652
0 0.19293478260869565 0.4279891304347826 0.006793478260869565 0.005434782608695652
0 0.19904891304347827 0.43342391304347827 0.006793478260869565 0.005434782608695652
0 0.1922554347826087 0.43478260869565216 0.007472826086956522 0.005434782608695652
0 0.19633152173913043 0.4232336956521739 0.007472826086956522 0.005434782608695652
0 0.20380434782608695 0.42866847826086957 0.006793478260869565 0.005434782608695652
0 0.2139945652173913 0.42934782608695654 0.007472826086956522 0.005434782608695652
0 0.20720108695652173 0.421875 0.007472826086956522 0.005434782608695652
0 0.2139945652173913 0.4171195652173913 0.007472826086956522 0.005434782608695652
0 0.20652173913043478 0.4123641304347826 0.006793478260869565 0.005434782608695652
0 0.22214673913043478 0.41372282608695654 0.006793478260869565 0.005434782608695652
0 0.21263586956521738 0.4048913043478261 0.006793478260869565 0.005434782608695652
0 0.2112771739130435 0.4001358695652174 0.006793478260869565 0.005434782608695652
0 0.20991847826086957 0.3953804347826087 0.006793478260869565 0.004755434782608696
0 0.21875 0.3960597826086957 0.006793478260869565 0.005434782608695652
0 0.23165760869565216 0.40353260869565216 0.006793478260869565 0.004755434782608696
0 0.22554347826086957 0.4014945652173913 0.006793478260869565 0.005434782608695652
0 0.1922554347826087 0.3967391304347826 0.008152173913043478 0.006114130434782609
0 0.20108695652173914 0.3851902173913043 0.008152173913043478 0.006114130434782609
0 0.21603260869565216 0.3851902173913043 0.006793478260869565 0.004755434782608696
0 0.21807065217391305 0.37703804347826086 0.006114130434782609 0.004755434782608696
0 0.22282608695652173 0.3892663043478261 0.006793478260869565 0.005434782608695652
0 0.23097826086956522 0.389945652173913 0.006793478260869565 0.005434782608695652
0 0.23029891304347827 0.38654891304347827 0.006793478260869565 0.004755434782608696
0 0.22826086956521738 0.3953804347826087 0.006793478260869565 0.004755434782608696
0 0.23573369565217392 0.3967391304347826 0.006793478260869565 0.004755434782608696
0 0.23641304347826086 0.3892663043478261 0.006793478260869565 0.004755434782608696
0 0.2425271739130435 0.38654891304347827 0.006793478260869565 0.004755434782608696
0 0.24116847826086957 0.3804347826086957 0.006793478260869565 0.004755434782608696
0 0.24116847826086957 0.375679347826087 0.006793478260869565 0.004755434782608696
0 0.24048913043478262 0.39334239130434784 0.006793478260869565 0.005434782608695652
0 0.21331521739130435 0.391304347826087 0.006793478260869565 0.005434782608695652
0 0.21942934782608695 0.40217391304347827 0.006793478260869565 0.004755434782608696
0 0.20176630434782608 0.37771739130434784 0.008152173913043478 0.006793478260869565
0 0.20244565217391305 0.4171195652173913 0.006793478260869565 0.005434782608695652
0 0.14605978260869565 0.3845108695652174 0.009510869565217392 0.007472826086956522
0 0.16168478260869565 0.375679347826087 0.010190217391304348 0.007472826086956522
0 0.17051630434782608 0.374320652173913 0.008831521739130434 0.006793478260869565
0 0.033967391304347824 0.37092391304347827 0.009510869565217392 0.006793478260869565
0 0.036005434782608696 0.36345108695652173 0.009510869565217392 0.006793478260869565
0 0.043478260869565216 0.3695652173913043 0.008831521739130434 0.006793478260869565
0 0.057065217391304345 0.3688858695652174 0.010190217391304348 0.007472826086956522
0 0.0625 0.37160326086956524 0.010190217391304348 0.007472826086956522
0 0.06725543478260869 0.36209239130434784 0.010190217391304348 0.007472826086956522
0 0.07608695652173914 0.36277173913043476 0.010190217391304348 0.007472826086956522
0 0.07948369565217392 0.360054347826087 0.010190217391304348 0.007472826086956522
0 0.07065217391304347 0.36820652173913043 0.010190217391304348 0.007472826086956522
0 0.07744565217391304 0.3539402173913043 0.010190217391304348 0.007472826086956522
0 0.07133152173913043 0.35054347826086957 0.010869565217391304 0.007472826086956522
0 0.06521739130434782 0.35190217391304346 0.010190217391304348 0.007472826086956522
0 0.058423913043478264 0.3532608695652174 0.010869565217391304 0.007472826086956522
0 0.05638586956521739 0.34782608695652173 0.010190217391304348 0.007472826086956522
0 0.05638586956521739 0.34375 0.010190217391304348 0.008152173913043478
0 0.057744565217391304 0.33695652173913043 0.010869565217391304 0.008152173913043478
0 0.04483695652173913 0.35258152173913043 0.010190217391304348 0.007472826086956522
0 0.03804347826086957 0.35258152173913043 0.010190217391304348 0.007472826086956522
0 0.042798913043478264 0.3451086956521739 0.010190217391304348 0.007472826086956522
0 0.07269021739130435 0.34578804347826086 0.010869565217391304 0.007472826086956522
0 0.07608695652173914 0.3451086956521739 0.010869565217391304 0.008152173913043478
0 0.07676630434782608 0.3491847826086957 0.010190217391304348 0.007472826086956522
0 0.10461956521739131 0.36209239130434784 0.010190217391304348 0.007472826086956522
0 0.10733695652173914 0.360054347826087 0.010190217391304348 0.007472826086956522
0 0.11141304347826086 0.35733695652173914 0.010869565217391304 0.008152173913043478
0 0.10461956521739131 0.33152173913043476 0.010869565217391304 0.008152173913043478
0 0.10326086956521739 0.33491847826086957 0.010869565217391304 0.008831521739130434
0 0.09239130434782608 0.34646739130434784 0.010190217391304348 0.007472826086956522
0 0.08559782608695653 0.344429347826087 0.010190217391304348 0.008152173913043478
0 0.10326086956521739 0.3485054347826087 0.010869565217391304 0.008152173913043478
0 0.11209239130434782 0.3491847826086957 0.010869565217391304 0.008152173913043478
0 0.09510869565217392 0.359375 0.010190217391304348 0.007472826086956522
0 0.12092391304347826 0.3335597826086957 0.010869565217391304 0.008152173913043478
0 0.12364130434782608 0.36820652173913043 0.010190217391304348 0.007472826086956522
0 0.09307065217391304 0.36752717391304346 0.010190217391304348 0.007472826086956522
0 0.08152173913043478 0.3342391304347826 0.010869565217391304 0.008152173913043478
0 0.09103260869565218 0.3383152173913043 0.010869565217391304 0.008152173913043478
0 0.10665760869565218 0.343070652173913 0.010869565217391304 0.008152173913043478
0 0.11413043478260869 0.3267663043478261 0.01154891304347826 0.008152173913043478
0 0.09782608695652174 0.31997282608695654 0.01154891304347826 0.008831521739130434
0 0.13043478260869565 0.3654891304347826 0.010190217391304348 0.007472826086956522
0 0.12635869565217392 0.3580163043478261 0.010190217391304348 0.008152173913043478
0 0.12907608695652173 0.33084239130434784 0.01154891304347826 0.008152173913043478
0 0.12771739130434784 0.33695652173913043 0.010869565217391304 0.008152173913043478
0 0.12771739130434784 0.344429347826087 0.010869565217391304 0.008152173913043478
0 0.13519021739130435 0.3532608695652174 0.010869565217391304 0.008152173913043478
0 0.14673913043478262 0.3546195652173913 0.010869565217391304 0.008152173913043478
0 0.14673913043478262 0.36277173913043476 0.010190217391304348 0.007472826086956522
0 0.15692934782608695 0.3654891304347826 0.010190217391304348 0.007472826086956522
0 0.15489130434782608 0.37228260869565216 0.010190217391304348 0.007472826086956522
0 0.14741847826086957 0.3736413043478261 0.010190217391304348 0.007472826086956522
0 0.1610054347826087 0.3539402173913043 0.010869565217391304 0.007472826086956522
0 0.17730978260869565 0.3654891304347826 0.008831521739130434 0.006793478260869565
0 0.17323369565217392 0.35733695652173914 0.010869565217391304 0.008152173913043478
0 0.1827445652173913 0.35529891304347827 0.008831521739130434 0.006793478260869565
0 0.16779891304347827 0.3485054347826087 0.010869565217391304 0.008152173913043478
0 0.14945652173913043 0.34375 0.010869565217391304 0.008152173913043478
0 0.15557065217391305 0.33695652173913043 0.010869565217391304 0.008152173913043478
0 0.13858695652173914 0.33491847826086957 0.010869565217391304 0.008152173913043478
0 0.14605978260869565 0.33220108695652173 0.010869565217391304 0.008831521739130434
0 0.14334239130434784 0.343070652173913 0.010869565217391304 0.008152173913043478
0 0.20448369565217392 0.37296195652173914 0.008831521739130434 0.006793478260869565
0 0.19021739130434784 0.3736413043478261 0.008831521739130434 0.006793478260869565
0 0.18817934782608695 0.3702445652173913 0.008831521739130434 0.006793478260869565
0 0.1956521739130435 0.3695652173913043 0.008831521739130434 0.006793478260869565
0 0.1827445652173913 0.37160326086956524 0.008831521739130434 0.006793478260869565
0 0.2078804347826087 0.36141304347826086 0.008831521739130434 0.006793478260869565
0 0.20720108695652173 0.3539402173913043 0.008831521739130434 0.006793478260869565
0 0.20040760869565216 0.33967391304347827 0.008831521739130434 0.006793478260869565
0 0.18138586956521738 0.3451086956521739 0.010869565217391304 0.008152173913043478
0 0.18138586956521738 0.34103260869565216 0.010869565217391304 0.008152173913043478
0 0.17323369565217392 0.34035326086956524 0.010869565217391304 0.008152173913043478
0 0.1922554347826087 0.33491847826086957 0.010869565217391304 0.008152173913043478
0 0.19089673913043478 0.3546195652173913 0.008831521739130434 0.006793478260869565
0 0.23301630434782608 0.3688858695652174 0.006793478260869565 0.004755434782608696
0 0.22214673913043478 0.36752717391304346 0.008831521739130434 0.006793478260869565
0 0.2269021739130435 0.3607336956521739 0.008831521739130434 0.006793478260869565
0 0.21603260869565216 0.35733695652173914 0.008831521739130434 0.006793478260869565
0 0.21467391304347827 0.34782608695652173 0.008831521739130434 0.006793478260869565
0 0.21875 0.34578804347826086 0.008831521739130434 0.006793478260869565
0 0.24116847826086957 0.358695652173913 0.006114130434782609 0.004755434782608696
0 0.23369565217391305 0.35258152173913043 0.008831521739130434 0.006793478260869565
0 0.24116847826086957 0.35258152173913043 0.006114130434782609 0.004755434782608696
0 0.23573369565217392 0.344429347826087 0.008831521739130434 0.006793478260869565
0 0.2452445652173913 0.343070652173913 0.006114130434782609 0.004755434782608696
0 0.23980978260869565 0.3383152173913043 0.008831521739130434 0.006793478260869565
0 0.23233695652173914 0.3376358695652174 0.008831521739130434 0.006793478260869565
0 0.24320652173913043 0.3328804347826087 0.008831521739130434 0.006793478260869565
0 0.24864130434782608 0.3233695652173913 0.008831521739130434 0.006793478260869565
0 0.2452445652173913 0.36752717391304346 0.006114130434782609 0.004755434782608696
0 0.25271739130434784 0.36345108695652173 0.006793478260869565 0.004755434782608696
0 0.2235054347826087 0.3335597826086957 0.008831521739130434 0.006793478260869565
0 0.20991847826086957 0.33967391304347827 0.008831521739130434 0.006793478260869565
0 0.22486413043478262 0.34035326086956524 0.009510869565217392 0.006793478260869565
0 0.20244565217391305 0.3491847826086957 0.008831521739130434 0.006793478260869565
0 0.19293478260869565 0.344429347826087 0.008831521739130434 0.006793478260869565
0 0.203125 0.328804347826087 0.008831521739130434 0.006793478260869565
0 0.2105978260869565 0.33084239130434784 0.008831521739130434 0.006793478260869565
0 0.23301630434782608 0.328125 0.009510869565217392 0.006793478260869565
0 0.23641304347826086 0.3328804347826087 0.008831521739130434 0.006793478260869565
0 0.2595108695652174 0.35054347826086957 0.006114130434782609 0.004755434782608696
0 0.25203804347826086 0.3485054347826087 0.006114130434782609 0.004755434782608696
0 0.2595108695652174 0.3451086956521739 0.006114130434782609 0.004755434782608696
0 0.2608695652173913 0.3376358695652174 0.006114130434782609 0.004755434782608696
0 0.2703804347826087 0.343070652173913 0.006114130434782609 0.004755434782608696
0 0.26902173913043476 0.35597826086956524 0.006114130434782609 0.004755434782608696
0 0.266304347826087 0.36684782608695654 0.006114130434782609 0.004755434782608696
0 0.26902173913043476 0.3695652173913043 0.006114130434782609 0.004755434782608696
0 0.2764945652173913 0.3688858695652174 0.006114130434782609 0.004755434782608696
0 0.25815217391304346 0.3688858695652174 0.006114130434782609 0.004755434782608696
0 0.25883152173913043 0.360054347826087 0.006114130434782609 0.004755434782608696
0 0.2860054347826087 0.3688858695652174 0.006793478260869565 0.004755434782608696
0 0.28940217391304346 0.3641304347826087 0.006114130434782609 0.004755434782608696
0 0.2873641304347826 0.35733695652173914 0.006114130434782609 0.004755434782608696
0 0.296875 0.3580163043478261 0.006793478260869565 0.004755434782608696
0 0.29415760869565216 0.3532608695652174 0.006114130434782609 0.004755434782608696
0 0.2921195652173913 0.34782608695652173 0.006114130434782609 0.004755434782608696
0 0.29415760869565216 0.34171195652173914 0.006114130434782609 0.004755434782608696
0 0.296195652173913 0.3451086956521739 0.006114130434782609 0.004755434782608696
0 0.2826086956521739 0.3383152173913043 0.006114130434782609 0.004755434782608696
0 0.2914402173913043 0.3342391304347826 0.006114130434782609 0.004755434782608696
0 0.30570652173913043 0.34375 0.006114130434782609 0.004755434782608696
0 0.3029891304347826 0.35122282608695654 0.006114130434782609 0.004755434782608696
0 0.30366847826086957 0.360054347826087 0.006114130434782609 0.004755434782608696
0 0.30978260869565216 0.3580163043478261 0.006114130434782609 0.004755434782608696
0 0.311820652173913 0.3546195652173913 0.006114130434782609 0.004755434782608696
0 0.31657608695652173 0.3376358695652174 0.006114130434782609 0.004755434782608696
0 0.3125 0.33695652173913043 0.006114130434782609 0.004755434782608696
0 0.3111413043478261 0.34646739130434784 0.006114130434782609 0.004755434782608696
0 0.2798913043478261 0.358695652173913 0.006114130434782609 0.004755434782608696
0 0.25407608695652173 0.33084239130434784 0.006114130434782609 0.004755434782608696
0 0.2513586956521739 0.3736413043478261 0.006793478260869565 0.004755434782608696
0 0.5190217391304348 0.4313858695652174 0.005434782608695652 0.004076086956521739
0 0.5373641304347826 0.42934782608695654 0.004755434782608696 0.004076086956521739
0 0.5210597826086957 0.42391304347826086 0.004755434782608696 0.0033967391304347825
0 0.529891304347826 0.41915760869565216 0.004076086956521739 0.0033967391304347825
0 0.5788043478260869 0.43342391304347827 0.006793478260869565 0.004755434782608696
0 0.5903532608695652 0.4279891304347826 0.006114130434782609 0.004755434782608696
0 0.576766304347826 0.41779891304347827 0.005434782608695652 0.004755434782608696
0 0.5998641304347826 0.41847826086956524 0.005434782608695652 0.004076086956521739
0 0.6025815217391305 0.40964673913043476 0.005434782608695652 0.004076086956521739
0 0.5862771739130435 0.40828804347826086 0.004755434782608696 0.004076086956521739
0 0.5917119565217391 0.40285326086956524 0.004755434782608696 0.004076086956521739
0 0.5896739130434783 0.4171195652173913 0.005434782608695652 0.004076086956521739
0 0.6114130434782609 0.4171195652173913 0.006114130434782609 0.004755434782608696
0 0.6222826086956522 0.40964673913043476 0.006114130434782609 0.004755434782608696
0 0.609375 0.40421195652173914 0.005434782608695652 0.004076086956521739
0 0.6073369565217391 0.389945652173913 0.004755434782608696 0.004076086956521739
0 0.6168478260869565 0.3892663043478261 0.005434782608695652 0.004076086956521739
0 0.5591032608695652 0.4157608695652174 0.0033967391304347825 0.002717391304347826
0 0.5618206521739131 0.41032608695652173 0.005434782608695652 0.004076086956521739
0 0.5461956521739131 0.40964673913043476 0.0033967391304347825 0.002717391304347826
0 0.5523097826086957 0.3960597826086957 0.002717391304347826 0.0020380434782608695
0 0.5373641304347826 0.38315217391304346 0.0033967391304347825 0.0020380434782608695
0 0.595108695652174 0.38315217391304346 0.0033967391304347825 0.002717391304347826
0 0.6182065217391305 0.3858695652173913 0.005434782608695652 0.004076086956521739
0 0.625 0.389945652173913 0.005434782608695652 0.004076086956521739
0 0.6182065217391305 0.3967391304347826 0.006114130434782609 0.004076086956521739
0 0.5889945652173914 0.39809782608695654 0.004755434782608696 0.0033967391304347825
0 0.545516304347826 0.42459239130434784 0.004755434782608696 0.0033967391304347825
0 0.5631793478260869 0.4232336956521739 0.006114130434782609 0.004755434782608696
0 0.6216032608695652 0.422554347826087 0.006793478260869565 0.004755434782608696
0 0.6066576086956522 0.4266304347826087 0.006114130434782609 0.004755434782608696
0 0.6019021739130435 0.37703804347826086 0.002717391304347826 0.0020380434782608695
0 0.6283967391304348 0.4116847826086957 0.006793478260869565 0.004755434782608696
0 0.640625 0.3967391304347826 0.006114130434782609 0.004755434782608696
0 0.6358695652173914 0.38722826086956524 0.005434782608695652 0.004076086956521739
0 0.6501358695652174 0.38722826086956524 0.005434782608695652 0.004076086956521739
0 0.6501358695652174 0.39334239130434784 0.006114130434782609 0.004076086956521739
0 0.6603260869565217 0.4048913043478261 0.006114130434782609 0.004755434782608696
0 0.6596467391304348 0.39470108695652173 0.006114130434782609 0.004755434782608696
0 0.7764945652173914 0.39877717391304346 0.006114130434782609 0.004755434782608696
0 0.7846467391304348 0.37703804347826086 0.006114130434782609 0.004755434782608696
0 0.766983695652174 0.3858695652173913 0.005434782608695652 0.004076086956521739
0 0.7635869565217391 0.37703804347826086 0.004755434782608696 0.0033967391304347825
0 0.7914402173913043 0.390625 0.006114130434782609 0.004755434782608696
0 0.8192934782608695 0.38383152173913043 0.006114130434782609 0.004755434782608696
0 0.7832880434782609 0.405570652173913 0.006114130434782609 0.004755434782608696
0 0.9069293478260869 0.4232336956521739 0.006793478260869565 0.004755434782608696
0 0.9089673913043478 0.4001358695652174 0.006793478260869565 0.004755434782608696
0 0.9456521739130435 0.39741847826086957 0.006793478260869565 0.004755434782608696
0 0.9341032608695652 0.38654891304347827 0.006793478260869565 0.004755434782608696
0 0.9904891304347826 0.3804347826086957 0.006793478260869565 0.004755434782608696
0 0.9633152173913043 0.37839673913043476 0.006793478260869565 0.004755434782608696
0 0.8967391304347826 0.39334239130434784 0.006114130434782609 0.004755434782608696
0 0.9877717391304348 0.360054347826087 0.006114130434782609 0.004755434782608696
0 0.9538043478260869 0.3641304347826087 0.006793478260869565 0.004755434782608696
0 0.9646739130434783 0.3641304347826087 0.006793478260869565 0.004755434782608696
0 0.9633152173913043 0.35733695652173914 0.006793478260869565 0.004755434782608696
0 0.9707880434782609 0.34578804347826086 0.006114130434782609 0.004755434782608696
0 0.983016304347826 0.35122282608695654 0.006114130434782609 0.004755434782608696
0 0.985733695652174 0.34646739130434784 0.006793478260869565 0.004755434782608696
0 0.9341032608695652 0.36209239130434784 0.006793478260869565 0.004755434782608696
0 0.9449728260869565 0.360054347826087 0.006114130434782609 0.004755434782608696
0 0.9524456521739131 0.35529891304347827 0.006114130434782609 0.004755434782608696
0 0.921875 0.3641304347826087 0.006793478260869565 0.004755434782608696
0 0.9748641304347826 0.33491847826086957 0.006114130434782609 0.004755434782608696
0 0.9966032608695652 0.3376358695652174 0.006793478260869565 0.004755434782608696
0 0.9979619565217391 0.34375 0.004076086956521739 0.004755434782608696
0 0.985733695652174 0.33559782608695654 0.006793478260869565 0.004755434782608696
0 0.8016304347826086 0.35665760869565216 0.005434782608695652 0.004076086956521739
0 0.7873641304347826 0.35597826086956524 0.005434782608695652 0.004076086956521739
0 0.8084239130434783 0.36820652173913043 0.006114130434782609 0.004755434782608696
0 0.7860054347826086 0.36616847826086957 0.006114130434782609 0.004076086956521739
0 0.7751358695652174 0.36820652173913043 0.005434782608695652 0.004755434782608696
0 0.7927989130434783 0.36209239130434784 0.005434782608695652 0.004076086956521739
0 0.7771739130434783 0.3580163043478261 0.005434782608695652 0.004755434782608696
0 0.7975543478260869 0.37092391304347827 0.006114130434782609 0.004755434782608696