0 0.035326086956521736 0.545516304347826 0.041440217391304345 0.04483695652173913
0 0.09510869565217392 0.5 0.03872282608695652 0.03328804347826087
0 0.12160326086956522 0.6229619565217391 0.07269021739130435 0.08355978260869565
0 0.06114130434782609 0.5292119565217391 0.03736413043478261 0.029891304347826088
0 0.07744565217391304 0.514266304347826 0.036684782608695655 0.029891304347826088
0 0.3389945652173913 0.5584239130434783 0.06725543478260869 0.06046195652173913
0 0.28804347826086957 0.5747282608695652 0.052309782608695655 0.05434782608695652
0 0.19021739130434784 0.514266304347826 0.036005434782608696 0.033967391304347824
0 0.13790760869565216 0.5251358695652174 0.04008152173913043 0.036005434782608696
0 0.18682065217391305 0.49660326086956524 0.021059782608695652 0.019021739130434784
0 0.22146739130434784 0.5081521739130435 0.03125 0.03260869565217391
0 0.21263586956521738 0.5129076086956522 0.024456521739130436 0.026494565217391304
0 0.29891304347826086 0.5 0.029211956521739132 0.024456521739130436
0 0.30366847826086957 0.5230978260869565 0.04008152173913043 0.03736413043478261
0 0.2764945652173913 0.5230978260869565 0.025815217391304348 0.027853260869565216
0 0.3389945652173913 0.515625 0.03328804347826087 0.03125
0 0.3953804347826087 0.5149456521739131 0.03736413043478261 0.034646739130434784
0 0.41779891304347827 0.5067934782608695 0.029211956521739132 0.028532608695652172
0 0.3892663043478261 0.5006793478260869 0.029891304347826088 0.027853260869565216
0 0.48097826086956524 0.501358695652174 0.028532608695652172 0.026494565217391304
0 0.48029891304347827 0.515625 0.03260869565217391 0.030570652173913044
0 0.5163043478260869 0.5163043478260869 0.036684782608695655 0.036005434782608696
0 0.5489130434782609 0.5088315217391305 0.036684782608695655 0.036005434782608696
0 0.5822010869565217 0.5197010869565217 0.033967391304347824 0.033967391304347824
0 0.6555706521739131 0.5081521739130435 0.033967391304347824 0.034646739130434784
0 0.7398097826086957 0.5129076086956522 0.03872282608695652 0.03872282608695652
0 0.8240489130434783 0.516983695652174 0.042119565217391304 0.03872282608695652
0 0.8199728260869565 0.5054347826086957 0.029211956521739132 0.029211956521739132
0 0.891983695652174 0.532608695652174 0.04551630434782609 0.04483695652173913
0 0.8600543478260869 0.5108695652173914 0.028532608695652172 0.028532608695652172
0 0.938858695652174 0.5224184782608695 0.03125 0.03736413043478261
0 0.9565217391304348 0.515625 0.024456521739130436 0.027853260869565216
0 0.9660326086956522 0.5665760869565217 0.06793478260869565 0.08152173913043478
0 0.8009510869565217 0.59375 0.08559782608695653 0.06997282608695653
0 0.281929347826087 0.49592391304347827 0.025815217391304348 0.02377717391304348
0 0.007472826086956522 0.5067934782608695 0.014945652173913044 0.04619565217391304
0 0.24320652173913043 0.610733695652174 0.08288043478260869 0.0625
0 0.15964673913043478 0.5774456521739131 0.06929347826086957 0.052309782608695655
0 0.12160326086956522 0.5461956521739131 0.04755434782608696 0.036005434782608696
0 0.10529891304347826 0.5380434782608695 0.04483695652173913 0.03328804347826087
0 0.058423913043478264 0.499320652173913 0.029211956521739132 0.022418478260869564
0 0.004755434782608696 0.49660326086956524 0.009510869565217392 0.050271739130434784
0 0.7975543478260869 0.6813858695652174 0.12024456521739131 0.08967391304347826
0 0.6154891304347826 0.563858695652174 0.06861413043478261 0.051630434782608696
0 0.1480978260869565 0.5033967391304348 0.03260869565217391 0.024456521739130436
0 0.8987771739130435 0.5088315217391305 0.02377717391304348 0.017663043478260868
0 0.891983695652174 0.49728260869565216 0.022418478260869564 0.016304347826086956
0 0.7785326086956522 0.5584239130434783 0.06521739130434782 0.04823369565217391
0 0.8722826086956522 0.5523097826086957 0.06521739130434782 0.04891304347826087
0 0.4266304347826087 0.6331521739130435 0.08967391304347826 0.06725543478260869
0 0.18478260869565216 0.5869565217391305 0.07201086956521739 0.05366847826086957