0 0.11548913043478261 0.6243206521739131 0.06657608695652174 0.06725543478260869
0 0.06182065217391304 0.6039402173913043 0.04076086956521739 0.036684782608695655
0 0.358695652173913 0.5400815217391305 0.012228260869565218 0.01154891304347826
0 0.4313858695652174 0.5346467391304348 0.009510869565217392 0.008831521739130434
0 0.17866847826086957 0.623641304347826 0.052309782608695655 0.05298913043478261
0 0.3919836956521739 0.641983695652174 0.07065217391304347 0.06317934782608696
0 0.4782608695652174 0.6154891304347826 0.044157608695652176 0.049592391304347824
0 0.5033967391304348 0.609375 0.043478260869565216 0.042798913043478264
0 0.5591032608695652 0.5754076086956522 0.01970108695652174 0.021059782608695652
0 0.546875 0.5747282608695652 0.020380434782608696 0.022418478260869564
0 0.8817934782608695 0.578125 0.033967391304347824 0.03260869565217391
0 0.8947010869565217 0.5625 0.022418478260869564 0.020380434782608696
0 0.8654891304347826 0.5563858695652174 0.012907608695652174 0.012228260869565218
0 0.8539402173913043 0.5720108695652174 0.016983695652173912 0.018342391304347828
0 0.8525815217391305 0.5597826086956522 0.015625 0.014266304347826086
0 0.7778532608695652 0.5597826086956522 0.021739130434782608 0.021739130434782608
0 0.7540760869565217 0.5604619565217391 0.018342391304347828 0.01970108695652174
0 0.9334239130434783 0.5720108695652174 0.025135869565217392 0.024456521739130436
0 0.9789402173913043 0.5679347826086957 0.03125 0.03192934782608696
0 0.9728260869565217 0.6154891304347826 0.036005434782608696 0.052309782608695655
0 0.9055706521739131 0.6270380434782609 0.050271739130434784 0.057744565217391304
0 0.8722826086956522 0.6304347826086957 0.06997282608695653 0.08016304347826086
0 0.7683423913043478 0.6542119565217391 0.09239130434782608 0.08831521739130435
0 0.7459239130434783 0.6025815217391305 0.049592391304347824 0.05298913043478261
0 0.004755434782608696 0.375679347826087 0.008831521739130434 0.01154891304347826
0 0.010190217391304348 0.3736413043478261 0.014945652173913044 0.010869565217391304
0 0.019021739130434784 0.3811141304347826 0.016304347826086956 0.012228260869565218
0 0.029211956521739132 0.3797554347826087 0.016304347826086956 0.01154891304347826
0 0.03736413043478261 0.3811141304347826 0.016304347826086956 0.012228260869565218
0 0.01358695652173913 0.33967391304347827 0.004076086956521739 0.0033967391304347825
0 0.06114130434782609 0.360054347826087 0.01154891304347826 0.008831521739130434
0 0.07336956521739131 0.34375 0.004076086956521739 0.0033967391304347825
0 0.09307065217391304 0.3641304347826087 0.008831521739130434 0.006114130434782609
0 0.09782608695652174 0.37092391304347827 0.006114130434782609 0.004076086956521739
0 0.10190217391304347 0.37771739130434784 0.007472826086956522 0.005434782608695652
0 0.11480978260869565 0.37907608695652173 0.008152173913043478 0.006114130434782609
0 0.13111413043478262 0.36345108695652173 0.008152173913043478 0.006114130434782609
0 0.14605978260869565 0.3688858695652174 0.008831521739130434 0.006793478260869565
0 0.10326086956521739 0.4157608695652174 0.016304347826086956 0.012228260869565218
0 0.09103260869565218 0.4014945652173913 0.007472826086956522 0.005434782608695652
0 0.07133152173913043 0.40421195652173914 0.014266304347826086 0.010869565217391304
0 0.050951086956521736 0.405570652173913 0.014945652173913044 0.01154891304347826
0 0.042119565217391304 0.39266304347826086 0.018342391304347828 0.014266304347826086
0 0.05638586956521739 0.38247282608695654 0.015625 0.01154891304347826
0 0.04755434782608696 0.3811141304347826 0.016304347826086956 0.012228260869565218
0 0.01970108695652174 0.41372282608695654 0.020380434782608696 0.015625
0 0.022418478260869564 0.42391304347826086 0.021739130434782608 0.016304347826086956
0 0.027853260869565216 0.43546195652173914 0.025135869565217392 0.019021739130434784
0 0.036684782608695655 0.4361413043478261 0.025135869565217392 0.019021739130434784
0 0.034646739130434784 0.44497282608695654 0.027853260869565216 0.021059782608695652
0 0.059103260869565216 0.44565217391304346 0.02717391304347826 0.020380434782608696
0 0.07608695652173914 0.453125 0.03260869565217391 0.024456521739130436
0 0.024456521739130436 0.452445652173913 0.029891304347826088 0.022418478260869564
0 0.008152173913043478 0.44972826086956524 0.016304347826086956 0.019021739130434784
0 0.008831521739130434 0.6182065217391305 0.016983695652173912 0.046875
0 0.09714673913043478 0.6025815217391305 0.050951086956521736 0.03804347826086957
0 0.15964673913043478 0.3648097826086957 0.008152173913043478 0.006114130434782609
0 0.16236413043478262 0.3811141304347826 0.0020380434782608695 0.001358695652173913
0 0.16304347826086957 0.39266304347826086 0.004076086956521739 0.0033967391304347825
0 0.1766304347826087 0.3851902173913043 0.004076086956521739 0.002717391304347826
0 0.1766304347826087 0.39945652173913043 0.008152173913043478 0.006114130434782609
0 0.16236413043478262 0.405570652173913 0.009510869565217392 0.006793478260869565
0 0.15217391304347827 0.39741847826086957 0.004755434782608696 0.0033967391304347825
0 0.13451086956521738 0.40217391304347827 0.009510869565217392 0.006793478260869565
0 0.13994565217391305 0.4171195652173913 0.010190217391304348 0.008152173913043478
0 0.09850543478260869 0.43342391304347827 0.022418478260869564 0.016983695652173912
0 0.11345108695652174 0.44565217391304346 0.028532608695652172 0.021059782608695652
0 0.1358695652173913 0.4470108695652174 0.02309782608695652 0.017663043478260868
0 0.19701086956521738 0.44429347826086957 0.01358695652173913 0.010190217391304348
0 0.21535326086956522 0.44429347826086957 0.01358695652173913 0.010190217391304348
0 0.21807065217391305 0.43478260869565216 0.01358695652173913 0.010190217391304348
0 0.21195652173913043 0.4157608695652174 0.01358695652173913 0.010869565217391304
0 0.20040760869565216 0.39945652173913043 0.008831521739130434 0.006793478260869565
0 0.21195652173913043 0.39945652173913043 0.008152173913043478 0.006793478260869565
0 0.2296195652173913 0.374320652173913 0.007472826086956522 0.006114130434782609
0 0.19157608695652173 0.3451086956521739 0.008152173913043478 0.006114130434782609
0 0.24864130434782608 0.3811141304347826 0.01358695652173913 0.010190217391304348
0 0.25679347826086957 0.3736413043478261 0.01358695652173913 0.010869565217391304
0 0.26358695652173914 0.34646739130434784 0.006793478260869565 0.004755434782608696
0 0.281929347826087 0.34782608695652173 0.01358695652173913 0.010190217391304348
0 0.2758152173913043 0.37907608695652173 0.014266304347826086 0.010190217391304348
0 0.2866847826086957 0.37703804347826086 0.01358695652173913 0.010190217391304348
0 0.2860054347826087 0.3919836956521739 0.01358695652173913 0.010190217391304348
0 0.2608695652173913 0.4001358695652174 0.01358695652173913 0.010190217391304348
0 0.27241847826086957 0.4014945652173913 0.01358695652173913 0.010190217391304348
0 0.24048913043478262 0.3967391304347826 0.01358695652173913 0.010190217391304348
0 0.296875 0.39877717391304346 0.01358695652173913 0.010190217391304348
0 0.296875 0.4076086956521739 0.01358695652173913 0.010869565217391304
0 0.3172554347826087 0.39877717391304346 0.01358695652173913 0.010190217391304348
0 0.33491847826086957 0.40421195652173914 0.014266304347826086 0.010190217391304348
0 0.3423913043478261 0.421875 0.01358695652173913 0.010190217391304348
0 0.3641304347826087 0.4110054347826087 0.01358695652173913 0.010190217391304348
0 0.3641304347826087 0.4008152173913043 0.01358695652173913 0.010190217391304348
0 0.36141304347826086 0.3919836956521739 0.014266304347826086 0.010190217391304348
0 0.36752717391304346 0.37228260869565216 0.01358695652173913 0.010190217391304348
0 0.37907608695652173 0.3858695652173913 0.010190217391304348 0.008152173913043478
0 0.38858695652173914 0.39741847826086957 0.010190217391304348 0.007472826086956522
0 0.39266304347826086 0.38179347826086957 0.010190217391304348 0.007472826086956522
0 0.4110054347826087 0.3491847826086957 0.010190217391304348 0.007472826086956522
0 0.39741847826086957 0.3688858695652174 0.010190217391304348 0.007472826086956522
0 0.4436141304347826 0.390625 0.010190217391304348 0.007472826086956522
0 0.452445652173913 0.39741847826086957 0.010190217391304348 0.007472826086956522
0 0.46195652173913043 0.39877717391304346 0.010190217391304348 0.007472826086956522
0 0.406929347826087 0.39470108695652173 0.010190217391304348 0.008152173913043478
0 0.44089673913043476 0.4164402173913043 0.010190217391304348 0.007472826086956522
0 0.4422554347826087 0.4320652173913043 0.010190217391304348 0.007472826086956522
0 0.4585597826086957 0.4110054347826087 0.010869565217391304 0.007472826086956522
0 0.46467391304347827 0.4232336956521739 0.010190217391304348 0.007472826086956522
0 0.47214673913043476 0.421875 0.010190217391304348 0.007472826086956522
0 0.4945652173913043 0.41372282608695654 0.010190217391304348 0.007472826086956522
0 0.47214673913043476 0.40421195652173914 0.010190217391304348 0.008152173913043478
0 0.5197010869565217 0.4375 0.010190217391304348 0.007472826086956522
0 0.49184782608695654 0.4361413043478261 0.010190217391304348 0.008152173913043478
0 0.4232336956521739 0.4388586956521739 0.010190217391304348 0.008152173913043478
0 0.46195652173913043 0.46195652173913043 0.010190217391304348 0.007472826086956522
0 0.48233695652173914 0.46059782608695654 0.010190217391304348 0.008152173913043478
0 0.49592391304347827 0.46059782608695654 0.010190217391304348 0.007472826086956522
0 0.28532608695652173 0.41983695652173914 0.01358695652173913 0.010190217391304348
0 0.2669836956521739 0.41847826086956524 0.01358695652173913 0.010190217391304348
0 0.23709239130434784 0.42595108695652173 0.01358695652173913 0.010869565217391304
0 0.25203804347826086 0.438179347826087 0.01358695652173913 0.010869565217391304
0 0.26766304347826086 0.4470108695652174 0.01358695652173913 0.010869565217391304
0 0.26766304347826086 0.45720108695652173 0.01358695652173913 0.010869565217391304
0 0.25747282608695654 0.44429347826086957 0.01358695652173913 0.010190217391304348
0 0.28804347826086957 0.44904891304347827 0.01358695652173913 0.010190217391304348
0 0.28532608695652173 0.4361413043478261 0.01358695652173913 0.010869565217391304
0 0.30027173913043476 0.438179347826087 0.01358695652173913 0.010190217391304348
0 0.30095108695652173 0.44565217391304346 0.01358695652173913 0.010190217391304348
0 0.30978260869565216 0.4375 0.01358695652173913 0.010190217391304348
0 0.3389945652173913 0.45652173913043476 0.01358695652173913 0.010190217391304348
0 0.344429347826087 0.44904891304347827 0.01358695652173913 0.010190217391304348
0 0.358695652173913 0.44904891304347827 0.01358695652173913 0.010190217391304348
0 0.38247282608695654 0.4273097826086957 0.010190217391304348 0.008152173913043478
0 0.5122282608695652 0.4232336956521739 0.010869565217391304 0.007472826086956522
0 0.49796195652173914 0.422554347826087 0.010190217391304348 0.007472826086956522
0 0.5373641304347826 0.43478260869565216 0.010190217391304348 0.007472826086956522
0 0.5475543478260869 0.4422554347826087 0.010190217391304348 0.007472826086956522
0 0.5461956521739131 0.4483695652173913 0.010190217391304348 0.008152173913043478
0 0.5631793478260869 0.45040760869565216 0.042119565217391304 0.03192934782608696
0 0.5686141304347826 0.45652173913043476 0.041440217391304345 0.03125
0 0.5808423913043478 0.453125 0.042119565217391304 0.03125
0 0.5339673913043478 0.4592391304347826 0.010190217391304348 0.007472826086956522
0 0.5203804347826086 0.4626358695652174 0.010190217391304348 0.007472826086956522
0 0.6358695652173914 0.4904891304347826 0.02717391304347826 0.020380434782608696
0 0.012907608695652174 0.5285326086956522 0.025815217391304348 0.026494565217391304
0 0.05366847826086957 0.529891304347826 0.03872282608695652 0.029211956521739132
0 0.1453804347826087 0.5387228260869565 0.036684782608695655 0.027853260869565216
0 0.20176630434782608 0.5339673913043478 0.06046195652173913 0.04551630434782609
0 0.2139945652173913 0.5339673913043478 0.06046195652173913 0.04551630434782609
0 0.23233695652173914 0.5346467391304348 0.01358695652173913 0.010190217391304348
0 0.25815217391304346 0.5339673913043478 0.005434782608695652 0.004076086956521739
0 0.28464673913043476 0.5353260869565217 0.002717391304347826 0.0020380434782608695
0 0.391304347826087 0.5360054347826086 0.010869565217391304 0.008152173913043478
0 0.4483695652173913 0.5319293478260869 0.008831521739130434 0.006793478260869565
0 0.44972826086956524 0.5407608695652174 0.010190217391304348 0.007472826086956522
0 0.485054347826087 0.5353260869565217 0.010869565217391304 0.008152173913043478
0 0.5054347826086957 0.546875 0.01358695652173913 0.010190217391304348
0 0.49728260869565216 0.5529891304347826 0.014266304347826086 0.010869565217391304
0 0.47690217391304346 0.5427989130434783 0.007472826086956522 0.005434782608695652
0 0.18546195652173914 0.5855978260869565 0.04619565217391304 0.034646739130434784
0 0.24660326086956522 0.6460597826086957 0.06997282608695653 0.052309782608695655
0 0.3063858695652174 0.6555706521739131 0.07269021739130435 0.05434782608695652
0 0.31453804347826086 0.6154891304347826 0.059103260869565216 0.044157608695652176
0 0.39470108695652173 0.5985054347826086 0.04823369565217391 0.036005434782608696
0 0.48097826086956524 0.6433423913043478 0.06657608695652174 0.050271739130434784
0 0.49592391304347827 0.579483695652174 0.03736413043478261 0.028532608695652172
0 0.5516304347826086 0.5971467391304348 0.04891304347826087 0.036684782608695655
0 0.5523097826086957 0.6182065217391305 0.057065217391304345 0.042798913043478264
0 0.5353260869565217 0.5692934782608695 0.030570652173913044 0.022418478260869564
0 0.546875 0.5631793478260869 0.025135869565217392 0.019021739130434784
0 0.4891304347826087 0.5645380434782609 0.02717391304347826 0.01970108695652174
0 0.4626358695652174 0.563858695652174 0.02717391304347826 0.020380434782608696
0 0.5910326086956522 0.4639945652173913 0.04076086956521739 0.030570652173913044
0 0.8158967391304348 0.5380434782608695 0.016983695652173912 0.012907608695652174
0 0.8403532608695652 0.5387228260869565 0.017663043478260868 0.01358695652173913
0 0.8573369565217391 0.5387228260869565 0.014945652173913044 0.01154891304347826
0 0.9171195652173914 0.5380434782608695 0.017663043478260868 0.012907608695652174
0 0.9476902173913043 0.5407608695652174 0.016304347826086956 0.012228260869565218
0 0.9429347826086957 0.5489130434782609 0.0033967391304347825 0.002717391304347826
0 0.9191576086956522 0.5563858695652174 0.009510869565217392 0.006793478260869565
0 0.9585597826086957 0.5815217391304348 0.035326086956521736 0.026494565217391304
0 0.9762228260869565 0.5801630434782609 0.034646739130434784 0.025815217391304348
0 0.9911684782608695 0.595108695652174 0.017663043478260868 0.035326086956521736
0 0.9184782608695652 0.608016304347826 0.05434782608695652 0.04076086956521739
0 0.78125 0.6148097826086957 0.06929347826086957 0.051630434782608696
0 0.765625 0.5869565217391305 0.046875 0.035326086956521736
0 0.35190217391304346 0.45720108695652173 0.01358695652173913 0.010190217391304348
0 0.1480978260869565 0.45516304347826086 0.012228260869565218 0.008831521739130434
0 0.13858695652173914 0.45652173913043476 0.012907608695652174 0.010190217391304348
0 0.12160326086956522 0.4578804347826087 0.03192934782608696 0.02377717391304348
0 0.10733695652173914 0.4544836956521739 0.03125 0.02309782608695652
0 0.12228260869565218 0.44565217391304346 0.028532608695652172 0.021059782608695652
0 0.10122282608695653 0.44157608695652173 0.025135869565217392 0.018342391304347828
0 0.43478260869565216 0.4422554347826087 0.010190217391304348 0.007472826086956522