0 0.9972826086956522 0.4517663043478261 0.005434782608695652 0.004076086956521739
0 0.9741847826086957 0.45720108695652173 0.008831521739130434 0.0033967391304347825
0 0.9741847826086957 0.49116847826086957 0.008831521739130434 0.004076086956521739
0 0.9510869565217391 0.4544836956521739 0.008831521739130434 0.004076086956521739
0 0.9334239130434783 0.45584239130434784 0.008831521739130434 0.004076086956521739
0 0.90625 0.4578804347826087 0.009510869565217392 0.004076086956521739
0 0.8464673913043478 0.47078804347826086 0.010190217391304348 0.004755434782608696
0 0.9884510869565217 0.5251358695652174 0.01154891304347826 0.004755434782608696
0 0.8525815217391305 0.5047554347826086 0.009510869565217392 0.004076086956521739
0 0.795516304347826 0.4741847826086957 0.010869565217391304 0.004076086956521739
0 0.7622282608695652 0.4592391304347826 0.010190217391304348 0.004076086956521739
0 0.7914402173913043 0.49320652173913043 0.010869565217391304 0.004755434782608696
0 0.6786684782608695 0.4741847826086957 0.009510869565217392 0.004076086956521739
0 0.6623641304347826 0.4741847826086957 0.010190217391304348 0.004076086956521739
0 0.6426630434782609 0.499320652173913 0.012228260869565218 0.005434782608695652
0 0.6073369565217391 0.49592391304347827 0.010869565217391304 0.004755434782608696
0 0.6365489130434783 0.5074728260869565 0.010869565217391304 0.004755434782608696
0 0.6202445652173914 0.5074728260869565 0.01154891304347826 0.004755434782608696
0 0.5876358695652174 0.49592391304347827 0.01154891304347826 0.005434782608695652
0 0.5720108695652174 0.49796195652173914 0.010190217391304348 0.004076086956521739
0 0.4898097826086957 0.483695652173913 0.010190217391304348 0.004076086956521739
0 0.34375 0.4830163043478261 0.010190217391304348 0.004076086956521739
0 0.38858695652173914 0.5027173913043478 0.01154891304347826 0.004755434782608696
0 0.46603260869565216 0.5135869565217391 0.01154891304347826 0.004755434782608696
0 0.30095108695652173 0.49252717391304346 0.010190217391304348 0.004755434782608696
0 0.27921195652173914 0.4938858695652174 0.010869565217391304 0.004076086956521739
0 0.2452445652173913 0.48165760869565216 0.008831521739130434 0.004076086956521739
0 0.20176630434782608 0.48641304347826086 0.010190217391304348 0.004076086956521739
0 0.1793478260869565 0.5006793478260869 0.010869565217391304 0.004755434782608696
0 0.16779891304347827 0.5088315217391305 0.010869565217391304 0.004076086956521739
0 0.07472826086956522 0.5067934782608695 0.009510869565217392 0.004076086956521739
0 0.11820652173913043 0.5190217391304348 0.012907608695652174 0.005434782608695652
0 0.14605978260869565 0.514266304347826 0.009510869565217392 0.004076086956521739
0 0.1487771739130435 0.5550271739130435 0.010869565217391304 0.004755434782608696
0 0.1297554347826087 0.5557065217391305 0.010190217391304348 0.004076086956521739
0 0.058423913043478264 0.5584239130434783 0.010190217391304348 0.004076086956521739
0 0.05570652173913043 0.5516304347826086 0.012228260869565218 0.004755434782608696
0 0.006793478260869565 0.5658967391304348 0.010869565217391304 0.004755434782608696
0 0.08084239130434782 0.5747282608695652 0.010869565217391304 0.004755434782608696
0 0.04619565217391304 0.5862771739130435 0.012228260869565218 0.004755434782608696
0 0.04755434782608696 0.5747282608695652 0.01154891304347826 0.005434782608695652
0 0.02377717391304348 0.5754076086956522 0.010869565217391304 0.004076086956521739
0 0.01154891304347826 0.5441576086956522 0.010869565217391304 0.004755434782608696
0 0.03192934782608696 0.5434782608695652 0.01154891304347826 0.004755434782608696
0 0.043478260869565216 0.5360054347826086 0.012228260869565218 0.004755434782608696
0 0.13926630434782608 0.5339673913043478 0.01154891304347826 0.004755434782608696
0 0.15557065217391305 0.5339673913043478 0.010869565217391304 0.004755434782608696
0 0.15760869565217392 0.5258152173913043 0.01154891304347826 0.004755434782608696
0 0.1297554347826087 0.5258152173913043 0.01154891304347826 0.004755434782608696
0 0.09035326086956522 0.5264945652173914 0.010869565217391304 0.004755434782608696
0 0.16779891304347827 0.5183423913043478 0.010869565217391304 0.004755434782608696
0 0.1922554347826087 0.5183423913043478 0.012228260869565218 0.005434782608695652
0 0.21807065217391305 0.5176630434782609 0.012228260869565218 0.004755434782608696
0 0.3267663043478261 0.5604619565217391 0.010869565217391304 0.004755434782608696
0 0.3736413043478261 0.546875 0.014266304347826086 0.006114130434782609
0 0.4164402173913043 0.546875 0.01358695652173913 0.005434782608695652
0 0.3641304347826087 0.5380434782608695 0.012228260869565218 0.004755434782608696
0 0.5502717391304348 0.5217391304347826 0.010190217391304348 0.004076086956521739
0 0.49796195652173914 0.5645380434782609 0.01358695652173913 0.005434782608695652
0 0.23369565217391305 0.5760869565217391 0.010869565217391304 0.004755434782608696
0 0.22826086956521738 0.5964673913043478 0.012228260869565218 0.004755434782608696
0 0.21195652173913043 0.5971467391304348 0.012228260869565218 0.004755434782608696
0 0.15896739130434784 0.5971467391304348 0.01154891304347826 0.004755434782608696
0 0.140625 0.608016304347826 0.012907608695652174 0.005434782608695652
0 0.07133152173913043 0.6005434782608695 0.01154891304347826 0.004755434782608696
0 0.04008152173913043 0.6012228260869565 0.010869565217391304 0.004755434782608696
0 0.12907608695652173 0.6141304347826086 0.014266304347826086 0.006114130434782609
0 0.1766304347826087 0.6046195652173914 0.01358695652173913 0.006114130434782609
0 0.20244565217391305 0.6039402173913043 0.01154891304347826 0.004755434782608696
0 0.2554347826086957 0.6019021739130435 0.01358695652173913 0.004755434782608696
0 0.23777173913043478 0.6086956521739131 0.014266304347826086 0.006114130434782609
0 0.17798913043478262 0.6216032608695652 0.01358695652173913 0.006114130434782609
0 0.09918478260869565 0.6283967391304348 0.01154891304347826 0.004755434782608696
0 0.029211956521739132 0.6283967391304348 0.014266304347826086 0.006114130434782609
0 0.043478260869565216 0.639266304347826 0.01154891304347826 0.004755434782608696
0 0.09307065217391304 0.6467391304347826 0.01358695652173913 0.005434782608695652
0 0.02717391304347826 0.6542119565217391 0.01358695652173913 0.005434782608695652
0 0.012228260869565218 0.6623641304347826 0.01154891304347826 0.004755434782608696
0 0.21807065217391305 0.6460597826086957 0.012907608695652174 0.005434782608695652
0 0.24932065217391305 0.6494565217391305 0.014266304347826086 0.005434782608695652
0 0.19972826086956522 0.6664402173913043 0.01358695652173913 0.005434782608695652
0 0.22078804347826086 0.6644021739130435 0.014266304347826086 0.006114130434782609
0 0.24728260869565216 0.6664402173913043 0.01358695652173913 0.005434782608695652
0 0.26834239130434784 0.6650815217391305 0.014266304347826086 0.006114130434782609
0 0.2717391304347826 0.6820652173913043 0.014945652173913044 0.006793478260869565
0 0.25407608695652173 0.6827445652173914 0.014266304347826086 0.005434782608695652
0 0.23845108695652173 0.6841032608695652 0.015625 0.006114130434782609
0 0.20991847826086957 0.6834239130434783 0.016304347826086956 0.006793478260869565
0 0.19429347826086957 0.6949728260869565 0.016983695652173912 0.006793478260869565
0 0.09986413043478261 0.6671195652173914 0.01358695652173913 0.005434782608695652
0 0.12092391304347826 0.6677989130434783 0.012907608695652174 0.005434782608695652
0 0.1324728260869565 0.6745923913043478 0.014945652173913044 0.006114130434782609
0 0.11005434782608696 0.6759510869565217 0.01358695652173913 0.006114130434782609
0 0.08355978260869565 0.6786684782608695 0.014266304347826086 0.006114130434782609
0 0.02717391304347826 0.6786684782608695 0.014266304347826086 0.006114130434782609
0 0.009510869565217392 0.6868206521739131 0.015625 0.006793478260869565
0 0.058423913043478264 0.6868206521739131 0.014945652173913044 0.006114130434782609
0 0.08220108695652174 0.6868206521739131 0.014266304347826086 0.006114130434782609
0 0.11277173913043478 0.6854619565217391 0.017663043478260868 0.007472826086956522
0 0.17119565217391305 0.7533967391304348 0.012907608695652174 0.005434782608695652
0 0.20855978260869565 0.7595108695652174 0.01358695652173913 0.006114130434782609
0 0.17595108695652173 0.7622282608695652 0.012907608695652174 0.005434782608695652
0 0.13451086956521738 0.7615489130434783 0.01358695652173913 0.006114130434782609
0 0.04076086956521739 0.7567934782608695 0.01154891304347826 0.004755434782608696
0 0.025135869565217392 0.7635869565217391 0.012907608695652174 0.005434782608695652
0 0.08763586956521739 0.7690217391304348 0.015625 0.006793478260869565
0 0.12432065217391304 0.7676630434782609 0.014266304347826086 0.006114130434782609
0 0.13179347826086957 0.779891304347826 0.014266304347826086 0.006114130434782609
0 0.15013586956521738 0.78125 0.012907608695652174 0.005434782608695652
0 0.2601902173913043 0.7615489130434783 0.014266304347826086 0.005434782608695652
0 0.25679347826086957 0.7690217391304348 0.01358695652173913 0.005434782608695652
0 0.23777173913043478 0.7697010869565217 0.014945652173913044 0.006114130434782609
0 0.23845108695652173 0.7792119565217391 0.014266304347826086 0.005434782608695652
0 0.21467391304347827 0.7866847826086957 0.014945652173913044 0.006114130434782609
0 0.19021739130434784 0.7866847826086957 0.014945652173913044 0.006793478260869565
0 0.14673913043478262 0.7961956521739131 0.015625 0.006793478260869565
0 0.20991847826086957 0.8063858695652174 0.016304347826086956 0.006793478260869565
0 0.19089673913043478 0.8104619565217391 0.01358695652173913 0.005434782608695652
0 0.17323369565217392 0.8063858695652174 0.014945652173913044 0.006114130434782609
0 0.19972826086956522 0.8158967391304348 0.015625 0.006114130434782609
0 0.17255434782608695 0.8240489130434783 0.014945652173913044 0.006114130434782609
0 0.07065217391304347 0.7961956521739131 0.014266304347826086 0.006114130434782609
0 0.041440217391304345 0.7975543478260869 0.014266304347826086 0.006114130434782609
0 0.014266304347826086 0.7934782608695652 0.014266304347826086 0.006114130434782609
0 0.004755434782608696 0.7989130434782609 0.008831521739130434 0.006793478260869565
0 0.04755434782608696 0.8077445652173914 0.01358695652173913 0.005434782608695652
0 0.019021739130434784 0.813858695652174 0.015625 0.006793478260869565
0 0.06521739130434782 0.8077445652173914 0.012907608695652174 0.004755434782608696
0 0.20244565217391305 0.8383152173913043 0.016304347826086956 0.006793478260869565
0 0.17119565217391305 0.8369565217391305 0.014266304347826086 0.006114130434782609
0 0.15625 0.8389945652173914 0.014945652173913044 0.005434782608695652
0 0.12703804347826086 0.8355978260869565 0.014266304347826086 0.006793478260869565
0 0.09442934782608696 0.8362771739130435 0.014945652173913044 0.006114130434782609
0 0.14605978260869565 0.8539402173913043 0.016983695652173912 0.006793478260869565
0 0.16779891304347827 0.8552989130434783 0.016983695652173912 0.006793478260869565
0 0.25747282608695654 0.8539402173913043 0.016304347826086956 0.007472826086956522
0 0.5489130434782609 0.9273097826086957 0.017663043478260868 0.010869565217391304
0 0.6413043478260869 0.8729619565217391 0.015625 0.006793478260869565
0 0.6759510869565217 0.8716032608695652 0.01970108695652174 0.008152173913043478
0 0.9707880434782609 0.8865489130434783 0.020380434782608696 0.008152173913043478
0 0.9429347826086957 0.8865489130434783 0.016983695652173912 0.007472826086956522
0 0.8940217391304348 0.8831521739130435 0.017663043478260868 0.008152173913043478
0 0.8729619565217391 0.8994565217391305 0.017663043478260868 0.007472826086956522
0 0.7921195652173914 0.8641304347826086 0.016983695652173912 0.007472826086956522
0 0.343070652173913 0.8661684782608695 0.016983695652173912 0.007472826086956522
0 0.344429347826087 0.8824728260869565 0.01970108695652174 0.007472826086956522
0 0.297554347826087 0.8491847826086957 0.017663043478260868 0.007472826086956522
0 0.23233695652173914 0.8165760869565217 0.015625 0.006793478260869565
0 0.250679347826087 0.8077445652173914 0.015625 0.006793478260869565
0 0.27717391304347827 0.8057065217391305 0.015625 0.006793478260869565
0 0.38315217391304346 0.8559782608695652 0.019021739130434784 0.008152173913043478
0 0.35122282608695654 0.8532608695652174 0.016304347826086956 0.007472826086956522
0 0.35122282608695654 0.8410326086956522 0.014266304347826086 0.006793478260869565
0 0.327445652173913 0.8389945652173914 0.01358695652173913 0.006114130434782609
0 0.389945652173913 0.842391304347826 0.016304347826086956 0.006793478260869565
0 0.38179347826086957 0.8335597826086957 0.015625 0.006793478260869565
0 0.3172554347826087 0.826766304347826 0.015625 0.006793478260869565
0 0.3641304347826087 0.8172554347826086 0.014266304347826086 0.006114130434782609
0 0.33491847826086957 0.8186141304347826 0.014945652173913044 0.006114130434782609
0 0.328804347826087 0.8077445652173914 0.014266304347826086 0.006114130434782609
0 0.358695652173913 0.8063858695652174 0.015625 0.006114130434782609
0 0.39334239130434784 0.8145380434782609 0.014945652173913044 0.006114130434782609
0 0.39470108695652173 0.8063858695652174 0.016304347826086956 0.006793478260869565
0 0.31046195652173914 0.8091032608695652 0.015625 0.006793478260869565
0 0.422554347826087 0.8158967391304348 0.015625 0.006793478260869565
0 0.4123641304347826 0.7989130434782609 0.01358695652173913 0.006114130434782609
0 0.44633152173913043 0.8002717391304348 0.01358695652173913 0.005434782608695652
0 0.41032608695652173 0.8349184782608695 0.014945652173913044 0.006793478260869565
0 0.4436141304347826 0.8349184782608695 0.012907608695652174 0.006114130434782609
0 0.42459239130434784 0.8478260869565217 0.014945652173913044 0.006793478260869565
0 0.452445652173913 0.8478260869565217 0.014266304347826086 0.006793478260869565
0 0.4701086956521739 0.7961956521739131 0.01358695652173913 0.006114130434782609
0 0.4952445652173913 0.7948369565217391 0.014266304347826086 0.006114130434782609
0 0.5285326086956522 0.7961956521739131 0.012907608695652174 0.006114130434782609
0 0.5101902173913043 0.8063858695652174 0.014945652173913044 0.006114130434782609
0 0.49252717391304346 0.8152173913043478 0.014266304347826086 0.006114130434782609
0 0.49592391304347827 0.826766304347826 0.014945652173913044 0.006114130434782609
0 0.453125 0.8254076086956522 0.014266304347826086 0.006114130434782609
0 0.5088315217391305 0.8362771739130435 0.015625 0.006793478260869565
0 0.5400815217391305 0.8464673913043478 0.015625 0.006793478260869565
0 0.5604619565217391 0.8464673913043478 0.016304347826086956 0.006793478260869565
0 0.592391304347826 0.8050271739130435 0.015625 0.006793478260869565
0 0.6229619565217391 0.8016304347826086 0.01358695652173913 0.006114130434782609
0 0.6501358695652174 0.8043478260869565 0.016304347826086956 0.007472826086956522
0 0.6664402173913043 0.8131793478260869 0.016304347826086956 0.007472826086956522
0 0.6467391304347826 0.8260869565217391 0.015625 0.006793478260869565
0 0.6114130434782609 0.8254076086956522 0.015625 0.006793478260869565
0 0.5957880434782609 0.8369565217391305 0.014945652173913044 0.006793478260869565
0 0.6650815217391305 0.8376358695652174 0.014266304347826086 0.006114130434782609
0 0.6997282608695652 0.8355978260869565 0.017663043478260868 0.007472826086956522
0 0.7065217391304348 0.826766304347826 0.015625 0.006793478260869565
0 0.6311141304347826 0.8525815217391305 0.017663043478260868 0.007472826086956522
0 0.6114130434782609 0.8485054347826086 0.016983695652173912 0.007472826086956522
0 0.8029891304347826 0.8362771739130435 0.016983695652173912 0.007472826086956522
0 0.859375 0.7948369565217391 0.016304347826086956 0.006793478260869565
0 0.7819293478260869 0.8036684782608695 0.016983695652173912 0.007472826086956522
0 0.954483695652174 0.8036684782608695 0.016304347826086956 0.006793478260869565
0 0.9422554347826086 0.8288043478260869 0.017663043478260868 0.006793478260869565
0 0.9864130434782609 0.826766304347826 0.014266304347826086 0.006114130434782609
0 0.9966032608695652 0.8376358695652174 0.006793478260869565 0.006793478260869565
0 0.9116847826086957 0.5672554347826086 0.012907608695652174 0.005434782608695652
0 0.8987771739130435 0.5754076086956522 0.012907608695652174 0.005434782608695652
0 0.8532608695652174 0.5679347826086957 0.012228260869565218 0.004755434782608696
0 0.8668478260869565 0.5529891304347826 0.01154891304347826 0.004755434782608696
0 0.8573369565217391 0.5183423913043478 0.010869565217391304 0.004076086956521739
0 0.8158967391304348 0.5692934782608695 0.012228260869565218 0.004755434782608696
0 0.7839673913043478 0.5713315217391305 0.010869565217391304 0.004755434782608696
0 0.7683423913043478 0.5726902173913043 0.009510869565217392 0.004076086956521739
0 0.8342391304347826 0.5855978260869565 0.01358695652173913 0.006114130434782609
0 0.5978260869565217 0.5910326086956522 0.012228260869565218 0.004755434782608696
0 0.5822010869565217 0.5842391304347826 0.012228260869565218 0.004755434782608696
0 0.5597826086956522 0.5849184782608695 0.010869565217391304 0.004755434782608696
0 0.5475543478260869 0.6039402173913043 0.010190217391304348 0.004755434782608696
0 0.5305706521739131 0.6025815217391305 0.014266304347826086 0.005434782608695652
0 0.5373641304347826 0.610733695652174 0.012907608695652174 0.005434782608695652
0 0.2703804347826087 0.5842391304347826 0.01154891304347826 0.004755434782608696
0 0.26222826086956524 0.578125 0.009510869565217392 0.004076086956521739
0 0.30978260869565216 0.5760869565217391 0.01358695652173913 0.005434782608695652
0 0.33627717391304346 0.6005434782608695 0.012228260869565218 0.005434782608695652
0 0.37092391304347827 0.6161684782608695 0.012228260869565218 0.004755434782608696
0 0.34646739130434784 0.6202445652173914 0.010869565217391304 0.004755434782608696
0 0.28872282608695654 0.6372282608695652 0.014266304347826086 0.006114130434782609
0 0.39741847826086957 0.6793478260869565 0.015625 0.006793478260869565
0 0.37092391304347827 0.6827445652173914 0.014945652173913044 0.006114130434782609
0 0.33491847826086957 0.6834239130434783 0.014945652173913044 0.007472826086956522
0 0.30570652173913043 0.6834239130434783 0.015625 0.006114130434782609
0 0.296195652173913 0.673233695652174 0.01358695652173913 0.006114130434782609
0 0.33220108695652173 0.671875 0.015625 0.006793478260869565
0 0.37228260869565216 0.654891304347826 0.01358695652173913 0.006114130434782609
0 0.34103260869565216 0.6555706521739131 0.014266304347826086 0.006793478260869565
0 0.3179347826086957 0.6542119565217391 0.01358695652173913 0.006114130434782609
0 0.29483695652173914 0.6535326086956522 0.015625 0.006793478260869565
0 0.31046195652173914 0.6467391304347826 0.014266304347826086 0.006114130434782609
0 0.2601902173913043 0.7866847826086957 0.015625 0.006114130434782609
0 0.33084239130434784 0.7581521739130435 0.016304347826086956 0.006793478260869565
0 0.2764945652173913 0.7690217391304348 0.014266304347826086 0.006114130434782609
0 0.31046195652173914 0.7683423913043478 0.01358695652173913 0.005434782608695652
0 0.33967391304347827 0.7683423913043478 0.014945652173913044 0.006114130434782609
0 0.3648097826086957 0.7676630434782609 0.014266304347826086 0.006114130434782609
0 0.2764945652173913 0.795516304347826 0.015625 0.006793478260869565
0 0.44904891304347827 0.6800271739130435 0.015625 0.006793478260869565
0 0.47622282608695654 0.6800271739130435 0.015625 0.006793478260869565
0 0.37296195652173914 0.7989130434782609 0.01358695652173913 0.006114130434782609
0 0.40217391304347827 0.7880434782608695 0.014945652173913044 0.006793478260869565
0 0.4171195652173913 0.7588315217391305 0.014945652173913044 0.006114130434782609
0 0.4422554347826087 0.7588315217391305 0.012228260869565218 0.005434782608695652
0 0.44021739130434784 0.7690217391304348 0.01358695652173913 0.005434782608695652
0 0.468070652173913 0.7629076086956522 0.014266304347826086 0.006114130434782609
0 0.49728260869565216 0.766983695652174 0.015625 0.006793478260869565
0 0.5115489130434783 0.7506793478260869 0.012907608695652174 0.005434782608695652
0 0.532608695652174 0.7493206521739131 0.01358695652173913 0.005434782608695652
0 0.5597826086956522 0.7493206521739131 0.012907608695652174 0.005434782608695652
0 0.5978260869565217 0.7567934782608695 0.014945652173913044 0.006114130434782609
0 0.5631793478260869 0.7567934782608695 0.012228260869565218 0.005434782608695652
0 0.546875 0.7581521739130435 0.01358695652173913 0.006114130434782609
0 0.5095108695652174 0.7574728260869565 0.012228260869565218 0.005434782608695652
0 0.6120923913043478 0.7663043478260869 0.014945652173913044 0.006793478260869565
0 0.5910326086956522 0.765625 0.01358695652173913 0.005434782608695652
0 0.48233695652173914 0.7873641304347826 0.01358695652173913 0.005434782608695652
0 0.6759510869565217 0.7948369565217391 0.014945652173913044 0.006114130434782609
0 0.6487771739130435 0.7934782608695652 0.014266304347826086 0.006114130434782609
0 0.734375 0.7866847826086957 0.017663043478260868 0.007472826086956522
0 0.7126358695652174 0.782608695652174 0.016304347826086956 0.007472826086956522
0 0.7228260869565217 0.766983695652174 0.015625 0.006793478260869565
0 0.7771739130434783 0.7778532608695652 0.014266304347826086 0.006114130434782609
0 0.7622282608695652 0.7561141304347826 0.014266304347826086 0.006114130434782609
0 0.7004076086956522 0.748641304347826 0.014266304347826086 0.006793478260869565
0 0.6582880434782609 0.7574728260869565 0.014266304347826086 0.005434782608695652
0 0.7948369565217391 0.7533967391304348 0.01358695652173913 0.006114130434782609
0 0.8152173913043478 0.7635869565217391 0.014266304347826086 0.006114130434782609
0 0.8152173913043478 0.782608695652174 0.015625 0.006793478260869565
0 0.7921195652173914 0.7941576086956522 0.017663043478260868 0.008152173913043478
0 0.8308423913043478 0.7907608695652174 0.014945652173913044 0.006114130434782609
0 0.9171195652173914 0.7730978260869565 0.015625 0.007472826086956522
0 0.970108695652174 0.7635869565217391 0.014266304347826086 0.005434782608695652
0 0.9952445652173914 0.7948369565217391 0.009510869565217392 0.006793478260869565
0 0.9979619565217391 0.5896739130434783 0.004076086956521739 0.006114130434782609
0 0.9721467391304348 0.5896739130434783 0.01358695652173913 0.005434782608695652
0 0.9823369565217391 0.6052989130434783 0.014266304347826086 0.006114130434782609
0 0.9334239130434783 0.592391304347826 0.012228260869565218 0.005434782608695652
0 0.4123641304347826 0.6698369565217391 0.01358695652173913 0.006114130434782609
0 0.42527173913043476 0.6691576086956522 0.012228260869565218 0.005434782608695652
0 0.45720108695652173 0.6691576086956522 0.015625 0.006114130434782609
0 0.48777173913043476 0.6671195652173914 0.015625 0.006114130434782609
0 0.5461956521739131 0.6671195652173914 0.014266304347826086 0.006114130434782609
0 0.484375 0.6569293478260869 0.01358695652173913 0.006114130434782609
0 0.41847826086956524 0.6447010869565217 0.01154891304347826 0.004755434782608696
0 0.5448369565217391 0.6222826086956522 0.01358695652173913 0.006114130434782609
0 0.45652173913043476 0.6134510869565217 0.01154891304347826 0.004755434782608696
0 0.44021739130434784 0.6148097826086957 0.010869565217391304 0.004755434782608696
0 0.422554347826087 0.6148097826086957 0.01154891304347826 0.004755434782608696
0 0.4320652173913043 0.608016304347826 0.012228260869565218 0.005434782608695652
0 0.45720108695652173 0.6046195652173914 0.012228260869565218 0.005434782608695652
0 0.4476902173913043 0.5964673913043478 0.012228260869565218 0.005434782608695652
0 0.4279891304347826 0.5957880434782609 0.01154891304347826 0.004755434782608696
0 0.6351902173913043 0.6073369565217391 0.01154891304347826 0.004755434782608696
0 0.6508152173913043 0.6134510869565217 0.012907608695652174 0.005434782608695652
0 0.6514945652173914 0.6372282608695652 0.012228260869565218 0.005434782608695652
0 0.688858695652174 0.608016304347826 0.010190217391304348 0.004076086956521739
0 0.6195652173913043 0.657608695652174 0.014945652173913044 0.006114130434782609
0 0.6317934782608695 0.6650815217391305 0.014945652173913044 0.006793478260869565
0 0.7676630434782609 0.6603260869565217 0.015625 0.006793478260869565
0 0.7466032608695652 0.6610054347826086 0.016304347826086956 0.006793478260869565
0 0.7099184782608695 0.6630434782608695 0.015625 0.006793478260869565
0 0.6915760869565217 0.6644021739130435 0.015625 0.006114130434782609
0 0.6664402173913043 0.65625 0.016304347826086956 0.006793478260869565
0 0.7085597826086957 0.6555706521739131 0.015625 0.006793478260869565
0 0.733016304347826 0.6535326086956522 0.015625 0.006793478260869565
0 0.6677989130434783 0.6467391304347826 0.014266304347826086 0.006114130434782609
0 0.6997282608695652 0.6480978260869565 0.012228260869565218 0.004755434782608696
0 0.7180706521739131 0.6474184782608695 0.014266304347826086 0.006114130434782609
0 0.7493206521739131 0.6447010869565217 0.012907608695652174 0.006114130434782609
0 0.7792119565217391 0.6440217391304348 0.01358695652173913 0.006114130434782609
0 0.8322010869565217 0.6426630434782609 0.014945652173913044 0.005434782608695652
0 0.8573369565217391 0.6413043478260869 0.016304347826086956 0.006793478260869565
0 0.7167119565217391 0.6066576086956522 0.01154891304347826 0.004755434782608696
0 0.7445652173913043 0.6039402173913043 0.012228260869565218 0.005434782608695652
0 0.7860054347826086 0.6032608695652174 0.01154891304347826 0.004755434782608696
0 0.7622282608695652 0.609375 0.01358695652173913 0.006114130434782609
0 0.7350543478260869 0.6161684782608695 0.01358695652173913 0.005434782608695652
0 0.7853260869565217 0.6270380434782609 0.01154891304347826 0.005434782608695652
0 0.8016304347826086 0.625 0.012228260869565218 0.006114130434782609
0 0.7948369565217391 0.6345108695652174 0.01358695652173913 0.006114130434782609
0 0.7588315217391305 0.6358695652173914 0.012907608695652174 0.005434782608695652
0 0.8172554347826086 0.6345108695652174 0.014266304347826086 0.006114130434782609
0 0.9021739130434783 0.6256793478260869 0.01358695652173913 0.005434782608695652
0 0.9307065217391305 0.6222826086956522 0.014266304347826086 0.006114130434782609
0 0.9402173913043478 0.6141304347826086 0.01358695652173913 0.005434782608695652
0 0.889266304347826 0.6141304347826086 0.012907608695652174 0.005434782608695652
0 0.8729619565217391 0.609375 0.014266304347826086 0.006114130434782609
0 0.8349184782608695 0.608016304347826 0.014266304347826086 0.006114130434782609
0 0.9211956521739131 0.5991847826086957 0.012228260869565218 0.005434782608695652
0 0.8797554347826086 0.6012228260869565 0.01358695652173913 0.006114130434782609
0 0.8967391304347826 0.6019021739130435 0.012228260869565218 0.004755434782608696
0 0.923233695652174 0.6052989130434783 0.012228260869565218 0.005434782608695652
0 0.9476902173913043 0.6046195652173914 0.014266304347826086 0.006114130434782609
0 0.8247282608695652 0.6019021739130435 0.01358695652173913 0.005434782608695652
0 0.029211956521739132 0.4904891304347826 0.010190217391304348 0.0033967391304347825
0 0.9911684782608695 0.44565217391304346 0.008831521739130434 0.002717391304347826
0 0.9925271739130435 0.47690217391304346 0.012228260869565218 0.004076086956521739
0 0.9884510869565217 0.49252717391304346 0.012228260869565218 0.004076086956521739
0 0.9266304347826086 0.4633152173913043 0.010869565217391304 0.0033967391304347825
0 0.8675271739130435 0.4701086956521739 0.010869565217391304 0.004076086956521739
0 0.9286684782608695 0.5163043478260869 0.01154891304347826 0.004076086956521739
0 0.907608695652174 0.5006793478260869 0.012228260869565218 0.004076086956521739
0 0.8987771739130435 0.5020380434782609 0.01154891304347826 0.004076086956521739
0 0.8342391304347826 0.5047554347826086 0.01154891304347826 0.004076086956521739
0 0.8125 0.4741847826086957 0.010869565217391304 0.0033967391304347825
0 0.766983695652174 0.47622282608695654 0.01154891304347826 0.004076086956521739
0 0.7506793478260869 0.4735054347826087 0.01154891304347826 0.004076086956521739
0 0.7377717391304348 0.47214673913043476 0.010869565217391304 0.004076086956521739
0 0.7411684782608695 0.45991847826086957 0.010869565217391304 0.0033967391304347825
0 0.7710597826086957 0.49592391304347827 0.01154891304347826 0.0033967391304347825
0 0.7350543478260869 0.48233695652173914 0.012228260869565218 0.004076086956521739
0 0.7105978260869565 0.47078804347826086 0.01154891304347826 0.0033967391304347825
0 0.6460597826086957 0.47622282608695654 0.010869565217391304 0.0033967391304347825
0 0.6698369565217391 0.49252717391304346 0.012228260869565218 0.004076086956521739
0 0.6514945652173914 0.49320652173913043 0.012228260869565218 0.004076086956521739
0 0.6616847826086957 0.499320652173913 0.012228260869565218 0.004076086956521739
0 0.6304347826086957 0.4938858695652174 0.012228260869565218 0.004076086956521739
0 0.6514945652173914 0.5088315217391305 0.012907608695652174 0.004076086956521739
0 0.4171195652173913 0.484375 0.01154891304347826 0.004076086956521739
0 0.35054347826086957 0.4904891304347826 0.01154891304347826 0.004076086956521739
0 0.41304347826086957 0.5033967391304348 0.012228260869565218 0.004076086956521739
0 0.27921195652173914 0.5135869565217391 0.012907608695652174 0.004076086956521739
0 0.3063858695652174 0.5135869565217391 0.012228260869565218 0.004076086956521739
0 0.19769021739130435 0.5047554347826086 0.012228260869565218 0.004076086956521739
0 0.20720108695652173 0.5088315217391305 0.012228260869565218 0.004076086956521739
0 0.05434782608695652 0.4938858695652174 0.010869565217391304 0.0033967391304347825
0 0.05366847826086957 0.5061141304347826 0.01154891304347826 0.0033967391304347825
0 0.14673913043478262 0.5033967391304348 0.012228260869565218 0.004076086956521739
0 0.10190217391304347 0.5040760869565217 0.01154891304347826 0.004076086956521739
0 0.12567934782608695 0.5047554347826086 0.01154891304347826 0.004076086956521739
0 0.23709239130434784 0.545516304347826 0.012228260869565218 0.004076086956521739
0 0.21671195652173914 0.5475543478260869 0.012228260869565218 0.004076086956521739
0 0.1875 0.5523097826086957 0.012228260869565218 0.004076086956521739
0 0.09442934782608696 0.5577445652173914 0.012228260869565218 0.004076086956521739
0 0.07744565217391304 0.5584239130434783 0.012228260869565218 0.004076086956521739
0 0.002717391304347826 0.5604619565217391 0.005434782608695652 0.004076086956521739
0 0.08899456521739131 0.5733695652173914 0.012228260869565218 0.004076086956521739
0 0.06317934782608696 0.5828804347826086 0.012228260869565218 0.004076086956521739
0 0.007472826086956522 0.5353260869565217 0.012228260869565218 0.004076086956521739
0 0.06317934782608696 0.5339673913043478 0.012907608695652174 0.004076086956521739
0 0.057065217391304345 0.5366847826086957 0.012228260869565218 0.004076086956521739
0 0.11548913043478261 0.5380434782608695 0.012228260869565218 0.004076086956521739
0 0.17866847826086957 0.5258152173913043 0.012228260869565218 0.004076086956521739
0 0.009510869565217392 0.5230978260869565 0.012228260869565218 0.004076086956521739
0 0.13519021739130435 0.5203804347826086 0.012228260869565218 0.004076086956521739
0 0.34103260869565216 0.5625 0.014266304347826086 0.004755434782608696
0 0.37907608695652173 0.5523097826086957 0.014266304347826086 0.004755434782608696
0 0.3960597826086957 0.5475543478260869 0.014266304347826086 0.004755434782608696
0 0.43478260869565216 0.5475543478260869 0.01358695652173913 0.004755434782608696
0 0.34578804347826086 0.5380434782608695 0.014266304347826086 0.004755434782608696
0 0.46195652173913043 0.545516304347826 0.014266304347826086 0.004755434782608696
0 0.4904891304347826 0.5373641304347826 0.014266304347826086 0.004755434782608696
0 0.49592391304347827 0.5251358695652174 0.01358695652173913 0.004755434782608696
0 0.5210597826086957 0.5190217391304348 0.012228260869565218 0.004076086956521739
0 0.5319293478260869 0.5251358695652174 0.012907608695652174 0.004076086956521739
0 0.18410326086956522 0.5964673913043478 0.012907608695652174 0.004076086956521739
0 0.09714673913043478 0.5985054347826086 0.014266304347826086 0.004755434782608696
0 0.07608695652173914 0.6324728260869565 0.014266304347826086 0.004755434782608696
0 0.05366847826086957 0.6297554347826086 0.014266304347826086 0.004755434782608696
0 0.05638586956521739 0.6385869565217391 0.014266304347826086 0.004755434782608696
0 0.016304347826086956 0.6385869565217391 0.01358695652173913 0.004755434782608696
0 0.2262228260869565 0.6528532608695652 0.016304347826086956 0.005434782608695652
0 0.27241847826086957 0.6494565217391305 0.016304347826086956 0.005434782608695652
0 0.04823369565217391 0.6779891304347826 0.016304347826086956 0.005434782608695652
0 0.02377717391304348 0.6875 0.017663043478260868 0.006114130434782609
0 0.04755434782608696 0.6956521739130435 0.017663043478260868 0.006114130434782609
0 0.1800271739130435 0.6942934782608695 0.018342391304347828 0.006114130434782609
0 0.057744565217391304 0.7710597826086957 0.015625 0.005434782608695652
0 0.08899456521739131 0.798233695652174 0.015625 0.004755434782608696
0 0.042119565217391304 0.8566576086956522 0.018342391304347828 0.006114130434782609
0 0.057744565217391304 0.8552989130434783 0.018342391304347828 0.006114130434782609
0 0.026494565217391304 0.8675271739130435 0.018342391304347828 0.006114130434782609
0 0.22758152173913043 0.8682065217391305 0.020380434782608696 0.006793478260869565
0 0.6188858695652174 0.9307065217391305 0.02309782608695652 0.008152173913043478
0 0.9184782608695652 0.9375 0.021059782608695652 0.006793478260869565
0 0.938858695652174 0.8817934782608695 0.020380434782608696 0.006793478260869565
0 0.14673913043478262 0.8675271739130435 0.020380434782608696 0.006793478260869565
0 0.31521739130434784 0.8165760869565217 0.016983695652173912 0.005434782608695652
0 0.38654891304347827 0.8050271739130435 0.016983695652173912 0.005434782608695652
0 0.4626358695652174 0.8104619565217391 0.016304347826086956 0.005434782608695652
0 0.48029891304347827 0.8240489130434783 0.016304347826086956 0.005434782608695652
0 0.579483695652174 0.8403532608695652 0.018342391304347828 0.006114130434782609
0 0.8430706521739131 0.8084239130434783 0.018342391304347828 0.006114130434782609
0 0.7595108695652174 0.813858695652174 0.018342391304347828 0.006114130434782609
0 0.985733695652174 0.8043478260869565 0.016983695652173912 0.005434782608695652
0 0.9320652173913043 0.5665760869565217 0.014266304347826086 0.004755434782608696
0 0.8838315217391305 0.5706521739130435 0.01358695652173913 0.004755434782608696
0 0.8987771739130435 0.5523097826086957 0.01358695652173913 0.004076086956521739
0 0.8485054347826086 0.5529891304347826 0.012228260869565218 0.004076086956521739
0 0.7866847826086957 0.5224184782608695 0.012228260869565218 0.004076086956521739
0 0.7289402173913043 0.5339673913043478 0.012228260869565218 0.004076086956521739
0 0.751358695652174 0.5740489130434783 0.012907608695652174 0.004076086956521739
0 0.735733695652174 0.5740489130434783 0.012907608695652174 0.004076086956521739
0 0.6283967391304348 0.5523097826086957 0.012228260869565218 0.004076086956521739
0 0.7092391304347826 0.5760869565217391 0.012228260869565218 0.004076086956521739
0 0.8376358695652174 0.5536684782608695 0.012228260869565218 0.004076086956521739
0 0.8586956521739131 0.5849184782608695 0.014266304347826086 0.004755434782608696
0 0.7595108695652174 0.5726902173913043 0.012907608695652174 0.004076086956521739
0 0.6671195652173914 0.5788043478260869 0.012228260869565218 0.004076086956521739
0 0.6447010869565217 0.579483695652174 0.012228260869565218 0.004076086956521739
0 0.5740489130434783 0.5944293478260869 0.012907608695652174 0.004755434782608696
0 0.5509510869565217 0.610733695652174 0.014266304347826086 0.004755434782608696
0 0.26222826086956524 0.5808423913043478 0.012228260869565218 0.004076086956521739
0 0.25883152173913043 0.5733695652173914 0.012907608695652174 0.004076086956521739
0 0.27785326086956524 0.5740489130434783 0.012228260869565218 0.004076086956521739
0 0.27717391304347827 0.579483695652174 0.012907608695652174 0.004076086956521739
0 0.28532608695652173 0.5774456521739131 0.012228260869565218 0.004076086956521739
0 0.3077445652173913 0.6005434782608695 0.014266304347826086 0.004755434782608696
0 0.3172554347826087 0.6182065217391305 0.014266304347826086 0.004755434782608696
0 0.33627717391304346 0.6440217391304348 0.015625 0.005434782608695652
0 0.2710597826086957 0.7547554347826086 0.016304347826086956 0.005434782608695652
0 0.3077445652173913 0.7527173913043478 0.017663043478260868 0.006114130434782609
0 0.30570652173913043 0.7581521739130435 0.016983695652173912 0.006114130434782609
0 0.31521739130434784 0.7764945652173914 0.016983695652173912 0.005434782608695652
0 0.3077445652173913 0.795516304347826 0.016983695652173912 0.005434782608695652
0 0.46467391304347827 0.7676630434782609 0.015625 0.005434782608695652
0 0.5903532608695652 0.7479619565217391 0.014266304347826086 0.004755434782608696
0 0.6025815217391305 0.7472826086956522 0.014266304347826086 0.004755434782608696
0 0.6358695652173914 0.7663043478260869 0.016304347826086956 0.005434782608695652
0 0.7547554347826086 0.766983695652174 0.016983695652173912 0.005434782608695652
0 0.8186141304347826 0.7547554347826086 0.016304347826086956 0.005434782608695652
0 0.8716032608695652 0.782608695652174 0.017663043478260868 0.006114130434782609
0 0.889266304347826 0.7921195652173914 0.017663043478260868 0.006114130434782609
0 0.8573369565217391 0.7894021739130435 0.017663043478260868 0.006114130434782609
0 0.5720108695652174 0.688858695652174 0.017663043478260868 0.006114130434782609
0 0.5489130434782609 0.688858695652174 0.018342391304347828 0.006114130434782609
0 0.39877717391304346 0.6290760869565217 0.012907608695652174 0.004076086956521739
0 0.5339673913043478 0.6596467391304348 0.016304347826086956 0.005434782608695652
0 0.44565217391304346 0.6480978260869565 0.01358695652173913 0.004755434782608696
0 0.46875 0.6372282608695652 0.014266304347826086 0.004755434782608696
0 0.8362771739130435 0.65625 0.017663043478260868 0.006114130434782609
0 0.7975543478260869 0.6582880434782609 0.017663043478260868 0.006114130434782609
0 0.720108695652174 0.6616847826086957 0.017663043478260868 0.006114130434782609
0 0.6854619565217391 0.6610054347826086 0.017663043478260868 0.006114130434782609
0 0.6569293478260869 0.6555706521739131 0.016304347826086956 0.005434782608695652
0 0.8023097826086957 0.6447010869565217 0.016304347826086956 0.005434782608695652
0 0.7819293478260869 0.6086956521739131 0.014266304347826086 0.004755434782608696
0 0.7370923913043478 0.609375 0.01358695652173913 0.004755434782608696
0 0.764266304347826 0.6175271739130435 0.014266304347826086 0.004755434782608696
0 0.9144021739130435 0.6141304347826086 0.014945652173913044 0.004755434782608696
0 0.9633152173913043 0.5985054347826086 0.014945652173913044 0.004755434782608696
0 0.8457880434782609 0.5998641304347826 0.014945652173913044 0.004755434782608696