0 0.11820652173913043 0.7561141304347826 0.029891304347826088 0.018342391304347828
0 0.24116847826086957 0.7248641304347826 0.021739130434782608 0.017663043478260868
0 0.9273097826086957 0.6433423913043478 0.02309782608695652 0.014945652173913044
0 0.6630434782608695 0.6379076086956522 0.01358695652173913 0.01154891304347826
0 0.9014945652173914 0.5998641304347826 0.012907608695652174 0.010869565217391304
0 0.43478260869565216 0.6426630434782609 0.016983695652173912 0.01358695652173913
0 0.53125 0.5502717391304348 0.02309782608695652 0.012907608695652174
0 0.5706521739130435 0.5190217391304348 0.01970108695652174 0.012228260869565218
0 0.8899456521739131 0.49796195652173914 0.015625 0.010190217391304348
0 0.8804347826086957 0.47282608695652173 0.015625 0.010869565217391304
0 0.8817934782608695 0.4517663043478261 0.01358695652173913 0.012228260869565218
0 0.8797554347826086 0.43410326086956524 0.01358695652173913 0.012228260869565218
0 0.5448369565217391 0.4544836956521739 0.014945652173913044 0.012228260869565218
0 0.576766304347826 0.41779891304347827 0.01358695652173913 0.009510869565217392
0 0.8158967391304348 0.2873641304347826 0.008152173913043478 0.007472826086956522
0 0.7819293478260869 0.20380434782608695 0.009510869565217392 0.006793478260869565
0 0.004755434782608696 0.7493206521739131 0.009510869565217392 0.016304347826086956
0 0.33695652173913043 0.7241847826086957 0.024456521739130436 0.016304347826086956
0 0.43070652173913043 0.6664402173913043 0.022418478260869564 0.014945652173913044
0 0.45652173913043476 0.5978260869565217 0.020380434782608696 0.01358695652173913
0 0.5332880434782609 0.485054347826087 0.016983695652173912 0.010869565217391304
0 0.5400815217391305 0.47282608695652173 0.016304347826086956 0.010869565217391304
0 0.8682065217391305 0.5489130434782609 0.016983695652173912 0.01154891304347826
0 0.8960597826086957 0.5292119565217391 0.016983695652173912 0.010869565217391304
0 0.8620923913043478 0.4171195652173913 0.014266304347826086 0.009510869565217392
0 0.8688858695652174 0.40353260869565216 0.01358695652173913 0.009510869565217392
0 0.8654891304347826 0.38858695652173914 0.01358695652173913 0.008831521739130434
0 0.8586956521739131 0.37160326086956524 0.01358695652173913 0.008831521739130434
0 0.5672554347826086 0.44021739130434784 0.015625 0.010869565217391304
0 0.579483695652174 0.405570652173913 0.014945652173913044 0.009510869565217392
0 0.7961956521739131 0.23165760869565216 0.009510869565217392 0.006114130434782609
0 0.7853260869565217 0.22826086956521738 0.009510869565217392 0.006114130434782609
0 0.7649456521739131 0.22282608695652173 0.008831521739130434 0.006114130434782609
0 0.7561141304347826 0.22214673913043478 0.008831521739130434 0.006114130434782609
0 0.6487771739130435 0.3077445652173913 0.012228260869565218 0.007472826086956522
0 0.6209239130434783 0.2391304347826087 0.008831521739130434 0.006114130434782609
0 0.6270380434782609 0.23029891304347827 0.008831521739130434 0.005434782608695652
0 0.6358695652173914 0.234375 0.008831521739130434 0.005434782608695652
0 0.5672554347826086 0.2717391304347826 0.010190217391304348 0.006793478260869565
0 0.3451086956521739 0.2269021739130435 0.007472826086956522 0.005434782608695652
0 0.22554347826086957 0.22894021739130435 0.008831521739130434 0.006114130434782609
0 0.27921195652173914 0.22486413043478262 0.008831521739130434 0.006114130434782609
0 0.09510869565217392 0.2296195652173913 0.008152173913043478 0.005434782608695652
0 0.12567934782608695 0.2262228260869565 0.008152173913043478 0.005434782608695652
0 0.13383152173913043 0.22282608695652173 0.008152173913043478 0.005434782608695652
0 0.14945652173913043 0.2235054347826087 0.007472826086956522 0.005434782608695652
0 0.04891304347826087 0.22758152173913043 0.008152173913043478 0.005434782608695652
0 0.03125 0.2296195652173913 0.008152173913043478 0.005434782608695652
0 0.036005434782608696 0.23573369565217392 0.006793478260869565 0.004076086956521739
0 0.021059782608695652 0.22894021739130435 0.006793478260869565 0.004076086956521739
0 0.014945652173913044 0.23369565217391305 0.006793478260869565 0.004076086956521739
0 0.004076086956521739 0.23505434782608695 0.006793478260869565 0.004755434782608696
0 0.015625 0.20448369565217392 0.006793478260869565 0.004755434782608696
0 0.044157608695652176 0.20380434782608695 0.006793478260869565 0.004755434782608696
0 0.08559782608695653 0.19904891304347827 0.006793478260869565 0.004076086956521739
0 0.06657608695652174 0.22078804347826086 0.007472826086956522 0.005434782608695652
0 0.07269021739130435 0.21739130434782608 0.007472826086956522 0.005434782608695652
0 0.08016304347826086 0.21807065217391305 0.007472826086956522 0.005434782608695652
0 0.09986413043478261 0.21603260869565216 0.007472826086956522 0.005434782608695652
0 0.10733695652173914 0.20991847826086957 0.007472826086956522 0.004755434782608696
0 0.11752717391304347 0.21195652173913043 0.007472826086956522 0.004755434782608696
0 0.10394021739130435 0.19429347826086957 0.006114130434782609 0.004076086956521739
0 0.16236413043478262 0.21263586956521738 0.007472826086956522 0.004755434782608696
0 0.044157608695652176 0.1949728260869565 0.006114130434782609 0.004076086956521739
0 0.18478260869565216 0.2105978260869565 0.008831521739130434 0.005434782608695652
0 0.17255434782608695 0.2078804347826087 0.006793478260869565 0.004755434782608696
0 0.18410326086956522 0.1983695652173913 0.007472826086956522 0.005434782608695652
0 0.19701086956521738 0.20720108695652173 0.008152173913043478 0.005434782608695652
0 0.2078804347826087 0.20584239130434784 0.008152173913043478 0.005434782608695652
0 0.20923913043478262 0.2105978260869565 0.008831521739130434 0.005434782608695652
0 0.2139945652173913 0.18546195652173914 0.007472826086956522 0.004755434782608696
0 0.24388586956521738 0.18546195652173914 0.007472826086956522 0.004755434782608696
0 0.2391304347826087 0.22078804347826086 0.008831521739130434 0.006114130434782609
0 0.21942934782608695 0.21195652173913043 0.008831521739130434 0.005434782608695652
0 0.24320652173913043 0.21535326086956522 0.008831521739130434 0.005434782608695652
0 0.25339673913043476 0.2139945652173913 0.008831521739130434 0.005434782608695652
0 0.25679347826086957 0.22078804347826086 0.008831521739130434 0.006114130434782609
0 0.266304347826087 0.21195652173913043 0.008831521739130434 0.005434782608695652
0 0.2751358695652174 0.21195652173913043 0.008831521739130434 0.005434782608695652
0 0.27921195652173914 0.20923913043478262 0.008831521739130434 0.005434782608695652
0 0.28464673913043476 0.20448369565217392 0.008152173913043478 0.005434782608695652
0 0.2921195652173913 0.20176630434782608 0.008152173913043478 0.005434782608695652
0 0.3023097826086957 0.20040760869565216 0.007472826086956522 0.005434782608695652
0 0.30978260869565216 0.1956521739130435 0.007472826086956522 0.004755434782608696
0 0.31997282608695654 0.1949728260869565 0.005434782608695652 0.0033967391304347825
0 0.3423913043478261 0.18206521739130435 0.004076086956521739 0.002717391304347826
0 0.36141304347826086 0.21739130434782608 0.006793478260869565 0.004755434782608696
0 0.36277173913043476 0.20720108695652173 0.006793478260869565 0.004076086956521739
0 0.3763586956521739 0.20108695652173914 0.005434782608695652 0.004076086956521739
0 0.3858695652173913 0.20448369565217392 0.006114130434782609 0.004076086956521739
0 0.3953804347826087 0.20720108695652173 0.006114130434782609 0.004076086956521739
0 0.405570652173913 0.20584239130434784 0.006114130434782609 0.004076086956521739
0 0.4014945652173913 0.20040760869565216 0.006114130434782609 0.0033967391304347825
0 0.39402173913043476 0.1956521739130435 0.005434782608695652 0.0033967391304347825
0 0.4171195652173913 0.18817934782608695 0.004755434782608696 0.0033967391304347825
0 0.4116847826086957 0.15964673913043478 0.004076086956521739 0.002717391304347826
0 0.38654891304347827 0.16168478260869565 0.004076086956521739 0.002717391304347826
0 0.375679347826087 0.1610054347826087 0.004076086956521739 0.002717391304347826
0 0.360054347826087 0.14470108695652173 0.0020380434782608695 0.001358695652173913
0 0.34782608695652173 0.1453804347826087 0.0020380434782608695 0.001358695652173913
0 0.3736413043478261 0.14334239130434784 0.0020380434782608695 0.001358695652173913
0 0.38179347826086957 0.14198369565217392 0.001358695652173913 0.0006793478260869565
0 0.406929347826087 0.13994565217391305 0.004755434782608696 0.0033967391304347825
0 0.42866847826086957 0.17798913043478262 0.0033967391304347825 0.0020380434782608695
0 0.4327445652173913 0.19021739130434784 0.004755434782608696 0.0033967391304347825
0 0.4639945652173913 0.18206521739130435 0.004076086956521739 0.002717391304347826
0 0.47554347826086957 0.18478260869565216 0.004076086956521739 0.002717391304347826
0 0.484375 0.18614130434782608 0.004755434782608696 0.002717391304347826
0 0.4748641304347826 0.203125 0.006114130434782609 0.004076086956521739
0 0.43953804347826086 0.16644021739130435 0.0006793478260869565 0.0006793478260869565
0 0.483695652173913 0.16644021739130435 0.001358695652173913 0.0006793478260869565
0 0.5230978260869565 0.16576086956521738 0.0006793478260869565 0.0006793478260869565
0 0.5095108695652174 0.18546195652173914 0.004755434782608696 0.002717391304347826
0 0.4938858695652174 0.18206521739130435 0.004076086956521739 0.002717391304347826
0 0.5210597826086957 0.20923913043478262 0.006793478260869565 0.004076086956521739
0 0.5332880434782609 0.2112771739130435 0.006793478260869565 0.004076086956521739
0 0.5658967391304348 0.18817934782608695 0.006793478260869565 0.004076086956521739
0 0.5523097826086957 0.1644021739130435 0.004755434782608696 0.0033967391304347825
0 0.5475543478260869 0.15964673913043478 0.004076086956521739 0.002717391304347826
0 0.5679347826086957 0.15828804347826086 0.004076086956521739 0.002717391304347826
0 0.5699728260869565 0.16779891304347827 0.005434782608695652 0.0033967391304347825
0 0.5808423913043478 0.1637228260869565 0.004755434782608696 0.0033967391304347825
0 0.592391304347826 0.16032608695652173 0.004076086956521739 0.002717391304347826
0 0.5896739130434783 0.15081521739130435 0.0033967391304347825 0.0020380434782608695
0 0.7459239130434783 0.20720108695652173 0.008152173913043478 0.005434782608695652
0 0.7595108695652174 0.203125 0.008152173913043478 0.005434782608695652
0 0.7989130434782609 0.19972826086956522 0.008152173913043478 0.005434782608695652
0 0.7785326086956522 0.14673913043478262 0.005434782608695652 0.0033967391304347825
0 0.6127717391304348 0.15489130434782608 0.004076086956521739 0.002717391304347826
0 0.6100543478260869 0.15964673913043478 0.004076086956521739 0.002717391304347826
0 0.8097826086956522 0.14334239130434784 0.005434782608695652 0.0033967391304347825
0 0.8192934782608695 0.14673913043478262 0.005434782608695652 0.0033967391304347825
0 0.8274456521739131 0.15896739130434784 0.006114130434782609 0.004076086956521739
0 0.8362771739130435 0.140625 0.005434782608695652 0.0033967391304347825
0 0.828125 0.140625 0.005434782608695652 0.0033967391304347825
0 0.8519021739130435 0.15353260869565216 0.006114130434782609 0.004076086956521739
0 0.8661684782608695 0.15489130434782608 0.006114130434782609 0.004076086956521739
0 0.8586956521739131 0.1956521739130435 0.008152173913043478 0.005434782608695652
0 0.8709239130434783 0.15828804347826086 0.006793478260869565 0.004076086956521739
0 0.8858695652173914 0.15896739130434784 0.006793478260869565 0.004076086956521739
0 0.936141304347826 0.16508152173913043 0.006793478260869565 0.004755434782608696
0 0.9069293478260869 0.16644021739130435 0.006793478260869565 0.004755434782608696
0 0.9551630434782609 0.16304347826086957 0.006793478260869565 0.004076086956521739
0 0.9796195652173914 0.16304347826086957 0.006793478260869565 0.004076086956521739
0 0.9877717391304348 0.16508152173913043 0.006793478260869565 0.004755434782608696
0 0.9775815217391305 0.1331521739130435 0.005434782608695652 0.0033967391304347825
0 0.9660326086956522 0.1331521739130435 0.004755434782608696 0.0033967391304347825
0 0.9551630434782609 0.13519021739130435 0.005434782608695652 0.0033967391304347825
0 0.9504076086956522 0.1297554347826087 0.004755434782608696 0.0033967391304347825
0 0.9286684782608695 0.13043478260869565 0.004755434782608696 0.0033967391304347825
0 0.9327445652173914 0.13451086956521738 0.005434782608695652 0.0033967391304347825
0 0.3960597826086957 0.06182065217391304 0.002717391304347826 0.0020380434782608695
0 0.41779891304347827 0.06114130434782609 0.0033967391304347825 0.0020380434782608695
0 0.09239130434782608 0.08152173913043478 0.002717391304347826 0.0020380434782608695