0 0.18070652173913043 0.5163043478260869 0.04823369565217391 0.05366847826086957
0 0.004076086956521739 0.26766304347826086 0.008152173913043478 0.016983695652173912
0 0.04076086956521739 0.26834239130434784 0.018342391304347828 0.014945652173913044
0 0.06453804347826086 0.27785326086956524 0.01970108695652174 0.014945652173913044
0 0.042798913043478264 0.29415760869565216 0.026494565217391304 0.02309782608695652
0 0.019021739130434784 0.2907608695652174 0.021739130434782608 0.017663043478260868
0 0.014266304347826086 0.30570652173913043 0.02377717391304348 0.020380434782608696
0 0.029211956521739132 0.33967391304347827 0.02377717391304348 0.021059782608695652
0 0.06657608695652174 0.3342391304347826 0.03125 0.025135869565217392
0 0.13790760869565216 0.3220108695652174 0.01970108695652174 0.021059782608695652
0 0.09035326086956522 0.30502717391304346 0.02717391304347826 0.026494565217391304
0 0.10733695652173914 0.28125 0.022418478260869564 0.017663043478260868
0 0.10190217391304347 0.26290760869565216 0.021739130434782608 0.016983695652173912
0 0.12092391304347826 0.42459239130434784 0.035326086956521736 0.03804347826086957
0 0.17595108695652173 0.22214673913043478 0.017663043478260868 0.014945652173913044
0 0.1644021739130435 0.23777173913043478 0.018342391304347828 0.014945652173913044
0 0.45991847826086957 0.22826086956521738 0.022418478260869564 0.017663043478260868
0 0.5747282608695652 0.20448369565217392 0.022418478260869564 0.01970108695652174
0 0.5163043478260869 0.21603260869565216 0.015625 0.014266304347826086
0 0.48845108695652173 0.2296195652173913 0.017663043478260868 0.014945652173913044
0 0.5027173913043478 0.26970108695652173 0.025135869565217392 0.020380434782608696
0 0.43070652173913043 0.4014945652173913 0.03328804347826087 0.04076086956521739
0 0.359375 0.35529891304347827 0.03125 0.026494565217391304
0 0.3736413043478261 0.3186141304347826 0.03125 0.027853260869565216
0 0.3294836956521739 0.33152173913043476 0.030570652173913044 0.02717391304347826
0 0.24660326086956522 0.344429347826087 0.025135869565217392 0.027853260869565216
0 0.18953804347826086 0.327445652173913 0.02717391304347826 0.026494565217391304
0 0.1949728260869565 0.3063858695652174 0.02377717391304348 0.022418478260869564
0 0.2595108695652174 0.3172554347826087 0.030570652173913044 0.024456521739130436
0 0.3111413043478261 0.3063858695652174 0.029211956521739132 0.022418478260869564
0 0.30366847826086957 0.27717391304347827 0.021739130434782608 0.017663043478260868
0 0.1671195652173913 0.2703804347826087 0.021739130434782608 0.017663043478260868
0 0.14334239130434784 0.29415760869565216 0.01970108695652174 0.020380434782608696
0 0.4986413043478261 0.3267663043478261 0.026494565217391304 0.02717391304347826
0 0.46059782608695654 0.3328804347826087 0.02717391304347826 0.029891304347826088
0 0.4748641304347826 0.2608695652173913 0.01970108695652174 0.017663043478260868
0 0.9775815217391305 0.6460597826086957 0.04483695652173913 0.04483695652173913
0 0.8845108695652174 0.41983695652173914 0.07269021739130435 0.05502717391304348
0 0.9782608695652174 0.38247282608695654 0.042798913043478264 0.04483695652173913
0 0.9157608695652174 0.31929347826086957 0.04483695652173913 0.035326086956521736
0 0.9612771739130435 0.3226902173913043 0.03125 0.02717391304347826
0 0.9639945652173914 0.28396739130434784 0.03328804347826087 0.025135869565217392
0 0.6895380434782609 0.36616847826086957 0.04076086956521739 0.034646739130434784
0 0.5713315217391305 0.31929347826086957 0.03125 0.027853260869565216
0 0.6059782608695652 0.2860054347826087 0.02377717391304348 0.022418478260869564
0 0.4891304347826087 0.30027173913043476 0.02717391304347826 0.02377717391304348
0 0.6630434782608695 0.25203804347826086 0.018342391304347828 0.01970108695652174
0 0.6915760869565217 0.24592391304347827 0.017663043478260868 0.015625
0 0.7126358695652174 0.2561141304347826 0.017663043478260868 0.015625
0 0.7880434782608695 0.23845108695652173 0.01970108695652174 0.017663043478260868
0 0.8152173913043478 0.250679347826087 0.01970108695652174 0.017663043478260868
0 0.8016304347826086 0.265625 0.029211956521739132 0.02309782608695652
0 0.8172554347826086 0.28464673913043476 0.02377717391304348 0.02309782608695652
0 0.84375 0.28396739130434784 0.029211956521739132 0.025135869565217392
0 0.7629076086956522 0.28396739130434784 0.03328804347826087 0.029891304347826088
0 0.7269021739130435 0.2751358695652174 0.025135869565217392 0.021059782608695652
0 0.7051630434782609 0.28940217391304346 0.029211956521739132 0.024456521739130436
0 0.7384510869565217 0.3267663043478261 0.026494565217391304 0.03192934782608696
0 0.7880434782608695 0.343070652173913 0.03328804347826087 0.030570652173913044
0 0.6141304347826086 0.311820652173913 0.026494565217391304 0.02717391304347826
0 0.9307065217391305 0.2758152173913043 0.035326086956521736 0.02717391304347826
0 0.8688858695652174 0.30027173913043476 0.03328804347826087 0.029891304347826088
0 0.8960597826086957 0.26902173913043476 0.029211956521739132 0.022418478260869564
0 0.8620923913043478 0.23573369565217392 0.021739130434782608 0.021059782608695652
0 0.8471467391304348 0.2296195652173913 0.02717391304347826 0.02717391304347826
0 0.17391304347826086 0.47214673913043476 0.05502717391304348 0.036684782608695655
0 0.030570652173913044 0.2764945652173913 0.02377717391304348 0.014945652173913044
0 0.18410326086956522 0.23709239130434784 0.01970108695652174 0.012907608695652174
0 0.485054347826087 0.21807065217391305 0.022418478260869564 0.014266304347826086
0 0.48709239130434784 0.20855978260869565 0.020380434782608696 0.01358695652173913
0 0.45584239130434784 0.20652173913043478 0.020380434782608696 0.01358695652173913
0 0.5339673913043478 0.21331521739130435 0.021739130434782608 0.014945652173913044
0 0.34035326086956524 0.47690217391304346 0.05570652173913043 0.03736413043478261
0 0.37839673913043476 0.4361413043478261 0.046875 0.03125
0 0.4857336956521739 0.5081521739130435 0.057065217391304345 0.03804347826086957
0 0.41372282608695654 0.5550271739130435 0.06453804347826086 0.042119565217391304
0 0.5645380434782609 0.4483695652173913 0.05298913043478261 0.036005434782608696
0 0.5006793478260869 0.40828804347826086 0.044157608695652176 0.029211956521739132
0 0.3498641304347826 0.37839673913043476 0.04008152173913043 0.026494565217391304
0 0.22758152173913043 0.3702445652173913 0.03804347826086957 0.025135869565217392
0 0.28396739130434784 0.4008152173913043 0.042119565217391304 0.028532608695652172
0 0.26766304347826086 0.36616847826086957 0.036005434782608696 0.024456521739130436
0 0.23097826086956522 0.2914402173913043 0.02717391304347826 0.017663043478260868
0 0.3580163043478261 0.28872282608695654 0.028532608695652172 0.019021739130434784
0 0.436820652173913 0.2914402173913043 0.030570652173913044 0.020380434782608696
0 0.43070652173913043 0.3451086956521739 0.03736413043478261 0.024456521739130436
0 0.529891304347826 0.3641304347826087 0.04008152173913043 0.026494565217391304
0 0.20720108695652173 0.44157608695652173 0.050951086956521736 0.033967391304347824
0 0.18070652173913043 0.3960597826086957 0.04076086956521739 0.02717391304347826
0 0.24116847826086957 0.5332880434782609 0.06182065217391304 0.04076086956521739
0 0.5591032608695652 0.6807065217391305 0.036005434782608696 0.024456521739130436
0 0.12635869565217392 0.8831521739130435 0.2139945652173913 0.14334239130434784
0 0.10190217391304347 0.7805706521739131 0.15285326086956522 0.10190217391304347
0 0.24796195652173914 0.7846467391304348 0.15557065217391305 0.10394021739130435
0 0.45720108695652173 0.7438858695652174 0.12296195652173914 0.08288043478260869
0 0.5346467391304348 0.811141304347826 0.17391304347826086 0.09035326086956522
0 0.5801630434782609 0.35054347826086957 0.04076086956521739 0.02717391304347826
0 0.640625 0.328125 0.03804347826086957 0.024456521739130436
0 0.5536684782608695 0.33559782608695654 0.03804347826086957 0.025135869565217392
0 0.5930706521739131 0.3077445652173913 0.03260869565217391 0.021739130434782608
0 0.5747282608695652 0.2669836956521739 0.02717391304347826 0.018342391304347828
0 0.5523097826086957 0.2703804347826087 0.026494565217391304 0.017663043478260868
0 0.5366847826086957 0.3016304347826087 0.030570652173913044 0.020380434782608696
0 0.625 0.26970108695652173 0.025135869565217392 0.016983695652173912
0 0.641983695652174 0.25815217391304346 0.025135869565217392 0.016983695652173912
0 0.7479619565217391 0.24592391304347827 0.020380434782608696 0.014266304347826086
0 0.7459239130434783 0.29483695652173914 0.03260869565217391 0.021739130434782608
0 0.7092391304347826 0.3029891304347826 0.033967391304347824 0.02377717391304348
0 0.6793478260869565 0.3029891304347826 0.03260869565217391 0.021739130434782608
0 0.9069293478260869 0.2866847826086957 0.035326086956521736 0.02377717391304348
0 0.889266304347826 0.25747282608695654 0.03125 0.021059782608695652
0 0.8709239130434783 0.25407608695652173 0.030570652173913044 0.020380434782608696
0 0.9877717391304348 0.33152173913043476 0.024456521739130436 0.03260869565217391
0 0.13858695652173914 0.23233695652173914 0.020380434782608696 0.01358695652173913
0 0.17323369565217392 0.250679347826087 0.021739130434782608 0.014266304347826086
0 0.41304347826086957 0.30910326086956524 0.03125 0.021059782608695652
0 0.7717391304347826 0.26290760869565216 0.02717391304347826 0.018342391304347828
0 0.5760869565217391 0.2907608695652174 0.029211956521739132 0.01970108695652174
0 0.5917119565217391 0.24456521739130435 0.02377717391304348 0.015625
0 0.47622282608695654 0.23980978260869565 0.024456521739130436 0.015625
0 0.5502717391304348 0.2425271739130435 0.02377717391304348 0.015625