0 0.051630434782608696 0.203125 0.017663043478260868 0.018342391304347828
0 0.12567934782608695 0.19361413043478262 0.017663043478260868 0.019021739130434784
0 0.21942934782608695 0.22214673913043478 0.021059782608695652 0.014266304347826086
0 0.1514945652173913 0.280570652173913 0.016304347826086956 0.021739130434782608
0 0.22010869565217392 0.27717391304347827 0.012907608695652174 0.016983695652173912
0 0.38722826086956524 0.24932065217391305 0.017663043478260868 0.016304347826086956
0 0.8070652173913043 0.34375 0.027853260869565216 0.021059782608695652
0 0.8797554347826086 0.3736413043478261 0.025135869565217392 0.026494565217391304
0 0.9456521739130435 0.38179347826086957 0.02309782608695652 0.021739130434782608
0 0.7737771739130435 0.438179347826087 0.02309782608695652 0.01970108695652174
0 0.6277173913043478 0.4014945652173913 0.016304347826086956 0.016983695652173912
0 0.6297554347826086 0.4422554347826087 0.021739130434782608 0.018342391304347828
0 0.9945652173913043 0.5054347826086957 0.010869565217391304 0.01970108695652174
0 0.49252717391304346 0.436820652173913 0.015625 0.019021739130434784
0 0.45516304347826086 0.3546195652173913 0.02309782608695652 0.021059782608695652
0 0.39877717391304346 0.3125 0.014945652173913044 0.014945652173913044
0 0.0006793478260869565 0.37703804347826086 0.001358695652173913 0.021739130434782608
0 0.08763586956521739 0.35190217391304346 0.015625 0.014945652173913044
0 0.1610054347826087 0.3845108695652174 0.021739130434782608 0.018342391304347828
0 0.05366847826086957 0.5645380434782609 0.015625 0.014945652173913044
0 0.09307065217391304 0.5692934782608695 0.015625 0.016304347826086956
0 0.3804347826086957 0.6127717391304348 0.024456521739130436 0.019021739130434784
0 0.9021739130434783 0.8573369565217391 0.019021739130434784 0.021739130434782608
0 0.02309782608695652 0.23845108695652173 0.02309782608695652 0.016983695652173912
0 0.07744565217391304 0.03872282608695652 0.019021739130434784 0.014266304347826086
0 0.12364130434782608 0.18410326086956522 0.021059782608695652 0.015625
0 0.16644021739130435 0.17527173913043478 0.021059782608695652 0.015625
0 0.20040760869565216 0.06385869565217392 0.019021739130434784 0.014266304347826086
0 0.035326086956521736 0.27921195652173914 0.021059782608695652 0.016304347826086956
0 0.07880434782608696 0.29279891304347827 0.021739130434782608 0.016304347826086956
0 0.18070652173913043 0.297554347826087 0.021059782608695652 0.015625
0 0.28464673913043476 0.27241847826086957 0.020380434782608696 0.015625
0 0.360054347826087 0.28464673913043476 0.020380434782608696 0.015625
0 0.40896739130434784 0.2608695652173913 0.020380434782608696 0.015625
0 0.389945652173913 0.2860054347826087 0.020380434782608696 0.015625
0 0.44633152173913043 0.23980978260869565 0.01970108695652174 0.014945652173913044
0 0.5461956521739131 0.2764945652173913 0.021059782608695652 0.015625
0 0.5149456521739131 0.28804347826086957 0.020380434782608696 0.015625
0 0.6202445652173914 0.3070652173913043 0.021739130434782608 0.015625
0 0.8471467391304348 0.40625 0.024456521739130436 0.019021739130434784
0 0.7839673913043478 0.4110054347826087 0.025135869565217392 0.018342391304347828
0 0.7282608695652174 0.4436141304347826 0.02377717391304348 0.017663043478260868
0 0.6623641304347826 0.4313858695652174 0.02309782608695652 0.016983695652173912
0 0.5631793478260869 0.438179347826087 0.02377717391304348 0.016983695652173912
0 0.6297554347826086 0.4673913043478261 0.02309782608695652 0.017663043478260868
0 0.8362771739130435 0.5176630434782609 0.01970108695652174 0.014266304347826086
0 0.45720108695652173 0.4320652173913043 0.021739130434782608 0.016304347826086956
0 0.405570652173913 0.43410326086956524 0.021739130434782608 0.016304347826086956
0 0.5176630434782609 0.33220108695652173 0.021739130434782608 0.016304347826086956
0 0.4904891304347826 0.313179347826087 0.020380434782608696 0.015625
0 0.5896739130434783 0.32065217391304346 0.021739130434782608 0.016304347826086956
0 0.6324728260869565 0.34714673913043476 0.02377717391304348 0.017663043478260868
0 0.327445652173913 0.46059782608695654 0.021059782608695652 0.015625
0 0.28532608695652173 0.43410326086956524 0.01970108695652174 0.015625
0 0.23777173913043478 0.44157608695652173 0.01970108695652174 0.014945652173913044
0 0.19701086956521738 0.4375 0.020380434782608696 0.014945652173913044
0 0.15625 0.4320652173913043 0.01970108695652174 0.014945652173913044
0 0.09442934782608696 0.4232336956521739 0.020380434782608696 0.015625
0 0.06317934782608696 0.39877717391304346 0.021059782608695652 0.015625
0 0.029211956521739132 0.38722826086956524 0.021059782608695652 0.015625
0 0.0033967391304347825 0.31453804347826086 0.006793478260869565 0.016304347826086956
0 0.042119565217391304 0.30434782608695654 0.021739130434782608 0.016304347826086956
0 0.08016304347826086 0.3179347826086957 0.021739130434782608 0.015625
0 0.10326086956521739 0.3641304347826087 0.021059782608695652 0.016304347826086956
0 0.17119565217391305 0.34035326086956524 0.021739130434782608 0.016304347826086956
0 0.21467391304347827 0.3688858695652174 0.02309782608695652 0.016983695652173912
0 0.30366847826086957 0.3688858695652174 0.021739130434782608 0.015625
0 0.15421195652173914 0.5855978260869565 0.02309782608695652 0.016983695652173912
0 0.22894021739130435 0.5808423913043478 0.021059782608695652 0.015625
0 0.3016304347826087 0.6039402173913043 0.021059782608695652 0.015625
0 0.44157608695652173 0.6283967391304348 0.020380434782608696 0.015625
0 0.5074728260869565 0.6582880434782609 0.021739130434782608 0.016983695652173912
0 0.5529891304347826 0.5427989130434783 0.02377717391304348 0.017663043478260868
0 0.578125 0.6460597826086957 0.02377717391304348 0.016983695652173912
0 0.49184782608695654 0.7751358695652174 0.02309782608695652 0.016304347826086956
0 0.703125 0.6949728260869565 0.02309782608695652 0.017663043478260868
0 0.6528532608695652 0.6399456521739131 0.02309782608695652 0.017663043478260868
0 0.7126358695652174 0.6114130434782609 0.021739130434782608 0.016304347826086956
0 0.8016304347826086 0.5971467391304348 0.02377717391304348 0.018342391304347828
0 0.8566576086956522 0.6168478260869565 0.02377717391304348 0.017663043478260868
0 0.845108695652174 0.6922554347826086 0.02377717391304348 0.016983695652173912
0 0.936141304347826 0.6793478260869565 0.02377717391304348 0.017663043478260868
0 0.9245923913043478 0.6148097826086957 0.02377717391304348 0.017663043478260868
0 0.9972826086956522 0.6480978260869565 0.005434782608695652 0.017663043478260868
0 0.6793478260869565 0.8539402173913043 0.02377717391304348 0.016983695652173912
0 0.9069293478260869 0.9694293478260869 0.02309782608695652 0.016304347826086956
0 0.4904891304347826 0.8430706521739131 0.02309782608695652 0.016983695652173912
0 0.3892663043478261 0.873641304347826 0.021739130434782608 0.016983695652173912
0 0.004755434782608696 0.813858695652174 0.009510869565217392 0.015625