0 0.7751358695652174 0.43342391304347827 0.008152173913043478 0.008152173913043478
0 0.5869565217391305 0.40828804347826086 0.008152173913043478 0.008152173913043478
0 0.5577445652173914 0.44565217391304346 0.008152173913043478 0.008152173913043478
0 0.6039402173913043 0.4422554347826087 0.007472826086956522 0.008152173913043478
0 0.6317934782608695 0.4422554347826087 0.008831521739130434 0.008152173913043478
0 0.720108695652174 0.485054347826087 0.008152173913043478 0.008152173913043478
0 0.686141304347826 0.48777173913043476 0.009510869565217392 0.009510869565217392
0 0.5074728260869565 0.41032608695652173 0.006793478260869565 0.006793478260869565
0 0.2452445652173913 0.36277173913043476 0.006114130434782609 0.006114130434782609
0 0.250679347826087 0.3919836956521739 0.007472826086956522 0.006793478260869565
0 0.20108695652173914 0.37703804347826086 0.007472826086956522 0.007472826086956522
0 0.16915760869565216 0.389945652173913 0.009510869565217392 0.008152173913043478
0 0.15081521739130435 0.389945652173913 0.007472826086956522 0.008152173913043478
0 0.09578804347826086 0.36141304347826086 0.006793478260869565 0.006114130434782609
0 0.06725543478260869 0.3648097826086957 0.007472826086956522 0.006793478260869565
0 0.389945652173913 0.3967391304347826 0.007472826086956522 0.006793478260869565
0 0.39877717391304346 0.40285326086956524 0.008152173913043478 0.008152173913043478
0 0.4266304347826087 0.389945652173913 0.008152173913043478 0.008831521739130434
0 0.4436141304347826 0.3967391304347826 0.007472826086956522 0.008152173913043478
0 0.44972826086956524 0.4116847826086957 0.007472826086956522 0.007472826086956522
0 0.4782608695652174 0.40964673913043476 0.007472826086956522 0.007472826086956522
0 0.42391304347826086 0.4592391304347826 0.008831521739130434 0.008152173913043478
0 0.8519021739130435 0.546875 0.009510869565217392 0.008831521739130434
0 0.7649456521739131 0.5380434782608695 0.010190217391304348 0.010190217391304348
0 0.7384510869565217 0.529891304347826 0.010190217391304348 0.009510869565217392
0 0.6976902173913043 0.5285326086956522 0.009510869565217392 0.009510869565217392
0 0.13451086956521738 0.6012228260869565 0.012228260869565218 0.010190217391304348
0 0.6073369565217391 0.24728260869565216 0.007472826086956522 0.006114130434782609
0 0.8403532608695652 0.22078804347826086 0.002717391304347826 0.0020380434782608695
0 0.8532608695652174 0.24660326086956522 0.004076086956521739 0.0033967391304347825
0 0.8824728260869565 0.22758152173913043 0.0033967391304347825 0.0020380434782608695
0 0.9592391304347826 0.20720108695652173 0.006114130434782609 0.004076086956521739
0 0.6698369565217391 0.33627717391304346 0.007472826086956522 0.005434782608695652
0 0.9320652173913043 0.3335597826086957 0.007472826086956522 0.006114130434782609
0 0.8858695652173914 0.28940217391304346 0.007472826086956522 0.005434782608695652
0 0.6847826086956522 0.2751358695652174 0.007472826086956522 0.005434782608695652
0 0.6610054347826086 0.26970108695652173 0.006114130434782609 0.004755434782608696
0 0.5529891304347826 0.3023097826086957 0.008831521739130434 0.006793478260869565
0 0.9470108695652174 0.3851902173913043 0.008831521739130434 0.006114130434782609
0 0.9769021739130435 0.3967391304347826 0.008831521739130434 0.006793478260869565
0 0.9884510869565217 0.40285326086956524 0.009510869565217392 0.006793478260869565
0 0.985733695652174 0.41372282608695654 0.009510869565217392 0.006793478260869565
0 0.9001358695652174 0.389945652173913 0.008831521739130434 0.006793478260869565
0 0.8729619565217391 0.421195652173913 0.009510869565217392 0.006793478260869565
0 0.7853260869565217 0.4313858695652174 0.009510869565217392 0.007472826086956522
0 0.7635869565217391 0.42934782608695654 0.009510869565217392 0.006793478260869565
0 0.7241847826086957 0.41304347826086957 0.009510869565217392 0.006793478260869565
0 0.6610054347826086 0.40353260869565216 0.008831521739130434 0.006793478260869565
0 0.6514945652173914 0.4001358695652174 0.008152173913043478 0.006793478260869565
0 0.5421195652173914 0.41440217391304346 0.008831521739130434 0.006793478260869565
0 0.5271739130434783 0.406929347826087 0.008831521739130434 0.006793478260869565
0 0.5475543478260869 0.44972826086956524 0.009510869565217392 0.006793478260869565
0 0.6304347826086957 0.3138586956521739 0.007472826086956522 0.005434782608695652
0 0.40964673913043476 0.29008152173913043 0.004755434782608696 0.0033967391304347825
0 0.328125 0.2751358695652174 0.0006793478260869565 0.0006793478260869565
0 0.06657608695652174 0.32404891304347827 0.005434782608695652 0.004076086956521739
0 0.125 0.33152173913043476 0.004755434782608696 0.0033967391304347825
0 0.14334239130434784 0.3383152173913043 0.004755434782608696 0.004076086956521739
0 0.17866847826086957 0.34782608695652173 0.006793478260869565 0.004755434782608696
0 0.19089673913043478 0.34578804347826086 0.006793478260869565 0.004755434782608696
0 0.23165760869565216 0.327445652173913 0.004755434782608696 0.004076086956521739
0 0.2955163043478261 0.3172554347826087 0.004076086956521739 0.002717391304347826
0 0.16032608695652173 0.2955163043478261 0.007472826086956522 0.006114130434782609
0 0.20923913043478262 0.2860054347826087 0.006793478260869565 0.005434782608695652
0 0.22486413043478262 0.2798913043478261 0.006793478260869565 0.004755434782608696
0 0.2391304347826087 0.27445652173913043 0.006793478260869565 0.005434782608695652
0 0.25747282608695654 0.26766304347826086 0.006793478260869565 0.004755434782608696
0 0.27309782608695654 0.264945652173913 0.006793478260869565 0.005434782608695652
0 0.16983695652173914 0.281929347826087 0.007472826086956522 0.005434782608695652
0 0.24388586956521738 0.375 0.008152173913043478 0.006114130434782609
0 0.27309782608695654 0.375 0.008152173913043478 0.006114130434782609
0 0.2764945652173913 0.3851902173913043 0.008152173913043478 0.006793478260869565
0 0.2873641304347826 0.375679347826087 0.008152173913043478 0.006114130434782609
0 0.29415760869565216 0.36277173913043476 0.007472826086956522 0.005434782608695652
0 0.3172554347826087 0.39402173913043476 0.008831521739130434 0.006793478260869565
0 0.33695652173913043 0.390625 0.008152173913043478 0.006114130434782609
0 0.18410326086956522 0.374320652173913 0.008152173913043478 0.006114130434782609
0 0.13790760869565216 0.36141304347826086 0.007472826086956522 0.005434782608695652
0 0.11413043478260869 0.3654891304347826 0.007472826086956522 0.006114130434782609
0 0.07336956521739131 0.3580163043478261 0.007472826086956522 0.006114130434782609
0 0.059103260869565216 0.358695652173913 0.007472826086956522 0.006114130434782609
0 0.04483695652173913 0.3546195652173913 0.007472826086956522 0.005434782608695652
0 0.0033967391304347825 0.36345108695652173 0.006793478260869565 0.006114130434782609
0 0.004076086956521739 0.391304347826087 0.007472826086956522 0.007472826086956522
0 0.13926630434782608 0.39402173913043476 0.009510869565217392 0.007472826086956522
0 0.26834239130434784 0.4279891304347826 0.009510869565217392 0.007472826086956522
0 0.3023097826086957 0.41983695652173914 0.009510869565217392 0.007472826086956522
0 0.30842391304347827 0.40421195652173914 0.009510869565217392 0.006793478260869565
0 0.31657608695652173 0.40964673913043476 0.009510869565217392 0.006793478260869565
0 0.34171195652173914 0.41304347826086957 0.009510869565217392 0.006793478260869565
0 0.35122282608695654 0.40421195652173914 0.008831521739130434 0.006793478260869565
0 0.34171195652173914 0.3960597826086957 0.008831521739130434 0.006114130434782609
0 0.41032608695652173 0.41508152173913043 0.009510869565217392 0.006793478260869565
0 0.45584239130434784 0.4483695652173913 0.009510869565217392 0.007472826086956522
0 0.35258152173913043 0.43002717391304346 0.009510869565217392 0.006793478260869565
0 0.28532608695652173 0.45516304347826086 0.010190217391304348 0.008152173913043478
0 0.31453804347826086 0.46195652173913043 0.010190217391304348 0.008152173913043478
0 0.19429347826086957 0.42527173913043476 0.010190217391304348 0.008152173913043478
0 0.829483695652174 0.5427989130434783 0.010869565217391304 0.008152173913043478
0 0.8206521739130435 0.5387228260869565 0.010869565217391304 0.008152173913043478
0 0.7887228260869565 0.5625 0.01154891304347826 0.008831521739130434
0 0.7758152173913043 0.5760869565217391 0.01154891304347826 0.008831521739130434
0 0.703125 0.5387228260869565 0.010869565217391304 0.008152173913043478
0 0.5658967391304348 0.5835597826086957 0.012228260869565218 0.009510869565217392
0 0.5883152173913043 0.6025815217391305 0.012907608695652174 0.009510869565217392
0 0.5917119565217391 0.5876358695652174 0.012907608695652174 0.009510869565217392
0 0.5991847826086957 0.5964673913043478 0.012907608695652174 0.009510869565217392
0 0.6270380434782609 0.5733695652173914 0.012228260869565218 0.008831521739130434
0 0.6338315217391305 0.5665760869565217 0.012228260869565218 0.008831521739130434
0 0.6385869565217391 0.5210597826086957 0.010869565217391304 0.008152173913043478
0 0.6528532608695652 0.5264945652173914 0.01154891304347826 0.008152173913043478
0 0.04483695652173913 0.6447010869565217 0.012228260869565218 0.008831521739130434
0 0.05366847826086957 0.6440217391304348 0.012228260869565218 0.008831521739130434
0 0.005434782608695652 0.7452445652173914 0.010869565217391304 0.008831521739130434
0 0.13994565217391305 0.6616847826086957 0.012228260869565218 0.008831521739130434
0 0.17255434782608695 0.6698369565217391 0.012228260869565218 0.009510869565217392
0 0.26834239130434784 0.7377717391304348 0.01358695652173913 0.010190217391304348
0 0.389945652173913 0.6929347826086957 0.01358695652173913 0.010190217391304348
0 0.41508152173913043 0.701766304347826 0.014266304347826086 0.010869565217391304
0 0.4327445652173913 0.6637228260869565 0.01358695652173913 0.010190217391304348
0 0.4436141304347826 0.6589673913043478 0.01358695652173913 0.010190217391304348
0 0.4076086956521739 0.7377717391304348 0.014945652173913044 0.01154891304347826
0 0.5095108695652174 0.6650815217391305 0.014266304347826086 0.010869565217391304
0 0.3226902173913043 0.7459239130434783 0.01358695652173913 0.010190217391304348
0 0.5489130434782609 0.6535326086956522 0.014266304347826086 0.010190217391304348
0 0.27921195652173914 0.7588315217391305 0.01358695652173913 0.010190217391304348
0 0.390625 0.7323369565217391 0.014945652173913044 0.010869565217391304
0 0.18546195652173914 0.7608695652173914 0.012907608695652174 0.009510869565217392
0 0.15557065217391305 0.7717391304347826 0.012907608695652174 0.009510869565217392
0 0.15217391304347827 0.8573369565217391 0.01358695652173913 0.010190217391304348
0 0.12567934782608695 0.8552989130434783 0.01358695652173913 0.009510869565217392
0 0.06725543478260869 0.8899456521739131 0.012907608695652174 0.009510869565217392