0 0.012907608695652174 0.41304347826086957 0.025815217391304348 0.027853260869565216
0 0.39945652173913043 0.39402173913043476 0.024456521739130436 0.02717391304347826
0 0.6514945652173914 0.7819293478260869 0.041440217391304345 0.034646739130434784
0 0.1766304347826087 0.5278532608695652 0.034646739130434784 0.03328804347826087
0 0.4123641304347826 0.5264945652173914 0.03260869565217391 0.029891304347826088
0 0.23641304347826086 0.360054347826087 0.022418478260869564 0.02309782608695652
0 0.5550271739130435 0.4422554347826087 0.03192934782608696 0.027853260869565216
0 0.4123641304347826 0.6447010869565217 0.04008152173913043 0.03192934782608696
0 0.39945652173913043 0.46195652173913043 0.028532608695652172 0.02377717391304348
0 0.05366847826086957 0.35733695652173914 0.027853260869565216 0.02377717391304348
0 0.15896739130434784 0.623641304347826 0.03940217391304348 0.03804347826086957
0 0.06861413043478261 0.17527173913043478 0.016304347826086956 0.015625
0 0.39402173913043476 0.344429347826087 0.02377717391304348 0.021739130434782608
0 0.6120923913043478 0.626358695652174 0.03940217391304348 0.03260869565217391
0 0.39741847826086957 0.18614130434782608 0.020380434782608696 0.018342391304347828
0 0.5686141304347826 0.5163043478260869 0.03260869565217391 0.02717391304347826
0 0.5264945652173914 0.09510869565217392 0.014266304347826086 0.012228260869565218
0 0.008152173913043478 0.3294836956521739 0.016304347826086956 0.024456521739130436
0 0.5176630434782609 0.3491847826086957 0.02377717391304348 0.02377717391304348
0 0.3654891304347826 0.15081521739130435 0.018342391304347828 0.016983695652173912
0 0.012228260869565218 0.22010869565217392 0.016304347826086956 0.016983695652173912
0 0.40285326086956524 0.08899456521739131 0.016304347826086956 0.014945652173913044
0 0.21942934782608695 0.41983695652173914 0.026494565217391304 0.020380434782608696
0 0.09646739130434782 0.1487771739130435 0.015625 0.014945652173913044
0 0.06046195652173913 0.32472826086956524 0.026494565217391304 0.024456521739130436
0 0.058423913043478264 0.6956521739130435 0.041440217391304345 0.03260869565217391
0 0.35258152173913043 0.09646739130434782 0.018342391304347828 0.016983695652173912
0 0.20720108695652173 0.468070652173913 0.026494565217391304 0.024456521739130436
0 0.10258152173913043 0.08763586956521739 0.01154891304347826 0.01154891304347826
0 0.08967391304347826 0.10326086956521739 0.012228260869565218 0.012228260869565218
0 0.11888586956521739 0.12092391304347826 0.015625 0.014945652173913044
0 0.3485054347826087 0.11956521739130435 0.018342391304347828 0.016983695652173912
0 0.5366847826086957 0.3763586956521739 0.028532608695652172 0.029211956521739132
0 0.985733695652174 0.45516304347826086 0.028532608695652172 0.025135869565217392
0 0.09510869565217392 0.09782608695652174 0.017663043478260868 0.012228260869565218
0 0.07744565217391304 0.11209239130434782 0.017663043478260868 0.012907608695652174
0 0.11073369565217392 0.11277173913043478 0.017663043478260868 0.012907608695652174
0 0.14673913043478262 0.10054347826086957 0.017663043478260868 0.012228260869565218
0 0.20720108695652173 0.09442934782608696 0.016304347826086956 0.012228260869565218
0 0.1956521739130435 0.029211956521739132 0.014266304347826086 0.010869565217391304
0 0.24864130434782608 0.02309782608695652 0.01358695652173913 0.010190217391304348
0 0.25203804347826086 0.029891304347826088 0.014266304347826086 0.010869565217391304
0 0.29959239130434784 0.012228260869565218 0.008152173913043478 0.006114130434782609
0 0.30027173913043476 0.01970108695652174 0.009510869565217392 0.006793478260869565
0 0.34646739130434784 0.008152173913043478 0.007472826086956522 0.005434782608695652
0 0.343070652173913 0.016983695652173912 0.009510869565217392 0.006793478260869565
0 0.3383152173913043 0.004755434782608696 0.007472826086956522 0.004755434782608696
0 0.38790760869565216 0.05298913043478261 0.01358695652173913 0.010190217391304348
0 0.3892663043478261 0.059103260869565216 0.01358695652173913 0.010190217391304348
0 0.4008152173913043 0.06793478260869565 0.014266304347826086 0.010869565217391304
0 0.39334239130434784 0.07336956521739131 0.014266304347826086 0.01154891304347826
0 0.26766304347826086 0.08763586956521739 0.016304347826086956 0.01154891304347826
0 0.33627717391304346 0.08084239130434782 0.015625 0.012228260869565218