0 0.9504076086956522 0.9313858695652174 0.06114130434782609 0.057065217391304345
0 0.984375 0.891983695652174 0.03125 0.057065217391304345
0 0.8634510869565217 0.9239130434782609 0.050951086956521736 0.04823369565217391
0 0.7622282608695652 0.8716032608695652 0.02377717391304348 0.021059782608695652
0 0.7377717391304348 0.8885869565217391 0.019021739130434784 0.021739130434782608
0 0.6881793478260869 0.8702445652173914 0.02377717391304348 0.026494565217391304
0 0.608016304347826 0.8688858695652174 0.03736413043478261 0.035326086956521736
0 0.5353260869565217 0.889266304347826 0.02309782608695652 0.020380434782608696
0 0.6467391304347826 0.8478260869565217 0.014266304347826086 0.014266304347826086
0 0.15557065217391305 0.8933423913043478 0.036684782608695655 0.04008152173913043
0 0.08016304347826086 0.8552989130434783 0.02377717391304348 0.02309782608695652
0 0.2710597826086957 0.8145380434782609 0.01154891304347826 0.01154891304347826
0 0.28328804347826086 0.7995923913043478 0.008152173913043478 0.008831521739130434
0 0.25203804347826086 0.8050271739130435 0.01154891304347826 0.009510869565217392
0 0.23097826086956522 0.8070652173913043 0.01154891304347826 0.009510869565217392
0 0.16168478260869565 0.798233695652174 0.009510869565217392 0.009510869565217392
0 0.20584239130434784 0.8220108695652174 0.009510869565217392 0.009510869565217392
0 0.15964673913043478 0.7744565217391305 0.005434782608695652 0.006114130434782609
0 0.17323369565217392 0.7710597826086957 0.007472826086956522 0.006793478260869565
0 0.234375 0.7764945652173914 0.005434782608695652 0.006114130434782609
0 0.2758152173913043 0.7819293478260869 0.005434782608695652 0.006114130434782609
0 0.29415760869565216 0.7961956521739131 0.009510869565217392 0.009510869565217392
0 0.29891304347826086 0.782608695652174 0.005434782608695652 0.006114130434782609
0 0.28328804347826086 0.779891304347826 0.005434782608695652 0.005434782608695652
0 0.3179347826086957 0.78125 0.007472826086956522 0.006114130434782609
0 0.3172554347826087 0.7744565217391305 0.005434782608695652 0.005434782608695652
0 0.27785326086956524 0.7690217391304348 0.005434782608695652 0.005434782608695652
0 0.2595108695652174 0.764266304347826 0.004076086956521739 0.004076086956521739
0 0.2235054347826087 0.7635869565217391 0.005434782608695652 0.005434782608695652
0 0.32065217391304346 0.8172554347826086 0.012228260869565218 0.012228260869565218
0 0.33491847826086957 0.8478260869565217 0.014266304347826086 0.014945652173913044
0 0.34714673913043476 0.8179347826086957 0.01154891304347826 0.012228260869565218
0 0.3335597826086957 0.8192934782608695 0.01154891304347826 0.01154891304347826
0 0.37160326086956524 0.8220108695652174 0.009510869565217392 0.010869565217391304
0 0.40217391304347827 0.8165760869565217 0.01154891304347826 0.012228260869565218
0 0.41847826086956524 0.8233695652173914 0.014266304347826086 0.012228260869565218
0 0.5523097826086957 0.8376358695652174 0.019021739130434784 0.019021739130434784
0 0.5346467391304348 0.7900815217391305 0.007472826086956522 0.006793478260869565
0 0.5033967391304348 0.8104619565217391 0.015625 0.012228260869565218
0 0.5224184782608695 0.826766304347826 0.01154891304347826 0.01154891304347826
0 0.45652173913043476 0.8260869565217391 0.01154891304347826 0.010869565217391304
0 0.4585597826086957 0.8057065217391305 0.009510869565217392 0.008831521739130434
0 0.422554347826087 0.7866847826086957 0.008152173913043478 0.006793478260869565
0 0.41304347826086957 0.7819293478260869 0.005434782608695652 0.006114130434782609
0 0.40217391304347827 0.7785326086956522 0.005434782608695652 0.006114130434782609
0 0.4076086956521739 0.7914402173913043 0.007472826086956522 0.008831521739130434
0 0.4014945652173913 0.798233695652174 0.007472826086956522 0.008831521739130434
0 0.34782608695652173 0.7785326086956522 0.005434782608695652 0.005434782608695652
0 0.33559782608695654 0.7751358695652174 0.005434782608695652 0.005434782608695652
0 0.33559782608695654 0.782608695652174 0.005434782608695652 0.006114130434782609
0 0.31589673913043476 0.7873641304347826 0.007472826086956522 0.006793478260869565
0 0.45584239130434784 0.7839673913043478 0.007472826086956522 0.006114130434782609
0 0.6297554347826086 0.7921195652173914 0.007472826086956522 0.006793478260869565
0 0.5930706521739131 0.7989130434782609 0.008152173913043478 0.008831521739130434
0 0.6521739130434783 0.7975543478260869 0.007472826086956522 0.006793478260869565
0 0.6440217391304348 0.7941576086956522 0.005434782608695652 0.006114130434782609
0 0.6786684782608695 0.795516304347826 0.008152173913043478 0.008831521739130434
0 0.6460597826086957 0.8220108695652174 0.012228260869565218 0.01154891304347826
0 0.6345108695652174 0.8322010869565217 0.014266304347826086 0.012228260869565218
0 0.6929347826086957 0.8457880434782609 0.019021739130434784 0.015625
0 0.7683423913043478 0.8301630434782609 0.012228260869565218 0.01154891304347826
0 0.7533967391304348 0.8240489130434783 0.012228260869565218 0.01154891304347826
0 0.7866847826086957 0.8213315217391305 0.014266304347826086 0.014266304347826086
0 0.9436141304347826 0.8043478260869565 0.008152173913043478 0.008831521739130434
0 0.8756793478260869 0.8057065217391305 0.009510869565217392 0.009510869565217392
0 0.9789402173913043 0.8342391304347826 0.015625 0.014266304347826086
0 0.07880434782608696 0.766983695652174 0.005434782608695652 0.005434782608695652
0 0.8240489130434783 0.8872282608695652 0.03736413043478261 0.02717391304347826
0 0.7561141304347826 0.9422554347826086 0.050951086956521736 0.03804347826086957
0 0.751358695652174 0.8539402173913043 0.01970108695652174 0.015625
0 0.3029891304347826 0.8865489130434783 0.01970108695652174 0.014945652173913044
0 0.49184782608695654 0.8519021739130435 0.019021739130434784 0.014945652173913044
0 0.4544836956521739 0.8539402173913043 0.017663043478260868 0.01358695652173913
0 0.10869565217391304 0.8491847826086957 0.029891304347826088 0.022418478260869564
0 0.0006793478260869565 0.8824728260869565 0.001358695652173913 0.025815217391304348
0 0.17595108695652173 0.8485054347826086 0.029891304347826088 0.021739130434782608
0 0.08220108695652174 0.8389945652173914 0.02717391304347826 0.020380434782608696
0 0.23641304347826086 0.8376358695652174 0.014266304347826086 0.010869565217391304
0 0.29347826086956524 0.8288043478260869 0.014266304347826086 0.01154891304347826
0 0.16304347826086957 0.8172554347826086 0.012228260869565218 0.009510869565217392
0 0.17730978260869565 0.8192934782608695 0.012228260869565218 0.009510869565217392
0 0.11820652173913043 0.8118206521739131 0.01970108695652174 0.015625
0 0.08152173913043478 0.8118206521739131 0.021059782608695652 0.015625
0 0.08627717391304347 0.7737771739130435 0.005434782608695652 0.004076086956521739
0 0.1487771739130435 0.7730978260869565 0.007472826086956522 0.005434782608695652
0 0.13994565217391305 0.7751358695652174 0.007472826086956522 0.005434782608695652
0 0.13383152173913043 0.7730978260869565 0.007472826086956522 0.005434782608695652
0 0.12092391304347826 0.7764945652173914 0.006114130434782609 0.005434782608695652
0 0.17798913043478262 0.7785326086956522 0.008152173913043478 0.006114130434782609
0 0.2452445652173913 0.7751358695652174 0.007472826086956522 0.005434782608695652
0 0.29008152173913043 0.7873641304347826 0.009510869565217392 0.006793478260869565
0 0.3070652173913043 0.7690217391304348 0.005434782608695652 0.004755434782608696
0 0.30910326086956524 0.7764945652173914 0.007472826086956522 0.004755434782608696
0 0.32133152173913043 0.7615489130434783 0.0020380434782608695 0.001358695652173913
0 0.30978260869565216 0.7601902173913043 0.005434782608695652 0.0033967391304347825
0 0.25339673913043476 0.7663043478260869 0.005434782608695652 0.004076086956521739
0 0.24320652173913043 0.7635869565217391 0.005434782608695652 0.004076086956521739
0 0.24864130434782608 0.7663043478260869 0.005434782608695652 0.004076086956521739
0 0.23097826086956522 0.7629076086956522 0.004076086956521739 0.004076086956521739
0 0.2269021739130435 0.7574728260869565 0.0033967391304347825 0.0020380434782608695
0 0.14605978260869565 0.7676630434782609 0.006114130434782609 0.005434782608695652
0 0.2669836956521739 0.7805706521739131 0.007472826086956522 0.005434782608695652
0 0.25747282608695654 0.779891304347826 0.008152173913043478 0.005434782608695652
0 0.36277173913043476 0.8179347826086957 0.01358695652173913 0.009510869565217392
0 0.3919836956521739 0.8206521739130435 0.01358695652173913 0.010190217391304348
0 0.4673913043478261 0.8417119565217391 0.016983695652173912 0.01154891304347826
0 0.5563858695652174 0.8179347826086957 0.014266304347826086 0.010869565217391304
0 0.5305706521739131 0.8016304347826086 0.01154891304347826 0.008152173913043478
0 0.436820652173913 0.8057065217391305 0.01154891304347826 0.008152173913043478
0 0.4544836956521739 0.7907608695652174 0.009510869565217392 0.006793478260869565
0 0.4429347826086957 0.7866847826086957 0.007472826086956522 0.006114130434782609
0 0.4279891304347826 0.7764945652173914 0.005434782608695652 0.004076086956521739
0 0.389945652173913 0.782608695652174 0.007472826086956522 0.005434782608695652
0 0.36141304347826086 0.7710597826086957 0.005434782608695652 0.004076086956521739
0 0.468070652173913 0.7900815217391305 0.009510869565217392 0.006793478260869565
0 0.6317934782608695 0.798233695652174 0.009510869565217392 0.006793478260869565
0 0.579483695652174 0.7839673913043478 0.007472826086956522 0.005434782608695652
0 0.6440217391304348 0.7880434782608695 0.006114130434782609 0.004755434782608696
0 0.6059782608695652 0.8410326086956522 0.02377717391304348 0.017663043478260868
0 0.6005434782608695 0.8233695652173914 0.014266304347826086 0.010869565217391304
0 0.8023097826086957 0.8179347826086957 0.014266304347826086 0.010190217391304348
0 0.782608695652174 0.8131793478260869 0.01358695652173913 0.009510869565217392
0 0.7758152173913043 0.796875 0.007472826086956522 0.004755434782608696
0 0.8029891304347826 0.8077445652173914 0.01154891304347826 0.008831521739130434
0 0.811141304347826 0.8084239130434783 0.010190217391304348 0.008831521739130434
0 0.8383152173913043 0.8050271739130435 0.009510869565217392 0.006793478260869565
0 0.826766304347826 0.8063858695652174 0.01154891304347826 0.008152173913043478
0 0.7690217391304348 0.7778532608695652 0.0020380434782608695 0.001358695652173913
0 0.8960597826086957 0.8226902173913043 0.01358695652173913 0.010869565217391304
0 0.9347826086956522 0.8260869565217391 0.021059782608695652 0.015625
0 0.9789402173913043 0.8036684782608695 0.009510869565217392 0.008152173913043478