0 0.1793478260869565 0.4796195652173913 0.01154891304347826 0.010869565217391304
0 0.21739130434782608 0.484375 0.012228260869565218 0.012228260869565218
0 0.2601902173913043 0.4830163043478261 0.01358695652173913 0.01358695652173913
0 0.281929347826087 0.49184782608695654 0.012228260869565218 0.012228260869565218
0 0.30434782608695654 0.48165760869565216 0.010869565217391304 0.010869565217391304
0 0.33152173913043476 0.49660326086956524 0.010190217391304348 0.010869565217391304
0 0.3491847826086957 0.4938858695652174 0.009510869565217392 0.010190217391304348
0 0.37907608695652173 0.4952445652173913 0.009510869565217392 0.010190217391304348
0 0.40353260869565216 0.4986413043478261 0.009510869565217392 0.009510869565217392
0 0.4116847826086957 0.5020380434782609 0.008831521739130434 0.008152173913043478
0 0.4232336956521739 0.49660326086956524 0.008152173913043478 0.007472826086956522
0 0.4361413043478261 0.4952445652173913 0.010869565217391304 0.010869565217391304
0 0.4592391304347826 0.4945652173913043 0.009510869565217392 0.008831521739130434
0 0.5115489130434783 0.4945652173913043 0.009510869565217392 0.009510869565217392
0 0.5305706521739131 0.4986413043478261 0.008152173913043478 0.008152173913043478
0 0.578125 0.4904891304347826 0.008831521739130434 0.008152173913043478
0 0.6358695652173914 0.4938858695652174 0.008831521739130434 0.009510869565217392
0 0.6460597826086957 0.5047554347826086 0.009510869565217392 0.008152173913043478
0 0.6671195652173914 0.5047554347826086 0.007472826086956522 0.007472826086956522
0 0.7309782608695652 0.49116847826086957 0.008831521739130434 0.008152173913043478
0 0.7404891304347826 0.49252717391304346 0.008831521739130434 0.008152173913043478
0 0.7703804347826086 0.4945652173913043 0.008831521739130434 0.008152173913043478
0 0.7819293478260869 0.5006793478260869 0.006793478260869565 0.006114130434782609
0 0.7948369565217391 0.5020380434782609 0.007472826086956522 0.006793478260869565
0 0.8206521739130435 0.49660326086956524 0.008152173913043478 0.008152173913043478
0 0.8546195652173914 0.49252717391304346 0.006793478260869565 0.006114130434782609
0 0.8485054347826086 0.5095108695652174 0.006793478260869565 0.006793478260869565
0 0.8709239130434783 0.49592391304347827 0.009510869565217392 0.008831521739130434
0 0.8974184782608695 0.49660326086956524 0.006793478260869565 0.007472826086956522
0 0.9225543478260869 0.4945652173913043 0.006793478260869565 0.007472826086956522
0 0.9497282608695652 0.4904891304347826 0.006793478260869565 0.006793478260869565
0 0.9850543478260869 0.4891304347826087 0.006793478260869565 0.007472826086956522
0 0.09578804347826086 0.48845108695652173 0.01358695652173913 0.010190217391304348
0 0.07676630434782608 0.4904891304347826 0.012907608695652174 0.009510869565217392
0 0.11752717391304347 0.48165760869565216 0.014266304347826086 0.010869565217391304
0 0.13519021739130435 0.4898097826086957 0.012907608695652174 0.009510869565217392
0 0.15081521739130435 0.484375 0.01358695652173913 0.010190217391304348
0 0.15625 0.5061141304347826 0.010869565217391304 0.008152173913043478
0 0.18410326086956522 0.4904891304347826 0.012907608695652174 0.009510869565217392
0 0.24320652173913043 0.48029891304347827 0.014266304347826086 0.010869565217391304
0 0.2262228260869565 0.48845108695652173 0.01358695652173913 0.009510869565217392
0 0.2907608695652174 0.484375 0.01358695652173913 0.010190217391304348
0 0.36820652173913043 0.49252717391304346 0.01154891304347826 0.008831521739130434
0 0.37296195652173914 0.4898097826086957 0.01154891304347826 0.008831521739130434
0 0.4673913043478261 0.499320652173913 0.010190217391304348 0.007472826086956522
0 0.4748641304347826 0.4904891304347826 0.01154891304347826 0.008152173913043478
0 0.499320652173913 0.49728260869565216 0.010190217391304348 0.008152173913043478
0 0.5380434782608695 0.5006793478260869 0.010190217391304348 0.007472826086956522
0 0.5944293478260869 0.49728260869565216 0.010190217391304348 0.007472826086956522
0 0.6460597826086957 0.499320652173913 0.009510869565217392 0.007472826086956522
0 0.6881793478260869 0.49796195652173914 0.009510869565217392 0.006793478260869565
0 0.7581521739130435 0.5183423913043478 0.006114130434782609 0.004755434782608696
0 0.8125 0.5040760869565217 0.008831521739130434 0.006114130434782609
0 0.8722826086956522 0.48845108695652173 0.008831521739130434 0.006793478260869565