0 0.010190217391304348 0.516983695652174 0.020380434782608696 0.020380434782608696
0 0.009510869565217392 0.5040760869565217 0.016304347826086956 0.012907608695652174
0 0.012228260869565218 0.4952445652173913 0.014266304347826086 0.01154891304347826
0 0.03260869565217391 0.4789402173913043 0.010869565217391304 0.010190217391304348
0 0.078125 0.5054347826086957 0.016983695652173912 0.012907608695652174
0 0.044157608695652176 0.5047554347826086 0.018342391304347828 0.014945652173913044
0 0.033967391304347824 0.499320652173913 0.016304347826086956 0.014266304347826086
0 0.08016304347826086 0.5197010869565217 0.03260869565217391 0.030570652173913044
0 0.02377717391304348 0.5414402173913043 0.036005434782608696 0.036005434782608696
0 0.026494565217391304 0.5978260869565217 0.052309782608695655 0.050271739130434784
0 0.016983695652173912 0.6311141304347826 0.03328804347826087 0.07336956521739131
0 0.09239130434782608 0.609375 0.06929347826086957 0.059103260869565216
0 0.16304347826086957 0.5305706521739131 0.03125 0.027853260869565216
0 0.20448369565217392 0.5292119565217391 0.029211956521739132 0.024456521739130436
0 0.24388586956521738 0.5373641304347826 0.036005434782608696 0.035326086956521736
0 0.2758152173913043 0.5597826086956522 0.042798913043478264 0.036684782608695655
0 0.28532608695652173 0.5305706521739131 0.034646739130434784 0.029891304347826088
0 0.3328804347826087 0.5305706521739131 0.033967391304347824 0.025815217391304348
0 0.24932065217391305 0.5047554347826086 0.019021739130434784 0.015625
0 0.2269021739130435 0.5074728260869565 0.016983695652173912 0.014266304347826086
0 0.21263586956521738 0.5033967391304348 0.017663043478260868 0.015625
0 0.1875 0.5033967391304348 0.017663043478260868 0.014266304347826086
0 0.1800271739130435 0.49592391304347827 0.015625 0.012907608695652174
0 0.16508152173913043 0.5006793478260869 0.016304347826086956 0.014266304347826086
0 0.1480978260869565 0.49796195652173914 0.017663043478260868 0.016304347826086956
0 0.12907608695652173 0.5054347826086957 0.019021739130434784 0.015625
0 0.22826086956521738 0.49320652173913043 0.017663043478260868 0.014266304347826086
0 0.28804347826086957 0.5020380434782609 0.017663043478260868 0.014945652173913044
0 0.3070652173913043 0.5163043478260869 0.029211956521739132 0.022418478260869564
0 0.3077445652173913 0.4986413043478261 0.012907608695652174 0.01154891304347826
0 0.343070652173913 0.49592391304347827 0.018342391304347828 0.014945652173913044
0 0.20720108695652173 0.46467391304347827 0.014945652173913044 0.012907608695652174
0 0.25815217391304346 0.4626358695652174 0.012907608695652174 0.010190217391304348
0 0.297554347826087 0.47078804347826086 0.014266304347826086 0.010869565217391304
0 0.421195652173913 0.4748641304347826 0.015625 0.01154891304347826
0 0.358695652173913 0.4891304347826087 0.014945652173913044 0.01154891304347826
0 0.44497282608695654 0.4945652173913043 0.016304347826086956 0.012907608695652174
0 0.46467391304347827 0.499320652173913 0.016983695652173912 0.012907608695652174
0 0.5163043478260869 0.49252717391304346 0.018342391304347828 0.014266304347826086
0 0.4375 0.5149456521739131 0.018342391304347828 0.015625
0 0.5441576086956522 0.5149456521739131 0.03125 0.026494565217391304
0 0.59375 0.5061141304347826 0.024456521739130436 0.018342391304347828
0 0.42459239130434784 0.5360054347826086 0.04008152173913043 0.035326086956521736
0 0.4008152173913043 0.5543478260869565 0.04619565217391304 0.04008152173913043
0 0.3736413043478261 0.5353260869565217 0.029211956521739132 0.025135869565217392
0 0.3688858695652174 0.5224184782608695 0.021059782608695652 0.021059782608695652
0 0.4110054347826087 0.5964673913043478 0.08084239130434782 0.07201086956521739
0 0.483695652173913 0.578125 0.07133152173913043 0.06657608695652174
0 0.48029891304347827 0.5373641304347826 0.03192934782608696 0.027853260869565216
0 0.5339673913043478 0.5339673913043478 0.042119565217391304 0.036005434782608696
0 0.592391304347826 0.6086956521739131 0.08695652173913043 0.07608695652173914
0 0.49728260869565216 0.5183423913043478 0.02309782608695652 0.01970108695652174
0 0.37092391304347827 0.5 0.018342391304347828 0.016304347826086956
0 0.41915760869565216 0.5183423913043478 0.02377717391304348 0.017663043478260868
0 0.4830163043478261 0.6970108695652174 0.12024456521739131 0.11345108695652174
0 0.8260869565217391 0.6270380434782609 0.109375 0.08831521739130435
0 0.7635869565217391 0.5740489130434783 0.057065217391304345 0.044157608695652176
0 0.6508152173913043 0.5543478260869565 0.05298913043478261 0.042798913043478264
0 0.6066576086956522 0.5557065217391305 0.03328804347826087 0.03328804347826087
0 0.6331521739130435 0.5353260869565217 0.03260869565217391 0.024456521739130436
0 0.6283967391304348 0.5203804347826086 0.029891304347826088 0.021059782608695652
0 0.6460597826086957 0.499320652173913 0.02309782608695652 0.018342391304347828
0 0.6936141304347826 0.5292119565217391 0.036005434782608696 0.029891304347826088
0 0.6942934782608695 0.5020380434782609 0.021059782608695652 0.017663043478260868
0 0.7302989130434783 0.5033967391304348 0.022418478260869564 0.018342391304347828
0 0.7445652173913043 0.5095108695652174 0.01970108695652174 0.016304347826086956
0 0.7900815217391305 0.5427989130434783 0.04076086956521739 0.03125
0 0.7860054347826086 0.5217391304347826 0.03328804347826087 0.025815217391304348
0 0.7894021739130435 0.5047554347826086 0.022418478260869564 0.017663043478260868
0 0.7758152173913043 0.4986413043478261 0.018342391304347828 0.012907608695652174
0 0.8165760869565217 0.49660326086956524 0.019021739130434784 0.014266304347826086
0 0.8301630434782609 0.5061141304347826 0.02717391304347826 0.01970108695652174
0 0.84375 0.4945652173913043 0.019021739130434784 0.015625
0 0.7323369565217391 0.4578804347826087 0.016983695652173912 0.012907608695652174
0 0.8641304347826086 0.49116847826086957 0.01970108695652174 0.01154891304347826
0 0.9008152173913043 0.499320652173913 0.01970108695652174 0.01358695652173913
0 0.9211956521739131 0.4945652173913043 0.021059782608695652 0.015625
0 0.9599184782608695 0.4945652173913043 0.017663043478260868 0.012907608695652174
0 0.967391304347826 0.5061141304347826 0.025135869565217392 0.018342391304347828
0 0.9945652173913043 0.49728260869565216 0.010869565217391304 0.016304347826086956
0 0.8838315217391305 0.5061141304347826 0.027853260869565216 0.020380434782608696
0 0.860733695652174 0.5020380434782609 0.02377717391304348 0.016983695652173912
0 0.8586956521739131 0.5332880434782609 0.034646739130434784 0.029891304347826088
0 0.9245923913043478 0.5665760869565217 0.05434782608695652 0.04755434782608696
0 0.9592391304347826 0.5862771739130435 0.06114130434782609 0.057744565217391304
0 0.9823369565217391 0.5591032608695652 0.035326086956521736 0.035326086956521736
0 0.9904891304347826 0.623641304347826 0.019021739130434784 0.04891304347826087
0 0.006114130434782609 0.5129076086956522 0.012228260869565218 0.018342391304347828
0 0.022418478260869564 0.47078804347826086 0.010190217391304348 0.006793478260869565
0 0.05434782608695652 0.469429347826087 0.010190217391304348 0.006793478260869565
0 0.05570652173913043 0.46467391304347827 0.007472826086956522 0.005434782608695652
0 0.078125 0.46875 0.006114130434782609 0.004076086956521739
0 0.09035326086956522 0.5074728260869565 0.025135869565217392 0.016304347826086956
0 0.08220108695652174 0.5550271739130435 0.05298913043478261 0.035326086956521736
0 0.12364130434782608 0.671875 0.09510869565217392 0.06317934782608696
0 0.19769021739130435 0.5896739130434783 0.06521739130434782 0.043478260869565216
0 0.11548913043478261 0.5591032608695652 0.05502717391304348 0.036684782608695655
0 0.11141304347826086 0.5400815217391305 0.04008152173913043 0.026494565217391304
0 0.16032608695652173 0.4633152173913043 0.016304347826086956 0.010869565217391304
0 0.1610054347826087 0.47554347826086957 0.017663043478260868 0.01154891304347826
0 0.11752717391304347 0.4633152173913043 0.01358695652173913 0.008831521739130434
0 0.3267663043478261 0.43546195652173914 0.008831521739130434 0.006114130434782609
0 0.391304347826087 0.49592391304347827 0.019021739130434784 0.012228260869565218
0 0.5495923913043478 0.49796195652173914 0.015625 0.010190217391304348
0 0.5285326086956522 0.5625 0.06521739130434782 0.044157608695652176
0 0.5896739130434783 0.4592391304347826 0.021059782608695652 0.01358695652173913
0 0.6460597826086957 0.5788043478260869 0.06929347826086957 0.04619565217391304
0 0.7567934782608695 0.5489130434782609 0.046875 0.03125
0 0.829483695652174 0.4938858695652174 0.018342391304347828 0.012228260869565218
0 0.9402173913043478 0.5339673913043478 0.041440217391304345 0.027853260869565216
0 0.9279891304347826 0.6820652173913043 0.11073369565217392 0.07404891304347826