0 0.07269021739130435 0.44429347826086957 0.012228260869565218 0.018342391304347828
0 0.050271739130434784 0.33491847826086957 0.012228260869565218 0.016983695652173912
0 0.03125 0.327445652173913 0.014266304347826086 0.017663043478260868
0 0.02717391304347826 0.26834239130434784 0.009510869565217392 0.010869565217391304
0 0.08152173913043478 0.31453804347826086 0.012228260869565218 0.012228260869565218
0 0.11752717391304347 0.29415760869565216 0.012228260869565218 0.014945652173913044
0 0.10529891304347826 0.28804347826086957 0.009510869565217392 0.010869565217391304
0 0.1949728260869565 0.31589673913043476 0.014266304347826086 0.016983695652173912
0 0.22214673913043478 0.297554347826087 0.012228260869565218 0.014945652173913044
0 0.23097826086956522 0.3220108695652174 0.014266304347826086 0.017663043478260868
0 0.24456521739130435 0.34782608695652173 0.012228260869565218 0.018342391304347828
0 0.26766304347826086 0.34103260869565216 0.012228260869565218 0.014945652173913044
0 0.40217391304347827 0.29891304347826086 0.014266304347826086 0.014945652173913044
0 0.43546195652173914 0.24932065217391305 0.009510869565217392 0.012907608695652174
0 0.3919836956521739 0.23505434782608695 0.009510869565217392 0.010190217391304348
0 0.3967391304347826 0.24796195652173914 0.009510869565217392 0.010869565217391304
0 0.34714673913043476 0.250679347826087 0.01154891304347826 0.012907608695652174
0 0.3220108695652174 0.23505434782608695 0.008152173913043478 0.010190217391304348
0 0.45720108695652173 0.2982336956521739 0.012228260869565218 0.014945652173913044
0 0.5645380434782609 0.31929347826086957 0.012228260869565218 0.016983695652173912
0 0.5740489130434783 0.3029891304347826 0.014266304347826086 0.016983695652173912
0 0.6019021739130435 0.2710597826086957 0.012228260869565218 0.01358695652173913
0 0.5502717391304348 0.26834239130434784 0.012228260869565218 0.01358695652173913
0 0.7989130434782609 0.21195652173913043 0.01154891304347826 0.012907608695652174
0 0.7873641304347826 0.17051630434782608 0.007472826086956522 0.007472826086956522
0 0.717391304347826 0.499320652173913 0.021059782608695652 0.018342391304347828
0 0.40421195652173914 0.40896739130434784 0.019021739130434784 0.016983695652173912
0 0.01970108695652174 0.3335597826086957 0.014266304347826086 0.012907608695652174
0 0.07269021739130435 0.327445652173913 0.014266304347826086 0.012907608695652174
0 0.16236413043478262 0.30027173913043476 0.014266304347826086 0.012907608695652174
0 0.16779891304347827 0.32404891304347827 0.014266304347826086 0.012907608695652174
0 0.46127717391304346 0.3342391304347826 0.016983695652173912 0.014945652173913044
0 0.44904891304347827 0.3186141304347826 0.016983695652173912 0.014945652173913044
0 0.4164402173913043 0.32472826086956524 0.016983695652173912 0.014945652173913044
0 0.43342391304347827 0.27717391304347827 0.014266304347826086 0.012907608695652174
0 0.5095108695652174 0.3063858695652174 0.014266304347826086 0.012907608695652174
0 0.53125 0.31929347826086957 0.016983695652173912 0.014945652173913044
0 0.579483695652174 0.28804347826086957 0.014266304347826086 0.012907608695652174
0 0.5896739130434783 0.33967391304347827 0.016983695652173912 0.014945652173913044
0 0.7241847826086957 0.29279891304347827 0.014266304347826086 0.012907608695652174
0 0.7887228260869565 0.2418478260869565 0.012228260869565218 0.010869565217391304
0 0.7778532608695652 0.23709239130434784 0.012228260869565218 0.010869565217391304
0 0.704483695652174 0.1922554347826087 0.010190217391304348 0.009510869565217392
0 0.6644021739130435 0.19701086956521738 0.010190217391304348 0.009510869565217392
0 0.576766304347826 0.22010869565217392 0.010190217391304348 0.009510869565217392
0 0.46535326086956524 0.12432065217391304 0.012228260869565218 0.010869565217391304
0 0.7561141304347826 0.16644021739130435 0.008152173913043478 0.007472826086956522
0 0.782608695652174 0.17323369565217392 0.008152173913043478 0.007472826086956522
0 0.7914402173913043 0.17323369565217392 0.008152173913043478 0.007472826086956522
0 0.8199728260869565 0.17323369565217392 0.008152173913043478 0.007472826086956522
0 0.8322010869565217 0.18070652173913043 0.008152173913043478 0.007472826086956522
0 0.779891304347826 0.20380434782608695 0.010190217391304348 0.009510869565217392