0 0.8980978260869565 0.6141304347826086 0.05298913043478261 0.07404891304347826
0 0.15489130434782608 0.47554347826086957 0.014945652173913044 0.021059782608695652
0 0.3138586956521739 0.5577445652173914 0.05434782608695652 0.04076086956521739
0 0.13790760869565216 0.5197010869565217 0.043478260869565216 0.03328804347826087
0 0.06657608695652174 0.4830163043478261 0.029891304347826088 0.02309782608695652
0 0.1480978260869565 0.578125 0.059103260869565216 0.044157608695652176
0 0.24116847826086957 0.48709239130434784 0.03192934782608696 0.02377717391304348
0 0.7275815217391305 0.5509510869565217 0.05298913043478261 0.04008152173913043
0 0.41508152173913043 0.5271739130434783 0.046875 0.033967391304347824
0 0.27853260869565216 0.4891304347826087 0.03328804347826087 0.025135869565217392
0 0.09375 0.4782608695652174 0.028532608695652172 0.021059782608695652
0 0.595108695652174 0.626358695652174 0.06929347826086957 0.05298913043478261
0 0.343070652173913 0.5095108695652174 0.04076086956521739 0.030570652173913044
0 0.13111413043478262 0.48029891304347827 0.029891304347826088 0.021059782608695652
0 0.11888586956521739 0.46875 0.02377717391304348 0.016983695652173912