0 0.06997282608695653 0.3858695652173913 0.008152173913043478 0.008152173913043478
0 0.09103260869565218 0.3845108695652174 0.008152173913043478 0.008152173913043478
0 0.10394021739130435 0.3845108695652174 0.008152173913043478 0.008152173913043478
0 0.11345108695652174 0.3892663043478261 0.008152173913043478 0.008152173913043478
0 0.13451086956521738 0.3967391304347826 0.009510869565217392 0.009510869565217392
0 0.14198369565217392 0.4388586956521739 0.012228260869565218 0.012228260869565218
0 0.13858695652173914 0.42595108695652173 0.010190217391304348 0.010190217391304348
0 0.15421195652173914 0.42527173913043476 0.009510869565217392 0.009510869565217392
0 0.11345108695652174 0.421875 0.009510869565217392 0.009510869565217392
0 0.12364130434782608 0.43342391304347827 0.010190217391304348 0.010190217391304348
0 0.10733695652173914 0.44089673913043476 0.010869565217391304 0.01154891304347826
0 0.09578804347826086 0.43953804347826086 0.010190217391304348 0.010190217391304348
0 0.07948369565217392 0.44429347826086957 0.012228260869565218 0.012228260869565218
0 0.01970108695652174 0.44089673913043476 0.009510869565217392 0.010190217391304348
0 0.005434782608695652 0.4470108695652174 0.010190217391304348 0.010190217391304348
0 0.16032608695652173 0.3023097826086957 0.008152173913043478 0.007472826086956522
0 0.18885869565217392 0.3858695652173913 0.009510869565217392 0.009510869565217392
0 0.2139945652173913 0.4048913043478261 0.009510869565217392 0.008152173913043478
0 0.21195652173913043 0.41508152173913043 0.009510869565217392 0.009510869565217392
0 0.2758152173913043 0.4273097826086957 0.008152173913043478 0.008152173913043478
0 0.2751358695652174 0.43953804347826086 0.008152173913043478 0.008152173913043478
0 0.25271739130434784 0.44429347826086957 0.009510869565217392 0.009510869565217392
0 0.21875 0.4429347826086957 0.009510869565217392 0.010190217391304348
0 0.18817934782608695 0.4429347826086957 0.010190217391304348 0.010190217391304348
0 0.28804347826086957 0.36141304347826086 0.009510869565217392 0.008152173913043478
0 0.31521739130434784 0.389945652173913 0.008152173913043478 0.008152173913043478
0 0.34714673913043476 0.3858695652173913 0.009510869565217392 0.008152173913043478
0 0.34714673913043476 0.42866847826086957 0.009510869565217392 0.010190217391304348
0 0.3267663043478261 0.4483695652173913 0.010190217391304348 0.010190217391304348
0 0.2921195652173913 0.4327445652173913 0.008152173913043478 0.008152173913043478
0 0.39809782608695654 0.43342391304347827 0.009510869565217392 0.009510869565217392
0 0.44157608695652173 0.4422554347826087 0.009510869565217392 0.008152173913043478
0 0.44021739130434784 0.43070652173913043 0.009510869565217392 0.010190217391304348
0 0.4673913043478261 0.4361413043478261 0.010190217391304348 0.009510869565217392
0 0.5101902173913043 0.4266304347826087 0.008831521739130434 0.010190217391304348
0 0.5088315217391305 0.41304347826086957 0.008152173913043478 0.008152173913043478
0 0.5047554347826086 0.39809782608695654 0.008831521739130434 0.008152173913043478
0 0.5067934782608695 0.374320652173913 0.008152173913043478 0.008152173913043478
0 0.6324728260869565 0.37296195652173914 0.010190217391304348 0.010190217391304348
0 0.9667119565217391 0.29415760869565216 0.005434782608695652 0.004076086956521739
0 0.8770380434782609 0.3179347826086957 0.007472826086956522 0.006114130434782609
0 0.9959239130434783 0.4157608695652174 0.008152173913043478 0.009510869565217392
0 0.9911684782608695 0.4001358695652174 0.008152173913043478 0.008152173913043478
0 0.9864130434782609 0.38179347826086957 0.009510869565217392 0.009510869565217392
0 0.9660326086956522 0.3892663043478261 0.009510869565217392 0.009510869565217392
0 0.9476902173913043 0.39266304347826086 0.007472826086956522 0.008152173913043478
0 0.9096467391304348 0.39402173913043476 0.009510869565217392 0.008152173913043478
0 0.9021739130434783 0.4116847826086957 0.010190217391304348 0.010190217391304348
0 0.8865489130434783 0.41508152173913043 0.009510869565217392 0.009510869565217392
0 0.9259510869565217 0.4164402173913043 0.008831521739130434 0.010190217391304348
0 0.9612771739130435 0.4123641304347826 0.009510869565217392 0.010190217391304348
0 0.9721467391304348 0.40625 0.008152173913043478 0.008152173913043478
0 0.9802989130434783 0.4273097826086957 0.010190217391304348 0.010190217391304348
0 0.9809782608695652 0.43478260869565216 0.009510869565217392 0.009510869565217392
0 0.9979619565217391 0.44089673913043476 0.004076086956521739 0.010190217391304348
0 0.938858695652174 0.43478260869565216 0.010190217391304348 0.010190217391304348
0 0.9014945652173914 0.438179347826087 0.008831521739130434 0.010190217391304348
0 0.8498641304347826 0.4164402173913043 0.010869565217391304 0.01154891304347826
0 0.828125 0.3763586956521739 0.010190217391304348 0.009510869565217392
0 0.78125 0.37839673913043476 0.009510869565217392 0.009510869565217392
0 0.7608695652173914 0.36616847826086957 0.010190217391304348 0.008152173913043478
0 0.8233695652173914 0.3607336956521739 0.007472826086956522 0.007472826086956522
0 0.8634510869565217 0.34171195652173914 0.006114130434782609 0.006114130434782609
0 0.8376358695652174 0.3328804347826087 0.005434782608695652 0.005434782608695652
0 0.8050271739130435 0.33152173913043476 0.008152173913043478 0.008152173913043478
0 0.7921195652173914 0.41440217391304346 0.010190217391304348 0.010190217391304348
0 0.8063858695652174 0.43410326086956524 0.010190217391304348 0.009510869565217392
0 0.7622282608695652 0.4232336956521739 0.009510869565217392 0.008152173913043478
0 0.7533967391304348 0.42595108695652173 0.008831521739130434 0.010190217391304348
0 0.7452445652173914 0.41779891304347827 0.010190217391304348 0.008152173913043478
0 0.7690217391304348 0.4483695652173913 0.010190217391304348 0.010190217391304348
0 0.6942934782608695 0.436820652173913 0.010190217391304348 0.010190217391304348
0 0.7099184782608695 0.4164402173913043 0.010190217391304348 0.010190217391304348
0 0.6779891304347826 0.41032608695652173 0.010190217391304348 0.010190217391304348
0 0.6365489130434783 0.41304347826086957 0.012228260869565218 0.01154891304347826
0 0.6052989130434783 0.41779891304347827 0.010190217391304348 0.010190217391304348
0 0.5495923913043478 0.41440217391304346 0.008152173913043478 0.008152173913043478
0 0.5699728260869565 0.41847826086956524 0.008831521739130434 0.009510869565217392
0 0.59375 0.4483695652173913 0.010190217391304348 0.009510869565217392
0 0.5570652173913043 0.4544836956521739 0.010190217391304348 0.010190217391304348
0 0.5230978260869565 0.4782608695652174 0.010190217391304348 0.01154891304347826
0 0.5088315217391305 0.48097826086956524 0.010869565217391304 0.010190217391304348
0 0.6188858695652174 0.48233695652173914 0.008831521739130434 0.01154891304347826
0 0.4361413043478261 0.469429347826087 0.010869565217391304 0.010190217391304348
0 0.3858695652173913 0.46059782608695654 0.010869565217391304 0.008152173913043478
0 0.05502717391304348 0.46603260869565216 0.010869565217391304 0.010190217391304348
0 0.04483695652173913 0.4741847826086957 0.010190217391304348 0.010190217391304348
0 0.012907608695652174 0.46195652173913043 0.010869565217391304 0.010190217391304348
0 0.04551630434782609 0.49320652173913043 0.012228260869565218 0.010190217391304348
0 0.09714673913043478 0.46467391304347827 0.010190217391304348 0.009510869565217392
0 0.12024456521739131 0.48097826086956524 0.010869565217391304 0.010190217391304348
0 0.1644021739130435 0.46603260869565216 0.010869565217391304 0.010190217391304348
0 0.17866847826086957 0.484375 0.010190217391304348 0.01154891304347826
0 0.18885869565217392 0.45720108695652173 0.009510869565217392 0.009510869565217392
0 0.22146739130434784 0.46875 0.010190217391304348 0.010190217391304348
0 0.24048913043478262 0.4673913043478261 0.010869565217391304 0.010190217391304348
0 0.25203804347826086 0.483695652173913 0.010869565217391304 0.01154891304347826
0 0.23641304347826086 0.5033967391304348 0.010869565217391304 0.01154891304347826
0 0.328804347826087 0.47554347826086957 0.010190217391304348 0.010190217391304348
0 0.3546195652173913 0.4945652173913043 0.010869565217391304 0.01154891304347826
0 0.405570652173913 0.48029891304347827 0.010869565217391304 0.009510869565217392
0 0.47282608695652173 0.5047554347826086 0.012907608695652174 0.01154891304347826
0 0.5 0.5040760869565217 0.010190217391304348 0.010190217391304348
0 0.8586956521739131 0.5047554347826086 0.008831521739130434 0.010190217391304348
0 0.8865489130434783 0.4626358695652174 0.012228260869565218 0.010190217391304348
0 0.9592391304347826 0.4789402173913043 0.010869565217391304 0.010190217391304348
0 0.9748641304347826 0.5101902173913043 0.010190217391304348 0.012228260869565218
0 0.06861413043478261 0.5129076086956522 0.012228260869565218 0.010190217391304348
0 0.09307065217391304 0.5074728260869565 0.010869565217391304 0.010190217391304348
0 0.08355978260869565 0.5373641304347826 0.012228260869565218 0.012228260869565218
0 0.059103260869565216 0.5591032608695652 0.012228260869565218 0.01154891304347826
0 0.03260869565217391 0.5523097826086957 0.010190217391304348 0.010190217391304348
0 0.0033967391304347825 0.5244565217391305 0.006793478260869565 0.010190217391304348
0 0.0033967391304347825 0.514266304347826 0.006114130434782609 0.010190217391304348
0 0.049592391304347824 0.5788043478260869 0.012907608695652174 0.012228260869565218
0 0.10597826086956522 0.563858695652174 0.012907608695652174 0.01154891304347826
0 0.05638586956521739 0.6277173913043478 0.012228260869565218 0.012228260869565218
0 0.0020380434782608695 0.609375 0.004076086956521739 0.014266304347826086
0 0.044157608695652176 0.6610054347826086 0.01358695652173913 0.014266304347826086
0 0.09171195652173914 0.7058423913043478 0.012907608695652174 0.01358695652173913
0 0.20176630434782608 0.5292119565217391 0.012228260869565218 0.01154891304347826
0 0.18682065217391305 0.5536684782608695 0.01358695652173913 0.01154891304347826
0 0.30027173913043476 0.5366847826086957 0.012907608695652174 0.012228260869565218
0 0.311820652173913 0.5760869565217391 0.012228260869565218 0.012228260869565218
0 0.2914402173913043 0.639266304347826 0.012907608695652174 0.01358695652173913
0 0.35665760869565216 0.5203804347826086 0.012907608695652174 0.01154891304347826
0 0.5237771739130435 0.5828804347826086 0.012907608695652174 0.012228260869565218
0 0.5475543478260869 0.592391304347826 0.012228260869565218 0.012228260869565218
0 0.42866847826086957 0.6426630434782609 0.014945652173913044 0.01358695652173913
0 0.6447010869565217 0.595108695652174 0.012907608695652174 0.01154891304347826
0 0.8824728260869565 0.5360054347826086 0.012228260869565218 0.012228260869565218
0 0.8566576086956522 0.529891304347826 0.010869565217391304 0.01154891304347826
0 0.8933423913043478 0.6311141304347826 0.018342391304347828 0.018342391304347828
0 0.8566576086956522 0.6922554347826086 0.010869565217391304 0.016304347826086956
0 0.9116847826086957 0.6881793478260869 0.008831521739130434 0.012228260869565218
0 0.6480978260869565 0.7588315217391305 0.021059782608695652 0.018342391304347828
0 0.3580163043478261 0.7105978260869565 0.016983695652173912 0.016304347826086956
0 0.16644021739130435 0.6657608695652174 0.012907608695652174 0.014266304347826086
0 0.010190217391304348 0.3383152173913043 0.006793478260869565 0.005434782608695652
0 0.14605978260869565 0.391304347826087 0.010190217391304348 0.008152173913043478
0 0.15964673913043478 0.3851902173913043 0.009510869565217392 0.007472826086956522
0 0.06929347826086957 0.4273097826086957 0.01154891304347826 0.008831521739130434
0 0.23980978260869565 0.41779891304347827 0.009510869565217392 0.007472826086956522
0 0.24116847826086957 0.42934782608695654 0.010190217391304348 0.008152173913043478
0 0.25339673913043476 0.421195652173913 0.009510869565217392 0.007472826086956522
0 0.25815217391304346 0.4483695652173913 0.010190217391304348 0.008152173913043478
0 0.36820652173913043 0.3858695652173913 0.010190217391304348 0.007472826086956522
0 0.32133152173913043 0.4361413043478261 0.010190217391304348 0.008152173913043478
0 0.37228260869565216 0.43410326086956524 0.010869565217391304 0.008152173913043478
0 0.4517663043478261 0.4266304347826087 0.010869565217391304 0.008152173913043478
0 0.49592391304347827 0.44089673913043476 0.010869565217391304 0.008152173913043478
0 0.4205163043478261 0.39945652173913043 0.010190217391304348 0.007472826086956522
0 0.43002717391304346 0.3648097826086957 0.008831521739130434 0.006793478260869565
0 0.5129076086956522 0.2717391304347826 0.009510869565217392 0.007472826086956522
0 0.9707880434782609 0.30095108695652173 0.006114130434782609 0.004755434782608696
0 0.9198369565217391 0.2860054347826087 0.006114130434782609 0.004755434782608696
0 0.9279891304347826 0.280570652173913 0.006114130434782609 0.004755434782608696
0 0.875 0.29959239130434784 0.005434782608695652 0.004755434782608696
0 0.8967391304347826 0.405570652173913 0.010869565217391304 0.008152173913043478
0 0.9245923913043478 0.42866847826086957 0.010869565217391304 0.008831521739130434
0 0.9239130434782609 0.40353260869565216 0.010190217391304348 0.008152173913043478
0 0.9884510869565217 0.44497282608695654 0.01154891304347826 0.008831521739130434
0 0.9979619565217391 0.4483695652173913 0.0033967391304347825 0.008831521739130434
0 0.84375 0.41508152173913043 0.010869565217391304 0.008831521739130434
0 0.7792119565217391 0.3688858695652174 0.010190217391304348 0.007472826086956522
0 0.8118206521739131 0.36345108695652173 0.009510869565217392 0.007472826086956522
0 0.8315217391304348 0.34782608695652173 0.008831521739130434 0.006793478260869565
0 0.8131793478260869 0.328804347826087 0.007472826086956522 0.005434782608695652
0 0.8410326086956522 0.4388586956521739 0.01154891304347826 0.009510869565217392
0 0.7710597826086957 0.42866847826086957 0.010869565217391304 0.008152173913043478
0 0.779891304347826 0.43546195652173914 0.010869565217391304 0.008152173913043478
0 0.7710597826086957 0.44089673913043476 0.010869565217391304 0.008831521739130434
0 0.71875 0.4470108695652174 0.010869565217391304 0.008152173913043478
0 0.6399456521739131 0.4633152173913043 0.01154891304347826 0.008831521739130434
0 0.6317934782608695 0.4578804347826087 0.01154891304347826 0.008831521739130434
0 0.07404891304347826 0.46127717391304346 0.012228260869565218 0.008831521739130434
0 0.18070652173913043 0.453804347826087 0.01154891304347826 0.008831521739130434
0 0.34714673913043476 0.46467391304347827 0.01154891304347826 0.008152173913043478
0 0.6800271739130435 0.48029891304347827 0.010869565217391304 0.008831521739130434
0 0.688858695652174 0.5040760869565217 0.01154891304347826 0.008831521739130434
0 0.6725543478260869 0.5054347826086957 0.012228260869565218 0.009510869565217392
0 0.8091032608695652 0.5 0.012228260869565218 0.010190217391304348
0 0.904891304347826 0.46127717391304346 0.010869565217391304 0.008831521739130434
0 0.9259510869565217 0.48233695652173914 0.01154891304347826 0.009510869565217392
0 0.11956521739130435 0.5855978260869565 0.01358695652173913 0.010869565217391304
0 0.09442934782608696 0.5991847826086957 0.014266304347826086 0.010190217391304348
0 0.0020380434782608695 0.6351902173913043 0.004076086956521739 0.01154891304347826
0 0.14130434782608695 0.6385869565217391 0.014945652173913044 0.01154891304347826
0 0.1766304347826087 0.5122282608695652 0.012907608695652174 0.010190217391304348
0 0.18342391304347827 0.5448369565217391 0.01358695652173913 0.010190217391304348
0 0.3016304347826087 0.6290760869565217 0.016304347826086956 0.012228260869565218
0 0.5183423913043478 0.548233695652174 0.01358695652173913 0.010190217391304348
0 0.5217391304347826 0.5414402173913043 0.012907608695652174 0.010190217391304348
0 0.469429347826087 0.641983695652174 0.016304347826086956 0.012228260869565218
0 0.6725543478260869 0.6474184782608695 0.017663043478260868 0.012907608695652174
0 0.7506793478260869 0.5366847826086957 0.012907608695652174 0.010190217391304348
0 0.7941576086956522 0.5387228260869565 0.012907608695652174 0.010190217391304348
0 0.7737771739130435 0.576766304347826 0.014945652173913044 0.01154891304347826
0 0.8885869565217391 0.6209239130434783 0.014945652173913044 0.01154891304347826
0 0.8688858695652174 0.7676630434782609 0.01970108695652174 0.014266304347826086
0 0.7880434782608695 0.7717391304347826 0.01970108695652174 0.014266304347826086
0 0.6569293478260869 0.6664402173913043 0.018342391304347828 0.01358695652173913
0 0.6372282608695652 0.7730978260869565 0.020380434782608696 0.014945652173913044
0 0.4320652173913043 0.7153532608695652 0.01970108695652174 0.014945652173913044
0 0.15828804347826086 0.7350543478260869 0.018342391304347828 0.01358695652173913
0 0.20584239130434784 0.7384510869565217 0.017663043478260868 0.012907608695652174
0 0.008831521739130434 0.8532608695652174 0.017663043478260868 0.01358695652173913
0 0.2078804347826087 0.8872282608695652 0.021739130434782608 0.016983695652173912
0 0.06521739130434782 0.9395380434782609 0.021739130434782608 0.016983695652173912
0 0.13654891304347827 0.9653532608695652 0.024456521739130436 0.017663043478260868
0 0.23029891304347827 0.9572010869565217 0.028532608695652172 0.021059782608695652
0 0.35190217391304346 0.8947010869565217 0.025135869565217392 0.019021739130434784
0 0.7601902173913043 0.8403532608695652 0.021059782608695652 0.016304347826086956
0 0.8301630434782609 0.8471467391304348 0.021739130434782608 0.015625
0 0.8247282608695652 0.875 0.021739130434782608 0.016304347826086956
0 0.7914402173913043 0.9952445652173914 0.02377717391304348 0.009510869565217392
0 0.5747282608695652 0.9279891304347826 0.024456521739130436 0.019021739130434784
0 0.5346467391304348 0.9925271739130435 0.027853260869565216 0.014266304347826086
0 0.6596467391304348 0.9938858695652174 0.024456521739130436 0.012228260869565218
0 0.33491847826086957 0.9864130434782609 0.02717391304347826 0.020380434782608696