0 0.001358695652173913 0.33627717391304346 0.002717391304347826 0.01154891304347826
0 0.1487771739130435 0.44021739130434784 0.041440217391304345 0.04076086956521739
0 0.11820652173913043 0.4422554347826087 0.030570652173913044 0.029891304347826088
0 0.10054347826086957 0.4014945652173913 0.021739130434782608 0.021739130434782608
0 0.12567934782608695 0.35597826086956524 0.014945652173913044 0.01358695652173913
0 0.11888586956521739 0.36345108695652173 0.014266304347826086 0.01358695652173913
0 0.16915760869565216 0.36684782608695654 0.016304347826086956 0.015625
0 0.21671195652173914 0.38654891304347827 0.014945652173913044 0.016983695652173912
0 0.19157608695652173 0.3546195652173913 0.01358695652173913 0.012907608695652174
0 0.35190217391304346 0.40421195652173914 0.02377717391304348 0.02717391304347826
0 0.39470108695652173 0.46467391304347827 0.03872282608695652 0.036005434782608696
0 0.38858695652173914 0.5801630434782609 0.043478260869565216 0.05434782608695652
0 0.005434782608695652 0.438179347826087 0.010869565217391304 0.02309782608695652
0 0.004755434782608696 0.36209239130434784 0.009510869565217392 0.012907608695652174
0 0.04008152173913043 0.3376358695652174 0.01358695652173913 0.008831521739130434
0 0.15013586956521738 0.6229619565217391 0.06725543478260869 0.044157608695652176
0 0.15353260869565216 0.48029891304347827 0.049592391304347824 0.03328804347826087
0 0.07608695652173914 0.39741847826086957 0.03192934782608696 0.021059782608695652
0 0.15896739130434784 0.40828804347826086 0.03328804347826087 0.022418478260869564
0 0.15421195652173914 0.39809782608695654 0.030570652173913044 0.020380434782608696
0 0.12228260869565218 0.38858695652173914 0.026494565217391304 0.017663043478260868
0 0.15557065217391305 0.38315217391304346 0.024456521739130436 0.016304347826086956
0 0.13111413043478262 0.375 0.021739130434782608 0.014266304347826086
0 0.11413043478260869 0.3811141304347826 0.024456521739130436 0.016304347826086956
0 0.09850543478260869 0.374320652173913 0.024456521739130436 0.015625
0 0.08491847826086957 0.36141304347826086 0.018342391304347828 0.01154891304347826
0 0.1480978260869565 0.34646739130434784 0.014266304347826086 0.009510869565217392
0 0.09510869565217392 0.33559782608695654 0.010869565217391304 0.006793478260869565
0 0.05638586956521739 0.3376358695652174 0.012907608695652174 0.008831521739130434
0 0.13111413043478262 0.34171195652173914 0.01358695652173913 0.008831521739130434
0 0.15081521739130435 0.33152173913043476 0.010869565217391304 0.006793478260869565
0 0.15421195652173914 0.33220108695652173 0.010869565217391304 0.006793478260869565
0 0.1644021739130435 0.34171195652173914 0.012228260869565218 0.008152173913043478
0 0.1331521739130435 0.3485054347826087 0.0033967391304347825 0.0020380434782608695
0 0.2873641304347826 0.8383152173913043 0.08899456521739131 0.059103260869565216
0 0.25271739130434784 0.5516304347826086 0.057744565217391304 0.03872282608695652
0 0.26290760869565216 0.4898097826086957 0.04823369565217391 0.03192934782608696
0 0.27853260869565216 0.44497282608695654 0.042119565217391304 0.028532608695652172
0 0.23233695652173914 0.485054347826087 0.050951086956521736 0.033967391304347824
0 0.23369565217391305 0.45584239130434784 0.04483695652173913 0.029891304347826088
0 0.19972826086956522 0.4157608695652174 0.036005434782608696 0.02377717391304348
0 0.24592391304347827 0.41915760869565216 0.036005434782608696 0.024456521739130436
0 0.1793478260869565 0.406929347826087 0.03260869565217391 0.021739130434782608
0 0.2561141304347826 0.40625 0.033967391304347824 0.02309782608695652
0 0.27309782608695654 0.39402173913043476 0.030570652173913044 0.020380434782608696
0 0.22894021739130435 0.38179347826086957 0.024456521739130436 0.016304347826086956
0 0.19972826086956522 0.3953804347826087 0.029211956521739132 0.01970108695652174
0 0.30502717391304346 0.38790760869565216 0.027853260869565216 0.018342391304347828
0 0.311820652173913 0.40964673913043476 0.034646739130434784 0.02377717391304348
0 0.31046195652173914 0.4232336956521739 0.03804347826086957 0.025135869565217392
0 0.374320652173913 0.41032608695652173 0.033967391304347824 0.022418478260869564
0 0.34646739130434784 0.45720108695652173 0.042798913043478264 0.028532608695652172
0 0.3546195652173913 0.48777173913043476 0.04823369565217391 0.03192934782608696
0 0.3376358695652174 0.516983695652174 0.05298913043478261 0.035326086956521736
0 0.36209239130434784 0.6603260869565217 0.07133152173913043 0.04755434782608696
0 0.48709239130434784 0.43546195652173914 0.03872282608695652 0.025815217391304348