0 0.40217391304347827 0.8695652173913043 0.014945652173913044 0.016304347826086956
0 0.012228260869565218 0.8953804347826086 0.020380434782608696 0.021059782608695652
0 0.025135869565217392 0.7221467391304348 0.01358695652173913 0.012907608695652174
0 0.18342391304347827 0.734375 0.01154891304347826 0.014266304347826086
0 0.42459239130434784 0.7275815217391305 0.015625 0.018342391304347828
0 0.47078804347826086 0.7927989130434783 0.017663043478260868 0.019021739130434784
0 0.6766304347826086 0.6793478260869565 0.01154891304347826 0.010869565217391304
0 0.6195652173913043 0.704483695652174 0.010190217391304348 0.012907608695652174
0 0.45584239130434784 0.7058423913043478 0.01154891304347826 0.014945652173913044
0 0.40896739130434784 0.6671195652173914 0.01154891304347826 0.012907608695652174
0 0.2669836956521739 0.626358695652174 0.010190217391304348 0.010869565217391304
0 0.19361413043478262 0.6270380434782609 0.012907608695652174 0.012228260869565218
0 0.03804347826086957 0.5557065217391305 0.01154891304347826 0.010869565217391304
0 0.051630434782608696 0.5332880434782609 0.009510869565217392 0.008831521739130434
0 0.09171195652173914 0.4857336956521739 0.009510869565217392 0.010869565217391304
0 0.06929347826086957 0.5516304347826086 0.01358695652173913 0.012228260869565218
0 0.12296195652173914 0.53125 0.010869565217391304 0.012907608695652174
0 0.12839673913043478 0.5176630434782609 0.012907608695652174 0.014266304347826086
0 0.1480978260869565 0.49796195652173914 0.010190217391304348 0.012907608695652174
0 0.1358695652173913 0.4857336956521739 0.009510869565217392 0.010190217391304348
0 0.14198369565217392 0.47146739130434784 0.008831521739130434 0.008831521739130434
0 0.17459239130434784 0.48845108695652173 0.009510869565217392 0.010190217391304348
0 0.2669836956521739 0.5883152173913043 0.010869565217391304 0.010869565217391304
0 0.22826086956521738 0.483695652173913 0.009510869565217392 0.010190217391304348
0 0.22146739130434784 0.4735054347826087 0.007472826086956522 0.008831521739130434
0 0.19972826086956522 0.47146739130434784 0.008831521739130434 0.010190217391304348
0 0.250679347826087 0.48029891304347827 0.007472826086956522 0.009510869565217392
0 0.30570652173913043 0.5672554347826086 0.01154891304347826 0.012907608695652174
0 0.3220108695652174 0.48641304347826086 0.008831521739130434 0.010190217391304348
0 0.3546195652173913 0.49184782608695654 0.010190217391304348 0.012228260869565218
0 0.39945652173913043 0.49320652173913043 0.010190217391304348 0.010190217391304348
0 0.41032608695652173 0.5591032608695652 0.01358695652173913 0.012907608695652174
0 0.4205163043478261 0.5095108695652174 0.009510869565217392 0.010869565217391304
0 0.515625 0.5101902173913043 0.010190217391304348 0.009510869565217392
0 0.5108695652173914 0.4891304347826087 0.01154891304347826 0.010869565217391304
0 0.48097826086956524 0.47554347826086957 0.009510869565217392 0.012907608695652174
0 0.561141304347826 0.561141304347826 0.01154891304347826 0.012228260869565218
0 0.3892663043478261 0.4273097826086957 0.010190217391304348 0.010190217391304348
0 0.34714673913043476 0.44497282608695654 0.008152173913043478 0.008152173913043478
0 0.3811141304347826 0.46535326086956524 0.009510869565217392 0.010190217391304348
0 0.10258152173913043 0.406929347826087 0.010190217391304348 0.010190217391304348
0 0.06725543478260869 0.40828804347826086 0.009510869565217392 0.010869565217391304
0 0.020380434782608696 0.40896739130434784 0.009510869565217392 0.010869565217391304
0 0.002717391304347826 0.4205163043478261 0.005434782608695652 0.009510869565217392
0 0.3172554347826087 0.33084239130434784 0.008831521739130434 0.008152173913043478
0 0.7887228260869565 0.890625 0.019021739130434784 0.015625
0 0.4544836956521739 0.8756793478260869 0.019021739130434784 0.015625
0 0.4626358695652174 0.921875 0.020380434782608696 0.016983695652173912
0 0.05638586956521739 0.811141304347826 0.019021739130434784 0.015625
0 0.11888586956521739 0.766983695652174 0.017663043478260868 0.014266304347826086
0 0.3389945652173913 0.7289402173913043 0.016983695652173912 0.01358695652173913
0 0.4205163043478261 0.7601902173913043 0.016304347826086956 0.01358695652173913
0 0.7724184782608695 0.8179347826086957 0.017663043478260868 0.014266304347826086
0 0.5808423913043478 0.6773097826086957 0.014945652173913044 0.012907608695652174
0 0.436820652173913 0.6304347826086957 0.014266304347826086 0.01154891304347826
0 0.42459239130434784 0.6216032608695652 0.014266304347826086 0.01154891304347826
0 0.31997282608695654 0.7112771739130435 0.015625 0.012907608695652174
0 0.280570652173913 0.6664402173913043 0.014266304347826086 0.01154891304347826
0 0.25883152173913043 0.6637228260869565 0.014945652173913044 0.012228260869565218
0 0.2642663043478261 0.6542119565217391 0.014266304347826086 0.01154891304347826
0 0.25 0.6012228260869565 0.01358695652173913 0.010190217391304348
0 0.28464673913043476 0.654891304347826 0.014266304347826086 0.01154891304347826
0 0.14605978260869565 0.6311141304347826 0.01358695652173913 0.010869565217391304
0 0.10597826086956522 0.6569293478260869 0.01358695652173913 0.010869565217391304
0 0.11888586956521739 0.6589673913043478 0.01358695652173913 0.010869565217391304
0 0.10461956521739131 0.6317934782608695 0.01358695652173913 0.010869565217391304
0 0.07269021739130435 0.609375 0.012907608695652174 0.010869565217391304
0 0.002717391304347826 0.48709239130434784 0.005434782608695652 0.009510869565217392
0 0.01154891304347826 0.48709239130434784 0.010869565217391304 0.008831521739130434
0 0.018342391304347828 0.4796195652173913 0.010869565217391304 0.008831521739130434
0 0.008831521739130434 0.47146739130434784 0.010869565217391304 0.008831521739130434
0 0.030570652173913044 0.484375 0.01154891304347826 0.009510869565217392
0 0.03328804347826087 0.47146739130434784 0.010869565217391304 0.008831521739130434
0 0.050951086956521736 0.47758152173913043 0.010869565217391304 0.008831521739130434
0 0.04551630434782609 0.4952445652173913 0.01154891304347826 0.009510869565217392
0 0.012907608695652174 0.5129076086956522 0.01154891304347826 0.009510869565217392
0 0.029891304347826088 0.5536684782608695 0.012228260869565218 0.010190217391304348
0 0.04823369565217391 0.5536684782608695 0.012907608695652174 0.010190217391304348
0 0.050271739130434784 0.5421195652173914 0.012907608695652174 0.010190217391304348
0 0.04619565217391304 0.5149456521739131 0.012907608695652174 0.009510869565217392
0 0.07336956521739131 0.48165760869565216 0.010869565217391304 0.008831521739130434
0 0.06182065217391304 0.5047554347826086 0.012228260869565218 0.009510869565217392
0 0.07269021739130435 0.5047554347826086 0.012228260869565218 0.009510869565217392
0 0.09375 0.501358695652174 0.01154891304347826 0.009510869565217392
0 0.11141304347826086 0.5074728260869565 0.012228260869565218 0.009510869565217392
0 0.08491847826086957 0.5421195652173914 0.01358695652173913 0.010190217391304348
0 0.07404891304347826 0.5658967391304348 0.012228260869565218 0.010190217391304348
0 0.07608695652173914 0.578125 0.012907608695652174 0.010190217391304348
0 0.09442934782608696 0.5822010869565217 0.01358695652173913 0.010869565217391304
0 0.11684782608695653 0.545516304347826 0.012907608695652174 0.010869565217391304
0 0.1331521739130435 0.5271739130434783 0.01358695652173913 0.010869565217391304
0 0.14741847826086957 0.4782608695652174 0.010190217391304348 0.008831521739130434
0 0.09035326086956522 0.4735054347826087 0.01154891304347826 0.009510869565217392
0 0.08084239130434782 0.47146739130434784 0.01154891304347826 0.009510869565217392
0 0.1827445652173913 0.5108695652173914 0.01358695652173913 0.010869565217391304
0 0.17051630434782608 0.5224184782608695 0.01358695652173913 0.010869565217391304
0 0.14266304347826086 0.5461956521739131 0.01358695652173913 0.010869565217391304
0 0.18410326086956522 0.5271739130434783 0.01358695652173913 0.010869565217391304
0 0.19904891304347827 0.5394021739130435 0.014945652173913044 0.012228260869565218
0 0.20652173913043478 0.5509510869565217 0.012907608695652174 0.010190217391304348
0 0.21875 0.5658967391304348 0.012907608695652174 0.010190217391304348
0 0.21875 0.5570652173913043 0.012907608695652174 0.010190217391304348
0 0.16032608695652173 0.5849184782608695 0.012907608695652174 0.010190217391304348
0 0.24456521739130435 0.5889945652173914 0.012907608695652174 0.010190217391304348
0 0.2758152173913043 0.561141304347826 0.012228260869565218 0.009510869565217392
0 0.27921195652173914 0.5441576086956522 0.01154891304347826 0.009510869565217392
0 0.2452445652173913 0.5305706521739131 0.01154891304347826 0.009510869565217392
0 0.24592391304347827 0.5237771739130435 0.01154891304347826 0.009510869565217392
0 0.26222826086956524 0.5237771739130435 0.01154891304347826 0.009510869565217392
0 0.2452445652173913 0.5088315217391305 0.01154891304347826 0.009510869565217392
0 0.23233695652173914 0.516983695652174 0.01154891304347826 0.008831521739130434
0 0.23029891304347827 0.5067934782608695 0.012228260869565218 0.009510869565217392
0 0.22146739130434784 0.4986413043478261 0.012228260869565218 0.009510869565217392
0 0.2601902173913043 0.48029891304347827 0.010190217391304348 0.008152173913043478
0 0.2914402173913043 0.49252717391304346 0.010869565217391304 0.008831521739130434
0 0.30978260869565216 0.5889945652173914 0.012907608695652174 0.010190217391304348
0 0.30502717391304346 0.5190217391304348 0.01154891304347826 0.009510869565217392
0 0.3376358695652174 0.48165760869565216 0.010869565217391304 0.008831521739130434
0 0.34375 0.49728260869565216 0.010869565217391304 0.008831521739130434
0 0.3960597826086957 0.48233695652173914 0.010869565217391304 0.008831521739130434
0 0.390625 0.5210597826086957 0.012907608695652174 0.010190217391304348
0 0.45516304347826086 0.5692934782608695 0.01358695652173913 0.010869565217391304
0 0.4327445652173913 0.5360054347826086 0.01358695652173913 0.010869565217391304
0 0.44021739130434784 0.5217391304347826 0.01358695652173913 0.010190217391304348
0 0.4388586956521739 0.48233695652173914 0.01154891304347826 0.009510869565217392
0 0.47078804347826086 0.485054347826087 0.012228260869565218 0.009510869565217392
0 0.4782608695652174 0.5047554347826086 0.012228260869565218 0.009510869565217392
0 0.5040760869565217 0.5264945652173914 0.012907608695652174 0.010190217391304348
0 0.4735054347826087 0.47214673913043476 0.01154891304347826 0.009510869565217392
0 0.5557065217391305 0.5387228260869565 0.012907608695652174 0.010190217391304348
0 0.46875 0.45516304347826086 0.01154891304347826 0.009510869565217392
0 0.43070652173913043 0.43953804347826086 0.010190217391304348 0.008152173913043478
0 0.3763586956521739 0.4232336956521739 0.010190217391304348 0.008152173913043478
0 0.34035326086956524 0.47282608695652173 0.010190217391304348 0.008831521739130434
0 0.017663043478260868 0.4633152173913043 0.010869565217391304 0.008831521739130434