0 0.002717391304347826 0.7547554347826086 0.005434782608695652 0.008152173913043478
0 0.03192934782608696 0.8050271739130435 0.016304347826086956 0.017663043478260868
0 0.026494565217391304 0.7853260869565217 0.010869565217391304 0.010869565217391304
0 0.033967391304347824 0.7527173913043478 0.006793478260869565 0.006793478260869565
0 0.046875 0.766983695652174 0.009510869565217392 0.008831521739130434
0 0.046875 0.7601902173913043 0.006793478260869565 0.006793478260869565
0 0.057065217391304345 0.7832880434782609 0.010869565217391304 0.010869565217391304
0 0.058423913043478264 0.7880434782608695 0.012228260869565218 0.014266304347826086
0 0.08220108695652174 0.8315217391304348 0.017663043478260868 0.019021739130434784
0 0.17527173913043478 0.813858695652174 0.017663043478260868 0.019021739130434784
0 0.19361413043478262 0.8478260869565217 0.021059782608695652 0.02377717391304348
0 0.23369565217391305 0.8777173913043478 0.030570652173913044 0.029891304347826088
0 0.17595108695652173 0.875 0.030570652173913044 0.029891304347826088
0 0.28804347826086957 0.8519021739130435 0.021059782608695652 0.02717391304347826
0 0.19972826086956522 0.7921195652173914 0.012228260869565218 0.014266304347826086
0 0.11005434782608696 0.8097826086956522 0.014945652173913044 0.016304347826086956
0 0.14945652173913043 0.779891304347826 0.010869565217391304 0.012228260869565218
0 0.14198369565217392 0.7690217391304348 0.009510869565217392 0.008831521739130434
0 0.10801630434782608 0.7663043478260869 0.012228260869565218 0.010869565217391304
0 0.12296195652173914 0.7860054347826086 0.009510869565217392 0.010869565217391304
0 0.09986413043478261 0.7438858695652174 0.006793478260869565 0.006793478260869565
0 0.12024456521739131 0.7540760869565217 0.006793478260869565 0.008831521739130434
0 0.12364130434782608 0.7466032608695652 0.009510869565217392 0.008831521739130434
0 0.13043478260869565 0.7567934782608695 0.009510869565217392 0.008831521739130434
0 0.13519021739130435 0.7438858695652174 0.009510869565217392 0.008152173913043478
0 0.17391304347826086 0.7377717391304348 0.006793478260869565 0.006793478260869565
0 0.15692934782608695 0.7547554347826086 0.010869565217391304 0.008831521739130434
0 0.16236413043478262 0.7527173913043478 0.009510869565217392 0.008831521739130434
0 0.17798913043478262 0.7676630434782609 0.010869565217391304 0.010869565217391304
0 0.18817934782608695 0.7547554347826086 0.009510869565217392 0.008831521739130434
0 0.1983695652173913 0.7635869565217391 0.009510869565217392 0.008831521739130434
0 0.20448369565217392 0.7724184782608695 0.010869565217391304 0.010869565217391304
0 0.22758152173913043 0.7724184782608695 0.014945652173913044 0.014266304347826086
0 0.21942934782608695 0.764266304347826 0.010869565217391304 0.010869565217391304
0 0.21807065217391305 0.7588315217391305 0.009510869565217392 0.008831521739130434
0 0.22214673913043478 0.7506793478260869 0.010869565217391304 0.008831521739130434
0 0.21603260869565216 0.7432065217391305 0.009510869565217392 0.008831521739130434
0 0.23980978260869565 0.7466032608695652 0.009510869565217392 0.008152173913043478
0 0.29347826086956524 0.7533967391304348 0.010869565217391304 0.010869565217391304
0 0.25339673913043476 0.7241847826086957 0.009510869565217392 0.008831521739130434
0 0.2595108695652174 0.7533967391304348 0.009510869565217392 0.008152173913043478
0 0.23233695652173914 0.735733695652174 0.009510869565217392 0.008831521739130434
0 0.39266304347826086 0.8634510869565217 0.025135869565217392 0.029891304347826088
0 0.47622282608695654 0.8478260869565217 0.029211956521739132 0.02717391304347826
0 0.4904891304347826 0.8179347826086957 0.021059782608695652 0.02309782608695652
0 0.4741847826086957 0.8118206521739131 0.021059782608695652 0.02377717391304348
0 0.34375 0.766983695652174 0.010869565217391304 0.010869565217391304
0 0.3539402173913043 0.765625 0.012228260869565218 0.012228260869565218
0 0.34578804347826086 0.7567934782608695 0.010869565217391304 0.010869565217391304
0 0.45991847826086957 0.7663043478260869 0.016304347826086956 0.017663043478260868
0 0.48233695652173914 0.782608695652174 0.014945652173913044 0.016304347826086956
0 0.5067934782608695 0.7900815217391305 0.017663043478260868 0.017663043478260868
0 0.5176630434782609 0.8023097826086957 0.01970108695652174 0.019021739130434784
0 0.5652173913043478 0.7989130434782609 0.018342391304347828 0.01970108695652174
0 0.5040760869565217 0.751358695652174 0.014945652173913044 0.012228260869565218
0 0.47282608695652173 0.7452445652173914 0.012228260869565218 0.012228260869565218
0 0.625 0.8023097826086957 0.02377717391304348 0.02309782608695652
0 0.6019021739130435 0.8104619565217391 0.02377717391304348 0.02309782608695652
0 0.6134510869565217 0.7853260869565217 0.01970108695652174 0.019021739130434784
0 0.639266304347826 0.7839673913043478 0.01970108695652174 0.01970108695652174
0 0.5862771739130435 0.7595108695652174 0.016304347826086956 0.016304347826086956
0 0.5597826086956522 0.7520380434782609 0.014945652173913044 0.014945652173913044
0 0.5835597826086957 0.7459239130434783 0.012228260869565218 0.012228260869565218
0 0.608016304347826 0.7459239130434783 0.016304347826086956 0.014945652173913044
0 0.6480978260869565 0.7506793478260869 0.014945652173913044 0.014945652173913044
0 0.6317934782608695 0.7398097826086957 0.014945652173913044 0.012228260869565218
0 0.6881793478260869 0.7914402173913043 0.017663043478260868 0.019021739130434784
0 0.6664402173913043 0.7866847826086957 0.017663043478260868 0.019021739130434784
0 0.7085597826086957 0.811141304347826 0.01970108695652174 0.02377717391304348
0 0.8050271739130435 0.8226902173913043 0.02377717391304348 0.027853260869565216
0 0.8179347826086957 0.8478260869565217 0.01970108695652174 0.02717391304347826
0 0.7622282608695652 0.8097826086956522 0.026494565217391304 0.02717391304347826
0 0.717391304347826 0.7846467391304348 0.017663043478260868 0.019021739130434784
0 0.766983695652174 0.7615489130434783 0.01970108695652174 0.017663043478260868
0 0.9836956521739131 0.8403532608695652 0.03192934782608696 0.042119565217391304
0 0.9626358695652174 0.8349184782608695 0.036005434782608696 0.035326086956521736
0 0.8485054347826086 0.8213315217391305 0.021059782608695652 0.027853260869565216
0 0.8648097826086957 0.7941576086956522 0.025135869565217392 0.02377717391304348
0 0.8009510869565217 0.7540760869565217 0.01970108695652174 0.016304347826086956
0 0.8084239130434783 0.7663043478260869 0.01970108695652174 0.019021739130434784
0 0.8383152173913043 0.7418478260869565 0.016304347826086956 0.014945652173913044
0 0.8600543478260869 0.7418478260869565 0.016304347826086956 0.014945652173913044
0 0.8933423913043478 0.7771739130434783 0.029211956521739132 0.02309782608695652
0 0.9796195652173914 0.8009510869565217 0.026494565217391304 0.02377717391304348
0 0.954483695652174 0.7629076086956522 0.018342391304347828 0.019021739130434784
0 0.9660326086956522 0.751358695652174 0.01970108695652174 0.016304347826086956
0 0.9578804347826086 0.7350543478260869 0.016304347826086956 0.014945652173913044
0 0.9735054347826086 0.7302989130434783 0.014945652173913044 0.014945652173913044
0 0.9538043478260869 0.7099184782608695 0.012228260869565218 0.012228260869565218
0 0.9395380434782609 0.7262228260869565 0.01970108695652174 0.017663043478260868
0 0.9273097826086957 0.7350543478260869 0.01970108695652174 0.019021739130434784
0 0.9130434782608695 0.71875 0.014945652173913044 0.014266304347826086
0 0.873641304347826 0.7146739130434783 0.014945652173913044 0.014266304347826086
0 0.8505434782608695 0.71875 0.014945652173913044 0.014266304347826086
0 0.8240489130434783 0.7323369565217391 0.014945652173913044 0.014266304347826086
0 0.798233695652174 0.7370923913043478 0.016304347826086956 0.014945652173913044
0 0.8362771739130435 0.7004076086956522 0.014945652173913044 0.014266304347826086
0 0.8247282608695652 0.704483695652174 0.014945652173913044 0.014266304347826086
0 0.7737771739130435 0.7241847826086957 0.014945652173913044 0.014945652173913044
0 0.7764945652173914 0.7092391304347826 0.014945652173913044 0.012228260869565218
0 0.7072010869565217 0.7072010869565217 0.010869565217391304 0.008831521739130434
0 0.7309782608695652 0.704483695652174 0.012228260869565218 0.010869565217391304
0 0.7377717391304348 0.7262228260869565 0.012228260869565218 0.014266304347826086
0 0.734375 0.7377717391304348 0.018342391304347828 0.016304347826086956
0 0.7058423913043478 0.717391304347826 0.010869565217391304 0.012228260869565218
0 0.7099184782608695 0.7139945652173914 0.010869565217391304 0.010869565217391304
0 0.7058423913043478 0.7262228260869565 0.014945652173913044 0.014266304347826086
0 0.6440217391304348 0.7099184782608695 0.009510869565217392 0.008152173913043478
0 0.6725543478260869 0.7302989130434783 0.014945652173913044 0.014266304347826086
0 0.6684782608695652 0.7241847826086957 0.012228260869565218 0.012228260869565218
0 0.6908967391304348 0.7275815217391305 0.012228260869565218 0.010869565217391304
0 0.6141304347826086 0.7302989130434783 0.010869565217391304 0.010869565217391304
0 0.5998641304347826 0.7391304347826086 0.012228260869565218 0.012228260869565218
0 0.5360054347826086 0.7364130434782609 0.012228260869565218 0.010869565217391304
0 0.5176630434782609 0.7336956521739131 0.012228260869565218 0.010869565217391304
0 0.5067934782608695 0.71875 0.009510869565217392 0.010869565217391304
0 0.6182065217391305 0.7099184782608695 0.010869565217391304 0.008831521739130434
0 0.452445652173913 0.734375 0.009510869565217392 0.008831521739130434
0 0.46671195652173914 0.717391304347826 0.010869565217391304 0.010869565217391304
0 0.3607336956521739 0.7364130434782609 0.010869565217391304 0.008831521739130434
0 0.359375 0.7282608695652174 0.006793478260869565 0.008152173913043478
0 0.33695652173913043 0.7269021739130435 0.009510869565217392 0.008152173913043478
0 0.33627717391304346 0.7398097826086957 0.010869565217391304 0.010869565217391304
0 0.3070652173913043 0.733016304347826 0.009510869565217392 0.008152173913043478
0 0.3023097826086957 0.7269021739130435 0.006793478260869565 0.006793478260869565
0 0.311820652173913 0.7411684782608695 0.010869565217391304 0.010869565217391304
0 0.30570652173913043 0.7466032608695652 0.010869565217391304 0.008831521739130434
0 0.31521739130434784 0.7506793478260869 0.010869565217391304 0.010869565217391304
0 0.1514945652173913 0.7323369565217391 0.009510869565217392 0.006793478260869565
0 0.25 0.673233695652174 0.006793478260869565 0.006793478260869565
0 0.17798913043478262 0.6759510869565217 0.006793478260869565 0.006793478260869565
0 0.10122282608695653 0.6623641304347826 0.006793478260869565 0.008152173913043478
0 0.9904891304347826 0.9585597826086957 0.017663043478260868 0.042798913043478264
0 0.9137228260869565 0.8586956521739131 0.030570652173913044 0.02377717391304348
0 0.0033967391304347825 0.8417119565217391 0.006793478260869565 0.019021739130434784
0 0.0020380434782608695 0.7771739130434783 0.004076086956521739 0.010869565217391304
0 0.016983695652173912 0.7588315217391305 0.009510869565217392 0.006793478260869565
0 0.030570652173913044 0.8790760869565217 0.034646739130434784 0.025815217391304348
0 0.04551630434782609 0.8498641304347826 0.02377717391304348 0.017663043478260868
0 0.03192934782608696 0.8301630434782609 0.021059782608695652 0.016983695652173912
0 0.020380434782608696 0.8213315217391305 0.01970108695652174 0.014945652173913044
0 0.05366847826086957 0.7724184782608695 0.012228260869565218 0.008831521739130434
0 0.07676630434782608 0.8084239130434783 0.017663043478260868 0.012907608695652174
0 0.10597826086956522 0.8525815217391305 0.027853260869565216 0.021059782608695652
0 0.13858695652173914 0.8179347826086957 0.021059782608695652 0.016304347826086956
0 0.22486413043478262 0.842391304347826 0.027853260869565216 0.021059782608695652
0 0.1766304347826087 0.890625 0.034646739130434784 0.025815217391304348
0 0.30366847826086957 0.8777173913043478 0.03192934782608696 0.02377717391304348
0 0.30910326086956524 0.8478260869565217 0.029211956521739132 0.021059782608695652
0 0.3063858695652174 0.8342391304347826 0.026494565217391304 0.01970108695652174
0 0.30570652173913043 0.8158967391304348 0.022418478260869564 0.017663043478260868
0 0.2866847826086957 0.813858695652174 0.022418478260869564 0.016304347826086956
0 0.25679347826086957 0.8118206521739131 0.021059782608695652 0.016304347826086956
0 0.2269021739130435 0.8172554347826086 0.021059782608695652 0.016304347826086956
0 0.23845108695652173 0.8077445652173914 0.021059782608695652 0.014945652173913044
0 0.22554347826086957 0.7866847826086957 0.016304347826086956 0.010869565217391304
0 0.203125 0.7805706521739131 0.014945652173913044 0.010869565217391304
0 0.14945652173913043 0.8023097826086957 0.017663043478260868 0.012907608695652174
0 0.12567934782608695 0.7989130434782609 0.017663043478260868 0.012907608695652174
0 0.11277173913043478 0.7961956521739131 0.014945652173913044 0.012228260869565218
0 0.125 0.7697010869565217 0.012228260869565218 0.008831521739130434
0 0.12228260869565218 0.7771739130434783 0.012228260869565218 0.008831521739130434
0 0.11005434782608696 0.7540760869565217 0.010869565217391304 0.008152173913043478
0 0.12160326086956522 0.735733695652174 0.008152173913043478 0.006793478260869565
0 0.19972826086956522 0.7663043478260869 0.012228260869565218 0.008831521739130434
0 0.2262228260869565 0.7792119565217391 0.014945652173913044 0.010869565217391304
0 0.20244565217391305 0.7336956521739131 0.009510869565217392 0.006793478260869565
0 0.26358695652173914 0.7758152173913043 0.014945652173913044 0.012228260869565218
0 0.26766304347826086 0.7873641304347826 0.017663043478260868 0.012907608695652174
0 0.2798913043478261 0.7690217391304348 0.01358695652173913 0.010869565217391304
0 0.28940217391304346 0.7914402173913043 0.016304347826086956 0.012228260869565218
0 0.29008152173913043 0.7778532608695652 0.014945652173913044 0.010869565217391304
0 0.3063858695652174 0.7927989130434783 0.01358695652173913 0.010190217391304348
0 0.30570652173913043 0.7663043478260869 0.01358695652173913 0.010190217391304348
0 0.3423913043478261 0.8152173913043478 0.02377717391304348 0.017663043478260868
0 0.3804347826086957 0.8573369565217391 0.030570652173913044 0.02309782608695652
0 0.4741847826086957 0.8709239130434783 0.03328804347826087 0.02377717391304348
0 0.5061141304347826 0.8301630434782609 0.027853260869565216 0.021059782608695652
0 0.40964673913043476 0.8288043478260869 0.026494565217391304 0.01970108695652174
0 0.3695652173913043 0.7934782608695652 0.014945652173913044 0.010869565217391304
0 0.4388586956521739 0.798233695652174 0.02377717391304348 0.016983695652173912
0 0.42595108695652173 0.7832880434782609 0.01970108695652174 0.014945652173913044
0 0.37160326086956524 0.7778532608695652 0.014945652173913044 0.010869565217391304
0 0.3539402173913043 0.7778532608695652 0.01358695652173913 0.010190217391304348
0 0.3376358695652174 0.7785326086956522 0.01358695652173913 0.010869565217391304
0 0.37771739130434784 0.7588315217391305 0.01358695652173913 0.010190217391304348
0 0.3736413043478261 0.7622282608695652 0.01358695652173913 0.010190217391304348
0 0.35258152173913043 0.7472826086956522 0.012228260869565218 0.008831521739130434
0 0.4076086956521739 0.748641304347826 0.014945652173913044 0.010869565217391304
0 0.421195652173913 0.7425271739130435 0.01358695652173913 0.008831521739130434
0 0.436820652173913 0.7581521739130435 0.016304347826086956 0.012228260869565218
0 0.469429347826087 0.7792119565217391 0.01970108695652174 0.014945652173913044
0 0.5033967391304348 0.78125 0.01970108695652174 0.014945652173913044
0 0.5570652173913043 0.8274456521739131 0.026494565217391304 0.021059782608695652
0 0.5502717391304348 0.7866847826086957 0.022418478260869564 0.016304347826086956
0 0.5210597826086957 0.7676630434782609 0.018342391304347828 0.012907608695652174
0 0.514266304347826 0.7574728260869565 0.017663043478260868 0.012907608695652174
0 0.49660326086956524 0.7533967391304348 0.016304347826086956 0.010869565217391304
0 0.4891304347826087 0.7506793478260869 0.016304347826086956 0.012228260869565218
0 0.46195652173913043 0.7554347826086957 0.016304347826086956 0.012228260869565218
0 0.5964673913043478 0.8491847826086957 0.029211956521739132 0.021059782608695652
0 0.6508152173913043 0.8342391304347826 0.029211956521739132 0.021059782608695652
0 0.6440217391304348 0.8125 0.026494565217391304 0.019021739130434784
0 0.5869565217391305 0.7989130434782609 0.025135869565217392 0.019021739130434784
0 0.6311141304347826 0.7676630434782609 0.01970108695652174 0.016304347826086956
0 0.6052989130434783 0.7649456521739131 0.01970108695652174 0.014945652173913044
0 0.5788043478260869 0.7737771739130435 0.021059782608695652 0.014945652173913044
0 0.5801630434782609 0.7520380434782609 0.017663043478260868 0.012907608695652174
0 0.6650815217391305 0.7697010869565217 0.01970108695652174 0.016304347826086956
0 0.7316576086956522 0.8192934782608695 0.026494565217391304 0.01970108695652174
0 0.7941576086956522 0.78125 0.025135869565217392 0.017663043478260868
0 0.688858695652174 0.7574728260869565 0.018342391304347828 0.014266304347826086
0 0.7302989130434783 0.7527173913043478 0.018342391304347828 0.014945652173913044
0 0.7126358695652174 0.7540760869565217 0.01970108695652174 0.014266304347826086
0 0.9082880434782609 0.8254076086956522 0.034646739130434784 0.025815217391304348
0 0.828125 0.7771739130434783 0.02377717391304348 0.017663043478260868
0 0.8206521739130435 0.7527173913043478 0.01970108695652174 0.014945652173913044
0 0.8824728260869565 0.7452445652173914 0.021059782608695652 0.016304347826086956
0 0.9809782608695652 0.7377717391304348 0.01970108695652174 0.014945652173913044
0 0.9932065217391305 0.7282608695652174 0.01358695652173913 0.014266304347826086
0 0.9639945652173914 0.7139945652173914 0.016304347826086956 0.012228260869565218
0 0.967391304347826 0.704483695652174 0.014945652173913044 0.010869565217391304
0 0.9925271739130435 0.6970108695652174 0.01358695652173913 0.010190217391304348
0 0.9959239130434783 0.7065217391304348 0.008152173913043478 0.010869565217391304
0 0.9809782608695652 0.6942934782608695 0.01358695652173913 0.010190217391304348
0 0.954483695652174 0.6942934782608695 0.010869565217391304 0.008831521739130434
0 0.9551630434782609 0.7010869565217391 0.01358695652173913 0.010190217391304348
0 0.9463315217391305 0.701766304347826 0.01358695652173913 0.010190217391304348
0 0.9341032608695652 0.7133152173913043 0.014945652173913044 0.012228260869565218
0 0.9123641304347826 0.6997282608695652 0.009510869565217392 0.006793478260869565
0 0.9008152173913043 0.703125 0.014945652173913044 0.012228260869565218
0 0.8879076086956522 0.6997282608695652 0.016304347826086956 0.012228260869565218
0 0.8913043478260869 0.7092391304347826 0.016304347826086956 0.012228260869565218
0 0.8926630434782609 0.71875 0.017663043478260868 0.012907608695652174
0 0.8539402173913043 0.7092391304347826 0.017663043478260868 0.012228260869565218
0 0.9429347826086957 0.6915760869565217 0.010869565217391304 0.008831521739130434
0 0.8104619565217391 0.7262228260869565 0.016304347826086956 0.012907608695652174
0 0.8206521739130435 0.7139945652173914 0.016304347826086956 0.012228260869565218
0 0.8192934782608695 0.7065217391304348 0.016304347826086956 0.012228260869565218
0 0.8023097826086957 0.704483695652174 0.014945652173913044 0.010869565217391304
0 0.873641304347826 0.6949728260869565 0.016304347826086956 0.012228260869565218
0 0.720108695652174 0.7153532608695652 0.01358695652173913 0.010190217391304348
0 0.7323369565217391 0.7180706521739131 0.014945652173913044 0.010869565217391304
0 0.6766304347826086 0.7153532608695652 0.012228260869565218 0.008831521739130434
0 0.6725543478260869 0.7391304347826086 0.016304347826086956 0.012228260869565218
0 0.608016304347826 0.7269021739130435 0.01358695652173913 0.010190217391304348
0 0.6059782608695652 0.7221467391304348 0.012228260869565218 0.010190217391304348
0 0.576766304347826 0.7133152173913043 0.009510869565217392 0.008152173913043478
0 0.5536684782608695 0.71875 0.009510869565217392 0.006793478260869565
0 0.5679347826086957 0.717391304347826 0.010869565217391304 0.008152173913043478
0 0.548233695652174 0.7302989130434783 0.01358695652173913 0.008831521739130434
0 0.5591032608695652 0.7323369565217391 0.012228260869565218 0.010190217391304348
0 0.5713315217391305 0.7282608695652174 0.01358695652173913 0.010190217391304348
0 0.5394021739130435 0.7452445652173914 0.014945652173913044 0.010869565217391304
0 0.5230978260869565 0.7262228260869565 0.012228260869565218 0.010190217391304348
0 0.5332880434782609 0.7282608695652174 0.01358695652173913 0.008831521739130434
0 0.5373641304347826 0.7241847826086957 0.010869565217391304 0.008152173913043478
0 0.5944293478260869 0.7092391304347826 0.010869565217391304 0.006793478260869565
0 0.44429347826086957 0.7302989130434783 0.01358695652173913 0.008831521739130434
0 0.4436141304347826 0.7228260869565217 0.010869565217391304 0.008152173913043478
0 0.43953804347826086 0.7262228260869565 0.012228260869565218 0.008831521739130434
0 0.46875 0.7235054347826086 0.012228260869565218 0.008831521739130434
0 0.4904891304347826 0.7228260869565217 0.010869565217391304 0.008152173913043478
0 0.46603260869565216 0.7302989130434783 0.012228260869565218 0.008831521739130434
0 0.39334239130434784 0.7255434782608695 0.010869565217391304 0.008152173913043478
0 0.38790760869565216 0.7214673913043478 0.009510869565217392 0.006793478260869565
0 0.38858695652173914 0.7493206521739131 0.012228260869565218 0.008831521739130434
0 0.3695652173913043 0.7411684782608695 0.012228260869565218 0.008831521739130434
0 0.34578804347826086 0.7336956521739131 0.010869565217391304 0.008152173913043478
0 0.34714673913043476 0.7411684782608695 0.012228260869565218 0.008831521739130434
0 0.328125 0.7282608695652174 0.009510869565217392 0.006793478260869565
0 0.3186141304347826 0.7248641304347826 0.008152173913043478 0.006114130434782609
0 0.3186141304347826 0.7588315217391305 0.01358695652173913 0.008831521739130434
0 0.39809782608695654 0.6875 0.006793478260869565 0.004076086956521739
0 0.19904891304347827 0.6657608695652174 0.008152173913043478 0.006114130434782609
0 0.20448369565217392 0.6779891304347826 0.008152173913043478 0.006114130434782609
0 0.06725543478260869 0.9191576086956522 0.041440217391304345 0.03125
0 0.08627717391304347 0.9653532608695652 0.04823369565217391 0.036005434782608696
0 0.1956521739130435 0.9497282608695652 0.044157608695652176 0.03192934782608696
0 0.14470108695652173 0.984375 0.052309782608695655 0.03125
0 0.27785326086956524 0.983016304347826 0.04755434782608696 0.033967391304347824
0 0.40625 0.9279891304347826 0.03872282608695652 0.029211956521739132
0 0.5319293478260869 0.9891304347826086 0.044157608695652176 0.021739130434782608
0 0.6100543478260869 0.9762228260869565 0.044157608695652176 0.03328804347826087
0 0.641983695652174 0.8926630434782609 0.041440217391304345 0.03125
0 0.7119565217391305 0.9612771739130435 0.03736413043478261 0.027853260869565216
0 0.7663043478260869 0.9300271739130435 0.03328804347826087 0.025815217391304348