0 0.08084239130434782 0.65625 0.016304347826086956 0.01358695652173913
0 0.08763586956521739 0.641983695652174 0.015625 0.012907608695652174
0 0.16915760869565216 0.640625 0.01154891304347826 0.01154891304347826
0 0.39266304347826086 0.6338315217391305 0.01358695652173913 0.01154891304347826
0 0.1480978260869565 0.7846467391304348 0.014266304347826086 0.012907608695652174
0 0.44972826086956524 0.7622282608695652 0.014266304347826086 0.01154891304347826
0 0.47690217391304346 0.7710597826086957 0.014266304347826086 0.010869565217391304
0 0.5217391304347826 0.7907608695652174 0.015625 0.012907608695652174
0 0.8158967391304348 0.6283967391304348 0.01358695652173913 0.010869565217391304
0 0.9612771739130435 0.7601902173913043 0.014945652173913044 0.012907608695652174
0 0.7676630434782609 0.8084239130434783 0.015625 0.012907608695652174
0 0.9755434782608695 0.8532608695652174 0.015625 0.014266304347826086
0 0.8002717391304348 0.421875 0.010190217391304348 0.006793478260869565
0 0.8940217391304348 0.4592391304347826 0.01154891304347826 0.007472826086956522
0 0.8824728260869565 0.44972826086956524 0.010869565217391304 0.007472826086956522
0 0.8614130434782609 0.44021739130434784 0.010869565217391304 0.007472826086956522
0 0.021059782608695652 0.6555706521739131 0.016304347826086956 0.010869565217391304
0 0.019021739130434784 0.7697010869565217 0.016304347826086956 0.010869565217391304
0 0.01154891304347826 0.7934782608695652 0.016304347826086956 0.01154891304347826
0 0.264945652173913 0.7676630434782609 0.016304347826086956 0.010869565217391304
0 0.2955163043478261 0.7676630434782609 0.016304347826086956 0.010869565217391304
0 0.9171195652173914 0.7180706521739131 0.015625 0.010190217391304348
0 0.7377717391304348 0.829483695652174 0.017663043478260868 0.01154891304347826
0 0.9381793478260869 0.8444293478260869 0.016983695652173912 0.01154891304347826
0 0.9599184782608695 0.8831521739130435 0.018342391304347828 0.01154891304347826
0 0.9626358695652174 0.9476902173913043 0.019021739130434784 0.012907608695652174
0 0.9680706521739131 0.9327445652173914 0.018342391304347828 0.012907608695652174
0 0.9184782608695652 0.9123641304347826 0.019021739130434784 0.012228260869565218
0 0.8947010869565217 0.9823369565217391 0.019021739130434784 0.012907608695652174
0 0.6447010869565217 0.951766304347826 0.019021739130434784 0.012907608695652174
0 0.764266304347826 0.8811141304347826 0.017663043478260868 0.01154891304347826
0 0.468070652173913 0.9055706521739131 0.018342391304347828 0.012228260869565218
0 0.4857336956521739 0.9259510869565217 0.019021739130434784 0.012907608695652174