0 0.5889945652173914 0.5095108695652174 0.036005434782608696 0.04076086956521739
0 0.5855978260869565 0.484375 0.026494565217391304 0.025815217391304348
0 0.5122282608695652 0.5591032608695652 0.04076086956521739 0.04619565217391304
0 0.6372282608695652 0.45991847826086957 0.025135869565217392 0.03260869565217391
0 0.23233695652173914 0.5788043478260869 0.026494565217391304 0.03804347826086957
0 0.296195652173913 0.5631793478260869 0.021059782608695652 0.029891304347826088
0 0.625 0.576766304347826 0.029891304347826088 0.034646739130434784
0 0.6487771739130435 0.5788043478260869 0.04076086956521739 0.041440217391304345
0 0.6875 0.5801630434782609 0.033967391304347824 0.041440217391304345
0 0.7350543478260869 0.5930706521739131 0.035326086956521736 0.03804347826086957
0 0.7540760869565217 0.6086956521739131 0.036684782608695655 0.04076086956521739
0 0.7697010869565217 0.6209239130434783 0.02309782608695652 0.034646739130434784
0 0.798233695652174 0.623641304347826 0.03328804347826087 0.036684782608695655
0 0.8899456521739131 0.640625 0.021059782608695652 0.030570652173913044
0 0.9028532608695652 0.6385869565217391 0.019021739130434784 0.029211956521739132
0 0.9130434782608695 0.6413043478260869 0.025815217391304348 0.030570652173913044
0 0.9402173913043478 0.6494565217391305 0.029891304347826088 0.03260869565217391
0 0.6793478260869565 0.8648097826086957 0.021059782608695652 0.036684782608695655
0 0.7615489130434783 0.8804347826086957 0.036684782608695655 0.03804347826086957
0 0.9307065217391305 0.938858695652174 0.028532608695652172 0.029891304347826088
0 0.27377717391304346 0.5380434782608695 0.036005434782608696 0.03125
0 0.33695652173913043 0.545516304347826 0.036684782608695655 0.03192934782608696
0 0.41304347826086957 0.5495923913043478 0.036684782608695655 0.03192934782608696
0 0.4164402173913043 0.5332880434782609 0.036005434782608696 0.030570652173913044
0 0.4830163043478261 0.421195652173913 0.02717391304347826 0.02309782608695652
0 0.5625 0.41915760869565216 0.02717391304347826 0.02309782608695652
0 0.5502717391304348 0.5584239130434783 0.03940217391304348 0.033967391304347824
0 0.6127717391304348 0.46059782608695654 0.03125 0.02717391304347826
0 0.6773097826086957 0.4544836956521739 0.030570652173913044 0.026494565217391304
0 0.6032608695652174 0.5550271739130435 0.03872282608695652 0.03328804347826087
0 0.671875 0.5774456521739131 0.03804347826086957 0.03328804347826087
0 0.7105978260869565 0.59375 0.03872282608695652 0.03328804347826087
0 0.7805706521739131 0.5760869565217391 0.04619565217391304 0.04008152173913043
0 0.813858695652174 0.6202445652173914 0.035326086956521736 0.030570652173913044
0 0.8342391304347826 0.578125 0.043478260869565216 0.03736413043478261
0 0.8485054347826086 0.6127717391304348 0.036684782608695655 0.03260869565217391
0 0.8634510869565217 0.6338315217391305 0.03328804347826087 0.029211956521739132
0 0.9483695652173914 0.6311141304347826 0.03192934782608696 0.02717391304347826
0 0.9755434782608695 0.6365489130434783 0.029211956521739132 0.025135869565217392
0 0.9680706521739131 0.654891304347826 0.028532608695652172 0.024456521739130436
0 0.9884510869565217 0.6630434782608695 0.02309782608695652 0.024456521739130436
0 0.7207880434782609 0.8947010869565217 0.033967391304347824 0.029211956521739132
0 0.8675271739130435 0.9463315217391305 0.035326086956521736 0.030570652173913044
0 0.39470108695652173 0.5733695652173914 0.03804347826086957 0.03260869565217391
0 0.3186141304347826 0.5679347826086957 0.03736413043478261 0.03260869565217391
0 0.8430706521739131 0.6365489130434783 0.03260869565217391 0.028532608695652172
0 0.9653532608695652 0.9055706521739131 0.029891304347826088 0.025815217391304348