0 0.21331521739130435 0.6283967391304348 0.017663043478260868 0.016304347826086956
0 0.26902173913043476 0.6514945652173914 0.014266304347826086 0.016304347826086956
0 0.30434782608695654 0.6413043478260869 0.014266304347826086 0.015625
0 0.436820652173913 0.5964673913043478 0.010190217391304348 0.008152173913043478
0 0.4741847826086957 0.5985054347826086 0.007472826086956522 0.007472826086956522
0 0.38790760869565216 0.6277173913043478 0.01154891304347826 0.012907608695652174
0 0.4361413043478261 0.639266304347826 0.010190217391304348 0.01154891304347826
0 0.47078804347826086 0.6413043478260869 0.010190217391304348 0.01154891304347826
0 0.49320652173913043 0.6188858695652174 0.010190217391304348 0.010869565217391304
0 0.5183423913043478 0.6229619565217391 0.010190217391304348 0.010869565217391304
0 0.5815217391304348 0.6120923913043478 0.007472826086956522 0.007472826086956522
0 0.6066576086956522 0.5828804347826086 0.007472826086956522 0.006114130434782609
0 0.654891304347826 0.6032608695652174 0.007472826086956522 0.007472826086956522
0 0.673233695652174 0.6317934782608695 0.01154891304347826 0.012907608695652174
0 0.6881793478260869 0.6433423913043478 0.012907608695652174 0.01154891304347826
0 0.6487771739130435 0.6487771739130435 0.012907608695652174 0.016983695652173912
0 0.71875 0.5808423913043478 0.006793478260869565 0.005434782608695652
0 0.7302989130434783 0.6358695652173914 0.017663043478260868 0.016983695652173912
0 0.75 0.6209239130434783 0.01154891304347826 0.010869565217391304
0 0.8036684782608695 0.626358695652174 0.012907608695652174 0.010869565217391304
0 0.7914402173913043 0.6120923913043478 0.008152173913043478 0.009510869565217392
0 0.7805706521739131 0.595108695652174 0.007472826086956522 0.006114130434782609
0 0.7703804347826086 0.65625 0.017663043478260868 0.016304347826086956
0 0.5801630434782609 0.6936141304347826 0.014266304347826086 0.014266304347826086
0 0.5448369565217391 0.7112771739130435 0.021739130434782608 0.021059782608695652
0 0.5190217391304348 0.7384510869565217 0.024456521739130436 0.022418478260869564
0 0.3953804347826087 0.7377717391304348 0.017663043478260868 0.021059782608695652
0 0.3607336956521739 0.7493206521739131 0.028532608695652172 0.029211956521739132
0 0.5421195652173914 0.7663043478260869 0.028532608695652172 0.025135869565217392
0 0.5733695652173914 0.75 0.021739130434782608 0.018342391304347828
0 0.7072010869565217 0.7377717391304348 0.024456521739130436 0.021059782608695652
0 0.8355978260869565 0.6841032608695652 0.014266304347826086 0.015625
0 0.8233695652173914 0.6589673913043478 0.017663043478260868 0.016304347826086956
0 0.8417119565217391 0.6514945652173914 0.014266304347826086 0.014266304347826086
0 0.873641304347826 0.5903532608695652 0.007472826086956522 0.008152173913043478
0 0.8953804347826086 0.703125 0.014266304347826086 0.016304347826086956
0 0.7377717391304348 0.5815217391304348 0.004755434782608696 0.004755434782608696
0 0.8036684782608695 0.578125 0.004755434782608696 0.005434782608695652
0 0.8328804347826086 0.6066576086956522 0.008152173913043478 0.009510869565217392
0 0.8172554347826086 0.6086956521739131 0.008152173913043478 0.007472826086956522
0 0.7941576086956522 0.6025815217391305 0.007472826086956522 0.006114130434782609
0 0.8342391304347826 0.5876358695652174 0.007472826086956522 0.007472826086956522
0 0.920516304347826 0.5842391304347826 0.007472826086956522 0.007472826086956522
0 0.9538043478260869 0.5855978260869565 0.007472826086956522 0.007472826086956522
0 0.9368206521739131 0.5604619565217391 0.004076086956521739 0.004755434782608696
0 0.9707880434782609 0.5658967391304348 0.006793478260869565 0.005434782608695652
0 0.954483695652174 0.578125 0.004755434782608696 0.005434782608695652
0 0.9259510869565217 0.5991847826086957 0.007472826086956522 0.008152173913043478
0 0.9524456521739131 0.6229619565217391 0.010190217391304348 0.010869565217391304
0 0.09171195652173914 0.6691576086956522 0.012907608695652174 0.014266304347826086
0 0.03125 0.6752717391304348 0.017663043478260868 0.019021739130434784
0 0.2826086956521739 0.7697010869565217 0.022418478260869564 0.03328804347826087
0 0.06182065217391304 0.8485054347826086 0.036684782608695655 0.043478260869565216
0 0.07404891304347826 0.8980978260869565 0.036005434782608696 0.03260869565217391
0 0.20380434782608695 0.8444293478260869 0.03940217391304348 0.036005434782608696
0 0.5305706521739131 0.795516304347826 0.021739130434782608 0.016983695652173912
0 0.748641304347826 0.5842391304347826 0.006793478260869565 0.006114130434782609
0 0.7520380434782609 0.5971467391304348 0.007472826086956522 0.006114130434782609
0 0.84375 0.608016304347826 0.008152173913043478 0.009510869565217392
0 0.8125 0.5903532608695652 0.007472826086956522 0.006114130434782609
0 0.8050271739130435 0.5835597826086957 0.006793478260869565 0.005434782608695652
0 0.951766304347826 0.5706521739130435 0.004755434782608696 0.005434782608695652
0 0.9490489130434783 0.5740489130434783 0.004755434782608696 0.005434782608695652
0 0.9470108695652174 0.576766304347826 0.004755434782608696 0.005434782608695652
0 0.9354619565217391 0.6032608695652174 0.007472826086956522 0.008152173913043478
0 0.21603260869565216 0.6175271739130435 0.014266304347826086 0.010869565217391304
0 0.296875 0.6012228260869565 0.010190217391304348 0.008152173913043478
0 0.3539402173913043 0.6175271739130435 0.012907608695652174 0.010190217391304348
0 0.35122282608695654 0.6413043478260869 0.016304347826086956 0.012228260869565218
0 0.34646739130434784 0.6508152173913043 0.016983695652173912 0.012907608695652174
0 0.374320652173913 0.6311141304347826 0.012907608695652174 0.010869565217391304
0 0.40285326086956524 0.6413043478260869 0.014266304347826086 0.010869565217391304
0 0.45516304347826086 0.6175271739130435 0.01154891304347826 0.008152173913043478
0 0.5129076086956522 0.6365489130434783 0.012907608695652174 0.010190217391304348
0 0.5353260869565217 0.6216032608695652 0.01154891304347826 0.008152173913043478
0 0.5557065217391305 0.626358695652174 0.012228260869565218 0.009510869565217392
0 0.5740489130434783 0.6216032608695652 0.01154891304347826 0.009510869565217392
0 0.576766304347826 0.5747282608695652 0.004755434782608696 0.0033967391304347825
0 0.6345108695652174 0.5842391304347826 0.006793478260869565 0.004755434782608696
0 0.6447010869565217 0.5686141304347826 0.002717391304347826 0.002717391304347826
0 0.6514945652173914 0.5706521739130435 0.004755434782608696 0.0033967391304347825
0 0.6745923913043478 0.5672554347826086 0.002717391304347826 0.0020380434782608695
0 0.6671195652173914 0.561141304347826 0.004755434782608696 0.0033967391304347825
0 0.6841032608695652 0.5652173913043478 0.0020380434782608695 0.001358695652173913
0 0.6949728260869565 0.5658967391304348 0.0020380434782608695 0.001358695652173913
0 0.6902173913043478 0.5665760869565217 0.0020380434782608695 0.001358695652173913
0 0.6752717391304348 0.5828804347826086 0.006793478260869565 0.005434782608695652
0 0.6664402173913043 0.5903532608695652 0.008152173913043478 0.005434782608695652
0 0.625 0.6086956521739131 0.010190217391304348 0.008152173913043478
0 0.6433423913043478 0.6127717391304348 0.012228260869565218 0.009510869565217392
0 0.6161684782608695 0.5855978260869565 0.006793478260869565 0.004755434782608696
0 0.6120923913043478 0.6209239130434783 0.01154891304347826 0.009510869565217392
0 0.65625 0.6175271739130435 0.012228260869565218 0.010190217391304348
0 0.6637228260869565 0.6161684782608695 0.012228260869565218 0.010190217391304348
0 0.6773097826086957 0.6134510869565217 0.012228260869565218 0.009510869565217392
0 0.6854619565217391 0.5978260869565217 0.009510869565217392 0.006793478260869565
0 0.6956521739130435 0.6073369565217391 0.01154891304347826 0.008152173913043478
0 0.7269021739130435 0.5849184782608695 0.005434782608695652 0.004076086956521739
0 0.7697010869565217 0.6399456521739131 0.016983695652173912 0.012907608695652174
0 0.7629076086956522 0.6127717391304348 0.012907608695652174 0.009510869565217392
0 0.7629076086956522 0.6229619565217391 0.014945652173913044 0.010869565217391304
0 0.7853260869565217 0.6521739130434783 0.019021739130434784 0.01358695652173913
0 0.7255434782608695 0.6644021739130435 0.019021739130434784 0.014945652173913044
0 0.6773097826086957 0.6684782608695652 0.01970108695652174 0.014945652173913044
0 0.6997282608695652 0.6990489130434783 0.021739130434782608 0.016304347826086956
0 0.6521739130434783 0.7126358695652174 0.021739130434782608 0.016983695652173912
0 0.5985054347826086 0.7350543478260869 0.024456521739130436 0.017663043478260868
0 0.41372282608695654 0.7235054347826086 0.025135869565217392 0.019021739130434784
0 0.38315217391304346 0.7900815217391305 0.028532608695652172 0.021059782608695652
0 0.6555706521739131 0.766983695652174 0.026494565217391304 0.01970108695652174
0 0.7581521739130435 0.7221467391304348 0.024456521739130436 0.017663043478260868
0 0.7839673913043478 0.6752717391304348 0.019021739130434784 0.014266304347826086
0 0.7989130434782609 0.6915760869565217 0.017663043478260868 0.01358695652173913
0 0.8519021739130435 0.6317934782608695 0.014266304347826086 0.01154891304347826
0 0.8783967391304348 0.6447010869565217 0.014945652173913044 0.01154891304347826
0 0.8817934782608695 0.6317934782608695 0.014266304347826086 0.01154891304347826
0 0.891983695652174 0.6175271739130435 0.01154891304347826 0.008152173913043478
0 0.8756793478260869 0.6046195652173914 0.009510869565217392 0.007472826086956522
0 0.891983695652174 0.595108695652174 0.009510869565217392 0.006793478260869565
0 0.9660326086956522 0.6311141304347826 0.012228260869565218 0.009510869565217392
0 0.9042119565217391 0.6494565217391305 0.014945652173913044 0.01154891304347826
0 0.8872282608695652 0.6644021739130435 0.016983695652173912 0.012228260869565218
0 0.8811141304347826 0.6711956521739131 0.016983695652173912 0.012907608695652174
0 0.8661684782608695 0.71875 0.020380434782608696 0.015625
0 0.8118206521739131 0.7302989130434783 0.022418478260869564 0.016983695652173912
0 0.8389945652173914 0.7377717391304348 0.02377717391304348 0.018342391304347828
0 0.9456521739130435 0.7146739130434783 0.01970108695652174 0.014945652173913044
0 0.9375 0.6936141304347826 0.017663043478260868 0.01358695652173913
0 0.9245923913043478 0.6800271739130435 0.017663043478260868 0.01358695652173913
0 0.9055706521739131 0.6766304347826086 0.016983695652173912 0.012907608695652174
0 0.9952445652173914 0.5991847826086957 0.009510869565217392 0.006793478260869565
0 0.751358695652174 0.5672554347826086 0.005434782608695652 0.004076086956521739
0 0.7588315217391305 0.561141304347826 0.004755434782608696 0.0033967391304347825
0 0.7370923913043478 0.5591032608695652 0.004076086956521739 0.002717391304347826
0 0.7418478260869565 0.5604619565217391 0.004076086956521739 0.002717391304347826
0 0.7710597826086957 0.5754076086956522 0.006793478260869565 0.004755434782608696
0 0.7758152173913043 0.5733695652173914 0.005434782608695652 0.004076086956521739
0 0.7309782608695652 0.576766304347826 0.005434782608695652 0.004076086956521739
0 0.7099184782608695 0.5679347826086957 0.002717391304347826 0.0020380434782608695
0 0.8186141304347826 0.6005434782608695 0.009510869565217392 0.006793478260869565
0 0.8125 0.5944293478260869 0.008152173913043478 0.006114130434782609
0 0.7961956521739131 0.578125 0.006793478260869565 0.004755434782608696
0 0.7934782608695652 0.5604619565217391 0.004755434782608696 0.004076086956521739
0 0.7927989130434783 0.5692934782608695 0.004755434782608696 0.004076086956521739
0 0.7880434782608695 0.5665760869565217 0.005434782608695652 0.004755434782608696
0 0.7751358695652174 0.563858695652174 0.004076086956521739 0.002717391304347826
0 0.8050271739130435 0.561141304347826 0.004076086956521739 0.002717391304347826
0 0.8158967391304348 0.561141304347826 0.004076086956521739 0.002717391304347826
0 0.8097826086956522 0.5665760869565217 0.004755434782608696 0.0033967391304347825
0 0.8247282608695652 0.5889945652173914 0.007472826086956522 0.005434782608695652
0 0.8369565217391305 0.59375 0.008152173913043478 0.006114130434782609
0 0.8063858695652174 0.6141304347826086 0.01154891304347826 0.008152173913043478
0 0.8009510869565217 0.6032608695652174 0.008152173913043478 0.006793478260869565
0 0.828125 0.5754076086956522 0.006793478260869565 0.004755434782608696
0 0.8186141304347826 0.5658967391304348 0.004755434782608696 0.0033967391304347825
0 0.829483695652174 0.5665760869565217 0.004755434782608696 0.0033967391304347825
0 0.828125 0.5577445652173914 0.006793478260869565 0.004755434782608696
0 0.8355978260869565 0.5618206521739131 0.004076086956521739 0.002717391304347826
0 0.8872282608695652 0.5536684782608695 0.0020380434782608695 0.001358695652173913
0 0.875 0.5570652173913043 0.004076086956521739 0.002717391304347826
0 0.8668478260869565 0.5604619565217391 0.004076086956521739 0.002717391304347826
0 0.8539402173913043 0.5720108695652174 0.005434782608695652 0.004755434782608696
0 0.8430706521739131 0.5699728260869565 0.005434782608695652 0.004076086956521739
0 0.8573369565217391 0.5760869565217391 0.006793478260869565 0.004755434782608696
0 0.8675271739130435 0.576766304347826 0.006793478260869565 0.004755434782608696
0 0.8600543478260869 0.5822010869565217 0.007472826086956522 0.005434782608695652
0 0.8573369565217391 0.5896739130434783 0.008152173913043478 0.006114130434782609
0 0.8478260869565217 0.5883152173913043 0.008152173913043478 0.005434782608695652
0 0.8376358695652174 0.576766304347826 0.006793478260869565 0.004755434782608696
0 0.8586956521739131 0.5570652173913043 0.03125 0.02309782608695652
0 0.8505434782608695 0.5557065217391305 0.0020380434782608695 0.001358695652173913
0 0.8872282608695652 0.5733695652173914 0.006793478260869565 0.004755434782608696
0 0.876358695652174 0.5754076086956522 0.006793478260869565 0.005434782608695652
0 0.8831521739130435 0.5801630434782609 0.007472826086956522 0.005434782608695652
0 0.90625 0.5835597826086957 0.007472826086956522 0.005434782608695652
0 0.8980978260869565 0.5726902173913043 0.006793478260869565 0.004755434782608696
0 0.9334239130434783 0.5815217391304348 0.007472826086956522 0.005434782608695652
0 0.9307065217391305 0.5889945652173914 0.008152173913043478 0.006114130434782609
0 0.9422554347826086 0.5849184782608695 0.007472826086956522 0.005434782608695652
0 0.9347826086956522 0.5720108695652174 0.006793478260869565 0.004076086956521739
0 0.9184782608695652 0.5570652173913043 0.004076086956521739 0.002717391304347826
0 0.9123641304347826 0.5604619565217391 0.002717391304347826 0.002717391304347826
0 0.8940217391304348 0.5604619565217391 0.004076086956521739 0.002717391304347826
0 0.951766304347826 0.5550271739130435 0.002717391304347826 0.0020380434782608695
0 0.9612771739130435 0.5570652173913043 0.004076086956521739 0.002717391304347826
0 0.9816576086956522 0.5557065217391305 0.004755434782608696 0.002717391304347826
0 0.9456521739130435 0.5597826086956522 0.004755434782608696 0.002717391304347826
0 0.970108695652174 0.5733695652173914 0.006793478260869565 0.004755434782608696
0 0.9605978260869565 0.5801630434782609 0.007472826086956522 0.004755434782608696
0 0.9755434782608695 0.578125 0.007472826086956522 0.004755434782608696
0 0.9945652173913043 0.579483695652174 0.007472826086956522 0.005434782608695652
0 0.9918478260869565 0.5747282608695652 0.006793478260869565 0.004755434782608696
0 0.998641304347826 0.5577445652173914 0.002717391304347826 0.004076086956521739
0 0.9198369565217391 0.6283967391304348 0.012228260869565218 0.008152173913043478
0 0.25815217391304346 0.6684782608695652 0.01970108695652174 0.015625
0 0.31657608695652173 0.6793478260869565 0.021739130434782608 0.016304347826086956
0 0.30502717391304346 0.6521739130434783 0.019021739130434784 0.01358695652173913
0 0.19633152173913043 0.673233695652174 0.021739130434782608 0.015625
0 0.15353260869565216 0.6610054347826086 0.01970108695652174 0.014945652173913044
0 0.08355978260869565 0.6841032608695652 0.02377717391304348 0.017663043478260868
0 0.02377717391304348 0.6630434782608695 0.01970108695652174 0.014945652173913044
0 0.020380434782608696 0.6922554347826086 0.024456521739130436 0.019021739130434784
0 0.033967391304347824 0.7391304347826086 0.029891304347826088 0.022418478260869564
0 0.16847826086956522 0.7221467391304348 0.028532608695652172 0.021059782608695652
0 0.25679347826086957 0.7853260869565217 0.036005434782608696 0.027853260869565216
0 0.21807065217391305 0.9313858695652174 0.046875 0.035326086956521736
0 0.311820652173913 0.8824728260869565 0.042119565217391304 0.03192934782608696
0 0.40964673913043476 0.8532608695652174 0.041440217391304345 0.03192934782608696
0 0.33695652173913043 0.890625 0.04076086956521739 0.03125
0 0.44021739130434784 0.9395380434782609 0.050951086956521736 0.03804347826086957
0 0.7676630434782609 0.8899456521739131 0.03192934782608696 0.02377717391304348
0 0.6915760869565217 0.7941576086956522 0.02717391304347826 0.020380434782608696
0 0.2710597826086957 0.8648097826086957 0.04076086956521739 0.030570652173913044
0 0.3845108695652174 0.654891304347826 0.016304347826086956 0.012228260869565218
0 0.8478260869565217 0.5591032608695652 0.004076086956521739 0.0020380434782608695
0 0.845108695652174 0.5570652173913043 0.002717391304347826 0.001358695652173913
0 0.8403532608695652 0.5557065217391305 0.0020380434782608695 0.001358695652173913
0 0.8369565217391305 0.5550271739130435 0.0006793478260869565 0.001358695652173913
0 0.8179347826086957 0.5536684782608695 0.0006793478260869565 0.001358695652173913
0 0.8172554347826086 0.5584239130434783 0.002717391304347826 0.002717391304347826
0 0.8179347826086957 0.5597826086956522 0.002717391304347826 0.002717391304347826
0 0.8104619565217391 0.5577445652173914 0.002717391304347826 0.0020380434782608695
0 0.8084239130434783 0.5557065217391305 0.004755434782608696 0.0033967391304347825
0 0.813858695652174 0.5557065217391305 0.0020380434782608695 0.001358695652173913
0 0.8023097826086957 0.5658967391304348 0.004755434782608696 0.0033967391304347825
0 0.8016304347826086 0.5686141304347826 0.005434782608695652 0.0033967391304347825
0 0.8478260869565217 0.5686141304347826 0.005434782608695652 0.004076086956521739
0 0.8600543478260869 0.5720108695652174 0.005434782608695652 0.004076086956521739
0 0.8614130434782609 0.5686141304347826 0.005434782608695652 0.0033967391304347825
0 0.8668478260869565 0.5699728260869565 0.004755434782608696 0.0033967391304347825
0 0.8695652173913043 0.5713315217391305 0.005434782608695652 0.004076086956521739
0 0.8709239130434783 0.5740489130434783 0.006793478260869565 0.004755434782608696
0 0.8797554347826086 0.5672554347826086 0.005434782608695652 0.004076086956521739
0 0.8987771739130435 0.5604619565217391 0.004076086956521739 0.002717391304347826
0 0.9014945652173914 0.5618206521739131 0.004076086956521739 0.0033967391304347825
0 0.9035326086956522 0.5597826086956522 0.002717391304347826 0.002717391304347826
0 0.889266304347826 0.5591032608695652 0.004076086956521739 0.002717391304347826
0 0.8777173913043478 0.5597826086956522 0.004076086956521739 0.002717391304347826
0 0.8817934782608695 0.5584239130434783 0.002717391304347826 0.002717391304347826
0 0.8709239130434783 0.5557065217391305 0.0020380434782608695 0.001358695652173913
0 0.8661684782608695 0.5570652173913043 0.002717391304347826 0.0020380434782608695
0 0.8627717391304348 0.5550271739130435 0.0020380434782608695 0.0020380434782608695
0 0.828125 0.5604619565217391 0.0020380434782608695 0.0006793478260869565
0 0.8118206521739131 0.5828804347826086 0.007472826086956522 0.004755434782608696
0 0.8097826086956522 0.576766304347826 0.005434782608695652 0.004076086956521739
0 0.8145380434782609 0.5740489130434783 0.006793478260869565 0.004076086956521739
0 0.8192934782608695 0.5774456521739131 0.006793478260869565 0.004755434782608696
0 0.7866847826086957 0.5815217391304348 0.006793478260869565 0.005434782608695652
0 0.7730978260869565 0.5815217391304348 0.005434782608695652 0.004755434782608696
0 0.7792119565217391 0.5849184782608695 0.006793478260869565 0.005434782608695652
0 0.7676630434782609 0.5808423913043478 0.005434782608695652 0.004755434782608696
0 0.7635869565217391 0.5747282608695652 0.005434782608695652 0.004076086956521739
0 0.7595108695652174 0.5774456521739131 0.005434782608695652 0.004076086956521739
0 0.7574728260869565 0.5808423913043478 0.006793478260869565 0.004755434782608696
0 0.751358695652174 0.5760869565217391 0.006793478260869565 0.004755434782608696
0 0.7445652173913043 0.5747282608695652 0.006793478260869565 0.004076086956521739
0 0.7438858695652174 0.5801630434782609 0.005434782608695652 0.004755434782608696
0 0.7506793478260869 0.5876358695652174 0.007472826086956522 0.004755434782608696
0 0.7438858695652174 0.5862771739130435 0.007472826086956522 0.004755434782608696
0 0.7425271739130435 0.5903532608695652 0.007472826086956522 0.005434782608695652
0 0.75 0.592391304347826 0.007472826086956522 0.005434782608695652
0 0.7819293478260869 0.6005434782608695 0.008152173913043478 0.006114130434782609
0 0.6508152173913043 0.5903532608695652 0.007472826086956522 0.005434782608695652
0 0.6915760869565217 0.5862771739130435 0.006793478260869565 0.004755434782608696
0 0.6990489130434783 0.5944293478260869 0.009510869565217392 0.006793478260869565
0 0.7058423913043478 0.5822010869565217 0.006793478260869565 0.004755434782608696
0 0.7126358695652174 0.5903532608695652 0.008152173913043478 0.006114130434782609
0 0.7139945652173914 0.5991847826086957 0.010190217391304348 0.007472826086956522
0 0.7085597826086957 0.6025815217391305 0.010190217391304348 0.007472826086956522
0 0.717391304347826 0.5944293478260869 0.009510869565217392 0.006793478260869565
0 0.6827445652173914 0.578125 0.005434782608695652 0.004076086956521739
0 0.6324728260869565 0.5720108695652174 0.0020380434782608695 0.001358695652173913
0 0.7038043478260869 0.6691576086956522 0.01970108695652174 0.014945652173913044
0 0.7472826086956522 0.6311141304347826 0.016304347826086956 0.01154891304347826
0 0.7629076086956522 0.6324728260869565 0.016304347826086956 0.012228260869565218
0 0.7377717391304348 0.5645380434782609 0.004755434782608696 0.0033967391304347825
0 0.7275815217391305 0.5645380434782609 0.004755434782608696 0.002717391304347826
0 0.7255434782608695 0.561141304347826 0.004076086956521739 0.002717391304347826
0 0.8417119565217391 0.5788043478260869 0.006793478260869565 0.004755434782608696
0 0.845108695652174 0.5828804347826086 0.007472826086956522 0.005434782608695652
0 0.8471467391304348 0.579483695652174 0.006793478260869565 0.005434782608695652
0 0.8403532608695652 0.5828804347826086 0.007472826086956522 0.005434782608695652
0 0.8525815217391305 0.5855978260869565 0.007472826086956522 0.005434782608695652
0 0.8029891304347826 0.5849184782608695 0.007472826086956522 0.004755434782608696
0 0.7805706521739131 0.5625 0.004076086956521739 0.002717391304347826
0 0.9252717391304348 0.5604619565217391 0.004755434782608696 0.0033967391304347825
0 0.9239130434782609 0.5665760869565217 0.005434782608695652 0.0033967391304347825
0 0.9164402173913043 0.5652173913043478 0.004755434782608696 0.0033967391304347825
0 0.9184782608695652 0.5706521739130435 0.005434782608695652 0.004076086956521739
0 0.9273097826086957 0.5713315217391305 0.006793478260869565 0.004076086956521739
0 0.9334239130434783 0.5658967391304348 0.005434782608695652 0.0033967391304347825
0 0.9273097826086957 0.563858695652174 0.005434782608695652 0.004076086956521739
0 0.9429347826086957 0.5645380434782609 0.005434782608695652 0.004076086956521739
0 0.9449728260869565 0.5631793478260869 0.004755434782608696 0.004076086956521739
0 0.9524456521739131 0.5618206521739131 0.004755434782608696 0.0033967391304347825
0 0.9551630434782609 0.5625 0.004755434782608696 0.004076086956521739
0 0.9592391304347826 0.5658967391304348 0.005434782608695652 0.004076086956521739
0 0.9619565217391305 0.5618206521739131 0.004755434782608696 0.0033967391304347825
0 0.951766304347826 0.5679347826086957 0.006793478260869565 0.004076086956521739
0 0.9558423913043478 0.5733695652173914 0.006793478260869565 0.004755434782608696
0 0.9585597826086957 0.5754076086956522 0.006793478260869565 0.004755434782608696
0 0.9612771739130435 0.576766304347826 0.007472826086956522 0.005434782608695652
0 0.9660326086956522 0.5801630434782609 0.007472826086956522 0.005434782608695652
0 0.9809782608695652 0.5733695652173914 0.006793478260869565 0.004755434782608696
0 0.9368206521739131 0.5971467391304348 0.009510869565217392 0.006793478260869565
0 0.9449728260869565 0.6114130434782609 0.010190217391304348 0.007472826086956522
0 0.9605978260869565 0.6175271739130435 0.01154891304347826 0.008152173913043478