0 0.5801630434782609 0.7927989130434783 0.016983695652173912 0.012907608695652174
0 0.6290760869565217 0.720108695652174 0.015625 0.01154891304347826
0 0.75 0.8158967391304348 0.012228260869565218 0.009510869565217392
0 0.9524456521739131 0.9116847826086957 0.01154891304347826 0.009510869565217392
0 0.9769021739130435 0.8084239130434783 0.014945652173913044 0.012228260869565218
0 0.9891304347826086 0.7004076086956522 0.012228260869565218 0.010190217391304348
0 0.9680706521739131 0.7065217391304348 0.010190217391304348 0.009510869565217392
0 0.7914402173913043 0.6365489130434783 0.012228260869565218 0.008831521739130434
0 0.6630434782608695 0.6637228260869565 0.009510869565217392 0.008152173913043478
0 0.9578804347826086 0.6073369565217391 0.012907608695652174 0.010869565217391304
0 0.9748641304347826 0.59375 0.012228260869565218 0.010190217391304348
0 0.6052989130434783 0.8077445652173914 0.014945652173913044 0.010190217391304348
0 0.7350543478260869 0.7561141304347826 0.014945652173913044 0.010190217391304348
0 0.8023097826086957 0.8016304347826086 0.014945652173913044 0.010190217391304348
0 0.8158967391304348 0.8716032608695652 0.017663043478260868 0.01154891304347826
0 0.8831521739130435 0.7914402173913043 0.014266304347826086 0.009510869565217392
0 0.907608695652174 0.7785326086956522 0.015625 0.010869565217391304
0 0.9497282608695652 0.7948369565217391 0.015625 0.010190217391304348
0 0.9945652173913043 0.7051630434782609 0.010190217391304348 0.009510869565217392
0 0.8301630434782609 0.6582880434782609 0.01358695652173913 0.008831521739130434
0 0.734375 0.6039402173913043 0.012228260869565218 0.008152173913043478
0 0.6596467391304348 0.6793478260869565 0.01358695652173913 0.009510869565217392
0 0.671875 0.688858695652174 0.014266304347826086 0.009510869565217392
0 0.890625 0.6304347826086957 0.012228260869565218 0.008152173913043478
0 0.9130434782608695 0.6216032608695652 0.012228260869565218 0.008152173913043478
0 0.9008152173913043 0.6324728260869565 0.012228260869565218 0.008152173913043478
0 0.2758152173913043 0.48233695652173914 0.009510869565217392 0.006114130434782609
0 0.1875 0.46603260869565216 0.008831521739130434 0.006114130434782609
0 0.1766304347826087 0.47622282608695654 0.009510869565217392 0.006114130434782609
0 0.19633152173913043 0.48777173913043476 0.009510869565217392 0.006114130434782609
0 0.2139945652173913 0.47554347826086957 0.008831521739130434 0.006114130434782609
0 0.22214673913043478 0.46875 0.008831521739130434 0.006114130434782609
0 0.22826086956521738 0.49728260869565216 0.010190217391304348 0.006114130434782609
0 0.2425271739130435 0.49184782608695654 0.009510869565217392 0.006114130434782609
0 0.9714673913043478 0.5665760869565217 0.010869565217391304 0.007472826086956522
0 0.9449728260869565 0.5760869565217391 0.010869565217391304 0.007472826086956522
0 0.9103260869565217 0.3845108695652174 0.004076086956521739 0.002717391304347826
0 0.9082880434782609 0.36684782608695654 0.002717391304347826 0.0020380434782608695
0 0.7038043478260869 0.47758152173913043 0.006114130434782609 0.0033967391304347825
0 0.7377717391304348 0.47554347826086957 0.006114130434782609 0.0033967391304347825
0 0.9341032608695652 0.25815217391304346 0.008152173913043478 0.005434782608695652
0 0.8620923913043478 0.2452445652173913 0.008152173913043478 0.005434782608695652
0 0.923233695652174 0.2642663043478261 0.008152173913043478 0.005434782608695652
0 0.5536684782608695 0.1800271739130435 0.008152173913043478 0.005434782608695652
0 0.548233695652174 0.1922554347826087 0.008152173913043478 0.005434782608695652
0 0.5163043478260869 0.18478260869565216 0.029211956521739132 0.01970108695652174
0 0.5516304347826086 0.13926630434782608 0.008152173913043478 0.005434782608695652
0 0.5631793478260869 0.18478260869565216 0.008152173913043478 0.005434782608695652
0 0.6100543478260869 0.16508152173913043 0.008831521739130434 0.005434782608695652
0 0.59375 0.14470108695652173 0.008831521739130434 0.005434782608695652
0 0.6046195652173914 0.13994565217391305 0.008152173913043478 0.005434782608695652
0 0.6148097826086957 0.14266304347826086 0.008831521739130434 0.005434782608695652
0 0.6290760869565217 0.1453804347826087 0.008152173913043478 0.005434782608695652
0 0.6351902173913043 0.140625 0.008831521739130434 0.005434782608695652
0 0.07608695652173914 0.04891304347826087 0.03260869565217391 0.021739130434782608
0 0.09714673913043478 0.06114130434782609 0.03260869565217391 0.021739130434782608
0 0.12092391304347826 0.051630434782608696 0.03260869565217391 0.021739130434782608
0 0.15489130434782608 0.046875 0.03260869565217391 0.021739130434782608
0 0.1297554347826087 0.05570652173913043 0.03260869565217391 0.021739130434782608
0 0.20244565217391305 0.0033967391304347825 0.03328804347826087 0.006793478260869565