0 0.7649456521739131 0.7785326086956522 0.02377717391304348 0.029891304347826088
0 0.8023097826086957 0.7119565217391305 0.025135869565217392 0.025815217391304348
0 0.938858695652174 0.7078804347826086 0.02309782608695652 0.025135869565217392
0 0.9816576086956522 0.7248641304347826 0.029211956521739132 0.03328804347826087
0 0.9870923913043478 0.6881793478260869 0.025815217391304348 0.03125
0 0.9144021739130435 0.6372282608695652 0.01970108695652174 0.02377717391304348
0 0.9558423913043478 0.6480978260869565 0.019021739130434784 0.025815217391304348
0 0.9605978260869565 0.6256793478260869 0.021059782608695652 0.02377717391304348
0 0.9952445652173914 0.6283967391304348 0.009510869565217392 0.027853260869565216
0 0.7601902173913043 0.6820652173913043 0.021059782608695652 0.025815217391304348
0 0.7581521739130435 0.6501358695652174 0.021059782608695652 0.02377717391304348
0 0.7676630434782609 0.6290760869565217 0.021059782608695652 0.025135869565217392
0 0.8471467391304348 0.6168478260869565 0.02309782608695652 0.025135869565217392
0 0.8831521739130435 0.6120923913043478 0.01970108695652174 0.021059782608695652
0 0.8383152173913043 0.6019021739130435 0.016983695652173912 0.022418478260869564
0 0.8668478260869565 0.5686141304347826 0.019021739130434784 0.022418478260869564
0 0.8648097826086957 0.595108695652174 0.01970108695652174 0.022418478260869564
0 0.9103260869565217 0.5896739130434783 0.01970108695652174 0.022418478260869564
0 0.9035326086956522 0.579483695652174 0.015625 0.018342391304347828
0 0.7853260869565217 0.5883152173913043 0.016983695652173912 0.020380434782608696
0 0.829483695652174 0.5543478260869565 0.019021739130434784 0.020380434782608696
0 0.798233695652174 0.5427989130434783 0.016983695652173912 0.018342391304347828
0 0.7914402173913043 0.5271739130434783 0.016983695652173912 0.017663043478260868
0 0.7635869565217391 0.5577445652173914 0.019021739130434784 0.020380434782608696
0 0.717391304347826 0.5563858695652174 0.01970108695652174 0.022418478260869564
0 0.8226902173913043 0.5251358695652174 0.016983695652173912 0.018342391304347828
0 0.8355978260869565 0.5115489130434783 0.016983695652173912 0.017663043478260868
0 0.858016304347826 0.5006793478260869 0.016983695652173912 0.016983695652173912
0 0.9089673913043478 0.499320652173913 0.015625 0.018342391304347828
0 0.920516304347826 0.49592391304347827 0.014266304347826086 0.017663043478260868
0 0.9191576086956522 0.5407608695652174 0.019021739130434784 0.020380434782608696
0 0.9144021739130435 0.5563858695652174 0.019021739130434784 0.022418478260869564
0 0.984375 0.5197010869565217 0.016983695652173912 0.018342391304347828
0 0.96875 0.47758152173913043 0.015625 0.018342391304347828
0 0.8376358695652174 0.4830163043478261 0.016983695652173912 0.018342391304347828
0 0.7676630434782609 0.501358695652174 0.015625 0.017663043478260868
0 0.748641304347826 0.499320652173913 0.015625 0.014945652173913044
0 0.733016304347826 0.49796195652173914 0.015625 0.017663043478260868
0 0.7105978260869565 0.48777173913043476 0.015625 0.016983695652173912
0 0.7235054347826086 0.47214673913043476 0.015625 0.017663043478260868
0 0.7459239130434783 0.47758152173913043 0.015625 0.016983695652173912
0 0.7717391304347826 0.48097826086956524 0.014266304347826086 0.014945652173913044
0 0.891983695652174 0.47282608695652173 0.015625 0.016983695652173912
0 0.6752717391304348 0.6528532608695652 0.02309782608695652 0.028532608695652172
0 0.671875 0.6188858695652174 0.016983695652173912 0.021059782608695652
0 0.6487771739130435 0.610733695652174 0.01970108695652174 0.02377717391304348
0 0.47146739130434784 0.6433423913043478 0.025135869565217392 0.025135869565217392
0 0.5910326086956522 0.6256793478260869 0.016983695652173912 0.02377717391304348
0 0.5849184782608695 0.6025815217391305 0.016983695652173912 0.018342391304347828
0 0.44565217391304346 0.5692934782608695 0.016983695652173912 0.020380434782608696
0 0.42934782608695654 0.5720108695652174 0.012228260869565218 0.016983695652173912
0 0.48029891304347827 0.5475543478260869 0.01358695652173913 0.01358695652173913
0 0.4857336956521739 0.5251358695652174 0.012228260869565218 0.014945652173913044
0 0.4008152173913043 0.5584239130434783 0.012228260869565218 0.014945652173913044
0 0.6793478260869565 0.5421195652173914 0.016983695652173912 0.020380434782608696
0 0.5991847826086957 0.5258152173913043 0.016983695652173912 0.018342391304347828
0 0.6345108695652174 0.48709239130434784 0.014266304347826086 0.018342391304347828
0 0.6949728260869565 0.4748641304347826 0.015625 0.017663043478260868
0 0.610733695652174 0.5101902173913043 0.015625 0.016983695652173912
0 0.5733695652173914 0.42459239130434784 0.01154891304347826 0.012228260869565218
0 0.6114130434782609 0.4266304347826087 0.012228260869565218 0.012907608695652174
0 0.6555706521739131 0.4205163043478261 0.016983695652173912 0.016983695652173912
0 0.6990489130434783 0.41779891304347827 0.014266304347826086 0.014945652173913044
0 0.7065217391304348 0.43070652173913043 0.015625 0.014945652173913044
0 0.6739130434782609 0.45040760869565216 0.014266304347826086 0.014945652173913044
0 0.6623641304347826 0.44429347826086957 0.012228260869565218 0.01358695652173913
0 0.6182065217391305 0.4429347826086957 0.012228260869565218 0.01358695652173913
0 0.6290760869565217 0.45652173913043476 0.014266304347826086 0.01358695652173913
0 0.6154891304347826 0.46535326086956524 0.014266304347826086 0.016983695652173912
0 0.6596467391304348 0.46059782608695654 0.012228260869565218 0.016983695652173912
0 0.765625 0.46127717391304346 0.01154891304347826 0.012228260869565218
0 0.7024456521739131 0.46195652173913043 0.012228260869565218 0.01358695652173913
0 0.8315217391304348 0.453804347826087 0.015625 0.014945652173913044
0 0.8220108695652174 0.47690217391304346 0.014266304347826086 0.014945652173913044
0 0.8084239130434783 0.4483695652173913 0.015625 0.016983695652173912
0 0.8539402173913043 0.452445652173913 0.014266304347826086 0.016983695652173912
0 0.8858695652173914 0.4483695652173913 0.014266304347826086 0.014945652173913044
0 0.9279891304347826 0.44972826086956524 0.016983695652173912 0.016983695652173912
0 0.6066576086956522 0.7160326086956522 0.027853260869565216 0.025815217391304348
0 0.8933423913043478 0.7384510869565217 0.03125 0.02717391304347826
0 0.938858695652174 0.7452445652173914 0.034646739130434784 0.029891304347826088
0 0.9144021739130435 0.6766304347826086 0.02717391304347826 0.02377717391304348
0 0.8552989130434783 0.6793478260869565 0.025135869565217392 0.022418478260869564
0 0.8682065217391305 0.6603260869565217 0.025135869565217392 0.021059782608695652
0 0.826766304347826 0.6637228260869565 0.025135869565217392 0.022418478260869564
0 0.8226902173913043 0.6283967391304348 0.02309782608695652 0.021059782608695652
0 0.8213315217391305 0.6120923913043478 0.02309782608695652 0.020380434782608696
0 0.8118206521739131 0.608016304347826 0.021739130434782608 0.020380434782608696
0 0.8376358695652174 0.5760869565217391 0.021059782608695652 0.018342391304347828
0 0.8057065217391305 0.5733695652173914 0.01970108695652174 0.017663043478260868
0 0.766983695652174 0.532608695652174 0.017663043478260868 0.016983695652173912
0 0.7527173913043478 0.5822010869565217 0.021739130434782608 0.018342391304347828
0 0.7350543478260869 0.6019021739130435 0.021739130434782608 0.01970108695652174
0 0.7377717391304348 0.5489130434782609 0.01970108695652174 0.017663043478260868
0 0.8525815217391305 0.514266304347826 0.017663043478260868 0.015625
0 0.8913043478260869 0.5067934782608695 0.017663043478260868 0.016983695652173912
0 0.9381793478260869 0.4904891304347826 0.017663043478260868 0.015625
0 0.9599184782608695 0.49796195652173914 0.017663043478260868 0.016983695652173912
0 0.954483695652174 0.5210597826086957 0.019021739130434784 0.016983695652173912
0 0.9422554347826086 0.5441576086956522 0.01970108695652174 0.017663043478260868
0 0.9497282608695652 0.5529891304347826 0.01970108695652174 0.017663043478260868
0 0.8783967391304348 0.5475543478260869 0.01970108695652174 0.017663043478260868
0 0.9816576086956522 0.5686141304347826 0.021739130434782608 0.01970108695652174
0 0.985733695652174 0.5353260869565217 0.01970108695652174 0.017663043478260868
0 0.9966032608695652 0.48777173913043476 0.006114130434782609 0.015625
0 0.9911684782608695 0.4735054347826087 0.017663043478260868 0.015625
0 0.8186141304347826 0.4891304347826087 0.016983695652173912 0.014945652173913044
0 0.7941576086956522 0.4782608695652174 0.016983695652173912 0.014945652173913044
0 0.9938858695652174 0.6025815217391305 0.012228260869565218 0.020380434782608696
0 0.5122282608695652 0.6745923913043478 0.02717391304347826 0.025135869565217392
0 0.6086956521739131 0.626358695652174 0.021739130434782608 0.020380434782608696
0 0.501358695652174 0.5523097826086957 0.016983695652173912 0.014945652173913044
0 0.30978260869565216 0.5251358695652174 0.015625 0.01358695652173913
0 0.390625 0.6012228260869565 0.021059782608695652 0.018342391304347828
0 0.28125 0.5183423913043478 0.014266304347826086 0.012907608695652174
0 0.2955163043478261 0.5088315217391305 0.014266304347826086 0.012907608695652174
0 0.5645380434782609 0.579483695652174 0.019021739130434784 0.016983695652173912
0 0.6120923913043478 0.5733695652173914 0.01970108695652174 0.017663043478260868
0 0.6345108695652174 0.5754076086956522 0.021059782608695652 0.017663043478260868
0 0.640625 0.5563858695652174 0.01970108695652174 0.017663043478260868
0 0.6711956521739131 0.5591032608695652 0.01970108695652174 0.017663043478260868
0 0.6766304347826086 0.5040760869565217 0.017663043478260868 0.015625
0 0.6399456521739131 0.5163043478260869 0.017663043478260868 0.015625
0 0.5706521739130435 0.5366847826086957 0.016983695652173912 0.015625
0 0.6528532608695652 0.4891304347826087 0.016983695652173912 0.014945652173913044
0 0.561141304347826 0.41032608695652173 0.01358695652173913 0.012228260869565218
0 0.5788043478260869 0.4116847826086957 0.01358695652173913 0.012228260869565218
0 0.6012228260869565 0.40896739130434784 0.014266304347826086 0.012228260869565218
0 0.6148097826086957 0.4001358695652174 0.01358695652173913 0.012907608695652174
0 0.6338315217391305 0.40285326086956524 0.015625 0.012907608695652174
0 0.5971467391304348 0.42459239130434784 0.014266304347826086 0.012907608695652174
0 0.6270380434782609 0.4164402173913043 0.014266304347826086 0.012228260869565218
0 0.6331521739130435 0.42527173913043476 0.014266304347826086 0.012907608695652174
0 0.6508152173913043 0.41508152173913043 0.015625 0.01358695652173913
0 0.688858695652174 0.41847826086956524 0.015625 0.01358695652173913
0 0.7180706521739131 0.41304347826086957 0.016983695652173912 0.014945652173913044
0 0.7398097826086957 0.42934782608695654 0.015625 0.01358695652173913
0 0.71875 0.4483695652173913 0.015625 0.01358695652173913
0 0.686141304347826 0.438179347826087 0.015625 0.01358695652173913
0 0.6399456521739131 0.44429347826086957 0.015625 0.012907608695652174
0 0.641983695652174 0.453804347826087 0.015625 0.01358695652173913
0 0.6745923913043478 0.4701086956521739 0.015625 0.014945652173913044
0 0.7391304347826086 0.46467391304347827 0.014266304347826086 0.012907608695652174
0 0.7805706521739131 0.4633152173913043 0.015625 0.01358695652173913
0 0.8199728260869565 0.4673913043478261 0.016983695652173912 0.01358695652173913
0 0.6351902173913043 0.31929347826086957 0.017663043478260868 0.016983695652173912
0 0.025815217391304348 0.6827445652173914 0.025815217391304348 0.02377717391304348