0 0.10869565217391304 0.06114130434782609 0.035326086956521736 0.04008152173913043
0 0.17051630434782608 0.10122282608695653 0.07269021739130435 0.06317934782608696
0 0.22418478260869565 0.03260869565217391 0.02717391304347826 0.026494565217391304
0 0.41440217391304346 0.027853260869565216 0.033967391304347824 0.03192934782608696
0 0.33967391304347827 0.05570652173913043 0.046875 0.043478260869565216
0 0.5230978260869565 0.025815217391304348 0.06385869565217392 0.051630434782608696
0 0.6847826086956522 0.010869565217391304 0.027853260869565216 0.021739130434782608
0 0.7282608695652174 0.020380434782608696 0.043478260869565216 0.04076086956521739
0 0.3423913043478261 0.484375 0.14945652173913043 0.17119565217391305
0 0.04823369565217391 0.006114130434782609 0.028532608695652172 0.012228260869565218
0 0.09850543478260869 0.007472826086956522 0.030570652173913044 0.014945652173913044
0 0.12839673913043478 0.01154891304347826 0.03328804347826087 0.02309782608695652
0 0.16304347826086957 0.033967391304347824 0.044157608695652176 0.035326086956521736
0 0.14673913043478262 0.06657608695652174 0.05638586956521739 0.04483695652173913
0 0.051630434782608696 0.08423913043478261 0.06725543478260869 0.05366847826086957
0 0.12092391304347826 0.11888586956521739 0.08016304347826086 0.06453804347826086
0 0.08559782608695653 0.06861413043478261 0.057065217391304345 0.04551630434782609
0 0.04076086956521739 0.014945652173913044 0.035326086956521736 0.028532608695652172
0 0.06385869565217392 0.027853260869565216 0.041440217391304345 0.03328804347826087
0 0.21875 0.018342391304347828 0.03736413043478261 0.029891304347826088
0 0.25407608695652173 0.02377717391304348 0.03940217391304348 0.03192934782608696
0 0.29347826086956524 0.052309782608695655 0.050951086956521736 0.04076086956521739
0 0.34782608695652173 0.01970108695652174 0.03804347826086957 0.030570652173913044
0 0.37228260869565216 0.034646739130434784 0.04483695652173913 0.036005434782608696
0 0.3763586956521739 0.078125 0.06046195652173913 0.04823369565217391
0 0.26222826086956524 0.09578804347826086 0.06521739130434782 0.052309782608695655
0 0.41508152173913043 0.004755434782608696 0.027853260869565216 0.009510869565217392
0 0.37839673913043476 0.007472826086956522 0.030570652173913044 0.014945652173913044
0 0.41440217391304346 0.04823369565217391 0.049592391304347824 0.04008152173913043
0 0.71875 0.06453804347826086 0.05570652173913043 0.04483695652173913
0 0.6521739130434783 0.014945652173913044 0.03804347826086957 0.029891304347826088
0 0.8213315217391305 0.08220108695652174 0.05638586956521739 0.04483695652173913
0 0.9014945652173914 0.11005434782608696 0.06114130434782609 0.04891304347826087
0 0.9802989130434783 0.08288043478260869 0.03940217391304348 0.04619565217391304
0 0.9945652173913043 0.030570652173913044 0.010869565217391304 0.036684782608695655
0 0.9741847826086957 0.1671195652173913 0.051630434782608696 0.057065217391304345
0 0.8654891304347826 0.19089673913043478 0.07269021739130435 0.058423913043478264
0 0.8831521739130435 0.16236413043478262 0.06929347826086957 0.05502717391304348
0 0.5883152173913043 0.18410326086956522 0.10258152173913043 0.08288043478260869
0 0.4436141304347826 0.15760869565217392 0.08084239130434782 0.06521739130434782
0 0.453804347826087 0.1297554347826087 0.07472826086956522 0.059782608695652176
0 0.469429347826087 0.1956521739130435 0.08967391304347826 0.07133152173913043
0 0.29415760869565216 0.15828804347826086 0.08152173913043478 0.06521739130434782
0 0.30910326086956524 0.19904891304347827 0.10597826086956522 0.08491847826086957
0 0.37160326086956524 0.1922554347826087 0.08899456521739131 0.07133152173913043
0 0.19157608695652173 0.22010869565217392 0.11141304347826086 0.08967391304347826
0 0.18478260869565216 0.18546195652173914 0.10190217391304347 0.08220108695652174
0 0.016983695652173912 0.18410326086956522 0.033967391304347824 0.08288043478260869
0 0.17459239130434784 0.3077445652173913 0.1331521739130435 0.10665760869565218
0 0.421195652173913 0.3811141304347826 0.1480978260869565 0.11888586956521739
0 0.24796195652173914 0.3845108695652174 0.1487771739130435 0.11956521739130435
0 0.5536684782608695 0.2907608695652174 0.1297554347826087 0.10394021739130435
0 0.6664402173913043 0.327445652173913 0.13790760869565216 0.11073369565217392
0 0.8885869565217391 0.26834239130434784 0.08288043478260869 0.06657608695652174
0 0.9904891304347826 0.311820652173913 0.019021739130434784 0.07880434782608696
0 0.12703804347826086 0.5319293478260869 0.17527173913043478 0.140625
0 0.5210597826086957 0.4266304347826087 0.15692934782608695 0.12635869565217392
0 0.483695652173913 0.6902173913043478 0.20040760869565216 0.16032608695652173
0 0.7167119565217391 0.7228260869565217 0.18546195652173914 0.1480978260869565
0 0.923233695652174 0.6148097826086957 0.15353260869565216 0.1358695652173913
0 0.985733695652174 0.6854619565217391 0.028532608695652172 0.14266304347826086
0 0.6426630434782609 0.09035326086956522 0.06521739130434782 0.052309782608695655