0 0.983016304347826 0.23573369565217392 0.029891304347826088 0.02377717391304348
0 0.9341032608695652 0.32065217391304346 0.017663043478260868 0.017663043478260868
0 0.8369565217391305 0.3797554347826087 0.026494565217391304 0.021059782608695652
0 0.798233695652174 0.3797554347826087 0.021059782608695652 0.018342391304347828
0 0.779891304347826 0.39809782608695654 0.017663043478260868 0.016983695652173912
0 0.6990489130434783 0.43410326086956524 0.01358695652173913 0.012228260869565218
0 0.6834239130434783 0.453804347826087 0.01358695652173913 0.014945652173913044
0 0.6603260869565217 0.46059782608695654 0.012907608695652174 0.01358695652173913
0 0.6338315217391305 0.4830163043478261 0.010190217391304348 0.010869565217391304
0 0.5373641304347826 0.546875 0.01358695652173913 0.01358695652173913
0 0.532608695652174 0.5591032608695652 0.012907608695652174 0.012228260869565218
0 0.5190217391304348 0.5692934782608695 0.009510869565217392 0.010190217391304348
0 0.48233695652173914 0.5835597826086957 0.01358695652173913 0.014945652173913044
0 0.44497282608695654 0.5760869565217391 0.010190217391304348 0.010869565217391304
0 0.25339673913043476 0.7649456521739131 0.016304347826086956 0.014945652173913044
0 0.26154891304347827 0.7635869565217391 0.016304347826086956 0.014945652173913044
0 0.3648097826086957 0.7595108695652174 0.016304347826086956 0.017663043478260868
0 0.39334239130434784 0.7649456521739131 0.017663043478260868 0.017663043478260868
0 0.42866847826086957 0.7554347826086957 0.017663043478260868 0.018342391304347828
0 0.453804347826087 0.7554347826086957 0.016304347826086956 0.014945652173913044
0 0.48097826086956524 0.7676630434782609 0.018342391304347828 0.018342391304347828
0 0.5081521739130435 0.7445652173913043 0.017663043478260868 0.016983695652173912
0 0.6025815217391305 0.7235054347826086 0.016304347826086956 0.016983695652173912
0 0.6154891304347826 0.7438858695652174 0.018342391304347828 0.018342391304347828
0 0.5842391304347826 0.7466032608695652 0.017663043478260868 0.020380434782608696
0 0.5720108695652174 0.7554347826086957 0.018342391304347828 0.021059782608695652
0 0.563858695652174 0.7730978260869565 0.021059782608695652 0.021059782608695652
0 0.5407608695652174 0.7533967391304348 0.016304347826086956 0.014945652173913044
0 0.5176630434782609 0.7622282608695652 0.016304347826086956 0.016983695652173912
0 0.5251358695652174 0.7717391304347826 0.016304347826086956 0.016983695652173912
0 0.9945652173913043 0.7873641304347826 0.010190217391304348 0.025815217391304348
0 0.8586956521739131 0.7941576086956522 0.018342391304347828 0.021059782608695652
0 0.8335597826086957 0.7819293478260869 0.025135869565217392 0.027853260869565216
0 0.7506793478260869 0.8091032608695652 0.02309782608695652 0.021059782608695652
0 0.7160326086956522 0.8077445652173914 0.025135869565217392 0.025135869565217392
0 0.6922554347826086 0.8091032608695652 0.021059782608695652 0.022418478260869564
0 0.6929347826086957 0.7975543478260869 0.018342391304347828 0.018342391304347828
0 0.6358695652173914 0.8104619565217391 0.025135869565217392 0.025135869565217392
0 0.5353260869565217 0.8097826086956522 0.02309782608695652 0.027853260869565216
0 0.5149456521739131 0.8165760869565217 0.021739130434782608 0.027853260869565216
0 0.49796195652173914 0.7866847826086957 0.017663043478260868 0.017663043478260868
0 0.4633152173913043 0.7975543478260869 0.02309782608695652 0.021059782608695652
0 0.39945652173913043 0.8125 0.026494565217391304 0.029891304347826088
0 0.3858695652173913 0.796875 0.018342391304347828 0.018342391304347828
0 0.39334239130434784 0.7819293478260869 0.017663043478260868 0.018342391304347828
0 0.35258152173913043 0.8104619565217391 0.02309782608695652 0.025135869565217392
0 0.32404891304347827 0.7927989130434783 0.017663043478260868 0.020380434782608696
0 0.3125 0.78125 0.016304347826086956 0.017663043478260868
0 0.28940217391304346 0.8002717391304348 0.021059782608695652 0.021059782608695652
0 0.25883152173913043 0.7832880434782609 0.018342391304347828 0.017663043478260868
0 0.23709239130434784 0.7914402173913043 0.018342391304347828 0.021059782608695652
0 0.23165760869565216 0.8145380434782609 0.021739130434782608 0.025815217391304348
0 0.2112771739130435 0.8240489130434783 0.021739130434782608 0.027853260869565216
0 0.1983695652173913 0.7730978260869565 0.016304347826086956 0.016983695652173912
0 0.17595108695652173 0.7853260869565217 0.018342391304347828 0.020380434782608696
0 0.16168478260869565 0.7663043478260869 0.01358695652173913 0.01358695652173913
0 0.14266304347826086 0.7730978260869565 0.01358695652173913 0.016983695652173912
0 0.12567934782608695 0.7792119565217391 0.017663043478260868 0.018342391304347828
0 0.10190217391304347 0.7941576086956522 0.017663043478260868 0.018342391304347828
0 0.07269021739130435 0.7832880434782609 0.02309782608695652 0.025815217391304348
0 0.06182065217391304 0.7676630434782609 0.01358695652173913 0.014945652173913044
0 0.052309782608695655 0.782608695652174 0.016304347826086956 0.018342391304347828
0 0.03328804347826087 0.7914402173913043 0.018342391304347828 0.021059782608695652
0 0.012907608695652174 0.7785326086956522 0.016304347826086956 0.016983695652173912
0 0.006114130434782609 0.7703804347826086 0.01154891304347826 0.016983695652173912
0 0.9864130434782609 0.9225543478260869 0.026494565217391304 0.04551630434782609
0 0.8376358695652174 0.9198369565217391 0.03260869565217391 0.03328804347826087
0 0.859375 0.9585597826086957 0.03260869565217391 0.041440217391304345
0 0.7010869565217391 0.9816576086956522 0.03940217391304348 0.025815217391304348
0 0.514266304347826 0.9266304347826086 0.02309782608695652 0.029891304347826088
0 0.2561141304347826 0.9286684782608695 0.026494565217391304 0.036005434782608696
0 0.25339673913043476 0.9775815217391305 0.026494565217391304 0.03125
0 0.14470108695652173 0.9470108695652174 0.025135869565217392 0.04551630434782609
0 0.11209239130434782 0.9558423913043478 0.018342391304347828 0.029891304347826088
0 0.9551630434782609 0.2751358695652174 0.026494565217391304 0.022418478260869564
0 0.9721467391304348 0.3023097826086957 0.025135869565217392 0.020380434782608696
0 0.8960597826086957 0.32608695652173914 0.025135869565217392 0.01970108695652174
0 0.8648097826086957 0.3539402173913043 0.02309782608695652 0.018342391304347828
0 0.7581521739130435 0.4123641304347826 0.018342391304347828 0.014945652173913044
0 0.75 0.421195652173913 0.018342391304347828 0.014945652173913044
0 0.6487771739130435 0.48029891304347827 0.014945652173913044 0.012228260869565218
0 0.6188858695652174 0.49796195652173914 0.01358695652173913 0.012228260869565218
0 0.609375 0.5122282608695652 0.014945652173913044 0.010869565217391304
0 0.5808423913043478 0.5183423913043478 0.01358695652173913 0.010869565217391304
0 0.5529891304347826 0.5414402173913043 0.01358695652173913 0.010869565217391304
0 0.5135869565217391 0.5747282608695652 0.014945652173913044 0.012228260869565218
0 0.5 0.5788043478260869 0.01358695652173913 0.010869565217391304
0 0.49592391304347827 0.5849184782608695 0.014945652173913044 0.012228260869565218
0 0.40896739130434784 0.5828804347826086 0.014945652173913044 0.012228260869565218
0 0.3702445652173913 0.5896739130434783 0.01358695652173913 0.012228260869565218
0 0.35733695652173914 0.5910326086956522 0.014945652173913044 0.012228260869565218
0 0.8165760869565217 0.7160326086956522 0.021739130434782608 0.016983695652173912
0 0.748641304347826 0.7364130434782609 0.021059782608695652 0.015625
0 0.7269021739130435 0.7418478260869565 0.021059782608695652 0.016983695652173912
0 0.5699728260869565 0.53125 0.01358695652173913 0.010869565217391304
0 0.30978260869565216 0.7690217391304348 0.017663043478260868 0.01358695652173913
0 0.22010869565217392 0.8016304347826086 0.024456521739130436 0.01970108695652174
0 0.01358695652173913 0.9925271739130435 0.026494565217391304 0.014945652173913044
0 0.03192934782608696 0.9748641304347826 0.03328804347826087 0.027853260869565216
0 0.03328804347826087 0.9470108695652174 0.03125 0.025135869565217392
0 0.019021739130434784 0.9225543478260869 0.029891304347826088 0.02377717391304348
0 0.9836956521739131 0.9089673913043478 0.03260869565217391 0.029891304347826088
0 0.967391304347826 0.9442934782608695 0.03940217391304348 0.03125
0 0.9436141304347826 0.9728260869565217 0.041440217391304345 0.03260869565217391
0 0.9307065217391305 0.9150815217391305 0.03804347826086957 0.030570652173913044
0 0.8858695652173914 0.9320652173913043 0.03804347826086957 0.030570652173913044
0 0.8824728260869565 0.9008152173913043 0.03736413043478261 0.029891304347826088
0 0.8165760869565217 0.9035326086956522 0.034646739130434784 0.027853260869565216
0 0.8029891304347826 0.9123641304347826 0.034646739130434784 0.028532608695652172
0 0.7995923913043478 0.9225543478260869 0.036005434782608696 0.029891304347826088
0 0.8172554347826086 0.9408967391304348 0.03940217391304348 0.030570652173913044
0 0.8131793478260869 0.9769021739130435 0.041440217391304345 0.03328804347826087
0 0.7792119565217391 0.9476902173913043 0.03940217391304348 0.03125
0 0.7479619565217391 0.9171195652173914 0.036005434782608696 0.028532608695652172
0 0.7167119565217391 0.9198369565217391 0.036005434782608696 0.028532608695652172
0 0.6997282608695652 0.9476902173913043 0.03804347826086957 0.030570652173913044
0 0.6270380434782609 0.9850543478260869 0.03940217391304348 0.029891304347826088
0 0.6480978260869565 0.9463315217391305 0.036005434782608696 0.027853260869565216
0 0.6542119565217391 0.9150815217391305 0.03328804347826087 0.02717391304347826
0 0.5597826086956522 0.9225543478260869 0.03328804347826087 0.02717391304347826
0 0.5597826086956522 0.9442934782608695 0.034646739130434784 0.027853260869565216
0 0.545516304347826 0.9639945652173914 0.036005434782608696 0.028532608695652172
0 0.5 0.985733695652174 0.034646739130434784 0.027853260869565216
0 0.45991847826086957 0.9551630434782609 0.03328804347826087 0.02717391304347826
0 0.48029891304347827 0.9307065217391305 0.03125 0.025135869565217392
0 0.5 0.9157608695652174 0.029891304347826088 0.025135869565217392
0 0.4388586956521739 0.9707880434782609 0.03260869565217391 0.02717391304347826
0 0.38315217391304346 0.9483695652173914 0.03260869565217391 0.025815217391304348
0 0.3376358695652174 0.9864130434782609 0.03260869565217391 0.025815217391304348
0 0.33491847826086957 0.9279891304347826 0.03125 0.025135869565217392
0 0.29279891304347827 0.9395380434782609 0.034646739130434784 0.02717391304347826
0 0.280570652173913 0.923233695652174 0.03328804347826087 0.02717391304347826
0 0.2391304347826087 0.9313858695652174 0.03125 0.025135869565217392
0 0.29959239130434784 0.923233695652174 0.03260869565217391 0.025815217391304348
0 0.23165760869565216 0.9558423913043478 0.03260869565217391 0.025815217391304348
0 0.2105978260869565 0.9816576086956522 0.03328804347826087 0.02717391304347826
0 0.18614130434782608 0.9273097826086957 0.03125 0.025135869565217392
0 0.1331521739130435 0.9442934782608695 0.03260869565217391 0.025815217391304348
0 0.12296195652173914 0.9497282608695652 0.03260869565217391 0.025815217391304348
0 0.09578804347826086 0.9483695652173914 0.03260869565217391 0.025815217391304348