0 0.02309782608695652 0.46467391304347827 0.016983695652173912 0.020380434782608696
0 0.03192934782608696 0.42866847826086957 0.009510869565217392 0.014266304347826086
0 0.012907608695652174 0.42595108695652173 0.008831521739130434 0.009510869565217392
0 0.004755434782608696 0.41915760869565216 0.008152173913043478 0.009510869565217392
0 0.07336956521739131 0.421875 0.007472826086956522 0.009510869565217392
0 0.058423913043478264 0.4429347826086957 0.007472826086956522 0.010869565217391304
0 0.08899456521739131 0.43953804347826086 0.010869565217391304 0.019021739130434784
0 0.11548913043478261 0.4476902173913043 0.012907608695652174 0.014945652173913044
0 0.13111413043478262 0.4470108695652174 0.010190217391304348 0.012228260869565218
0 0.15217391304347827 0.44565217391304346 0.009510869565217392 0.010869565217391304
0 0.16508152173913043 0.438179347826087 0.008831521739130434 0.010869565217391304
0 0.18682065217391305 0.4205163043478261 0.008831521739130434 0.01154891304347826
0 0.24592391304347827 0.44429347826086957 0.010869565217391304 0.012228260869565218
0 0.28940217391304346 0.4470108695652174 0.012907608695652174 0.014266304347826086
0 0.29959239130434784 0.44089673913043476 0.010190217391304348 0.012907608695652174
0 0.3641304347826087 0.43478260869565216 0.006114130434782609 0.006114130434782609
0 0.40353260869565216 0.4279891304347826 0.009510869565217392 0.010869565217391304
0 0.40828804347826086 0.4171195652173913 0.007472826086956522 0.007472826086956522
0 0.4273097826086957 0.42595108695652173 0.007472826086956522 0.008152173913043478
0 0.391304347826087 0.46127717391304346 0.014945652173913044 0.020380434782608696
0 0.4673913043478261 0.41915760869565216 0.008831521739130434 0.009510869565217392
0 0.49660326086956524 0.43410326086956524 0.010869565217391304 0.01358695652173913
0 0.5230978260869565 0.4578804347826087 0.021059782608695652 0.03328804347826087
0 0.6086956521739131 0.4578804347826087 0.017663043478260868 0.020380434782608696
0 0.7105978260869565 0.4273097826086957 0.010869565217391304 0.012228260869565218
0 0.90625 0.42459239130434784 0.012228260869565218 0.01358695652173913
0 0.9354619565217391 0.42527173913043476 0.012228260869565218 0.012907608695652174
0 0.7846467391304348 0.49252717391304346 0.016304347826086956 0.019021739130434784
0 0.7724184782608695 0.5957880434782609 0.036684782608695655 0.042119565217391304
0 0.6657608695652174 0.5625 0.035326086956521736 0.04483695652173913
0 0.5672554347826086 0.6120923913043478 0.044157608695652176 0.05502717391304348
0 0.45584239130434784 0.5930706521739131 0.03192934782608696 0.03260869565217391
0 0.3029891304347826 0.5883152173913043 0.03940217391304348 0.04755434782608696
0 0.19361413043478262 0.7554347826086957 0.06861413043478261 0.10529891304347826
0 0.001358695652173913 0.6148097826086957 0.002717391304347826 0.04823369565217391
0 0.008152173913043478 0.48029891304347827 0.016304347826086956 0.018342391304347828
0 0.043478260869565216 0.4320652173913043 0.01154891304347826 0.010190217391304348
0 0.058423913043478264 0.4205163043478261 0.007472826086956522 0.006793478260869565
0 0.08288043478260869 0.421875 0.008831521739130434 0.008152173913043478
0 0.07676630434782608 0.44565217391304346 0.01358695652173913 0.012228260869565218
0 0.11413043478260869 0.44021739130434784 0.012228260869565218 0.010869565217391304
0 0.14198369565217392 0.452445652173913 0.012907608695652174 0.01154891304347826
0 0.15964673913043478 0.4320652173913043 0.010869565217391304 0.010190217391304348
0 0.17866847826086957 0.43002717391304346 0.010869565217391304 0.009510869565217392
0 0.20108695652173914 0.421195652173913 0.010190217391304348 0.008831521739130434
0 0.2105978260869565 0.421875 0.010190217391304348 0.008831521739130434
0 0.21331521739130435 0.41508152173913043 0.008831521739130434 0.007472826086956522
0 0.22146739130434784 0.4422554347826087 0.012228260869565218 0.010869565217391304
0 0.24932065217391305 0.436820652173913 0.010869565217391304 0.010190217391304348
0 0.2601902173913043 0.4422554347826087 0.012228260869565218 0.010190217391304348
0 0.2669836956521739 0.44904891304347827 0.01358695652173913 0.012228260869565218
0 0.27785326086956524 0.4375 0.010869565217391304 0.010190217391304348
0 0.17255434782608695 0.47214673913043476 0.015625 0.01358695652173913
0 0.30434782608695654 0.43546195652173914 0.01154891304347826 0.010869565217391304
0 0.3226902173913043 0.42459239130434784 0.007472826086956522 0.006793478260869565
0 0.3389945652173913 0.44497282608695654 0.01358695652173913 0.012228260869565218
0 0.3539402173913043 0.436820652173913 0.01154891304347826 0.010190217391304348
0 0.34714673913043476 0.4436141304347826 0.012907608695652174 0.01154891304347826
0 0.37839673913043476 0.44021739130434784 0.012907608695652174 0.01154891304347826
0 0.3648097826086957 0.4673913043478261 0.017663043478260868 0.015625
0 0.4741847826086957 0.42459239130434784 0.008152173913043478 0.007472826086956522
0 0.5020380434782609 0.421875 0.007472826086956522 0.006793478260869565
0 0.5067934782608695 0.43546195652173914 0.014266304347826086 0.012907608695652174
0 0.5237771739130435 0.42391304347826086 0.009510869565217392 0.008152173913043478
0 0.5054347826086957 0.47282608695652173 0.024456521739130436 0.021739130434782608
0 0.5862771739130435 0.4578804347826087 0.022418478260869564 0.020380434782608696
0 0.6841032608695652 0.4320652173913043 0.012907608695652174 0.01154891304347826
0 0.7595108695652174 0.40964673913043476 0.01154891304347826 0.010190217391304348
0 0.8315217391304348 0.436820652173913 0.015625 0.014266304347826086
0 0.8756793478260869 0.438179347826087 0.016304347826086956 0.014266304347826086
0 0.8709239130434783 0.4123641304347826 0.0033967391304347825 0.002717391304347826
0 0.96875 0.405570652173913 0.010190217391304348 0.009510869565217392
0 0.8790760869565217 0.48845108695652173 0.027853260869565216 0.025135869565217392
0 0.8104619565217391 0.4938858695652174 0.029211956521739132 0.025815217391304348
0 0.7771739130434783 0.5135869565217391 0.03260869565217391 0.029211956521739132
0 0.8498641304347826 0.5203804347826086 0.033967391304347824 0.029891304347826088
0 0.9911684782608695 0.49728260869565216 0.017663043478260868 0.026494565217391304
0 0.9877717391304348 0.514266304347826 0.024456521739130436 0.029211956521739132
0 0.9042119565217391 0.5210597826086957 0.033967391304347824 0.029891304347826088
0 0.7493206521739131 0.6148097826086957 0.046875 0.042119565217391304
0 0.7479619565217391 0.5346467391304348 0.036005434782608696 0.03192934782608696
0 0.688858695652174 0.5434782608695652 0.03736413043478261 0.03328804347826087
0 0.5896739130434783 0.5876358695652174 0.042119565217391304 0.03736413043478261
0 0.6827445652173914 0.7595108695652174 0.059103260869565216 0.052309782608695655
0 0.5217391304347826 0.5679347826086957 0.04008152173913043 0.035326086956521736
0 0.4578804347826087 0.5346467391304348 0.029211956521739132 0.025815217391304348
0 0.24864130434782608 0.5434782608695652 0.03804347826086957 0.033967391304347824
0 0.19904891304347827 0.53125 0.036005434782608696 0.03192934782608696
0 0.14402173913043478 0.5679347826086957 0.042119565217391304 0.03736413043478261
0 0.359375 0.8376358695652174 0.08899456521739131 0.07880434782608696