0 0.03260869565217391 0.5563858695652174 0.021059782608695652 0.017663043478260868
0 0.05298913043478261 0.5679347826086957 0.021739130434782608 0.020380434782608696
0 0.11548913043478261 0.5692934782608695 0.015625 0.012907608695652174
0 0.07472826086956522 0.5754076086956522 0.01358695652173913 0.012228260869565218
0 0.125 0.5822010869565217 0.01970108695652174 0.017663043478260868
0 0.14945652173913043 0.5679347826086957 0.021739130434782608 0.018342391304347828
0 0.16576086956521738 0.5815217391304348 0.02309782608695652 0.021059782608695652
0 0.19972826086956522 0.5747282608695652 0.021739130434782608 0.015625
0 0.20448369565217392 0.6019021739130435 0.021739130434782608 0.018342391304347828
0 0.21263586956521738 0.5889945652173914 0.021059782608695652 0.016983695652173912
0 0.2758152173913043 0.5801630434782609 0.018342391304347828 0.015625
0 0.31589673913043476 0.5917119565217391 0.019021739130434784 0.016983695652173912
0 0.35190217391304346 0.5889945652173914 0.021059782608695652 0.017663043478260868
0 0.3383152173913043 0.5679347826086957 0.016304347826086956 0.014945652173913044
0 0.38654891304347827 0.5788043478260869 0.021739130434782608 0.016983695652173912
0 0.34375 0.6188858695652174 0.026494565217391304 0.021739130434782608
0 0.2561141304347826 0.6120923913043478 0.021059782608695652 0.019021739130434784
0 0.37296195652173914 0.6447010869565217 0.041440217391304345 0.027853260869565216
0 0.39402173913043476 0.8199728260869565 0.17730978260869565 0.14266304347826086
0 0.8260869565217391 0.8980978260869565 0.14945652173913043 0.11820652173913043
0 0.6487771739130435 0.6297554347826086 0.02309782608695652 0.016983695652173912
0 0.6997282608695652 0.6365489130434783 0.021739130434782608 0.015625
0 0.6908967391304348 0.610733695652174 0.016304347826086956 0.012907608695652174
0 0.6915760869565217 0.5964673913043478 0.01970108695652174 0.014945652173913044
0 0.6936141304347826 0.5815217391304348 0.02309782608695652 0.016983695652173912
0 0.6413043478260869 0.5883152173913043 0.021739130434782608 0.019021739130434784
0 0.8125 0.5985054347826086 0.025135869565217392 0.020380434782608696
0 0.7778532608695652 0.5855978260869565 0.021739130434782608 0.016983695652173912
0 0.8770380434782609 0.5876358695652174 0.026494565217391304 0.021739130434782608
0 0.9259510869565217 0.5876358695652174 0.021059782608695652 0.018342391304347828
0 0.9599184782608695 0.5862771739130435 0.01970108695652174 0.017663043478260868
0 0.9721467391304348 0.5944293478260869 0.019021739130434784 0.017663043478260868
0 0.9918478260869565 0.5978260869565217 0.016304347826086956 0.022418478260869564
0 0.9911684782608695 0.6542119565217391 0.016983695652173912 0.027853260869565216
0 0.5801630434782609 0.6195652173913043 0.029891304347826088 0.02377717391304348
0 0.515625 0.6542119565217391 0.02309782608695652 0.021739130434782608
0 0.5210597826086957 0.6161684782608695 0.021739130434782608 0.01970108695652174
0 0.5665760869565217 0.5944293478260869 0.021059782608695652 0.015625
0 0.5502717391304348 0.5889945652173914 0.016304347826086956 0.012907608695652174
0 0.5251358695652174 0.592391304347826 0.021739130434782608 0.016983695652173912
0 0.5278532608695652 0.578125 0.018342391304347828 0.015625
0 0.5020380434782609 0.5815217391304348 0.01358695652173913 0.012907608695652174
0 0.4748641304347826 0.5822010869565217 0.016304347826086956 0.012907608695652174
0 0.45584239130434784 0.592391304347826 0.01970108695652174 0.015625
0 0.46671195652173914 0.625 0.019021739130434784 0.016983695652173912
0 0.46535326086956524 0.641983695652174 0.07744565217391304 0.051630434782608696
0 0.9945652173913043 0.14605978260869565 0.010869565217391304 0.015625
0 0.8668478260869565 0.19089673913043478 0.019021739130434784 0.015625
0 0.8471467391304348 0.22146739130434784 0.016983695652173912 0.01358695652173913
0 0.8179347826086957 0.22282608695652173 0.01970108695652174 0.015625
0 0.8091032608695652 0.18206521739130435 0.018342391304347828 0.015625
0 0.7764945652173914 0.171875 0.021059782608695652 0.014945652173913044
0 0.717391304347826 0.17323369565217392 0.016304347826086956 0.012907608695652174
0 0.5754076086956522 0.1922554347826087 0.016304347826086956 0.014945652173913044
0 0.5067934782608695 0.20991847826086957 0.018342391304347828 0.014945652173913044
0 0.43953804347826086 0.20584239130434784 0.010869565217391304 0.010869565217391304
0 0.3491847826086957 0.22214673913043478 0.014266304347826086 0.012228260869565218
0 0.26902173913043476 0.2717391304347826 0.01358695652173913 0.012228260869565218
0 0.0006793478260869565 0.6929347826086957 0.001358695652173913 0.06589673913043478
0 0.012228260869565218 0.49592391304347827 0.024456521739130436 0.01970108695652174
0 0.09442934782608696 0.5726902173913043 0.02309782608695652 0.014945652173913044
0 0.21263586956521738 0.5692934782608695 0.02309782608695652 0.015625
0 0.16304347826086957 0.6127717391304348 0.025135869565217392 0.016983695652173912
0 0.31521739130434784 0.6650815217391305 0.043478260869565216 0.02717391304347826
0 0.41372282608695654 0.6779891304347826 0.06929347826086957 0.057744565217391304
0 0.4110054347826087 0.9144021739130435 0.1949728260869565 0.1297554347826087
0 0.8688858695652174 0.6929347826086957 0.049592391304347824 0.036005434782608696
0 0.7975543478260869 0.5957880434782609 0.02377717391304348 0.015625
0 0.5129076086956522 0.5760869565217391 0.016304347826086956 0.01154891304347826
0 0.9347826086956522 0.17730978260869565 0.020380434782608696 0.01358695652173913
0 0.8376358695652174 0.19021739130434784 0.020380434782608696 0.01358695652173913
0 0.25679347826086957 0.28940217391304346 0.017663043478260868 0.01154891304347826