0 0.028532608695652172 0.9836956521739131 0.02309782608695652 0.020380434782608696
0 0.10326086956521739 0.8899456521739131 0.026494565217391304 0.022418478260869564
0 0.27853260869565216 0.9082880434782609 0.021739130434782608 0.021059782608695652
0 0.27717391304347827 0.8872282608695652 0.026494565217391304 0.021059782608695652
0 0.3491847826086957 0.8845108695652174 0.025135869565217392 0.01970108695652174
0 0.7452445652173914 0.8797554347826086 0.025135869565217392 0.02309782608695652
0 0.9157608695652174 0.8960597826086957 0.02309782608695652 0.020380434782608696
0 0.842391304347826 0.8960597826086957 0.025135869565217392 0.021059782608695652
0 0.8009510869565217 0.8322010869565217 0.025135869565217392 0.021059782608695652
0 0.9612771739130435 0.8158967391304348 0.021739130434782608 0.018342391304347828
0 0.813858695652174 0.7432065217391305 0.022418478260869564 0.021059782608695652
0 0.717391304347826 0.765625 0.026494565217391304 0.01970108695652174
0 0.6970108695652174 0.829483695652174 0.02717391304347826 0.02309782608695652
0 0.6290760869565217 0.8322010869565217 0.025135869565217392 0.020380434782608696
0 0.6399456521739131 0.7241847826086957 0.026494565217391304 0.020380434782608696
0 0.3029891304347826 0.7900815217391305 0.022418478260869564 0.016983695652173912
0 0.4001358695652174 0.7921195652173914 0.01970108695652174 0.015625
0 0.44157608695652173 0.7887228260869565 0.02309782608695652 0.015625
0 0.22486413043478262 0.7866847826086957 0.025135869565217392 0.01970108695652174
0 0.08627717391304347 0.7880434782608695 0.021739130434782608 0.016983695652173912
0 0.010869565217391304 0.6657608695652174 0.021739130434782608 0.02309782608695652
0 0.03192934782608696 0.6073369565217391 0.022418478260869564 0.015625
0 0.03940217391304348 0.71875 0.022418478260869564 0.017663043478260868
0 0.11548913043478261 0.6691576086956522 0.025135869565217392 0.015625
0 0.17051630434782608 0.6019021739130435 0.025135869565217392 0.021059782608695652
0 0.18478260869565216 0.670516304347826 0.022418478260869564 0.016983695652173912
0 0.2921195652173913 0.7207880434782609 0.021739130434782608 0.022418478260869564
0 0.27921195652173914 0.5991847826086957 0.022418478260869564 0.017663043478260868
0 0.3695652173913043 0.6623641304347826 0.02309782608695652 0.021059782608695652
0 0.4110054347826087 0.71875 0.022418478260869564 0.020380434782608696
0 0.47690217391304346 0.6616847826086957 0.02309782608695652 0.02309782608695652
0 0.5271739130434783 0.7248641304347826 0.022418478260869564 0.016983695652173912
0 0.3967391304347826 0.6134510869565217 0.022418478260869564 0.020380434782608696
0 0.453804347826087 0.6073369565217391 0.021739130434782608 0.015625
0 0.5047554347826086 0.6025815217391305 0.02309782608695652 0.021059782608695652
0 0.639266304347826 0.657608695652174 0.026494565217391304 0.021059782608695652
0 0.6032608695652174 0.6052989130434783 0.022418478260869564 0.017663043478260868
0 0.6671195652173914 0.6086956521739131 0.025135869565217392 0.018342391304347828
0 0.6936141304347826 0.6671195652173914 0.026494565217391304 0.02309782608695652
0 0.7302989130434783 0.6216032608695652 0.022418478260869564 0.016983695652173912
0 0.766983695652174 0.6379076086956522 0.021739130434782608 0.017663043478260868
0 0.8145380434782609 0.6603260869565217 0.022418478260869564 0.021059782608695652
0 0.8226902173913043 0.7160326086956522 0.026494565217391304 0.021059782608695652
0 0.8804347826086957 0.6535326086956522 0.02309782608695652 0.021059782608695652
0 0.9816576086956522 0.6677989130434783 0.025135869565217392 0.022418478260869564
0 0.8913043478260869 0.5604619565217391 0.026494565217391304 0.021059782608695652
0 0.845108695652174 0.5421195652173914 0.02717391304347826 0.02309782608695652
0 0.7418478260869565 0.5597826086956522 0.025135869565217392 0.021059782608695652
0 0.8206521739130435 0.4898097826086957 0.02717391304347826 0.02309782608695652
0 0.8797554347826086 0.49320652173913043 0.026494565217391304 0.02309782608695652
0 0.9504076086956522 0.49116847826086957 0.02309782608695652 0.018342391304347828
0 0.6256793478260869 0.5652173913043478 0.01970108695652174 0.014945652173913044
0 0.6691576086956522 0.546875 0.02309782608695652 0.01970108695652174
0 0.7228260869565217 0.5 0.01970108695652174 0.014945652173913044
0 0.6976902173913043 0.48777173913043476 0.022418478260869564 0.014945652173913044
0 0.3220108695652174 0.5421195652173914 0.025135869565217392 0.021059782608695652
0 0.22826086956521738 0.5346467391304348 0.02717391304347826 0.02309782608695652
0 0.24388586956521738 0.5115489130434783 0.017663043478260868 0.015625
0 0.2758152173913043 0.5054347826086957 0.022418478260869564 0.014266304347826086
0 0.3376358695652174 0.5061141304347826 0.022418478260869564 0.01970108695652174
0 0.4110054347826087 0.48777173913043476 0.01970108695652174 0.018342391304347828
0 0.42391304347826086 0.5394021739130435 0.026494565217391304 0.020380434782608696
0 0.14470108695652173 0.5380434782608695 0.026494565217391304 0.021059782608695652
0 0.06453804347826086 0.48097826086956524 0.02309782608695652 0.021059782608695652
0 0.0033967391304347825 0.43953804347826086 0.006793478260869565 0.018342391304347828
0 0.06453804347826086 0.436820652173913 0.025135869565217392 0.021059782608695652
0 0.12228260869565218 0.44633152173913043 0.02309782608695652 0.014945652173913044
0 0.18478260869565216 0.43342391304347827 0.022418478260869564 0.017663043478260868
0 0.15964673913043478 0.36684782608695654 0.02309782608695652 0.021059782608695652
0 0.2751358695652174 0.43478260869565216 0.022418478260869564 0.018342391304347828
0 0.26154891304347827 0.36209239130434784 0.021739130434782608 0.017663043478260868
0 0.360054347826087 0.4279891304347826 0.022418478260869564 0.020380434782608696
0 0.4001358695652174 0.405570652173913 0.021739130434782608 0.015625
0 0.375679347826087 0.3811141304347826 0.022418478260869564 0.015625
0 0.4592391304347826 0.36752717391304346 0.025135869565217392 0.02309782608695652
0 0.43546195652173914 0.41915760869565216 0.026494565217391304 0.021059782608695652
0 0.6413043478260869 0.42459239130434784 0.025135869565217392 0.018342391304347828
0 0.6114130434782609 0.484375 0.025135869565217392 0.017663043478260868
0 0.7207880434782609 0.4273097826086957 0.02309782608695652 0.020380434782608696
0 0.7146739130434783 0.3654891304347826 0.022418478260869564 0.01970108695652174
0 0.6623641304347826 0.38383152173913043 0.022418478260869564 0.014945652173913044
0 0.5910326086956522 0.37228260869565216 0.022418478260869564 0.018342391304347828
0 0.8084239130434783 0.4327445652173913 0.02309782608695652 0.018342391304347828
0 0.8641304347826086 0.4470108695652174 0.021739130434782608 0.016983695652173912
0 0.8817934782608695 0.38654891304347827 0.01970108695652174 0.015625
0 0.9279891304347826 0.43342391304347827 0.01970108695652174 0.015625
0 0.9646739130434783 0.391304347826087 0.02309782608695652 0.014266304347826086
0 0.9728260869565217 0.30978260869565216 0.02309782608695652 0.021059782608695652
0 0.9239130434782609 0.3063858695652174 0.018342391304347828 0.014945652173913044
0 0.9089673913043478 0.2710597826086957 0.022418478260869564 0.015625
0 0.9633152173913043 0.2601902173913043 0.02309782608695652 0.020380434782608696
0 0.8342391304347826 0.2642663043478261 0.021739130434782608 0.017663043478260868
0 0.8315217391304348 0.32065217391304346 0.022418478260869564 0.01970108695652174
0 0.7472826086956522 0.30978260869565216 0.02309782608695652 0.021059782608695652
0 0.7404891304347826 0.2554347826086957 0.022418478260869564 0.018342391304347828
0 0.6813858695652174 0.2608695652173913 0.022418478260869564 0.020380434782608696
0 0.6467391304347826 0.3342391304347826 0.021739130434782608 0.014945652173913044
0 0.6161684782608695 0.26290760869565216 0.021739130434782608 0.01970108695652174
0 0.548233695652174 0.26154891304347827 0.02309782608695652 0.020380434782608696
0 0.46467391304347827 0.2717391304347826 0.025135869565217392 0.016983695652173912
0 0.421875 0.31929347826086957 0.022418478260869564 0.018342391304347828
0 0.36141304347826086 0.3179347826086957 0.02309782608695652 0.017663043478260868
0 0.37092391304347827 0.2642663043478261 0.026494565217391304 0.022418478260869564
0 0.3063858695652174 0.26358695652173914 0.02309782608695652 0.02309782608695652
0 0.2642663043478261 0.3267663043478261 0.022418478260869564 0.017663043478260868
0 0.20652173913043478 0.3138586956521739 0.021739130434782608 0.01970108695652174
0 0.19701086956521738 0.26222826086956524 0.021739130434782608 0.015625
0 0.14334239130434784 0.280570652173913 0.01970108695652174 0.015625
0 0.04619565217391304 0.26902173913043476 0.02309782608695652 0.015625
0 0.06317934782608696 0.15964673913043478 0.021739130434782608 0.018342391304347828
0 0.06521739130434782 0.20720108695652173 0.022418478260869564 0.01970108695652174
0 0.10326086956521739 0.15625 0.02309782608695652 0.01970108695652174
0 0.10801630434782608 0.109375 0.021739130434782608 0.01970108695652174
0 0.04619565217391304 0.10529891304347826 0.022418478260869564 0.020380434782608696
0 0.19157608695652173 0.2105978260869565 0.021739130434782608 0.01970108695652174
0 0.13994565217391305 0.20516304347826086 0.021739130434782608 0.017663043478260868
0 0.18342391304347827 0.09918478260869565 0.022418478260869564 0.017663043478260868
0 0.24388586956521738 0.11820652173913043 0.01970108695652174 0.016983695652173912
0 0.3063858695652174 0.15013586956521738 0.022418478260869564 0.01970108695652174
0 0.37228260869565216 0.14470108695652173 0.025135869565217392 0.020380434782608696
0 0.438179347826087 0.15557065217391305 0.022418478260869564 0.01970108695652174
0 0.41983695652173914 0.20720108695652173 0.02309782608695652 0.021059782608695652
0 0.4782608695652174 0.21603260869565216 0.021739130434782608 0.015625
0 0.49320652173913043 0.15013586956521738 0.022418478260869564 0.01970108695652174
0 0.5686141304347826 0.20855978260869565 0.025135869565217392 0.020380434782608696
0 0.6494565217391305 0.20516304347826086 0.02309782608695652 0.01970108695652174
0 0.6779891304347826 0.15353260869565216 0.021739130434782608 0.015625
0 0.7384510869565217 0.15217391304347827 0.01970108695652174 0.01970108695652174
0 0.7683423913043478 0.20244565217391305 0.026494565217391304 0.018342391304347828
0 0.7907608695652174 0.15013586956521738 0.022418478260869564 0.020380434782608696
0 0.7214673913043478 0.10869565217391304 0.021739130434782608 0.018342391304347828
0 0.546875 0.11684782608695653 0.01970108695652174 0.015625
0 0.5 0.11684782608695653 0.01970108695652174 0.016983695652173912
0 0.8899456521739131 0.15013586956521738 0.025135869565217392 0.01970108695652174
0 0.8967391304347826 0.2105978260869565 0.025135869565217392 0.018342391304347828
0 0.983016304347826 0.20380434782608695 0.026494565217391304 0.017663043478260868
0 0.9191576086956522 0.042798913043478264 0.021739130434782608 0.016983695652173912
0 0.9021739130434783 0.08220108695652174 0.025135869565217392 0.020380434782608696
0 0.779891304347826 0.09375 0.025135869565217392 0.01970108695652174
0 0.8104619565217391 0.03940217391304348 0.021739130434782608 0.017663043478260868
0 0.7105978260869565 0.042798913043478264 0.022418478260869564 0.018342391304347828
0 0.6813858695652174 0.006793478260869565 0.018342391304347828 0.012907608695652174
0 0.5828804347826086 0.03736413043478261 0.025135869565217392 0.01970108695652174
0 0.532608695652174 0.041440217391304345 0.021739130434782608 0.017663043478260868
0 0.5788043478260869 0.006114130434782609 0.021739130434782608 0.01154891304347826
0 0.33491847826086957 0.10122282608695653 0.02309782608695652 0.018342391304347828
0 0.3654891304347826 0.06589673913043478 0.018342391304347828 0.016983695652173912
0 0.40896739130434784 0.057744565217391304 0.018342391304347828 0.014945652173913044
0 0.34782608695652173 0.006114130434782609 0.022418478260869564 0.012228260869565218
0 0.25679347826086957 0.043478260869565216 0.022418478260869564 0.018342391304347828
0 0.03940217391304348 0.03940217391304348 0.02309782608695652 0.018342391304347828
0 0.14198369565217392 0.044157608695652176 0.021739130434782608 0.015625
0 0.47622282608695654 0.08899456521739131 0.02309782608695652 0.01970108695652174
0 0.20991847826086957 0.891983695652174 0.02717391304347826 0.018342391304347828
0 0.5400815217391305 0.8288043478260869 0.02717391304347826 0.018342391304347828
0 0.4891304347826087 0.7690217391304348 0.025135869565217392 0.016983695652173912
0 0.358695652173913 0.7860054347826086 0.025135869565217392 0.016983695652173912
0 0.16032608695652173 0.7737771739130435 0.025135869565217392 0.016983695652173912
0 0.03125 0.7764945652173914 0.02717391304347826 0.017663043478260868
0 0.12635869565217392 0.7078804347826086 0.026494565217391304 0.016983695652173912
0 0.10394021739130435 0.6229619565217391 0.026494565217391304 0.017663043478260868
0 0.32065217391304346 0.6073369565217391 0.026494565217391304 0.017663043478260868
0 0.5264945652173914 0.6698369565217391 0.026494565217391304 0.017663043478260868
0 0.47146739130434784 0.720108695652174 0.025135869565217392 0.016304347826086956
0 0.7805706521739131 0.5998641304347826 0.028532608695652172 0.018342391304347828
0 0.9748641304347826 0.7167119565217391 0.026494565217391304 0.017663043478260868
0 0.8953804347826086 0.5400815217391305 0.029211956521739132 0.01970108695652174
0 0.9959239130434783 0.546875 0.008152173913043478 0.019021739130434784
0 0.5394021739130435 0.5577445652173914 0.025135869565217392 0.016983695652173912
0 0.16304347826086957 0.4904891304347826 0.025135869565217392 0.016983695652173912
0 0.07269021739130435 0.3804347826086957 0.024456521739130436 0.016304347826086956
0 0.49116847826086957 0.436820652173913 0.025135869565217392 0.016983695652173912
0 0.5475543478260869 0.42934782608695654 0.025135869565217392 0.016983695652173912
0 0.8050271739130435 0.37839673913043476 0.024456521739130436 0.016983695652173912
0 0.9932065217391305 0.422554347826087 0.01358695652173913 0.016983695652173912
0 0.9110054347826086 0.31521739130434784 0.02309782608695652 0.015625
0 0.5095108695652174 0.33220108695652173 0.025135869565217392 0.016983695652173912
0 0.37771739130434784 0.3389945652173913 0.026494565217391304 0.016983695652173912
0 0.1610054347826087 0.31657608695652173 0.024456521739130436 0.016304347826086956
0 0.09986413043478261 0.2717391304347826 0.024456521739130436 0.016304347826086956
0 0.07880434782608696 0.3063858695652174 0.024456521739130436 0.016304347826086956
0 0.008831521739130434 0.3335597826086957 0.017663043478260868 0.016304347826086956
0 0.328804347826087 0.20244565217391305 0.026494565217391304 0.017663043478260868
0 0.5788043478260869 0.10326086956521739 0.02309782608695652 0.016304347826086956
0 0.8471467391304348 0.20991847826086957 0.026494565217391304 0.016983695652173912
0 0.9850543478260869 0.14334239130434784 0.025135869565217392 0.016983695652173912
0 0.9626358695652174 0.11480978260869565 0.025135869565217392 0.016983695652173912
0 0.8586956521739131 0.05434782608695652 0.025135869565217392 0.016304347826086956
0 0.8430706521739131 0.0033967391304347825 0.021739130434782608 0.006793478260869565
0 0.7663043478260869 0.0020380434782608695 0.021739130434782608 0.004076086956521739
0 0.9184782608695652 0.0020380434782608695 0.021739130434782608 0.004076086956521739
0 0.6480978260869565 0.027853260869565216 0.022418478260869564 0.015625
0 0.3267663043478261 0.03872282608695652 0.022418478260869564 0.014945652173913044
0 0.264945652173913 0.002717391304347826 0.021739130434782608 0.005434782608695652
0 0.16779891304347827 0.004076086956521739 0.02309782608695652 0.008152173913043478
0 0.10258152173913043 0.002717391304347826 0.025815217391304348 0.005434782608695652
0 0.03872282608695652 0.0033967391304347825 0.024456521739130436 0.006793478260869565
0 0.47690217391304346 0.0020380434782608695 0.022418478260869564 0.004076086956521739
0 0.5366847826086957 0.004076086956521739 0.022418478260869564 0.008152173913043478
0 0.3967391304347826 0.002717391304347826 0.021739130434782608 0.005434782608695652