0 0.9714673913043478 0.5652173913043478 0.030570652173913044 0.029211956521739132
0 0.8933423913043478 0.5686141304347826 0.03125 0.03125
0 0.984375 0.5176630434782609 0.007472826086956522 0.006793478260869565
0 0.6807065217391305 0.5149456521739131 0.009510869565217392 0.008831521739130434
0 0.717391304347826 0.516983695652174 0.009510869565217392 0.009510869565217392
0 0.7697010869565217 0.516983695652174 0.01154891304347826 0.010190217391304348
0 0.5387228260869565 0.5190217391304348 0.01154891304347826 0.010190217391304348
0 0.5550271739130435 0.5163043478260869 0.008152173913043478 0.008831521739130434
0 0.592391304347826 0.5230978260869565 0.01154891304347826 0.010869565217391304
0 0.5074728260869565 0.5149456521739131 0.007472826086956522 0.006793478260869565
0 0.4904891304347826 0.516983695652174 0.008152173913043478 0.007472826086956522
0 0.47078804347826086 0.5421195652173914 0.027853260869565216 0.027853260869565216
0 0.40964673913043476 0.5217391304347826 0.016304347826086956 0.016304347826086956
0 0.3654891304347826 0.5224184782608695 0.025135869565217392 0.02309782608695652
0 0.3648097826086957 0.5095108695652174 0.014266304347826086 0.01154891304347826
0 0.44089673913043476 0.5135869565217391 0.008152173913043478 0.007472826086956522
0 0.3016304347826087 0.5149456521739131 0.022418478260869564 0.019021739130434784
0 0.3233695652173913 0.5339673913043478 0.020380434782608696 0.019021739130434784
0 0.11752717391304347 0.5230978260869565 0.06182065217391304 0.08152173913043478
0 0.05502717391304348 0.5047554347826086 0.11005434782608696 0.2105978260869565
0 0.16915760869565216 0.5095108695652174 0.030570652173913044 0.027853260869565216
0 0.813858695652174 0.5163043478260869 0.007472826086956522 0.007472826086956522
0 0.998641304347826 0.5264945652173914 0.0020380434782608695 0.009510869565217392
0 0.9952445652173914 0.515625 0.008152173913043478 0.006114130434782609
0 0.9775815217391305 0.5176630434782609 0.004076086956521739 0.002717391304347826
0 0.8933423913043478 0.5217391304347826 0.01358695652173913 0.010190217391304348
0 0.9463315217391305 0.5237771739130435 0.012228260869565218 0.009510869565217392
0 0.9415760869565217 0.516983695652174 0.004755434782608696 0.0033967391304347825
0 0.9612771739130435 0.5217391304347826 0.009510869565217392 0.007472826086956522
0 0.9504076086956522 0.5217391304347826 0.010190217391304348 0.007472826086956522
0 0.9293478260869565 0.5230978260869565 0.01154891304347826 0.008831521739130434
0 0.9211956521739131 0.5203804347826086 0.009510869565217392 0.006793478260869565
0 0.9144021739130435 0.5203804347826086 0.010869565217391304 0.008152173913043478
0 0.9028532608695652 0.5224184782608695 0.012907608695652174 0.009510869565217392
0 0.889266304347826 0.5217391304347826 0.012907608695652174 0.009510869565217392
0 0.7540760869565217 0.5176630434782609 0.010190217391304348 0.007472826086956522
0 0.7459239130434783 0.5183423913043478 0.01154891304347826 0.008152173913043478
0 0.7282608695652174 0.5224184782608695 0.014266304347826086 0.010869565217391304
0 0.7296195652173914 0.516983695652174 0.010190217391304348 0.007472826086956522
0 0.6521739130434783 0.5224184782608695 0.012228260869565218 0.008831521739130434
0 0.654891304347826 0.5176630434782609 0.010869565217391304 0.008152173913043478
0 0.6644021739130435 0.5190217391304348 0.010869565217391304 0.008152173913043478
0 0.6942934782608695 0.516983695652174 0.010869565217391304 0.008152173913043478
0 0.6936141304347826 0.5251358695652174 0.012907608695652174 0.009510869565217392
0 0.6433423913043478 0.5190217391304348 0.01154891304347826 0.008152173913043478
0 0.6304347826086957 0.5217391304347826 0.01154891304347826 0.008831521739130434
0 0.6351902173913043 0.5251358695652174 0.012228260869565218 0.009510869565217392
0 0.6202445652173914 0.5217391304347826 0.01154891304347826 0.008831521739130434
0 0.5720108695652174 0.5353260869565217 0.024456521739130436 0.017663043478260868
0 0.6025815217391305 0.5210597826086957 0.014266304347826086 0.010190217391304348
0 0.5740489130434783 0.5163043478260869 0.008152173913043478 0.006114130434782609
0 0.5686141304347826 0.5183423913043478 0.010869565217391304 0.007472826086956522
0 0.5074728260869565 0.5203804347826086 0.01358695652173913 0.010190217391304348
0 0.4796195652173913 0.5217391304347826 0.014266304347826086 0.010190217391304348
0 0.38790760869565216 0.5190217391304348 0.018342391304347828 0.01358695652173913
0 0.452445652173913 0.5183423913043478 0.014945652173913044 0.010869565217391304
0 0.45991847826086957 0.5197010869565217 0.014266304347826086 0.010869565217391304
0 0.46671195652173914 0.5163043478260869 0.01154891304347826 0.008152173913043478
0 0.24728260869565216 0.5101902173913043 0.01358695652173913 0.010190217391304348
0 0.33084239130434784 0.5135869565217391 0.014266304347826086 0.010869565217391304
0 0.281929347826087 0.5591032608695652 0.07133152173913043 0.05298913043478261
0 0.23505434782608695 0.5122282608695652 0.014266304347826086 0.010190217391304348
0 0.19972826086956522 0.5088315217391305 0.014266304347826086 0.010869565217391304
0 0.23980978260869565 0.5278532608695652 0.07676630434782608 0.057065217391304345
0 0.2826086956521739 0.5203804347826086 0.029211956521739132 0.022418478260869564
0 0.7764945652173914 0.5366847826086957 0.022418478260869564 0.016304347826086956
0 0.8260869565217391 0.5244565217391305 0.015625 0.01154891304347826
0 0.8247282608695652 0.5203804347826086 0.012228260869565218 0.009510869565217392
0 0.8349184782608695 0.5183423913043478 0.010869565217391304 0.008152173913043478
0 0.8383152173913043 0.5237771739130435 0.015625 0.010869565217391304
0 0.8498641304347826 0.5237771739130435 0.014266304347826086 0.010869565217391304
0 0.8600543478260869 0.5292119565217391 0.017663043478260868 0.012907608695652174
0 0.8770380434782609 0.5237771739130435 0.014945652173913044 0.010869565217391304
0 0.3016304347826087 0.5489130434782609 0.029211956521739132 0.022418478260869564