0 0.6542119565217391 0.20720108695652173 0.010190217391304348 0.010869565217391304
0 0.6270380434782609 0.19701086956521738 0.008831521739130434 0.008831521739130434
0 0.4735054347826087 0.26766304347826086 0.01154891304347826 0.01154891304347826
0 0.45040760869565216 0.2601902173913043 0.01154891304347826 0.01358695652173913
0 0.44089673913043476 0.2826086956521739 0.014266304347826086 0.01358695652173913
0 0.3919836956521739 0.280570652173913 0.015625 0.01358695652173913
0 0.3919836956521739 0.30570652173913043 0.014266304347826086 0.01358695652173913
0 0.35190217391304346 0.3125 0.014266304347826086 0.01154891304347826
0 0.30027173913043476 0.3138586956521739 0.015625 0.014266304347826086
0 0.2561141304347826 0.32404891304347827 0.014266304347826086 0.01358695652173913
0 0.20584239130434784 0.33220108695652173 0.015625 0.015625
0 0.10258152173913043 0.24932065217391305 0.01154891304347826 0.01154891304347826
0 0.07608695652173914 0.32404891304347827 0.015625 0.014266304347826086
0 0.09850543478260869 0.3138586956521739 0.015625 0.014266304347826086
0 0.8987771739130435 0.7873641304347826 0.03328804347826087 0.030570652173913044
0 0.6997282608695652 0.7309782608695652 0.030570652173913044 0.025135869565217392
0 0.7459239130434783 0.6025815217391305 0.025815217391304348 0.022418478260869564
0 0.8091032608695652 0.6059782608695652 0.025815217391304348 0.021059782608695652
0 0.9082880434782609 0.6120923913043478 0.024456521739130436 0.021059782608695652
0 0.8960597826086957 0.5971467391304348 0.02309782608695652 0.019021739130434784
0 0.8838315217391305 0.561141304347826 0.02309782608695652 0.021059782608695652
0 0.8471467391304348 0.5292119565217391 0.017663043478260868 0.015625
0 0.6942934782608695 0.5407608695652174 0.02309782608695652 0.014266304347826086
0 0.4164402173913043 0.6759510869565217 0.04076086956521739 0.03260869565217391
0 0.18953804347826086 0.7391304347826086 0.06521739130434782 0.0625
0 0.08831521739130435 0.5889945652173914 0.034646739130434784 0.025135869565217392
0 0.28804347826086957 0.5441576086956522 0.027853260869565216 0.019021739130434784
0 0.3423913043478261 0.6793478260869565 0.03328804347826087 0.02717391304347826
0 0.6895380434782609 0.4544836956521739 0.015625 0.014266304347826086
0 0.09375 0.5502717391304348 0.025815217391304348 0.019021739130434784
0 0.311820652173913 0.5122282608695652 0.025815217391304348 0.017663043478260868
0 0.6487771739130435 0.49320652173913043 0.027853260869565216 0.017663043478260868
0 0.6331521739130435 0.4544836956521739 0.020380434782608696 0.017663043478260868
0 0.5985054347826086 0.44089673913043476 0.019021739130434784 0.014266304347826086
0 0.5815217391304348 0.42595108695652173 0.019021739130434784 0.014266304347826086
0 0.5903532608695652 0.39741847826086957 0.025815217391304348 0.019021739130434784
0 0.6222826086956522 0.37296195652173914 0.016304347826086956 0.015625
0 0.609375 0.3491847826086957 0.02309782608695652 0.021059782608695652
0 0.5822010869565217 0.33559782608695654 0.015625 0.014266304347826086
0 0.3845108695652174 0.4076086956521739 0.024456521739130436 0.019021739130434784
0 0.2513586956521739 0.45991847826086957 0.024456521739130436 0.018342391304347828
0 0.21942934782608695 0.5149456521739131 0.027853260869565216 0.021059782608695652
0 0.028532608695652172 0.45108695652173914 0.029211956521739132 0.021059782608695652
0 0.19089673913043478 0.47554347826086957 0.03328804347826087 0.021059782608695652
0 0.16032608695652173 0.469429347826087 0.030570652173913044 0.021059782608695652
0 0.6501358695652174 0.23097826086956522 0.012907608695652174 0.009510869565217392
0 0.6005434782608695 0.22010869565217392 0.012907608695652174 0.009510869565217392
0 0.5652173913043478 0.21331521739130435 0.01154891304347826 0.007472826086956522
0 0.501358695652174 0.25883152173913043 0.014266304347826086 0.010869565217391304
0 0.4205163043478261 0.25883152173913043 0.014266304347826086 0.01154891304347826
0 0.06182065217391304 0.26222826086956524 0.01154891304347826 0.007472826086956522
0 0.026494565217391304 0.26766304347826086 0.012907608695652174 0.008831521739130434
0 0.010190217391304348 0.2703804347826087 0.012907608695652174 0.009510869565217392
0 0.748641304347826 0.7690217391304348 0.036005434782608696 0.025815217391304348
0 0.5394021739130435 0.8858695652173914 0.06114130434782609 0.04619565217391304
0 0.7289402173913043 0.7010869565217391 0.03192934782608696 0.024456521739130436
0 0.6012228260869565 0.7024456521739131 0.03328804347826087 0.025815217391304348
0 0.26970108695652173 0.8043478260869565 0.06657608695652174 0.050271739130434784
0 0.06385869565217392 0.8627717391304348 0.06997282608695653 0.05298913043478261
0 0.08763586956521739 0.8322010869565217 0.06793478260869565 0.050951086956521736
0 0.017663043478260868 0.7370923913043478 0.035326086956521736 0.04483695652173913
0 0.044157608695652176 0.5747282608695652 0.029211956521739132 0.022418478260869564
0 0.6059782608695652 0.5591032608695652 0.024456521739130436 0.019021739130434784
0 0.7133152173913043 0.5020380434782609 0.021739130434782608 0.016304347826086956
0 0.5353260869565217 0.5380434782608695 0.020380434782608696 0.015625
0 0.39877717391304346 0.5903532608695652 0.03328804347826087 0.025135869565217392
0 0.6494565217391305 0.4735054347826087 0.021739130434782608 0.016304347826086956
0 0.38315217391304346 0.41847826086956524 0.02309782608695652 0.016304347826086956
0 0.3111413043478261 0.42459239130434784 0.02309782608695652 0.017663043478260868
0 0.042119565217391304 0.5061141304347826 0.027853260869565216 0.022418478260869564