0 0.421875 0.5067934782608695 0.017663043478260868 0.018342391304347828
0 0.35190217391304346 0.5054347826086957 0.018342391304347828 0.016983695652173912
0 0.37228260869565216 0.516983695652174 0.021059782608695652 0.015625
0 0.12296195652173914 0.514266304347826 0.022418478260869564 0.01970108695652174
0 0.5441576086956522 0.5366847826086957 0.02717391304347826 0.024456521739130436
0 0.4952445652173913 0.5502717391304348 0.029211956521739132 0.025815217391304348
0 0.47758152173913043 0.5339673913043478 0.02309782608695652 0.021059782608695652
0 0.4517663043478261 0.5360054347826086 0.027853260869565216 0.024456521739130436
0 0.42866847826086957 0.5332880434782609 0.016304347826086956 0.016983695652173912
0 0.41847826086956524 0.5305706521739131 0.02309782608695652 0.021059782608695652
0 0.38858695652173914 0.5332880434782609 0.022418478260869564 0.021059782608695652
0 0.374320652173913 0.5353260869565217 0.021059782608695652 0.01970108695652174
0 0.358695652173913 0.5285326086956522 0.018342391304347828 0.017663043478260868
0 0.35665760869565216 0.6025815217391305 0.027853260869565216 0.02717391304347826
0 0.41304347826086957 0.610733695652174 0.030570652173913044 0.02717391304347826
0 0.38315217391304346 0.6311141304347826 0.033967391304347824 0.02717391304347826
0 0.438179347826087 0.6311141304347826 0.03260869565217391 0.030570652173913044
0 0.5346467391304348 0.6032608695652174 0.03260869565217391 0.029891304347826088
0 0.5686141304347826 0.6209239130434783 0.036684782608695655 0.033967391304347824
0 0.6304347826086957 0.6161684782608695 0.04483695652173913 0.03125
0 0.6161684782608695 0.6501358695652174 0.04823369565217391 0.034646739130434784
0 0.7289402173913043 0.6677989130434783 0.049592391304347824 0.046875
0 0.5658967391304348 0.7099184782608695 0.042119565217391304 0.03804347826086957
0 0.5176630434782609 0.6555706521739131 0.041440217391304345 0.033967391304347824
0 0.4673913043478261 0.704483695652174 0.041440217391304345 0.03940217391304348
0 0.43002717391304346 0.6698369565217391 0.033967391304347824 0.03192934782608696
0 0.37703804347826086 0.7065217391304348 0.03940217391304348 0.03940217391304348
0 0.5726902173913043 0.7622282608695652 0.05638586956521739 0.049592391304347824
0 0.6800271739130435 0.764266304347826 0.05366847826086957 0.044157608695652176
0 0.07540760869565218 0.5339673913043478 0.018342391304347828 0.018342391304347828
0 0.034646739130434784 0.5346467391304348 0.020380434782608696 0.01970108695652174
0 0.18682065217391305 0.5319293478260869 0.024456521739130436 0.021059782608695652
0 0.21467391304347827 0.532608695652174 0.022418478260869564 0.018342391304347828
0 0.24864130434782608 0.5387228260869565 0.022418478260869564 0.021059782608695652
0 0.2669836956521739 0.5319293478260869 0.021059782608695652 0.019021739130434784
0 0.2826086956521739 0.5339673913043478 0.020380434782608696 0.016983695652173912
0 0.311820652173913 0.5319293478260869 0.022418478260869564 0.021059782608695652
0 0.3389945652173913 0.5251358695652174 0.020380434782608696 0.01970108695652174
0 0.30910326086956524 0.5896739130434783 0.026494565217391304 0.022418478260869564
0 0.297554347826087 0.5747282608695652 0.021739130434782608 0.021059782608695652
0 0.3389945652173913 0.5740489130434783 0.02377717391304348 0.021059782608695652
0 0.28532608695652173 0.6100543478260869 0.029891304347826088 0.024456521739130436
0 0.250679347826087 0.5910326086956522 0.022418478260869564 0.021059782608695652
0 0.23369565217391305 0.5706521739130435 0.02309782608695652 0.021059782608695652
0 0.1827445652173913 0.5917119565217391 0.024456521739130436 0.022418478260869564
0 0.171875 0.5740489130434783 0.022418478260869564 0.021059782608695652
0 0.12092391304347826 0.5692934782608695 0.021739130434782608 0.019021739130434784
0 0.11616847826086957 0.5876358695652174 0.026494565217391304 0.02377717391304348
0 0.05502717391304348 0.5686141304347826 0.021739130434782608 0.019021739130434784
0 0.008831521739130434 0.5679347826086957 0.016983695652173912 0.01970108695652174
0 0.0033967391304347825 0.5788043478260869 0.006793478260869565 0.02309782608695652
0 0.004076086956521739 0.608016304347826 0.008152173913043478 0.026494565217391304
0 0.04619565217391304 0.6114130434782609 0.029211956521739132 0.02717391304347826
0 0.12703804347826086 0.6120923913043478 0.028532608695652172 0.024456521739130436
0 0.19293478260869565 0.6188858695652174 0.030570652173913044 0.028532608695652172
0 0.21875 0.6270380434782609 0.030570652173913044 0.027853260869565216
0 0.30095108695652173 0.641983695652174 0.03125 0.030570652173913044
0 0.343070652173913 0.6677989130434783 0.03804347826086957 0.03125
0 0.27921195652173914 0.7105978260869565 0.03804347826086957 0.034646739130434784
0 0.25407608695652173 0.6630434782608695 0.034646739130434784 0.03260869565217391
0 0.20108695652173914 0.7581521739130435 0.04755434782608696 0.046875
0 0.17595108695652173 0.7085597826086957 0.041440217391304345 0.03804347826086957
0 0.12635869565217392 0.6650815217391305 0.03328804347826087 0.03125
0 0.14945652173913043 0.6426630434782609 0.029211956521739132 0.027853260869565216
0 0.06657608695652174 0.6365489130434783 0.03125 0.026494565217391304
0 0.059782608695652176 0.6664402173913043 0.035326086956521736 0.030570652173913044
0 0.09035326086956522 0.6949728260869565 0.03940217391304348 0.03804347826086957
0 0.09307065217391304 0.7438858695652174 0.05366847826086957 0.049592391304347824
0 0.001358695652173913 0.704483695652174 0.002717391304347826 0.036684782608695655
0 0.005434782608695652 0.6379076086956522 0.010869565217391304 0.028532608695652172
0 0.7024456521739131 0.5122282608695652 0.017663043478260868 0.01358695652173913
0 0.42595108695652173 0.7547554347826086 0.05434782608695652 0.04076086956521739
0 0.06385869565217392 0.5835597826086957 0.02717391304347826 0.020380434782608696
0 0.3179347826086957 0.7425271739130435 0.049592391304347824 0.036684782608695655