0 0.9103260869565217 0.21739130434782608 0.018342391304347828 0.01358695652173913
0 0.953125 0.23233695652173914 0.016304347826086956 0.01358695652173913
0 0.9870923913043478 0.23029891304347827 0.015625 0.014945652173913044
0 0.296195652173913 0.358695652173913 0.015625 0.012907608695652174
0 0.32404891304347827 0.36345108695652173 0.015625 0.012907608695652174
0 0.3376358695652174 0.37839673913043476 0.014266304347826086 0.01358695652173913
0 0.36141304347826086 0.360054347826087 0.015625 0.014945652173913044
0 0.38722826086956524 0.33695652173913043 0.015625 0.012907608695652174
0 0.39945652173913043 0.360054347826087 0.016304347826086956 0.01358695652173913
0 0.35665760869565216 0.39334239130434784 0.015625 0.01358695652173913
0 0.40285326086956524 0.3953804347826087 0.016304347826086956 0.014945652173913044
0 0.1875 0.3960597826086957 0.015625 0.012228260869565218
0 0.19972826086956522 0.40285326086956524 0.015625 0.01358695652173913
0 0.468070652173913 0.34578804347826086 0.015625 0.01358695652173913
0 0.5210597826086957 0.25815217391304346 0.014266304347826086 0.01358695652173913
0 0.5054347826086957 0.2717391304347826 0.014266304347826086 0.012907608695652174
0 0.561141304347826 0.32404891304347827 0.018342391304347828 0.014945652173913044
0 0.5625 0.3070652173913043 0.015625 0.012907608695652174
0 0.5115489130434783 0.3797554347826087 0.018342391304347828 0.015625
0 0.4626358695652174 0.3702445652173913 0.018342391304347828 0.015625
0 0.6046195652173914 0.2907608695652174 0.016304347826086956 0.01358695652173913
0 0.6908967391304348 0.265625 0.016304347826086956 0.01358695652173913
0 0.6005434782608695 0.40353260869565216 0.01970108695652174 0.014945652173913044
0 0.5692934782608695 0.38315217391304346 0.01970108695652174 0.015625
0 0.6745923913043478 0.34171195652173914 0.01970108695652174 0.01358695652173913
0 0.7119565217391305 0.35190217391304346 0.01970108695652174 0.016304347826086956
0 0.7126358695652174 0.3328804347826087 0.016304347826086956 0.01358695652173913
0 0.6114130434782609 0.3070652173913043 0.016304347826086956 0.01358695652173913
0 0.6664402173913043 0.31997282608695654 0.016304347826086956 0.014945652173913044
0 0.6385869565217391 0.33967391304347827 0.01970108695652174 0.015625
0 0.7744565217391305 0.31046195652173914 0.016304347826086956 0.01358695652173913
0 0.765625 0.35190217391304346 0.01970108695652174 0.015625
0 0.8260869565217391 0.35597826086956524 0.01970108695652174 0.015625
0 0.8743206521739131 0.35122282608695654 0.020380434782608696 0.014945652173913044
0 0.9415760869565217 0.34646739130434784 0.01970108695652174 0.015625
0 0.9198369565217391 0.3267663043478261 0.018342391304347828 0.014945652173913044
0 0.9239130434782609 0.30502717391304346 0.018342391304347828 0.015625
0 0.9225543478260869 0.2873641304347826 0.016304347826086956 0.01358695652173913
0 0.9123641304347826 0.27241847826086957 0.016304347826086956 0.01358695652173913
0 0.8654891304347826 0.3111413043478261 0.018342391304347828 0.01358695652173913
0 0.8675271739130435 0.3328804347826087 0.018342391304347828 0.014945652173913044
0 0.8498641304347826 0.2595108695652174 0.016304347826086956 0.012907608695652174
0 0.8172554347826086 0.29415760869565216 0.016304347826086956 0.012907608695652174
0 0.6684782608695652 0.37771739130434784 0.020380434782608696 0.015625
0 0.6195652173913043 0.3797554347826087 0.01970108695652174 0.015625
0 0.5495923913043478 0.4048913043478261 0.018342391304347828 0.015625
0 0.5108695652173914 0.40828804347826086 0.018342391304347828 0.014945652173913044
0 0.46127717391304346 0.40896739130434784 0.018342391304347828 0.014945652173913044
0 0.35529891304347827 0.4116847826086957 0.01970108695652174 0.015625
0 0.7119565217391305 0.4014945652173913 0.01970108695652174 0.015625
0 0.6555706521739131 0.39945652173913043 0.020380434782608696 0.017663043478260868
0 0.71875 0.37907608695652173 0.01970108695652174 0.015625
0 0.7819293478260869 0.3736413043478261 0.01970108695652174 0.014945652173913044
0 0.8315217391304348 0.37228260869565216 0.020380434782608696 0.014945652173913044
0 0.8804347826086957 0.37228260869565216 0.022418478260869564 0.015625
0 0.9429347826086957 0.3688858695652174 0.01970108695652174 0.016304347826086956
0 0.9334239130434783 0.38722826086956524 0.022418478260869564 0.017663043478260868
0 0.8797554347826086 0.3919836956521739 0.022418478260869564 0.017663043478260868
0 0.8233695652173914 0.3953804347826087 0.020380434782608696 0.015625
0 0.7554347826086957 0.39877717391304346 0.020380434782608696 0.015625
0 0.9959239130434783 0.3423913043478261 0.008152173913043478 0.018342391304347828
0 0.9816576086956522 0.3226902173913043 0.018342391304347828 0.016304347826086956
0 0.9714673913043478 0.281929347826087 0.018342391304347828 0.01358695652173913
0 0.9646739130434783 0.26358695652173914 0.015625 0.01358695652173913
0 0.33559782608695654 0.45584239130434784 0.018342391304347828 0.015625
0 0.30842391304347827 0.4585597826086957 0.016304347826086956 0.014945652173913044
0 0.3845108695652174 0.4517663043478261 0.01970108695652174 0.017663043478260868
0 0.422554347826087 0.4517663043478261 0.020380434782608696 0.017663043478260868
0 0.47078804347826086 0.44972826086956524 0.01970108695652174 0.017663043478260868
0 0.5244565217391305 0.4517663043478261 0.020380434782608696 0.018342391304347828
0 0.5910326086956522 0.452445652173913 0.02377717391304348 0.018342391304347828
0 0.6385869565217391 0.45040760869565216 0.02377717391304348 0.020380434782608696
0 0.6936141304347826 0.4470108695652174 0.022418478260869564 0.021059782608695652
0 0.7350543478260869 0.4422554347826087 0.02377717391304348 0.021059782608695652
0 0.8118206521739131 0.4422554347826087 0.024456521739130436 0.019021739130434784
0 0.904891304347826 0.44972826086956524 0.024456521739130436 0.020380434782608696
0 0.9789402173913043 0.4429347826086957 0.024456521739130436 0.020380434782608696
0 0.9952445652173914 0.469429347826087 0.009510869565217392 0.019021739130434784
0 0.9198369565217391 0.46875 0.02377717391304348 0.019021739130434784
0 0.858016304347826 0.47146739130434784 0.024456521739130436 0.020380434782608696
0 0.7880434782608695 0.4701086956521739 0.024456521739130436 0.021059782608695652
0 0.71875 0.47146739130434784 0.026494565217391304 0.021739130434782608
0 0.6827445652173914 0.4701086956521739 0.02377717391304348 0.021059782608695652
0 0.6154891304347826 0.4701086956521739 0.024456521739130436 0.021059782608695652
0 0.561141304347826 0.47146739130434784 0.02377717391304348 0.019021739130434784
0 0.5292119565217391 0.4735054347826087 0.02377717391304348 0.020380434782608696
0 0.46535326086956524 0.4735054347826087 0.022418478260869564 0.018342391304347828
0 0.4076086956521739 0.47758152173913043 0.020380434782608696 0.018342391304347828
0 0.3580163043478261 0.47758152173913043 0.020380434782608696 0.016304347826086956
0 0.3233695652173913 0.4830163043478261 0.01970108695652174 0.015625
0 0.34646739130434784 0.5047554347826086 0.022418478260869564 0.019021739130434784
0 0.3111413043478261 0.4986413043478261 0.022418478260869564 0.018342391304347828
0 0.391304347826087 0.5054347826086957 0.022418478260869564 0.018342391304347828
0 0.44089673913043476 0.5020380434782609 0.02377717391304348 0.021739130434782608
0 0.5040760869565217 0.5040760869565217 0.02377717391304348 0.021059782608695652
0 0.5625 0.501358695652174 0.02377717391304348 0.019021739130434784
0 0.623641304347826 0.49728260869565216 0.02377717391304348 0.020380434782608696
0 0.6773097826086957 0.5020380434782609 0.02377717391304348 0.021739130434782608
0 0.7364130434782609 0.5040760869565217 0.024456521739130436 0.021739130434782608
0 0.7853260869565217 0.5054347826086957 0.024456521739130436 0.020380434782608696
0 0.8566576086956522 0.499320652173913 0.024456521739130436 0.021739130434782608
0 0.9239130434782609 0.4952445652173913 0.026494565217391304 0.02377717391304348
0 0.985733695652174 0.4945652173913043 0.024456521739130436 0.02309782608695652
0 0.9375 0.5292119565217391 0.028532608695652172 0.021059782608695652
0 0.8634510869565217 0.53125 0.027853260869565216 0.021739130434782608
0 0.7934782608695652 0.5285326086956522 0.026494565217391304 0.021739130434782608
0 0.7296195652173914 0.5264945652173914 0.026494565217391304 0.02309782608695652
0 0.670516304347826 0.5353260869565217 0.02377717391304348 0.021739130434782608
0 0.6202445652173914 0.529891304347826 0.024456521739130436 0.021059782608695652
0 0.4904891304347826 0.5305706521739131 0.024456521739130436 0.020380434782608696
0 0.44089673913043476 0.5339673913043478 0.022418478260869564 0.020380434782608696
0 0.37771739130434784 0.5421195652173914 0.03260869565217391 0.026494565217391304
0 0.33152173913043476 0.5353260869565217 0.020380434782608696 0.018342391304347828
0 0.42391304347826086 0.5523097826086957 0.024456521739130436 0.021739130434782608
0 0.051630434782608696 0.48165760869565216 0.016304347826086956 0.014945652173913044
0 0.10665760869565218 0.46127717391304346 0.018342391304347828 0.014945652173913044
0 0.09918478260869565 0.48097826086956524 0.01970108695652174 0.017663043478260868
0 0.07540760869565218 0.5040760869565217 0.01970108695652174 0.015625
0 0.03804347826086957 0.4986413043478261 0.020380434782608696 0.016304347826086956
0 0.1480978260869565 0.48165760869565216 0.01970108695652174 0.017663043478260868
0 0.1644021739130435 0.46195652173913043 0.016304347826086956 0.014945652173913044
0 0.19429347826086957 0.483695652173913 0.020380434782608696 0.017663043478260868
0 0.15964673913043478 0.5020380434782609 0.020380434782608696 0.017663043478260868
0 0.12907608695652173 0.5074728260869565 0.020380434782608696 0.017663043478260868
0 0.08288043478260869 0.529891304347826 0.020380434782608696 0.015625
0 0.06114130434782609 0.5217391304347826 0.018342391304347828 0.014945652173913044
0 0.10326086956521739 0.5387228260869565 0.028532608695652172 0.025815217391304348
0 0.1297554347826087 0.5332880434782609 0.020380434782608696 0.018342391304347828
0 0.18817934782608695 0.5346467391304348 0.01970108695652174 0.015625
0 0.21263586956521738 0.4585597826086957 0.018342391304347828 0.014945652173913044
0 0.23301630434782608 0.483695652173913 0.020380434782608696 0.017663043478260868
0 0.281929347826087 0.4857336956521739 0.01970108695652174 0.017663043478260868
0 0.21467391304347827 0.5040760869565217 0.01970108695652174 0.017663043478260868
0 0.2554347826086957 0.5020380434782609 0.01970108695652174 0.017663043478260868
0 0.24048913043478262 0.5285326086956522 0.020380434782608696 0.017663043478260868
0 0.06453804347826086 0.5509510869565217 0.01970108695652174 0.017663043478260868
0 0.07065217391304347 0.5815217391304348 0.04755434782608696 0.04008152173913043
0 0.22146739130434784 0.5835597826086957 0.07404891304347826 0.06114130434782609
0 0.28872282608695654 0.5801630434782609 0.04823369565217391 0.03940217391304348
0 0.25747282608695654 0.5536684782608695 0.03260869565217391 0.02377717391304348
0 0.2826086956521739 0.5346467391304348 0.02377717391304348 0.017663043478260868
0 0.30434782608695654 0.5536684782608695 0.02377717391304348 0.020380434782608696
0 0.40964673913043476 0.5869565217391305 0.06793478260869565 0.058423913043478264
0 0.4592391304347826 0.5971467391304348 0.02377717391304348 0.020380434782608696
0 0.5502717391304348 0.579483695652174 0.06657608695652174 0.057744565217391304
0 0.623641304347826 0.5733695652173914 0.06793478260869565 0.05298913043478261
0 0.5699728260869565 0.592391304347826 0.036005434782608696 0.029891304347826088
0 0.7418478260869565 0.5543478260869565 0.03940217391304348 0.03125
0 0.7194293478260869 0.5584239130434783 0.027853260869565216 0.024456521739130436
0 0.7934782608695652 0.5652173913043478 0.027853260869565216 0.021739130434782608
0 0.8627717391304348 0.5692934782608695 0.028532608695652172 0.024456521739130436
0 0.9449728260869565 0.5679347826086957 0.028532608695652172 0.021739130434782608
0 0.9904891304347826 0.5957880434782609 0.018342391304347828 0.029891304347826088
0 0.9266304347826086 0.5985054347826086 0.03192934782608696 0.026494565217391304
0 0.860733695652174 0.5985054347826086 0.03192934782608696 0.02377717391304348
0 0.265625 0.8512228260869565 0.14741847826086957 0.12771739130434784
0 0.6480978260869565 0.281929347826087 0.018342391304347828 0.012228260869565218
0 0.6535326086956522 0.266304347826087 0.017663043478260868 0.01154891304347826
0 0.733016304347826 0.29347826086956524 0.018342391304347828 0.012228260869565218
0 0.8797554347826086 0.26902173913043476 0.018342391304347828 0.012907608695652174
0 0.8777173913043478 0.28464673913043476 0.018342391304347828 0.012228260869565218
0 0.8274456521739131 0.3138586956521739 0.01970108695652174 0.012907608695652174
0 0.8301630434782609 0.28125 0.018342391304347828 0.012228260869565218
0 0.7907608695652174 0.27309782608695654 0.018342391304347828 0.012228260869565218
0 0.7805706521739131 0.29279891304347827 0.018342391304347828 0.012228260869565218
0 0.5210597826086957 0.5387228260869565 0.042119565217391304 0.029211956521739132
0 0.09646739130434782 0.578125 0.044157608695652176 0.029891304347826088
0 0.9945652173913043 0.53125 0.010190217391304348 0.020380434782608696
0 0.7975543478260869 0.5998641304347826 0.034646739130434784 0.02377717391304348
0 0.007472826086956522 0.8851902173913043 0.014945652173913044 0.11277173913043478
0 0.026494565217391304 0.8152173913043478 0.05298913043478261 0.10054347826086957
0 0.24932065217391305 0.7948369565217391 0.1453804347826087 0.09714673913043478
0 0.21739130434782608 0.9150815217391305 0.17459239130434784 0.11684782608695653
0 0.4735054347826087 0.8688858695652174 0.1637228260869565 0.109375
0 0.46535326086956524 0.7758152173913043 0.13790760869565216 0.09307065217391304
0 0.6059782608695652 0.8600543478260869 0.16032608695652173 0.10733695652173914
0 0.8641304347826086 0.8634510869565217 0.11141304347826086 0.08423913043478261
0 0.7717391304347826 0.8213315217391305 0.08355978260869565 0.07608695652173914
0 0.9266304347826086 0.9694293478260869 0.10461956521739131 0.06046195652173913
0 0.9748641304347826 0.9137228260869565 0.050271739130434784 0.057744565217391304