0 0.9021739130434783 0.5808423913043478 0.03804347826086957 0.050951086956521736
0 0.17595108695652173 0.5835597826086957 0.04891304347826087 0.04076086956521739
0 0.9945652173913043 0.53125 0.010869565217391304 0.04551630434782609
0 0.07065217391304347 0.563858695652174 0.050271739130434784 0.04076086956521739
0 0.6426630434782609 0.5427989130434783 0.050271739130434784 0.050271739130434784
0 0.8362771739130435 0.5855978260869565 0.05502717391304348 0.046875
0 0.4626358695652174 0.5896739130434783 0.06725543478260869 0.06725543478260869
0 0.01358695652173913 0.5475543478260869 0.026494565217391304 0.024456521739130436
0 0.8254076086956522 0.5448369565217391 0.041440217391304345 0.03940217391304348
0 0.11888586956521739 0.5686141304347826 0.03940217391304348 0.03328804347826087
0 0.970108695652174 0.5163043478260869 0.03872282608695652 0.03940217391304348
0 0.499320652173913 0.5441576086956522 0.04483695652173913 0.04076086956521739
0 0.8471467391304348 0.47214673913043476 0.024456521739130436 0.021739130434782608
0 0.9123641304347826 0.5251358695652174 0.043478260869565216 0.042119565217391304
0 0.5523097826086957 0.5849184782608695 0.06657608695652174 0.07201086956521739
0 0.17730978260869565 0.5339673913043478 0.029891304347826088 0.025135869565217392
0 0.22214673913043478 0.529891304347826 0.028532608695652172 0.025135869565217392
0 0.8858695652173914 0.46875 0.026494565217391304 0.024456521739130436
0 0.7907608695652174 0.4673913043478261 0.022418478260869564 0.021059782608695652
0 0.11616847826086957 0.529891304347826 0.029891304347826088 0.024456521739130436
0 0.36141304347826086 0.5917119565217391 0.05638586956521739 0.05434782608695652
0 0.6358695652173914 0.46535326086956524 0.021739130434782608 0.020380434782608696
0 0.7690217391304348 0.46127717391304346 0.021059782608695652 0.01970108695652174
0 0.2235054347826087 0.5760869565217391 0.04891304347826087 0.04755434782608696
0 0.2751358695652174 0.5760869565217391 0.05434782608695652 0.06046195652173913
0 0.43546195652173914 0.5618206521739131 0.034646739130434784 0.043478260869565216
0 0.6970108695652174 0.5360054347826086 0.036005434782608696 0.036005434782608696
0 0.5774456521739131 0.5135869565217391 0.029891304347826088 0.028532608695652172
0 0.9408967391304348 0.45991847826086957 0.021739130434782608 0.020380434782608696
0 0.8063858695652174 0.46603260869565216 0.01970108695652174 0.019021739130434784
0 0.7364130434782609 0.5665760869565217 0.04619565217391304 0.04008152173913043
0 0.6691576086956522 0.608016304347826 0.06997282608695653 0.07336956521739131
0 0.9707880434782609 0.43002717391304346 0.018342391304347828 0.017663043478260868
0 0.9096467391304348 0.43070652173913043 0.01970108695652174 0.01970108695652174
0 0.876358695652174 0.4361413043478261 0.01970108695652174 0.019021739130434784
0 0.9497282608695652 0.4748641304347826 0.022418478260869564 0.02309782608695652
0 0.967391304347826 0.48097826086956524 0.02377717391304348 0.027853260869565216
0 0.9191576086956522 0.4796195652173913 0.027853260869565216 0.027853260869565216
0 0.8743206521739131 0.49796195652173914 0.026494565217391304 0.029891304347826088
0 0.8586956521739131 0.48777173913043476 0.02377717391304348 0.025135869565217392
0 0.8213315217391305 0.4952445652173913 0.027853260869565216 0.02377717391304348
0 0.7452445652173914 0.46467391304347827 0.021059782608695652 0.020380434782608696
0 0.7248641304347826 0.46467391304347827 0.018342391304347828 0.017663043478260868
0 0.6875 0.46059782608695654 0.019021739130434784 0.01970108695652174
0 0.6637228260869565 0.47146739130434784 0.021739130434782608 0.018342391304347828
0 0.6970108695652174 0.4796195652173913 0.021739130434782608 0.019021739130434784
0 0.7275815217391305 0.48641304347826086 0.024456521739130436 0.02309782608695652
0 0.7377717391304348 0.4904891304347826 0.026494565217391304 0.024456521739130436
0 0.7024456521739131 0.4952445652173913 0.02377717391304348 0.021739130434782608
0 0.7377717391304348 0.5251358695652174 0.03328804347826087 0.028532608695652172
0 0.6453804347826086 0.48029891304347827 0.02309782608695652 0.01970108695652174
0 0.6161684782608695 0.4789402173913043 0.022418478260869564 0.020380434782608696
0 0.6100543478260869 0.48777173913043476 0.025135869565217392 0.025135869565217392
0 0.5625 0.4735054347826087 0.021739130434782608 0.019021739130434784
0 0.6480978260869565 0.5020380434782609 0.027853260869565216 0.02717391304347826
0 0.5135869565217391 0.5020380434782609 0.02717391304347826 0.02377717391304348
0 0.49184782608695654 0.49184782608695654 0.025135869565217392 0.022418478260869564
0 0.46127717391304346 0.49184782608695654 0.02309782608695652 0.020380434782608696
0 0.422554347826087 0.49320652173913043 0.02309782608695652 0.016983695652173912
0 0.40964673913043476 0.5067934782608695 0.02309782608695652 0.021739130434782608
0 0.358695652173913 0.5115489130434783 0.024456521739130436 0.021059782608695652
0 0.3851902173913043 0.5135869565217391 0.024456521739130436 0.021739130434782608
0 0.46127717391304346 0.5122282608695652 0.024456521739130436 0.021739130434782608
0 0.32540760869565216 0.5061141304347826 0.022418478260869564 0.01970108695652174
0 0.328125 0.5183423913043478 0.02377717391304348 0.022418478260869564
0 0.2907608695652174 0.5190217391304348 0.025135869565217392 0.021739130434782608
0 0.2758152173913043 0.529891304347826 0.03260869565217391 0.026494565217391304
0 0.25747282608695654 0.5203804347826086 0.026494565217391304 0.025135869565217392
0 0.3383152173913043 0.548233695652174 0.04008152173913043 0.03328804347826087
0 0.036005434782608696 0.5713315217391305 0.042798913043478264 0.035326086956521736
0 0.14402173913043478 0.5461956521739131 0.03260869565217391 0.025135869565217392
0 0.2554347826086957 0.5461956521739131 0.027853260869565216 0.029211956521739132
0 0.3960597826086957 0.5305706521739131 0.028532608695652172 0.025135869565217392
0 0.44565217391304346 0.5373641304347826 0.029211956521739132 0.02717391304347826
0 0.9014945652173914 0.579483695652174 0.05502717391304348 0.041440217391304345
0 0.9918478260869565 0.4585597826086957 0.016304347826086956 0.019021739130434784
0 0.9510869565217391 0.49252717391304346 0.03736413043478261 0.027853260869565216
0 0.8913043478260869 0.499320652173913 0.03736413043478261 0.027853260869565216
0 0.8125 0.48029891304347827 0.02717391304347826 0.020380434782608696
0 0.8158967391304348 0.5088315217391305 0.035326086956521736 0.026494565217391304
0 0.7404891304347826 0.5061141304347826 0.03125 0.02309782608695652
0 0.6990489130434783 0.5067934782608695 0.03260869565217391 0.024456521739130436
0 0.5679347826086957 0.48641304347826086 0.026494565217391304 0.01970108695652174
0 0.6283967391304348 0.5101902173913043 0.03940217391304348 0.029211956521739132
0 0.48641304347826086 0.5197010869565217 0.03328804347826087 0.025135869565217392
0 0.5557065217391305 0.5237771739130435 0.04755434782608696 0.036005434782608696
0 0.5835597826086957 0.5400815217391305 0.05570652173913043 0.042119565217391304
0 0.09035326086956522 0.5332880434782609 0.029211956521739132 0.021739130434782608
0 0.4014945652173913 0.5264945652173914 0.03125 0.02309782608695652