0 0.26290760869565216 0.5237771739130435 0.015625 0.021059782608695652
0 0.3077445652173913 0.5129076086956522 0.016983695652173912 0.02309782608695652
0 0.34646739130434784 0.5278532608695652 0.015625 0.021059782608695652
0 0.3892663043478261 0.529891304347826 0.016304347826086956 0.021059782608695652
0 0.42595108695652173 0.529891304347826 0.016983695652173912 0.022418478260869564
0 0.45991847826086957 0.5339673913043478 0.016304347826086956 0.021059782608695652
0 0.5020380434782609 0.5394021739130435 0.014945652173913044 0.02309782608695652
0 0.5441576086956522 0.529891304347826 0.016304347826086956 0.02309782608695652
0 0.5910326086956522 0.5319293478260869 0.014266304347826086 0.02309782608695652
0 0.6283967391304348 0.5285326086956522 0.016983695652173912 0.024456521739130436
0 0.670516304347826 0.532608695652174 0.015625 0.021059782608695652
0 0.7058423913043478 0.5380434782608695 0.014266304347826086 0.021059782608695652
0 0.7459239130434783 0.5400815217391305 0.014945652173913044 0.01970108695652174
0 0.7894021739130435 0.5360054347826086 0.014266304347826086 0.01970108695652174
0 0.8315217391304348 0.5387228260869565 0.014945652173913044 0.021059782608695652
0 0.876358695652174 0.5414402173913043 0.014945652173913044 0.021059782608695652
0 0.9184782608695652 0.5441576086956522 0.014945652173913044 0.021059782608695652
0 0.9605978260869565 0.5434782608695652 0.014945652173913044 0.01970108695652174
0 0.985733695652174 0.563858695652174 0.016304347826086956 0.021059782608695652
0 0.9442934782608695 0.5679347826086957 0.014945652173913044 0.021059782608695652
0 0.8987771739130435 0.5672554347826086 0.015625 0.021059782608695652
0 0.8485054347826086 0.5672554347826086 0.015625 0.021059782608695652
0 0.8077445652173914 0.5713315217391305 0.015625 0.021059782608695652
0 0.7615489130434783 0.5706521739130435 0.015625 0.022418478260869564
0 0.7214673913043478 0.5692934782608695 0.016304347826086956 0.021059782608695652
0 0.6542119565217391 0.5591032608695652 0.016304347826086956 0.02309782608695652
0 0.6046195652173914 0.5618206521739131 0.017663043478260868 0.02309782608695652
0 0.5509510869565217 0.5686141304347826 0.016304347826086956 0.02309782608695652
0 0.5108695652173914 0.5584239130434783 0.016983695652173912 0.024456521739130436
0 0.46127717391304346 0.563858695652174 0.015625 0.021059782608695652
0 0.4429347826086957 0.5944293478260869 0.016983695652173912 0.025135869565217392
0 0.48165760869565216 0.59375 0.016983695652173912 0.02309782608695652
0 0.5237771739130435 0.59375 0.018342391304347828 0.025135869565217392
0 0.5720108695652174 0.595108695652174 0.016983695652173912 0.02309782608695652
0 0.6175271739130435 0.59375 0.017663043478260868 0.02309782608695652
0 0.6657608695652174 0.59375 0.017663043478260868 0.025135869565217392
0 0.7126358695652174 0.608016304347826 0.016983695652173912 0.021059782608695652
0 0.7567934782608695 0.6039402173913043 0.015625 0.022418478260869564
0 0.8063858695652174 0.6066576086956522 0.015625 0.021059782608695652
0 0.859375 0.6073369565217391 0.016304347826086956 0.021059782608695652
0 0.8980978260869565 0.610733695652174 0.016304347826086956 0.021059782608695652
0 0.9442934782608695 0.6005434782608695 0.016304347826086956 0.021059782608695652
0 0.9932065217391305 0.5991847826086957 0.012907608695652174 0.02309782608695652
0 0.9483695652173914 0.6929347826086957 0.017663043478260868 0.022418478260869564
0 0.9721467391304348 0.733016304347826 0.021739130434782608 0.029211956521739132
0 0.9945652173913043 0.71875 0.010869565217391304 0.02717391304347826
0 0.9239130434782609 0.7180706521739131 0.018342391304347828 0.02309782608695652
0 0.8654891304347826 0.720108695652174 0.01970108695652174 0.028532608695652172
0 0.8546195652173914 0.6922554347826086 0.017663043478260868 0.021059782608695652
0 0.779891304347826 0.720108695652174 0.016304347826086956 0.021059782608695652
0 0.6480978260869565 0.6949728260869565 0.017663043478260868 0.024456521739130436
0 0.5434782608695652 0.6949728260869565 0.017663043478260868 0.02309782608695652
0 0.266304347826087 0.5815217391304348 0.016983695652173912 0.025135869565217392
0 0.2717391304347826 0.5557065217391305 0.015625 0.02309782608695652
0 0.31589673913043476 0.5557065217391305 0.016983695652173912 0.024456521739130436
0 0.36345108695652173 0.5625 0.015625 0.021059782608695652
0 0.40964673913043476 0.5597826086956522 0.015625 0.021059782608695652
0 0.40353260869565216 0.5903532608695652 0.016983695652173912 0.024456521739130436
0 0.3580163043478261 0.5985054347826086 0.016983695652173912 0.022418478260869564
0 0.30910326086956524 0.59375 0.016983695652173912 0.02309782608695652
0 0.22146739130434784 0.654891304347826 0.017663043478260868 0.024456521739130436
0 0.22418478260869565 0.7309782608695652 0.016983695652173912 0.025135869565217392
0 0.32065217391304346 0.7133152173913043 0.014945652173913044 0.025135869565217392
0 0.24660326086956522 0.7581521739130435 0.016304347826086956 0.02309782608695652
0 0.5061141304347826 0.7649456521739131 0.017663043478260868 0.026494565217391304
0 0.06182065217391304 0.8023097826086957 0.019021739130434784 0.026494565217391304
0 0.18885869565217392 0.7873641304347826 0.01970108695652174 0.030570652173913044
0 0.4735054347826087 0.8002717391304348 0.018342391304347828 0.025135869565217392
0 0.49660326086956524 0.7995923913043478 0.016983695652173912 0.026494565217391304
0 0.5509510869565217 0.7561141304347826 0.01970108695652174 0.025135869565217392
0 0.6331521739130435 0.7853260869565217 0.014945652173913044 0.024456521739130436
0 0.7472826086956522 0.7989130434782609 0.017663043478260868 0.030570652173913044
0 0.7758152173913043 0.796875 0.021059782608695652 0.029211956521739132
0 0.3688858695652174 0.7438858695652174 0.01970108695652174 0.021059782608695652
0 0.42527173913043476 0.7466032608695652 0.020380434782608696 0.021059782608695652
0 0.015625 0.798233695652174 0.021739130434782608 0.02309782608695652
0 0.14470108695652173 0.7995923913043478 0.021739130434782608 0.02309782608695652
0 0.3023097826086957 0.7595108695652174 0.020380434782608696 0.022418478260869564
0 0.327445652173913 0.7934782608695652 0.021059782608695652 0.022418478260869564
0 0.608016304347826 0.7880434782608695 0.021059782608695652 0.021739130434782608
0 0.6365489130434783 0.7615489130434783 0.021059782608695652 0.022418478260869564
0 0.6596467391304348 0.7540760869565217 0.021059782608695652 0.022418478260869564