0 0.6052989130434783 0.9408967391304348 0.021059782608695652 0.021739130434782608
0 0.6086956521739131 0.8573369565217391 0.021059782608695652 0.019021739130434784
0 0.4673913043478261 0.8620923913043478 0.017663043478260868 0.016983695652173912
0 0.7269021739130435 0.8994565217391305 0.021059782608695652 0.022418478260869564
0 0.96875 0.9748641304347826 0.028532608695652172 0.02717391304347826
0 0.9898097826086957 0.8036684782608695 0.012907608695652174 0.016304347826086956
0 0.8783967391304348 0.779891304347826 0.016983695652173912 0.014945652173913044
0 0.8675271739130435 0.7133152173913043 0.016983695652173912 0.016304347826086956
0 0.8770380434782609 0.6949728260869565 0.014945652173913044 0.012907608695652174
0 0.891983695652174 0.6453804347826086 0.01358695652173913 0.012228260869565218
0 0.8355978260869565 0.6283967391304348 0.01358695652173913 0.012907608695652174
0 0.8274456521739131 0.5991847826086957 0.010869565217391304 0.010190217391304348
0 0.8464673913043478 0.5869565217391305 0.012907608695652174 0.010869565217391304
0 0.8104619565217391 0.6854619565217391 0.014945652173913044 0.012907608695652174
0 0.7914402173913043 0.7139945652173914 0.014945652173913044 0.014945652173913044
0 0.7255434782608695 0.7506793478260869 0.014945652173913044 0.014945652173913044
0 0.6698369565217391 0.7622282608695652 0.016983695652173912 0.014945652173913044
0 0.5896739130434783 0.7717391304347826 0.017663043478260868 0.016304347826086956
0 0.5754076086956522 0.7472826086956522 0.01358695652173913 0.012907608695652174
0 0.532608695652174 0.7629076086956522 0.016983695652173912 0.012907608695652174
0 0.5244565217391305 0.7411684782608695 0.014945652173913044 0.014945652173913044
0 0.6895380434782609 0.7207880434782609 0.014945652173913044 0.012907608695652174
0 0.6413043478260869 0.6976902173913043 0.01358695652173913 0.01358695652173913
0 0.6175271739130435 0.704483695652174 0.01358695652173913 0.012907608695652174
0 0.5862771739130435 0.704483695652174 0.014945652173913044 0.014945652173913044
0 0.5088315217391305 0.6895380434782609 0.01358695652173913 0.012228260869565218
0 0.4952445652173913 0.7160326086956522 0.017663043478260868 0.016304347826086956
0 0.4626358695652174 0.7459239130434783 0.014945652173913044 0.016304347826086956
0 0.592391304347826 0.6671195652173914 0.014945652173913044 0.01358695652173913
0 0.592391304347826 0.6487771739130435 0.010869565217391304 0.010869565217391304
0 0.5529891304347826 0.6480978260869565 0.010869565217391304 0.012228260869565218
0 0.5720108695652174 0.6338315217391305 0.010869565217391304 0.010869565217391304
0 0.5557065217391305 0.6229619565217391 0.010869565217391304 0.012228260869565218
0 0.5760869565217391 0.6161684782608695 0.010869565217391304 0.010190217391304348
0 0.6161684782608695 0.6188858695652174 0.010869565217391304 0.010869565217391304
0 0.6202445652173914 0.6086956521739131 0.010869565217391304 0.010869565217391304
0 0.639266304347826 0.5944293478260869 0.010190217391304348 0.010190217391304348
0 0.6508152173913043 0.6046195652173914 0.010869565217391304 0.008831521739130434
0 0.6447010869565217 0.6168478260869565 0.010869565217391304 0.010190217391304348
0 0.625 0.641983695652174 0.012907608695652174 0.010869565217391304
0 0.6739130434782609 0.6277173913043478 0.010869565217391304 0.010869565217391304
0 0.6868206521739131 0.6209239130434783 0.010190217391304348 0.010869565217391304
0 0.7139945652173914 0.6161684782608695 0.01358695652173913 0.012228260869565218
0 0.7479619565217391 0.5957880434782609 0.010869565217391304 0.010869565217391304
0 0.71875 0.6372282608695652 0.012907608695652174 0.012228260869565218
0 0.6664402173913043 0.6623641304347826 0.01358695652173913 0.01358695652173913
0 0.6963315217391305 0.6854619565217391 0.012907608695652174 0.010869565217391304
0 0.7289402173913043 0.6671195652173914 0.010869565217391304 0.010869565217391304
0 0.6589673913043478 0.5597826086956522 0.008152173913043478 0.008152173913043478
0 0.5998641304347826 0.5230978260869565 0.008152173913043478 0.008152173913043478
0 0.5828804347826086 0.5516304347826086 0.008152173913043478 0.008152173913043478
0 0.5516304347826086 0.5495923913043478 0.010869565217391304 0.010869565217391304
0 0.53125 0.5740489130434783 0.008152173913043478 0.008831521739130434
0 0.48845108695652173 0.5774456521739131 0.008152173913043478 0.008152173913043478
0 0.5081521739130435 0.5910326086956522 0.010869565217391304 0.008831521739130434
0 0.5591032608695652 0.5978260869565217 0.010190217391304348 0.008831521739130434
0 0.515625 0.6154891304347826 0.010869565217391304 0.010190217391304348
0 0.5006793478260869 0.623641304347826 0.010869565217391304 0.010869565217391304
0 0.47758152173913043 0.6243206521739131 0.010869565217391304 0.012228260869565218
0 0.3967391304347826 0.7588315217391305 0.014945652173913044 0.016304347826086956
0 0.28872282608695654 0.7228260869565217 0.01358695652173913 0.012907608695652174
0 0.35529891304347827 0.6820652173913043 0.012907608695652174 0.010869565217391304
0 0.34714673913043476 0.6603260869565217 0.010869565217391304 0.010190217391304348
0 0.2873641304347826 0.6786684782608695 0.012907608695652174 0.012228260869565218
0 0.266304347826087 0.6847826086956522 0.012907608695652174 0.010869565217391304
0 0.31453804347826086 0.6956521739130435 0.01358695652173913 0.012228260869565218
0 0.38383152173913043 0.7160326086956522 0.01358695652173913 0.01358695652173913
0 0.41779891304347827 0.6936141304347826 0.012907608695652174 0.012228260869565218
0 0.46467391304347827 0.6691576086956522 0.010869565217391304 0.010869565217391304
0 0.40625 0.6365489130434783 0.010869565217391304 0.010869565217391304
0 0.35529891304347827 0.6229619565217391 0.012907608695652174 0.010869565217391304
0 0.3451086956521739 0.6338315217391305 0.010190217391304348 0.008831521739130434
0 0.27717391304347827 0.6358695652173914 0.010869565217391304 0.010190217391304348
0 0.24660326086956522 0.6447010869565217 0.012907608695652174 0.012907608695652174
0 0.42866847826086957 0.6222826086956522 0.010190217391304348 0.010190217391304348
0 0.40625 0.6141304347826086 0.010190217391304348 0.010190217391304348
0 0.40625 0.5822010869565217 0.008152173913043478 0.008152173913043478
0 0.374320652173913 0.5930706521739131 0.008152173913043478 0.010190217391304348
0 0.3226902173913043 0.5855978260869565 0.010869565217391304 0.008831521739130434
0 0.2866847826086957 0.5944293478260869 0.010869565217391304 0.008831521739130434
0 0.297554347826087 0.6127717391304348 0.010869565217391304 0.010869565217391304
0 0.26222826086956524 0.6229619565217391 0.010869565217391304 0.010869565217391304
0 0.19972826086956522 0.608016304347826 0.010869565217391304 0.010190217391304348
0 0.16576086956521738 0.6046195652173914 0.010869565217391304 0.010190217391304348
0 0.17323369565217392 0.5896739130434783 0.010869565217391304 0.010869565217391304
0 0.14741847826086957 0.579483695652174 0.010869565217391304 0.010869565217391304
0 0.16915760869565216 0.5665760869565217 0.008152173913043478 0.008831521739130434
0 0.19972826086956522 0.5801630434782609 0.008152173913043478 0.008831521739130434
0 0.21195652173913043 0.5591032608695652 0.010190217391304348 0.008831521739130434
0 0.1827445652173913 0.5441576086956522 0.007472826086956522 0.008831521739130434
0 0.1610054347826087 0.545516304347826 0.008152173913043478 0.007472826086956522
0 0.15489130434782608 0.5495923913043478 0.007472826086956522 0.007472826086956522
0 0.12771739130434784 0.5550271739130435 0.008152173913043478 0.008831521739130434
0 0.11548913043478261 0.5604619565217391 0.010869565217391304 0.010190217391304348
0 0.05570652173913043 0.5502717391304348 0.010190217391304348 0.010190217391304348
0 0.07472826086956522 0.5448369565217391 0.010190217391304348 0.008831521739130434
0 0.25815217391304346 0.5665760869565217 0.008152173913043478 0.008831521739130434
0 0.26902173913043476 0.5625 0.007472826086956522 0.007472826086956522
0 0.41779891304347827 0.5305706521739131 0.007472826086956522 0.006114130434782609
0 0.36141304347826086 0.5706521739130435 0.008152173913043478 0.008152173913043478
0 0.3607336956521739 0.5427989130434783 0.007472826086956522 0.006114130434782609
0 0.38858695652173914 0.5421195652173914 0.008152173913043478 0.008152173913043478
0 0.3702445652173913 0.48641304347826086 0.006793478260869565 0.007472826086956522
0 0.35597826086956524 0.4830163043478261 0.006793478260869565 0.005434782608695652
0 0.08967391304347826 0.9300271739130435 0.021059782608695652 0.01970108695652174
0 0.14130434782608695 0.9551630434782609 0.028532608695652172 0.029211956521739132
0 0.1956521739130435 0.9245923913043478 0.025815217391304348 0.02717391304347826
0 0.26222826086956524 0.8865489130434783 0.021059782608695652 0.022418478260869564
0 0.19769021739130435 0.8933423913043478 0.021059782608695652 0.016983695652173912
0 0.09986413043478261 0.8831521739130435 0.020380434782608696 0.019021739130434784
0 0.006114130434782609 0.8817934782608695 0.012228260869565218 0.016304347826086956
0 0.02309782608695652 0.845108695652174 0.020380434782608696 0.018342391304347828
0 0.07540760869565218 0.845108695652174 0.018342391304347828 0.014945652173913044
0 0.18070652173913043 0.8328804347826086 0.020380434782608696 0.016304347826086956
0 0.15353260869565216 0.8023097826086957 0.016983695652173912 0.014945652173913044
0 0.11141304347826086 0.7880434782608695 0.018342391304347828 0.018342391304347828
0 0.12703804347826086 0.7703804347826086 0.014945652173913044 0.012228260869565218
0 0.059103260869565216 0.7493206521739131 0.018342391304347828 0.018342391304347828
0 0.07744565217391304 0.6983695652173914 0.01358695652173913 0.012907608695652174
0 0.036684782608695655 0.7995923913043478 0.018342391304347828 0.016304347826086956
0 0.311820652173913 0.5122282608695652 0.006793478260869565 0.005434782608695652
0 0.2826086956521739 0.5101902173913043 0.006793478260869565 0.007472826086956522
0 0.27717391304347827 0.5020380434782609 0.006793478260869565 0.006114130434782609
0 0.265625 0.5244565217391305 0.006793478260869565 0.006114130434782609
0 0.25339673913043476 0.5339673913043478 0.007472826086956522 0.007472826086956522
0 0.21603260869565216 0.5360054347826086 0.008152173913043478 0.007472826086956522
0 0.1827445652173913 0.5224184782608695 0.007472826086956522 0.006114130434782609
0 0.1949728260869565 0.48709239130434784 0.004755434782608696 0.005434782608695652
0 0.2112771739130435 0.47282608695652173 0.004755434782608696 0.005434782608695652
0 0.33627717391304346 0.5108695652173914 0.006793478260869565 0.005434782608695652
0 0.06317934782608696 0.5339673913043478 0.010190217391304348 0.008831521739130434
0 0.07472826086956522 0.529891304347826 0.007472826086956522 0.007472826086956522
0 0.07948369565217392 0.5210597826086957 0.008152173913043478 0.008152173913043478
0 0.08831521739130435 0.5074728260869565 0.007472826086956522 0.008152173913043478
0 0.06182065217391304 0.5067934782608695 0.007472826086956522 0.007472826086956522
0 0.12160326086956522 0.501358695652174 0.007472826086956522 0.006114130434782609
0 0.11073369565217392 0.5346467391304348 0.010190217391304348 0.008831521739130434
0 0.12567934782608695 0.5414402173913043 0.008152173913043478 0.007472826086956522
0 0.07608695652173914 0.4483695652173913 0.006793478260869565 0.005434782608695652
0 0.06317934782608696 0.45516304347826086 0.006793478260869565 0.005434782608695652
0 0.049592391304347824 0.4701086956521739 0.006793478260869565 0.006114130434782609
0 0.05502717391304348 0.47622282608695654 0.006793478260869565 0.006114130434782609
0 0.04891304347826087 0.48233695652173914 0.007472826086956522 0.006114130434782609
0 0.03804347826086957 0.4782608695652174 0.004755434782608696 0.005434782608695652
0 0.08967391304347826 0.48641304347826086 0.008152173913043478 0.007472826086956522
0 0.11548913043478261 0.48233695652173914 0.007472826086956522 0.006114130434782609
0 0.12024456521739131 0.4517663043478261 0.007472826086956522 0.006114130434782609
0 0.15353260869565216 0.5224184782608695 0.006793478260869565 0.006114130434782609
0 0.16032608695652173 0.5047554347826086 0.006793478260869565 0.006114130434782609
0 0.03260869565217391 0.4544836956521739 0.004755434782608696 0.005434782608695652
0 0.04008152173913043 0.6698369565217391 0.012907608695652174 0.010190217391304348
0 0.025135869565217392 0.6745923913043478 0.01358695652173913 0.012907608695652174
0 0.014266304347826086 0.6413043478260869 0.010869565217391304 0.010869565217391304
0 0.03260869565217391 0.4891304347826087 0.006793478260869565 0.006114130434782609
0 0.03328804347826087 0.5135869565217391 0.010190217391304348 0.008831521739130434
0 0.06317934782608696 0.5197010869565217 0.007472826086956522 0.007472826086956522
0 0.05366847826086957 0.5183423913043478 0.007472826086956522 0.006114130434782609
0 0.08763586956521739 0.545516304347826 0.008152173913043478 0.008152173913043478
0 0.16032608695652173 0.5210597826086957 0.007472826086956522 0.006114130434782609
0 0.2418478260869565 0.5550271739130435 0.008152173913043478 0.008152173913043478
0 0.2452445652173913 0.5407608695652174 0.007472826086956522 0.006114130434782609
0 0.5529891304347826 0.8722826086956522 0.02309782608695652 0.017663043478260868
0 0.6535326086956522 0.8974184782608695 0.02309782608695652 0.017663043478260868
0 0.6711956521739131 0.8702445652173914 0.02309782608695652 0.017663043478260868
0 0.717391304347826 0.8457880434782609 0.022418478260869564 0.016983695652173912
0 0.8220108695652174 0.8933423913043478 0.025815217391304348 0.019021739130434784
0 0.8716032608695652 0.8620923913043478 0.025135869565217392 0.019021739130434784
0 0.954483695652174 0.9307065217391305 0.027853260869565216 0.021059782608695652
0 0.9769021739130435 0.8641304347826086 0.025135869565217392 0.019021739130434784
0 0.8614130434782609 0.6514945652173914 0.014945652173913044 0.01154891304347826
0 0.8301630434782609 0.5808423913043478 0.012907608695652174 0.009510869565217392
0 0.765625 0.7418478260869565 0.017663043478260868 0.012228260869565218
0 0.5529891304347826 0.782608695652174 0.017663043478260868 0.012907608695652174
0 0.5380434782608695 0.6834239130434783 0.015625 0.01154891304347826
0 0.6317934782608695 0.6243206521739131 0.012907608695652174 0.009510869565217392
0 0.6623641304347826 0.6372282608695652 0.01358695652173913 0.010869565217391304
0 0.7133152173913043 0.5876358695652174 0.012228260869565218 0.008152173913043478
0 0.7038043478260869 0.5652173913043478 0.010190217391304348 0.007472826086956522
0 0.6868206521739131 0.5414402173913043 0.010190217391304348 0.007472826086956522
0 0.5543478260869565 0.5896739130434783 0.012228260869565218 0.008152173913043478
0 0.48029891304347827 0.6059782608695652 0.012228260869565218 0.008831521739130434
0 0.7961956521739131 0.8152173913043478 0.021059782608695652 0.016304347826086956
0 0.7432065217391305 0.8036684782608695 0.020380434782608696 0.014945652173913044
0 0.3804347826086957 0.7391304347826086 0.016983695652173912 0.012228260869565218
0 0.32540760869565216 0.7411684782608695 0.016983695652173912 0.012228260869565218
0 0.3580163043478261 0.6956521739130435 0.014945652173913044 0.010869565217391304
0 0.33220108695652173 0.6480978260869565 0.012907608695652174 0.009510869565217392
0 0.27853260869565216 0.701766304347826 0.014945652173913044 0.010190217391304348
0 0.2561141304347826 0.5991847826086957 0.012228260869565218 0.008831521739130434
0 0.2112771739130435 0.6188858695652174 0.012907608695652174 0.009510869565217392
0 0.18817934782608695 0.6345108695652174 0.012907608695652174 0.009510869565217392
0 0.2921195652173913 0.5692934782608695 0.010190217391304348 0.007472826086956522
0 0.30910326086956524 0.5665760869565217 0.010190217391304348 0.007472826086956522
0 0.33627717391304346 0.561141304347826 0.009510869565217392 0.007472826086956522
0 0.40896739130434784 0.5563858695652174 0.009510869565217392 0.006793478260869565
0 0.4048913043478261 0.5339673913043478 0.008152173913043478 0.006114130434782609
0 0.43546195652173914 0.5108695652173914 0.007472826086956522 0.006114130434782609
0 0.4701086956521739 0.4904891304347826 0.008152173913043478 0.005434782608695652
0 0.4701086956521739 0.6032608695652174 0.012228260869565218 0.008152173913043478
0 0.4205163043478261 0.4782608695652174 0.006793478260869565 0.004755434782608696
0 0.38383152173913043 0.4898097826086957 0.006793478260869565 0.005434782608695652
0 0.3342391304347826 0.47758152173913043 0.007472826086956522 0.005434782608695652
0 0.311820652173913 0.4830163043478261 0.006793478260869565 0.004755434782608696
0 0.3233695652173913 0.4735054347826087 0.007472826086956522 0.005434782608695652
0 0.3546195652173913 0.5047554347826086 0.007472826086956522 0.005434782608695652
0 0.3919836956521739 0.4904891304347826 0.006793478260869565 0.005434782608695652
0 0.4164402173913043 0.49116847826086957 0.006793478260869565 0.004755434782608696
0 0.4110054347826087 0.49116847826086957 0.007472826086956522 0.004755434782608696
0 0.07201086956521739 0.9558423913043478 0.029891304347826088 0.02309782608695652
0 0.18953804347826086 0.8131793478260869 0.01970108695652174 0.014266304347826086
0 0.09918478260869565 0.7296195652173914 0.016983695652173912 0.012228260869565218
0 0.050271739130434784 0.7296195652173914 0.016983695652173912 0.012228260869565218
0 0.2873641304347826 0.516983695652174 0.007472826086956522 0.005434782608695652
0 0.2608695652173913 0.5006793478260869 0.006793478260869565 0.005434782608695652
0 0.26970108695652173 0.5319293478260869 0.009510869565217392 0.006114130434782609
0 0.20855978260869565 0.5033967391304348 0.007472826086956522 0.005434782608695652
0 0.18070652173913043 0.5129076086956522 0.007472826086956522 0.006114130434782609
0 0.22010869565217392 0.48709239130434784 0.006793478260869565 0.004755434782608696
0 0.27241847826086957 0.48777173913043476 0.007472826086956522 0.004755434782608696
0 0.24796195652173914 0.48233695652173914 0.006793478260869565 0.004755434782608696
0 0.29279891304347827 0.47146739130434784 0.006793478260869565 0.004755434782608696
0 0.2710597826086957 0.4633152173913043 0.005434782608695652 0.004076086956521739
0 0.25747282608695654 0.46467391304347827 0.005434782608695652 0.004755434782608696
0 0.24796195652173914 0.45991847826086957 0.005434782608695652 0.0033967391304347825
0 0.2452445652173913 0.4517663043478261 0.004755434782608696 0.004076086956521739
0 0.26358695652173914 0.4544836956521739 0.006793478260869565 0.004755434782608696
0 0.26834239130434784 0.44429347826086957 0.005434782608695652 0.004076086956521739
0 0.21467391304347827 0.4544836956521739 0.006793478260869565 0.004755434782608696
0 0.20855978260869565 0.44565217391304346 0.006793478260869565 0.005434782608695652
0 0.35529891304347827 0.47214673913043476 0.007472826086956522 0.004755434782608696
0 0.35122282608695654 0.48845108695652173 0.007472826086956522 0.004755434782608696
0 0.3172554347826087 0.46671195652173914 0.006793478260869565 0.005434782608695652
0 0.3125 0.46127717391304346 0.006793478260869565 0.004755434782608696
0 0.311820652173913 0.45516304347826086 0.006793478260869565 0.004755434782608696
0 0.03804347826086957 0.5258152173913043 0.009510869565217392 0.007472826086956522
0 0.11141304347826086 0.5074728260869565 0.009510869565217392 0.006793478260869565
0 0.078125 0.4327445652173913 0.006793478260869565 0.004755434782608696
0 0.057744565217391304 0.4313858695652174 0.005434782608695652 0.004755434782608696
0 0.05570652173913043 0.42459239130434784 0.006793478260869565 0.004755434782608696
0 0.04823369565217391 0.4157608695652174 0.006793478260869565 0.004755434782608696
0 0.029891304347826088 0.42391304347826086 0.006793478260869565 0.004755434782608696
0 0.033967391304347824 0.41983695652173914 0.006793478260869565 0.004755434782608696
0 0.044157608695652176 0.406929347826087 0.006793478260869565 0.004755434782608696
0 0.06453804347826086 0.405570652173913 0.007472826086956522 0.005434782608695652
0 0.07133152173913043 0.40964673913043476 0.007472826086956522 0.005434782608695652
0 0.06453804347826086 0.46195652173913043 0.006793478260869565 0.005434782608695652
0 0.042119565217391304 0.46195652173913043 0.006793478260869565 0.004755434782608696
0 0.06725543478260869 0.47214673913043476 0.007472826086956522 0.005434782608695652
0 0.08152173913043478 0.4673913043478261 0.007472826086956522 0.005434782608695652
0 0.08355978260869565 0.45516304347826086 0.007472826086956522 0.004755434782608696
0 0.1297554347826087 0.48777173913043476 0.008152173913043478 0.006114130434782609
0 0.11616847826086957 0.4633152173913043 0.007472826086956522 0.005434782608695652
0 0.1331521739130435 0.46603260869565216 0.007472826086956522 0.005434782608695652
0 0.14605978260869565 0.4673913043478261 0.007472826086956522 0.005434782608695652
0 0.15896739130434784 0.469429347826087 0.007472826086956522 0.005434782608695652
0 0.15353260869565216 0.4592391304347826 0.007472826086956522 0.005434782608695652
0 0.15625 0.43953804347826086 0.006793478260869565 0.005434782608695652
0 0.16236413043478262 0.43410326086956524 0.007472826086956522 0.004755434782608696
0 0.15760869565217392 0.4891304347826087 0.007472826086956522 0.004755434782608696
0 0.171875 0.483695652173913 0.006793478260869565 0.004755434782608696
0 0.1766304347826087 0.47214673913043476 0.007472826086956522 0.005434782608695652
0 0.17255434782608695 0.43953804347826086 0.007472826086956522 0.005434782608695652
0 0.13790760869565216 0.5149456521739131 0.008152173913043478 0.006114130434782609
0 0.15760869565217392 0.5129076086956522 0.008152173913043478 0.005434782608695652
0 0.03804347826086957 0.43546195652173914 0.006793478260869565 0.004755434782608696
0 0.017663043478260868 0.452445652173913 0.006793478260869565 0.004755434782608696
0 0.027853260869565216 0.47078804347826086 0.007472826086956522 0.005434782608695652
0 0.002717391304347826 0.469429347826087 0.005434782608695652 0.004755434782608696
0 0.08899456521739131 0.45040760869565216 0.007472826086956522 0.004755434782608696
0 0.046875 0.44157608695652173 0.006793478260869565 0.004755434782608696
0 0.027853260869565216 0.4008152173913043 0.005434782608695652 0.004076086956521739
0 0.020380434782608696 0.4327445652173913 0.006793478260869565 0.004755434782608696
0 0.02377717391304348 0.42866847826086957 0.006793478260869565 0.004755434782608696
0 0.035326086956521736 0.47078804347826086 0.006793478260869565 0.004755434782608696
0 0.02717391304347826 0.4857336956521739 0.007472826086956522 0.006114130434782609
0 0.03872282608695652 0.5108695652173914 0.009510869565217392 0.006114130434782609
0 0.028532608695652172 0.5244565217391305 0.010190217391304348 0.007472826086956522
0 0.04755434782608696 0.5692934782608695 0.012907608695652174 0.009510869565217392
0 0.02377717391304348 0.5604619565217391 0.012228260869565218 0.008831521739130434
0 0.08831521739130435 0.5387228260869565 0.010190217391304348 0.008152173913043478
0 0.36820652173913043 0.5067934782608695 0.007472826086956522 0.005434782608695652
0 0.28940217391304346 0.4429347826086957 0.006793478260869565 0.004076086956521739
0 0.30910326086956524 0.44633152173913043 0.006793478260869565 0.004755434782608696
0 0.18070652173913043 0.4422554347826087 0.006793478260869565 0.005434782608695652
0 0.11956521739130435 0.4205163043478261 0.005434782608695652 0.0033967391304347825
0 0.08355978260869565 0.41440217391304346 0.006793478260869565 0.004076086956521739
0 0.07540760869565218 0.421195652173913 0.006793478260869565 0.004755434782608696