0 0.05366847826086957 0.035326086956521736 0.024456521739130436 0.02309782608695652
0 0.07880434782608696 0.057744565217391304 0.025135869565217392 0.02377717391304348
0 0.09986413043478261 0.08152173913043478 0.028532608695652172 0.027853260869565216
0 0.05570652173913043 0.12432065217391304 0.025135869565217392 0.02377717391304348
0 0.07336956521739131 0.14945652173913043 0.025815217391304348 0.02309782608695652
0 0.10733695652173914 0.1487771739130435 0.025135869565217392 0.02377717391304348
0 0.17459239130434784 0.10054347826086957 0.024456521739130436 0.025135869565217392
0 0.14470108695652173 0.07336956521739131 0.025135869565217392 0.02377717391304348
0 0.12703804347826086 0.029891304347826088 0.021739130434782608 0.021739130434782608
0 0.1827445652173913 0.02717391304347826 0.025135869565217392 0.02377717391304348
0 0.18614130434782608 0.05570652173913043 0.022418478260869564 0.02309782608695652
0 0.1983695652173913 0.08559782608695653 0.024456521739130436 0.02377717391304348
0 0.22486413043478262 0.1324728260869565 0.025135869565217392 0.025815217391304348
0 0.2860054347826087 0.12092391304347826 0.025815217391304348 0.027853260869565216
0 0.27717391304347827 0.09714673913043478 0.028532608695652172 0.025815217391304348
0 0.2235054347826087 0.029891304347826088 0.022418478260869564 0.021739130434782608
0 0.30570652173913043 0.0625 0.024456521739130436 0.021059782608695652
0 0.3294836956521739 0.10258152173913043 0.025135869565217392 0.025815217391304348
0 0.405570652173913 0.13043478260869565 0.024456521739130436 0.025135869565217392
0 0.37771739130434784 0.10461956521739131 0.025815217391304348 0.02377717391304348
0 0.33627717391304346 0.014266304347826086 0.022418478260869564 0.02309782608695652
0 0.391304347826087 0.014945652173913044 0.025135869565217392 0.025135869565217392
0 0.4164402173913043 0.0625 0.022418478260869564 0.021739130434782608
0 0.44429347826086957 0.10258152173913043 0.025815217391304348 0.027853260869565216
0 0.48777173913043476 0.125 0.022418478260869564 0.021059782608695652
0 0.5115489130434783 0.12703804347826086 0.027853260869565216 0.027853260869565216
0 0.5237771739130435 0.1480978260869565 0.025815217391304348 0.02377717391304348
0 0.5135869565217391 0.08152173913043478 0.024456521739130436 0.02309782608695652
0 0.48097826086956524 0.06046195652173913 0.024456521739130436 0.02377717391304348
0 0.4626358695652174 0.03328804347826087 0.025815217391304348 0.02377717391304348
0 0.5271739130434783 0.03328804347826087 0.025135869565217392 0.021739130434782608
0 0.579483695652174 0.13790760869565216 0.024456521739130436 0.021059782608695652
0 0.6297554347826086 0.13994565217391305 0.025135869565217392 0.025135869565217392
0 0.6908967391304348 0.125 0.025815217391304348 0.025135869565217392
0 0.6596467391304348 0.10190217391304347 0.027853260869565216 0.02309782608695652
0 0.6460597826086957 0.08152173913043478 0.021739130434782608 0.02309782608695652
0 0.5652173913043478 0.034646739130434784 0.021059782608695652 0.01970108695652174
0 0.6970108695652174 0.050951086956521736 0.022418478260869564 0.021739130434782608
0 0.7133152173913043 0.10461956521739131 0.027853260869565216 0.027853260869565216
0 0.7717391304347826 0.10665760869565218 0.024456521739130436 0.02377717391304348
0 0.7425271739130435 0.08152173913043478 0.021739130434782608 0.02309782608695652
0 0.748641304347826 0.035326086956521736 0.024456521739130436 0.021739130434782608
0 0.7921195652173914 0.05570652173913043 0.022418478260869564 0.02377717391304348
0 0.8131793478260869 0.08220108695652174 0.025135869565217392 0.01970108695652174
0 0.811141304347826 0.03804347826086957 0.025135869565217392 0.024456521739130436
0 0.8029891304347826 0.12839673913043478 0.025815217391304348 0.025135869565217392
0 0.8172554347826086 0.10733695652173914 0.025815217391304348 0.025135869565217392
0 0.8172554347826086 0.14945652173913043 0.025815217391304348 0.027853260869565216
0 0.8695652173913043 0.13043478260869565 0.024456521739130436 0.025815217391304348
0 0.8675271739130435 0.10665760869565218 0.027853260869565216 0.02377717391304348
0 0.8709239130434783 0.08831521739130435 0.027853260869565216 0.02309782608695652
0 0.8586956521739131 0.046875 0.016304347826086956 0.01970108695652174
0 0.9035326086956522 0.05638586956521739 0.021059782608695652 0.02309782608695652
0 0.9123641304347826 0.12160326086956522 0.027853260869565216 0.030570652173913044
0 0.9470108695652174 0.10529891304347826 0.025815217391304348 0.027853260869565216
0 0.9877717391304348 0.1480978260869565 0.020380434782608696 0.02377717391304348
0 0.9816576086956522 0.10665760869565218 0.025815217391304348 0.025815217391304348
0 0.9864130434782609 0.08899456521739131 0.024456521739130436 0.02309782608695652
0 0.9816576086956522 0.059103260869565216 0.022418478260869564 0.01970108695652174
0 0.9660326086956522 0.03736413043478261 0.021739130434782608 0.02309782608695652
0 0.9864130434782609 0.21875 0.025135869565217392 0.025135869565217392
0 0.9470108695652174 0.21535326086956522 0.028532608695652172 0.021739130434782608
0 0.9259510869565217 0.18342391304347827 0.025815217391304348 0.025135869565217392
0 0.8899456521739131 0.17051630434782608 0.025815217391304348 0.02377717391304348
0 0.8933423913043478 0.1956521739130435 0.025815217391304348 0.026494565217391304
0 0.8444293478260869 0.203125 0.024456521739130436 0.01970108695652174
0 0.7730978260869565 0.19972826086956522 0.025815217391304348 0.02309782608695652
0 0.765625 0.21603260869565216 0.027853260869565216 0.021739130434782608
0 0.7432065217391305 0.20584239130434784 0.024456521739130436 0.021059782608695652
0 0.7880434782608695 0.26358695652173914 0.027853260869565216 0.025815217391304348
0 0.8478260869565217 0.24592391304347827 0.025815217391304348 0.02377717391304348
0 0.8152173913043478 0.22826086956521738 0.025135869565217392 0.025135869565217392
0 0.8940217391304348 0.24116847826086957 0.028532608695652172 0.027853260869565216
0 0.8845108695652174 0.22282608695652173 0.027853260869565216 0.021739130434782608
0 0.9211956521739131 0.27785326086956524 0.028532608695652172 0.028532608695652172
0 0.7221467391304348 0.16508152173913043 0.028532608695652172 0.027853260869565216
0 0.7051630434782609 0.23505434782608695 0.025815217391304348 0.02377717391304348
0 0.6385869565217391 0.25815217391304346 0.025815217391304348 0.025135869565217392
0 0.657608695652174 0.22282608695652173 0.027853260869565216 0.025135869565217392
0 0.6290760869565217 0.2105978260869565 0.025815217391304348 0.025135869565217392
0 0.6216032608695652 0.18342391304347827 0.025815217391304348 0.02377717391304348
0 0.5889945652173914 0.22486413043478262 0.028532608695652172 0.025135869565217392
0 0.5692934782608695 0.20584239130434784 0.025815217391304348 0.021739130434782608
0 0.5502717391304348 0.17255434782608695 0.029211956521739132 0.02309782608695652
0 0.45720108695652173 0.20652173913043478 0.025135869565217392 0.025815217391304348
0 0.4952445652173913 0.16983695652173914 0.025135869565217392 0.025815217391304348
0 0.41779891304347827 0.15081521739130435 0.024456521739130436 0.025135869565217392
0 0.35733695652173914 0.15489130434782608 0.025815217391304348 0.025135869565217392
0 0.37839673913043476 0.1800271739130435 0.024456521739130436 0.02309782608695652
0 0.311820652173913 0.16168478260869565 0.024456521739130436 0.026494565217391304
0 0.2703804347826087 0.20380434782608695 0.025135869565217392 0.021739130434782608
0 0.3607336956521739 0.22010869565217392 0.025815217391304348 0.026494565217391304
0 0.42459239130434784 0.266304347826087 0.025135869565217392 0.025815217391304348
0 0.3226902173913043 0.2642663043478261 0.025815217391304348 0.025815217391304348
0 0.2758152173913043 0.2595108695652174 0.025815217391304348 0.021739130434782608
0 0.22826086956521738 0.22894021739130435 0.025135869565217392 0.02309782608695652
0 0.22554347826086957 0.20448369565217392 0.025815217391304348 0.02377717391304348
0 0.15489130434782608 0.171875 0.025135869565217392 0.021739130434782608
0 0.1610054347826087 0.18953804347826086 0.025135869565217392 0.025135869565217392
0 0.18410326086956522 0.22214673913043478 0.028532608695652172 0.025815217391304348
0 0.19701086956521738 0.25339673913043476 0.025135869565217392 0.025135869565217392
0 0.1637228260869565 0.264945652173913 0.025815217391304348 0.02309782608695652
0 0.12567934782608695 0.22282608695652173 0.025135869565217392 0.02377717391304348
0 0.09918478260869565 0.20448369565217392 0.027853260869565216 0.025135869565217392
0 0.09850543478260869 0.17798913043478262 0.025135869565217392 0.02377717391304348
0 0.043478260869565216 0.16847826086956522 0.025815217391304348 0.025135869565217392
0 0.0033967391304347825 0.17391304347826086 0.006793478260869565 0.021739130434782608
0 0.010190217391304348 0.22214673913043478 0.020380434782608696 0.025135869565217392
0 0.020380434782608696 0.21331521739130435 0.022418478260869564 0.02309782608695652
0 0.04755434782608696 0.24932065217391305 0.027853260869565216 0.025815217391304348
0 0.06114130434782609 0.22758152173913043 0.024456521739130436 0.021739130434782608
0 0.09171195652173914 0.24660326086956522 0.028532608695652172 0.027853260869565216
0 0.109375 0.264945652173913 0.027853260869565216 0.026494565217391304
0 0.05366847826086957 0.27241847826086957 0.028532608695652172 0.021739130434782608
0 0.012907608695652174 0.2703804347826087 0.025815217391304348 0.025815217391304348
0 0.001358695652173913 0.25339673913043476 0.002717391304347826 0.021739130434782608
0 0.007472826086956522 0.3138586956521739 0.014945652173913044 0.02717391304347826
0 0.004755434782608696 0.3654891304347826 0.008831521739130434 0.02377717391304348
0 0.05570652173913043 0.3960597826086957 0.025815217391304348 0.02377717391304348
0 0.06317934782608696 0.3607336956521739 0.028532608695652172 0.024456521739130436
0 0.04483695652173913 0.3376358695652174 0.027853260869565216 0.026494565217391304
0 0.10529891304347826 0.343070652173913 0.027853260869565216 0.025815217391304348
0 0.12907608695652173 0.37296195652173914 0.028532608695652172 0.027853260869565216
0 0.10461956521739131 0.39945652173913043 0.025135869565217392 0.024456521739130436
0 0.13722826086956522 0.40217391304347827 0.027853260869565216 0.027853260869565216
0 0.08423913043478261 0.31453804347826086 0.027853260869565216 0.025815217391304348
0 0.20991847826086957 0.297554347826087 0.027853260869565216 0.027853260869565216
0 0.23980978260869565 0.29959239130434784 0.025135869565217392 0.02377717391304348
0 0.266304347826087 0.3342391304347826 0.028532608695652172 0.027853260869565216
0 0.25883152173913043 0.3607336956521739 0.028532608695652172 0.025815217391304348
0 0.23233695652173914 0.390625 0.027853260869565216 0.027853260869565216
0 0.2717391304347826 0.389945652173913 0.027853260869565216 0.021739130434782608
0 0.30027173913043476 0.358695652173913 0.030570652173913044 0.02309782608695652
0 0.36820652173913043 0.35733695652173914 0.024456521739130436 0.021739130434782608
0 0.33220108695652173 0.3376358695652174 0.025815217391304348 0.026494565217391304
0 0.3485054347826087 0.32065217391304346 0.024456521739130436 0.024456521739130436
0 0.3383152173913043 0.29347826086956524 0.027853260869565216 0.027853260869565216
0 0.2955163043478261 0.2955163043478261 0.025135869565217392 0.02309782608695652
0 0.38858695652173914 0.29415760869565216 0.025815217391304348 0.025815217391304348
0 0.42459239130434784 0.31997282608695654 0.027853260869565216 0.025135869565217392
0 0.38790760869565216 0.3804347826086957 0.028532608695652172 0.027853260869565216
0 0.4639945652173913 0.391304347826087 0.030570652173913044 0.025135869565217392
0 0.5074728260869565 0.3498641304347826 0.025815217391304348 0.021739130434782608
0 0.5095108695652174 0.37228260869565216 0.027853260869565216 0.02377717391304348
0 0.5536684782608695 0.39877717391304346 0.025815217391304348 0.02309782608695652
0 0.5495923913043478 0.34375 0.027853260869565216 0.024456521739130436
0 0.5360054347826086 0.3186141304347826 0.028532608695652172 0.02309782608695652
0 0.46603260869565216 0.29483695652173914 0.027853260869565216 0.025815217391304348
0 0.48233695652173914 0.2798913043478261 0.027853260869565216 0.02377717391304348
0 0.5135869565217391 0.29008152173913043 0.027853260869565216 0.026494565217391304
0 0.5726902173913043 0.29279891304347827 0.025815217391304348 0.02377717391304348
0 0.5849184782608695 0.30095108695652173 0.025815217391304348 0.024456521739130436
0 0.6039402173913043 0.3328804347826087 0.027853260869565216 0.021739130434782608
0 0.5903532608695652 0.3892663043478261 0.024456521739130436 0.025815217391304348
0 0.6453804347826086 0.33695652173913043 0.027853260869565216 0.025815217391304348
0 0.6399456521739131 0.31589673913043476 0.022418478260869564 0.021739130434782608
0 0.6677989130434783 0.40285326086956524 0.027853260869565216 0.027853260869565216
0 0.71875 0.39266304347826086 0.024456521739130436 0.02309782608695652
0 0.7533967391304348 0.38383152173913043 0.025135869565217392 0.021739130434782608
0 0.7296195652173914 0.3546195652173913 0.025135869565217392 0.025815217391304348
0 0.7404891304347826 0.28804347826086957 0.027853260869565216 0.025815217391304348
0 0.8016304347826086 0.29415760869565216 0.025815217391304348 0.025815217391304348
0 0.7887228260869565 0.3546195652173913 0.027853260869565216 0.027853260869565216
0 0.8084239130434783 0.38315217391304346 0.024456521739130436 0.02377717391304348
0 0.907608695652174 0.39877717391304346 0.025815217391304348 0.026494565217391304
0 0.9850543478260869 0.3648097826086957 0.025815217391304348 0.025815217391304348
0 0.8709239130434783 0.32472826086956524 0.025815217391304348 0.021059782608695652
0 0.8349184782608695 0.3138586956521739 0.029211956521739132 0.025815217391304348
0 0.8620923913043478 0.28125 0.025815217391304348 0.02309782608695652
0 0.9483695652173914 0.313179347826087 0.025815217391304348 0.026494565217391304
0 0.9918478260869565 0.2982336956521739 0.016304347826086956 0.028532608695652172
0 0.9592391304347826 0.514266304347826 0.021739130434782608 0.025815217391304348
0 0.9157608695652174 0.452445652173913 0.025815217391304348 0.021739130434782608
0 0.8824728260869565 0.4313858695652174 0.022418478260869564 0.021739130434782608
0 0.8620923913043478 0.47078804347826086 0.025815217391304348 0.02309782608695652
0 0.8967391304347826 0.5217391304347826 0.027853260869565216 0.026494565217391304
0 0.8464673913043478 0.5190217391304348 0.028532608695652172 0.026494565217391304
0 0.8206521739130435 0.5047554347826086 0.025135869565217392 0.02377717391304348
0 0.8172554347826086 0.4748641304347826 0.027853260869565216 0.021059782608695652
0 0.813858695652174 0.452445652173913 0.025135869565217392 0.021739130434782608
0 0.7778532608695652 0.4327445652173913 0.028532608695652172 0.026494565217391304
0 0.7900815217391305 0.40625 0.024456521739130436 0.02377717391304348
0 0.8288043478260869 0.40625 0.025135869565217392 0.02309782608695652
0 0.7133152173913043 0.4320652173913043 0.027853260869565216 0.025815217391304348
0 0.7289402173913043 0.46127717391304346 0.022418478260869564 0.02309782608695652
0 0.7241847826086957 0.49796195652173914 0.025815217391304348 0.025815217391304348
0 0.6827445652173914 0.5190217391304348 0.033967391304347824 0.025135869565217392
0 0.686141304347826 0.49592391304347827 0.028532608695652172 0.02309782608695652
0 0.6582880434782609 0.45516304347826086 0.028532608695652172 0.024456521739130436
0 0.6569293478260869 0.43410326086956524 0.027853260869565216 0.025135869565217392
0 0.6039402173913043 0.41032608695652173 0.025135869565217392 0.025815217391304348
0 0.6066576086956522 0.43070652173913043 0.025815217391304348 0.021739130434782608
0 0.6086956521739131 0.45516304347826086 0.029211956521739132 0.02377717391304348
0 0.515625 0.5197010869565217 0.03260869565217391 0.030570652173913044
0 0.5108695652173914 0.49320652173913043 0.03192934782608696 0.027853260869565216
0 0.5366847826086957 0.44633152173913043 0.028532608695652172 0.024456521739130436
0 0.5441576086956522 0.4232336956521739 0.027853260869565216 0.025135869565217392
0 0.49184782608695654 0.4436141304347826 0.025815217391304348 0.02309782608695652
0 0.47758152173913043 0.4735054347826087 0.027853260869565216 0.026494565217391304
0 0.43410326086956524 0.4986413043478261 0.028532608695652172 0.025135869565217392
0 0.4008152173913043 0.48097826086956524 0.027853260869565216 0.026494565217391304
0 0.4327445652173913 0.4592391304347826 0.028532608695652172 0.025815217391304348
0 0.4273097826086957 0.43342391304347827 0.025135869565217392 0.02377717391304348
0 0.3797554347826087 0.43546195652173914 0.028532608695652172 0.027853260869565216
0 0.36752717391304346 0.421875 0.029211956521739132 0.02377717391304348
0 0.359375 0.4592391304347826 0.028532608695652172 0.027853260869565216
0 0.36345108695652173 0.485054347826087 0.029211956521739132 0.028532608695652172
0 0.38383152173913043 0.5122282608695652 0.028532608695652172 0.026494565217391304
0 0.30095108695652173 0.484375 0.027853260869565216 0.025815217391304348
0 0.30095108695652173 0.45720108695652173 0.028532608695652172 0.025135869565217392
0 0.2826086956521739 0.44157608695652173 0.029211956521739132 0.028532608695652172
0 0.24116847826086957 0.44157608695652173 0.028532608695652172 0.026494565217391304
0 0.26154891304347827 0.4585597826086957 0.025815217391304348 0.027853260869565216
0 0.203125 0.5061141304347826 0.029211956521739132 0.02377717391304348
0 0.15692934782608695 0.5081521739130435 0.025815217391304348 0.025815217391304348
0 0.11888586956521739 0.5061141304347826 0.029211956521739132 0.027853260869565216
0 0.10665760869565218 0.44565217391304346 0.025815217391304348 0.025135869565217392
0 0.07201086956521739 0.4123641304347826 0.025815217391304348 0.02377717391304348
0 0.020380434782608696 0.4116847826086957 0.022418478260869564 0.025815217391304348
0 0.03328804347826087 0.45652173913043476 0.027853260869565216 0.025815217391304348
0 0.035326086956521736 0.4891304347826087 0.029211956521739132 0.025815217391304348
0 0.04551630434782609 0.5033967391304348 0.027853260869565216 0.02309782608695652
0 0.04076086956521739 0.5230978260869565 0.029211956521739132 0.027853260869565216
0 0.07133152173913043 0.5251358695652174 0.029211956521739132 0.027853260869565216
0 0.01154891304347826 0.5516304347826086 0.022418478260869564 0.025135869565217392
0 0.051630434782608696 0.5557065217391305 0.029211956521739132 0.02309782608695652
0 0.08627717391304347 0.5672554347826086 0.029211956521739132 0.030570652173913044
0 0.12364130434782608 0.5889945652173914 0.028532608695652172 0.02377717391304348
0 0.1480978260869565 0.5733695652173914 0.030570652173913044 0.028532608695652172
0 0.13179347826086957 0.5434782608695652 0.03260869565217391 0.027853260869565216
0 0.19972826086956522 0.5441576086956522 0.03260869565217391 0.026494565217391304
0 0.19972826086956522 0.5591032608695652 0.030570652173913044 0.027853260869565216
0 0.2391304347826087 0.595108695652174 0.027853260869565216 0.027853260869565216
0 0.3451086956521739 0.561141304347826 0.03192934782608696 0.030570652173913044
0 0.375679347826087 0.5808423913043478 0.033967391304347824 0.03328804347826087
0 0.39877717391304346 0.5706521739130435 0.028532608695652172 0.025815217391304348
0 0.45584239130434784 0.5706521739130435 0.033967391304347824 0.03125
0 0.5706521739130435 0.5692934782608695 0.033967391304347824 0.033967391304347824
0 0.545516304347826 0.5400815217391305 0.029211956521739132 0.027853260869565216
0 0.6399456521739131 0.5658967391304348 0.029211956521739132 0.026494565217391304
0 0.7615489130434783 0.561141304347826 0.028532608695652172 0.025815217391304348
0 0.7819293478260869 0.5366847826086957 0.028532608695652172 0.027853260869565216
0 0.8213315217391305 0.5597826086956522 0.03192934782608696 0.03260869565217391
0 0.8586956521739131 0.5726902173913043 0.030570652173913044 0.027853260869565216
0 0.8817934782608695 0.5448369565217391 0.025815217391304348 0.026494565217391304
0 0.9572010869565217 0.5427989130434783 0.030570652173913044 0.03125
0 0.985733695652174 0.5400815217391305 0.025135869565217392 0.028532608695652172
0 0.008152173913043478 0.1453804347826087 0.016304347826086956 0.021739130434782608
0 0.005434782608695652 0.12228260869565218 0.010869565217391304 0.021739130434782608
0 0.0006793478260869565 0.09986413043478261 0.0006793478260869565 0.021739130434782608
0 0.006114130434782609 0.05298913043478261 0.012228260869565218 0.021739130434782608
0 0.017663043478260868 0.05502717391304348 0.027853260869565216 0.021059782608695652
0 0.02717391304347826 0.06929347826086957 0.028532608695652172 0.021739130434782608
0 0.046875 0.050951086956521736 0.027853260869565216 0.021739130434782608
0 0.12771739130434784 0.059103260869565216 0.028532608695652172 0.021059782608695652
0 0.16236413043478262 0.024456521739130436 0.025815217391304348 0.01970108695652174
0 0.21875 0.10801630434782608 0.029211956521739132 0.021739130434782608
0 0.2452445652173913 0.07133152173913043 0.027853260869565216 0.021739130434782608
0 0.24456521739130435 0.04755434782608696 0.027853260869565216 0.021059782608695652
0 0.264945652173913 0.004755434782608696 0.025815217391304348 0.009510869565217392
0 0.31521739130434784 0.08695652173913043 0.028532608695652172 0.021739130434782608
0 0.35597826086956524 0.12907608695652173 0.028532608695652172 0.021739130434782608
0 0.3797554347826087 0.07269021739130435 0.027853260869565216 0.021739130434782608
0 0.344429347826087 0.05570652173913043 0.027853260869565216 0.021739130434782608
0 0.38179347826086957 0.04483695652173913 0.027853260869565216 0.021739130434782608
0 0.41983695652173914 0.08152173913043478 0.029211956521739132 0.021739130434782608
0 0.45516304347826086 0.11888586956521739 0.028532608695652172 0.021739130434782608
0 0.48845108695652173 0.15217391304347827 0.029211956521739132 0.021739130434782608
0 0.5067934782608695 0.06317934782608696 0.026494565217391304 0.021059782608695652
0 0.5631793478260869 0.11480978260869565 0.027853260869565216 0.021059782608695652
0 0.595108695652174 0.14741847826086957 0.029211956521739132 0.021739130434782608
0 0.6086956521739131 0.15081521739130435 0.028532608695652172 0.021739130434782608
0 0.6569293478260869 0.15013586956521738 0.029211956521739132 0.021739130434782608
0 0.7004076086956522 0.14673913043478262 0.029211956521739132 0.021739130434782608
0 0.6012228260869565 0.09578804347826086 0.027853260869565216 0.021059782608695652
0 0.5808423913043478 0.07133152173913043 0.026494565217391304 0.020380434782608696
0 0.5801630434782609 0.05298913043478261 0.026494565217391304 0.01970108695652174
0 0.6338315217391305 0.052309782608695655 0.025815217391304348 0.020380434782608696
0 0.6304347826086957 0.03260869565217391 0.025135869565217392 0.019021739130434784
0 0.6847826086956522 0.03804347826086957 0.024456521739130436 0.018342391304347828
0 0.6963315217391305 0.07404891304347826 0.027853260869565216 0.021059782608695652
0 0.7391304347826086 0.1297554347826087 0.029891304347826088 0.022418478260869564
0 0.765625 0.13858695652173914 0.030570652173913044 0.022418478260869564
0 0.7547554347826086 0.05366847826086957 0.026494565217391304 0.021059782608695652
0 0.8512228260869565 0.15285326086956522 0.029211956521739132 0.021739130434782608
0 0.907608695652174 0.043478260869565216 0.025135869565217392 0.019021739130434784
0 0.920516304347826 0.06929347826086957 0.025815217391304348 0.020380434782608696
0 0.9782608695652174 0.13111413043478262 0.029211956521739132 0.021739130434782608
0 0.9307065217391305 0.15013586956521738 0.029891304347826088 0.022418478260869564
0 0.9864130434782609 0.07404891304347826 0.026494565217391304 0.020380434782608696
0 0.9653532608695652 0.24864130434782608 0.029891304347826088 0.022418478260869564
0 0.9572010869565217 0.19769021739130435 0.029211956521739132 0.021739130434782608
0 0.9959239130434783 0.20108695652173914 0.008152173913043478 0.021739130434782608
0 0.9918478260869565 0.17323369565217392 0.016304347826086956 0.022418478260869564
0 0.8322010869565217 0.1766304347826087 0.029211956521739132 0.021739130434782608
0 0.8057065217391305 0.19021739130434784 0.028532608695652172 0.021739130434782608
0 0.7683423913043478 0.23980978260869565 0.028532608695652172 0.021739130434782608
0 0.845108695652174 0.2703804347826087 0.029891304347826088 0.021739130434782608
0 0.9164402173913043 0.25815217391304346 0.030570652173913044 0.022418478260869564
0 0.6990489130434783 0.21875 0.028532608695652172 0.021739130434782608
0 0.6773097826086957 0.266304347826087 0.028532608695652172 0.021739130434782608
0 0.6657608695652174 0.17527173913043478 0.029211956521739132 0.021739130434782608
0 0.5197010869565217 0.22214673913043478 0.029891304347826088 0.021739130434782608
0 0.5278532608695652 0.19089673913043478 0.029211956521739132 0.021739130434782608
0 0.438179347826087 0.1671195652173913 0.028532608695652172 0.021739130434782608
0 0.297554347826087 0.22418478260869565 0.028532608695652172 0.021739130434782608
0 0.38654891304347827 0.25815217391304346 0.029891304347826088 0.021739130434782608
0 0.2554347826086957 0.25271739130434784 0.028532608695652172 0.021739130434782608
0 0.23641304347826086 0.250679347826087 0.028532608695652172 0.021739130434782608
0 0.20991847826086957 0.1644021739130435 0.028532608695652172 0.021739130434782608
0 0.23845108695652173 0.2751358695652174 0.029211956521739132 0.021739130434782608
0 0.15285326086956522 0.24932065217391305 0.029891304347826088 0.022418478260869564
0 0.11345108695652174 0.19701086956521738 0.028532608695652172 0.021739130434782608
0 0.004755434782608696 0.19904891304347827 0.008831521739130434 0.021739130434782608
0 0.036005434782608696 0.29483695652173914 0.029891304347826088 0.02309782608695652
0 0.16576086956521738 0.374320652173913 0.030570652173913044 0.02309782608695652
0 0.19429347826086957 0.375679347826087 0.030570652173913044 0.02309782608695652
0 0.14470108695652173 0.33559782608695654 0.030570652173913044 0.02377717391304348
0 0.16983695652173914 0.3111413043478261 0.030570652173913044 0.022418478260869564
0 0.18682065217391305 0.3125 0.030570652173913044 0.022418478260869564
0 0.09375 0.2907608695652174 0.029891304347826088 0.02309782608695652
0 0.22554347826086957 0.34103260869565216 0.029891304347826088 0.022418478260869564
0 0.3029891304347826 0.39945652173913043 0.03192934782608696 0.02377717391304348
0 0.37160326086956524 0.34035326086956524 0.029891304347826088 0.022418478260869564
0 0.32608695652173914 0.32540760869565216 0.029211956521739132 0.021739130434782608
0 0.44021739130434784 0.33559782608695654 0.029211956521739132 0.022418478260869564
0 0.40625 0.3607336956521739 0.029891304347826088 0.022418478260869564
0 0.45991847826086957 0.35665760869565216 0.029891304347826088 0.022418478260869564
0 0.5006793478260869 0.3967391304347826 0.029891304347826088 0.021739130434782608
0 0.5529891304347826 0.3845108695652174 0.029211956521739132 0.021739130434782608
0 0.5658967391304348 0.3695652173913043 0.029211956521739132 0.021739130434782608
0 0.483695652173913 0.32133152173913043 0.029891304347826088 0.022418478260869564
0 0.6304347826086957 0.391304347826087 0.029211956521739132 0.021739130434782608
0 0.6453804347826086 0.3539402173913043 0.028532608695652172 0.021739130434782608
0 0.6800271739130435 0.3532608695652174 0.028532608695652172 0.021059782608695652
0 0.7160326086956522 0.4001358695652174 0.029211956521739132 0.021739130434782608
0 0.720108695652174 0.33016304347826086 0.029211956521739132 0.022418478260869564
0 0.8790760869565217 0.37907608695652173 0.029211956521739132 0.021739130434782608
0 0.9639945652173914 0.4008152173913043 0.027853260869565216 0.021739130434782608
0 0.9612771739130435 0.33695652173913043 0.029891304347826088 0.022418478260869564
0 0.9110054347826086 0.3389945652173913 0.029891304347826088 0.022418478260869564
0 0.985733695652174 0.4904891304347826 0.027853260869565216 0.021739130434782608
0 0.9816576086956522 0.4626358695652174 0.029211956521739132 0.021739130434782608
0 0.9864130434782609 0.4422554347826087 0.026494565217391304 0.021739130434782608
0 0.9103260869565217 0.4327445652173913 0.028532608695652172 0.021059782608695652
0 0.9137228260869565 0.47282608695652173 0.028532608695652172 0.021739130434782608
0 0.8838315217391305 0.4986413043478261 0.029211956521739132 0.021739130434782608
0 0.7819293478260869 0.5020380434782609 0.029211956521739132 0.021739130434782608
0 0.7703804347826086 0.4544836956521739 0.028532608695652172 0.021739130434782608
0 0.8369565217391305 0.42934782608695654 0.027853260869565216 0.021059782608695652
0 0.7425271739130435 0.515625 0.029891304347826088 0.022418478260869564
0 0.6256793478260869 0.49660326086956524 0.030570652173913044 0.02309782608695652
0 0.6399456521739131 0.47554347826086957 0.029891304347826088 0.022418478260869564
0 0.578125 0.4904891304347826 0.03328804347826087 0.024456521739130436
0 0.48641304347826086 0.42595108695652173 0.029211956521739132 0.022418478260869564
0 0.47282608695652173 0.5190217391304348 0.03328804347826087 0.025135869565217392
0 0.44157608695652173 0.48029891304347827 0.030570652173913044 0.02309782608695652
0 0.40896739130434784 0.43410326086956524 0.03192934782608696 0.02309782608695652
0 0.328804347826087 0.44089673913043476 0.03192934782608696 0.02377717391304348
0 0.2914402173913043 0.515625 0.03260869565217391 0.024456521739130436
0 0.21195652173913043 0.46127717391304346 0.030570652173913044 0.02309782608695652
0 0.23369565217391305 0.5020380434782609 0.03192934782608696 0.02377717391304348
0 0.12024456521739131 0.46671195652173914 0.029891304347826088 0.02309782608695652
0 0.15353260869565216 0.42459239130434784 0.030570652173913044 0.02309782608695652
0 0.008831521739130434 0.4008152173913043 0.017663043478260868 0.021739130434782608
0 0.002717391304347826 0.48097826086956524 0.005434782608695652 0.02377717391304348
0 0.0006793478260869565 0.5835597826086957 0.001358695652173913 0.025815217391304348
0 0.06589673913043478 0.578125 0.03260869565217391 0.024456521739130436
0 0.12567934782608695 0.5224184782608695 0.03260869565217391 0.024456521739130436
0 0.19089673913043478 0.5244565217391305 0.03260869565217391 0.024456521739130436
0 0.21331521739130435 0.5842391304347826 0.03328804347826087 0.025135869565217392
0 0.29008152173913043 0.5855978260869565 0.034646739130434784 0.025815217391304348
0 0.28804347826086957 0.5577445652173914 0.033967391304347824 0.025815217391304348
0 0.2425271739130435 0.5278532608695652 0.03192934782608696 0.02377717391304348
0 0.6908967391304348 0.5692934782608695 0.034646739130434784 0.026494565217391304
0 0.842391304347826 0.5448369565217391 0.03192934782608696 0.02377717391304348
0 0.9463315217391305 0.5740489130434783 0.036684782608695655 0.02717391304347826