0 0.09782608695652174 0.7846467391304348 0.025815217391304348 0.024456521739130436
0 0.1637228260869565 0.813858695652174 0.18817934782608695 0.11277173913043478
0 0.20108695652173914 0.7792119565217391 0.021059782608695652 0.020380434782608696
0 0.22758152173913043 0.7771739130434783 0.03125 0.026494565217391304
0 0.389945652173913 0.7744565217391305 0.02309782608695652 0.028532608695652172
0 0.41915760869565216 0.7683423913043478 0.030570652173913044 0.026494565217391304
0 0.4626358695652174 0.7839673913043478 0.025135869565217392 0.026494565217391304
0 0.5285326086956522 0.7730978260869565 0.027853260869565216 0.026494565217391304
0 0.6875 0.7690217391304348 0.03192934782608696 0.020380434782608696
0 0.7350543478260869 0.7717391304347826 0.016304347826086956 0.014266304347826086
0 0.059782608695652176 0.782608695652174 0.036005434782608696 0.024456521739130436
0 0.12567934782608695 0.7819293478260869 0.033967391304347824 0.022418478260869564
0 0.43342391304347827 0.7853260869565217 0.057065217391304345 0.03804347826086957
0 0.4830163043478261 0.78125 0.030570652173913044 0.021059782608695652
0 0.5258152173913043 0.8002717391304348 0.042119565217391304 0.028532608695652172
0 0.6379076086956522 0.7764945652173914 0.041440217391304345 0.04076086956521739
0 0.6657608695652174 0.7730978260869565 0.025135869565217392 0.016304347826086956
0 0.32540760869565216 0.7697010869565217 0.03328804347826087 0.022418478260869564
0 0.8131793478260869 0.7663043478260869 0.07948369565217392 0.05434782608695652