0 0.01970108695652174 0.035326086956521736 0.01970108695652174 0.022418478260869564
0 0.01154891304347826 0.171875 0.014266304347826086 0.022418478260869564
0 0.025815217391304348 0.24388586956521738 0.021059782608695652 0.022418478260869564
0 0.018342391304347828 0.28328804347826086 0.021059782608695652 0.02377717391304348
0 0.059103260869565216 0.28532608695652173 0.02309782608695652 0.025815217391304348
0 0.09714673913043478 0.2425271739130435 0.02309782608695652 0.02377717391304348
0 0.07269021739130435 0.19972826086956522 0.01970108695652174 0.02377717391304348
0 0.06861413043478261 0.16032608695652173 0.02309782608695652 0.025135869565217392
0 0.05434782608695652 0.12092391304347826 0.01970108695652174 0.022418478260869564
0 0.06657608695652174 0.08423913043478261 0.01970108695652174 0.02377717391304348
0 0.08288043478260869 0.035326086956521736 0.01970108695652174 0.022418478260869564
0 0.08967391304347826 0.006793478260869565 0.016983695652173912 0.012907608695652174
0 0.11752717391304347 0.004755434782608696 0.020380434782608696 0.009510869565217392
0 0.14266304347826086 0.007472826086956522 0.01970108695652174 0.014945652173913044
0 0.15421195652173914 0.044157608695652176 0.01970108695652174 0.020380434782608696
0 0.12364130434782608 0.07608695652173914 0.019021739130434784 0.020380434782608696
0 0.13179347826086957 0.1487771739130435 0.021059782608695652 0.02377717391304348
0 0.11209239130434782 0.19904891304347827 0.01970108695652174 0.02377717391304348
0 0.1297554347826087 0.27921195652173914 0.021059782608695652 0.02377717391304348
0 0.17323369565217392 0.19089673913043478 0.021059782608695652 0.025815217391304348
0 0.19633152173913043 0.14673913043478262 0.021059782608695652 0.022418478260869564
0 0.19769021739130435 0.08967391304347826 0.021059782608695652 0.022418478260869564
0 0.18138586956521738 0.059103260869565216 0.016983695652173912 0.018342391304347828
0 0.19293478260869565 0.008152173913043478 0.019021739130434784 0.016304347826086956
0 0.2561141304347826 0.009510869565217392 0.019021739130434784 0.018342391304347828
0 0.2642663043478261 0.11277173913043478 0.021059782608695652 0.022418478260869564
0 0.2262228260869565 0.19429347826086957 0.01970108695652174 0.022418478260869564
0 0.21875 0.22826086956521738 0.02309782608695652 0.025135869565217392
0 0.2235054347826087 0.27241847826086957 0.02309782608695652 0.025135869565217392
0 0.26222826086956524 0.24932065217391305 0.021059782608695652 0.02377717391304348
0 0.2513586956521739 0.19972826086956522 0.021059782608695652 0.02377717391304348
0 0.32404891304347827 0.23573369565217392 0.01970108695652174 0.022418478260869564
0 0.343070652173913 0.28125 0.02309782608695652 0.025135869565217392
0 0.3851902173913043 0.23573369565217392 0.01970108695652174 0.020380434782608696
0 0.389945652173913 0.19089673913043478 0.021059782608695652 0.022418478260869564
0 0.34714673913043476 0.12092391304347826 0.021059782608695652 0.02377717391304348
0 0.33967391304347827 0.04008152173913043 0.019021739130434784 0.020380434782608696
0 0.39945652173913043 0.08763586956521739 0.01970108695652174 0.020380434782608696
0 0.422554347826087 0.11888586956521739 0.02309782608695652 0.021059782608695652
0 0.436820652173913 0.16508152173913043 0.01970108695652174 0.020380434782608696
0 0.4578804347826087 0.1983695652173913 0.021059782608695652 0.022418478260869564
0 0.45652173913043476 0.24388586956521738 0.02309782608695652 0.018342391304347828
0 0.6358695652173914 0.37160326086956524 0.02309782608695652 0.025135869565217392
0 0.6460597826086957 0.32472826086956524 0.021059782608695652 0.02377717391304348
0 0.5883152173913043 0.24932065217391305 0.02309782608695652 0.02377717391304348
0 0.5197010869565217 0.10733695652173914 0.01970108695652174 0.022418478260869564
0 0.5047554347826086 0.01154891304347826 0.021059782608695652 0.022418478260869564
0 0.5706521739130435 0.006793478260869565 0.02309782608695652 0.01358695652173913
0 0.6148097826086957 0.16983695652173914 0.021059782608695652 0.02377717391304348
0 0.639266304347826 0.19904891304347827 0.021059782608695652 0.02377717391304348
0 0.6528532608695652 0.24796195652173914 0.021059782608695652 0.025135869565217392
0 0.6677989130434783 0.27921195652173914 0.021059782608695652 0.02377717391304348
0 0.7153532608695652 0.2608695652173913 0.021059782608695652 0.02377717391304348
0 0.6895380434782609 0.21739130434782608 0.021059782608695652 0.02377717391304348
0 0.673233695652174 0.1644021739130435 0.021059782608695652 0.022418478260869564
0 0.6650815217391305 0.1297554347826087 0.021059782608695652 0.022418478260869564
0 0.686141304347826 0.08355978260869565 0.021059782608695652 0.022418478260869564
0 0.670516304347826 0.04483695652173913 0.021059782608695652 0.020380434782608696
0 0.7785326086956522 0.050951086956521736 0.01970108695652174 0.021059782608695652
0 0.7275815217391305 0.12432065217391304 0.021059782608695652 0.022418478260869564
0 0.7289402173913043 0.15489130434782608 0.01970108695652174 0.02377717391304348
0 0.7615489130434783 0.24796195652173914 0.02309782608695652 0.02377717391304348
0 0.7832880434782609 0.28125 0.02309782608695652 0.02377717391304348
0 0.782608695652174 0.32065217391304346 0.02309782608695652 0.025135869565217392
0 0.7520380434782609 0.35665760869565216 0.025135869565217392 0.025815217391304348
0 0.860733695652174 0.38179347826086957 0.021059782608695652 0.020380434782608696
0 0.8430706521739131 0.3423913043478261 0.02377717391304348 0.025135869565217392
0 0.842391304347826 0.28532608695652173 0.02309782608695652 0.025135869565217392
0 0.8376358695652174 0.24932065217391305 0.02309782608695652 0.02377717391304348
0 0.8444293478260869 0.1956521739130435 0.021059782608695652 0.02377717391304348
0 0.8403532608695652 0.15353260869565216 0.01970108695652174 0.022418478260869564
0 0.845108695652174 0.052309782608695655 0.021059782608695652 0.02377717391304348
0 0.8940217391304348 0.006793478260869565 0.02309782608695652 0.012907608695652174
0 0.8940217391304348 0.21671195652173914 0.021059782608695652 0.02377717391304348
0 0.9055706521739131 0.25203804347826086 0.01970108695652174 0.020380434782608696
0 0.9055706521739131 0.2907608695652174 0.021059782608695652 0.025135869565217392
0 0.9198369565217391 0.31657608695652173 0.02309782608695652 0.02377717391304348
0 0.9653532608695652 0.31997282608695654 0.02309782608695652 0.02377717391304348
0 0.9619565217391305 0.27309782608695654 0.021059782608695652 0.02377717391304348
0 0.9415760869565217 0.21603260869565216 0.01970108695652174 0.022418478260869564
0 0.9347826086956522 0.16576086956521738 0.021059782608695652 0.025135869565217392
0 0.9341032608695652 0.08627717391304347 0.021059782608695652 0.025135869565217392
0 0.9619565217391305 0.014945652173913044 0.019021739130434784 0.02377717391304348
0 0.9938858695652174 0.16032608695652173 0.012228260869565218 0.02377717391304348
0 0.9959239130434783 0.21739130434782608 0.008152173913043478 0.02377717391304348
0 0.04891304347826087 0.5332880434782609 0.01970108695652174 0.025135869565217392
0 0.06793478260869565 0.5604619565217391 0.025135869565217392 0.025815217391304348
0 0.11820652173913043 0.5353260869565217 0.025135869565217392 0.025815217391304348
0 0.13926630434782608 0.5625 0.025135869565217392 0.027853260869565216
0 0.1671195652173913 0.48233695652173914 0.021059782608695652 0.02377717391304348
0 0.22894021739130435 0.34375 0.052309782608695655 0.06453804347826086
0 0.27785326086956524 0.48641304347826086 0.021059782608695652 0.022418478260869564
0 0.31929347826086957 0.5591032608695652 0.02377717391304348 0.025815217391304348
0 0.328804347826087 0.6019021739130435 0.025135869565217392 0.028532608695652172
0 0.2751358695652174 0.6127717391304348 0.021059782608695652 0.02377717391304348
0 0.26222826086956524 0.5618206521739131 0.02309782608695652 0.021059782608695652
0 0.39334239130434784 0.6066576086956522 0.02377717391304348 0.025815217391304348
0 0.41779891304347827 0.5258152173913043 0.02309782608695652 0.02377717391304348
0 0.4320652173913043 0.5658967391304348 0.02309782608695652 0.025135869565217392
0 0.45108695652173914 0.6039402173913043 0.02309782608695652 0.02377717391304348
0 0.5095108695652174 0.608016304347826 0.02377717391304348 0.025815217391304348
0 0.5101902173913043 0.5720108695652174 0.02309782608695652 0.025815217391304348
0 0.48709239130434784 0.5394021739130435 0.016983695652173912 0.021059782608695652
0 0.5210597826086957 0.4938858695652174 0.021059782608695652 0.025135869565217392
0 0.5550271739130435 0.5271739130434783 0.021059782608695652 0.020380434782608696
0 0.5822010869565217 0.5726902173913043 0.02309782608695652 0.02377717391304348
0 0.576766304347826 0.6114130434782609 0.02377717391304348 0.025815217391304348
0 0.7975543478260869 0.4789402173913043 0.02377717391304348 0.02377717391304348
0 0.8199728260869565 0.532608695652174 0.02309782608695652 0.025135869565217392
0 0.7860054347826086 0.5577445652173914 0.02377717391304348 0.02377717391304348
0 0.8648097826086957 0.5251358695652174 0.02377717391304348 0.025135869565217392
0 0.8654891304347826 0.4857336956521739 0.02309782608695652 0.025135869565217392
0 0.9198369565217391 0.48165760869565216 0.02309782608695652 0.025815217391304348
0 0.9028532608695652 0.610733695652174 0.02377717391304348 0.025815217391304348
0 0.9755434782608695 0.5991847826086957 0.02309782608695652 0.020380434782608696
0 0.9918478260869565 0.5699728260869565 0.015625 0.025135869565217392
0 0.9809782608695652 0.529891304347826 0.02309782608695652 0.022418478260869564
0 0.034646739130434784 0.6603260869565217 0.021059782608695652 0.021059782608695652
0 0.036005434782608696 0.6895380434782609 0.02309782608695652 0.022418478260869564
0 0.11345108695652174 0.7601902173913043 0.02377717391304348 0.021059782608695652
0 0.12024456521739131 0.6895380434782609 0.021059782608695652 0.02377717391304348
0 0.09035326086956522 0.657608695652174 0.02309782608695652 0.025135869565217392
0 0.16032608695652173 0.6012228260869565 0.021059782608695652 0.025135869565217392
0 0.26766304347826086 0.6460597826086957 0.01970108695652174 0.025135869565217392
0 0.26766304347826086 0.6779891304347826 0.021059782608695652 0.02377717391304348
0 0.27309782608695654 0.7316576086956522 0.01970108695652174 0.02377717391304348
0 0.26358695652173914 0.7751358695652174 0.02377717391304348 0.022418478260869564
0 0.33491847826086957 0.8050271739130435 0.02309782608695652 0.021059782608695652
0 0.31997282608695654 0.7866847826086957 0.02377717391304348 0.022418478260869564
0 0.33967391304347827 0.7302989130434783 0.025135869565217392 0.02377717391304348
0 0.33967391304347827 0.6827445652173914 0.02377717391304348 0.027853260869565216
0 0.41372282608695654 0.6875 0.02377717391304348 0.025135869565217392
0 0.38722826086956524 0.7615489130434783 0.025135869565217392 0.022418478260869564
0 0.3919836956521739 0.7989130434782609 0.02377717391304348 0.021059782608695652
0 0.45516304347826086 0.7690217391304348 0.02377717391304348 0.027853260869565216
0 0.4701086956521739 0.6881793478260869 0.02377717391304348 0.025815217391304348
0 0.46535326086956524 0.6603260869565217 0.025135869565217392 0.025815217391304348
0 0.5224184782608695 0.6542119565217391 0.02309782608695652 0.025815217391304348
0 0.5346467391304348 0.6908967391304348 0.02377717391304348 0.025135869565217392
0 0.5020380434782609 0.766983695652174 0.02309782608695652 0.025815217391304348
0 0.5645380434782609 0.7710597826086957 0.02377717391304348 0.025135869565217392
0 0.6012228260869565 0.6827445652173914 0.02309782608695652 0.025815217391304348
0 0.5917119565217391 0.641983695652174 0.02309782608695652 0.02377717391304348
0 0.6229619565217391 0.7649456521739131 0.019021739130434784 0.021059782608695652
0 0.733016304347826 0.6657608695652174 0.02377717391304348 0.027853260869565216
0 0.7248641304347826 0.6895380434782609 0.02377717391304348 0.027853260869565216
0 0.7459239130434783 0.7506793478260869 0.01970108695652174 0.022418478260869564
0 0.7785326086956522 0.7690217391304348 0.02377717391304348 0.029891304347826088
0 0.8070652173913043 0.7302989130434783 0.025135869565217392 0.025815217391304348
0 0.8023097826086957 0.6875 0.02309782608695652 0.025815217391304348
0 0.798233695652174 0.6582880434782609 0.021059782608695652 0.02377717391304348
0 0.8491847826086957 0.6474184782608695 0.02309782608695652 0.025815217391304348
0 0.8865489130434783 0.6915760869565217 0.021059782608695652 0.02377717391304348
0 0.8519021739130435 0.7717391304347826 0.02309782608695652 0.025815217391304348
0 0.9300271739130435 0.7377717391304348 0.02377717391304348 0.027853260869565216
0 0.9341032608695652 0.6922554347826086 0.02309782608695652 0.02377717391304348
0 0.9191576086956522 0.6535326086956522 0.02309782608695652 0.022418478260869564
0 0.9802989130434783 0.6487771739130435 0.02309782608695652 0.025135869565217392
0 0.9952445652173914 0.7350543478260869 0.009510869565217392 0.027853260869565216
0 0.028532608695652172 0.0033967391304347825 0.019021739130434784 0.006793478260869565
0 0.025815217391304348 0.06997282608695653 0.021059782608695652 0.018342391304347828
0 0.004755434782608696 0.09918478260869565 0.009510869565217392 0.020380434782608696
0 0.010869565217391304 0.19429347826086957 0.021739130434782608 0.020380434782608696
0 0.1324728260869565 0.10326086956521739 0.021739130434782608 0.01970108695652174
0 0.1331521739130435 0.23029891304347827 0.025135869565217392 0.021059782608695652
0 0.15964673913043478 0.27717391304347827 0.036684782608695655 0.03260869565217391
0 0.19769021739130435 0.029211956521739132 0.01970108695652174 0.017663043478260868
0 0.23301630434782608 0.01358695652173913 0.01970108695652174 0.017663043478260868
0 0.26834239130434784 0.042798913043478264 0.021059782608695652 0.018342391304347828
0 0.23980978260869565 0.06317934782608696 0.021739130434782608 0.01970108695652174
0 0.2866847826086957 0.07472826086956522 0.021739130434782608 0.018342391304347828
0 0.2798913043478261 0.29483695652173914 0.042798913043478264 0.03804347826086957
0 0.2751358695652174 0.1875 0.02309782608695652 0.021059782608695652
0 0.297554347826087 0.16032608695652173 0.02377717391304348 0.020380434782608696
0 0.3179347826086957 0.19701086956521738 0.02309782608695652 0.020380434782608696
0 0.4110054347826087 0.27377717391304346 0.02377717391304348 0.020380434782608696
0 0.3688858695652174 0.15217391304347827 0.02309782608695652 0.01970108695652174
0 0.3607336956521739 0.004076086956521739 0.021059782608695652 0.008152173913043478
0 0.3125 0.004755434782608696 0.019021739130434784 0.009510869565217392
0 0.40421195652173914 0.03736413043478261 0.021739130434782608 0.01970108695652174
0 0.49184782608695654 0.3023097826086957 0.02377717391304348 0.021059782608695652
0 0.6195652173913043 0.29483695652173914 0.02377717391304348 0.021059782608695652
0 0.5706521739130435 0.20652173913043478 0.02377717391304348 0.021059782608695652
0 0.5502717391304348 0.15217391304347827 0.02309782608695652 0.020380434782608696
0 0.5346467391304348 0.050951086956521736 0.021739130434782608 0.020380434782608696
0 0.5957880434782609 0.03736413043478261 0.02309782608695652 0.01970108695652174
0 0.6290760869565217 0.08084239130434782 0.02309782608695652 0.01970108695652174
0 0.6019021739130435 0.12432065217391304 0.02309782608695652 0.020380434782608696
0 0.5835597826086957 0.15217391304347827 0.02309782608695652 0.020380434782608696
0 0.6019021739130435 0.20516304347826086 0.02309782608695652 0.021059782608695652
0 0.7289402173913043 0.3077445652173913 0.025135869565217392 0.022418478260869564
0 0.6324728260869565 0.002717391304347826 0.021739130434782608 0.005434782608695652
0 0.6942934782608695 0.004076086956521739 0.021739130434782608 0.008152173913043478
0 0.7683423913043478 0.10258152173913043 0.02309782608695652 0.020380434782608696
0 0.7445652173913043 0.19157608695652173 0.02309782608695652 0.020380434782608696
0 0.6841032608695652 0.3688858695652174 0.025815217391304348 0.02309782608695652
0 0.8199728260869565 0.38858695652173914 0.025135869565217392 0.022418478260869564
0 0.798233695652174 0.20923913043478262 0.02377717391304348 0.020380434782608696
0 0.8376358695652174 0.11413043478260869 0.02309782608695652 0.020380434782608696
0 0.8118206521739131 0.09782608695652174 0.02309782608695652 0.020380434782608696
0 0.7934782608695652 0.15828804347826086 0.02309782608695652 0.020380434782608696
0 0.8091032608695652 0.006793478260869565 0.02309782608695652 0.01358695652173913
0 0.9191576086956522 0.04891304347826087 0.02377717391304348 0.020380434782608696
0 0.8783967391304348 0.08016304347826086 0.02377717391304348 0.021059782608695652
0 0.8899456521739131 0.125 0.02377717391304348 0.020380434782608696
0 0.8777173913043478 0.16983695652173914 0.02377717391304348 0.021059782608695652
0 0.9368206521739131 0.15081521739130435 0.02377717391304348 0.021059782608695652
0 0.938858695652174 0.11141304347826086 0.02377717391304348 0.021059782608695652
0 0.9538043478260869 0.04076086956521739 0.02377717391304348 0.021059782608695652
0 0.9870923913043478 0.07880434782608696 0.025815217391304348 0.021739130434782608
0 0.9870923913043478 0.11345108695652174 0.025815217391304348 0.020380434782608696
0 0.09307065217391304 0.4701086956521739 0.03940217391304348 0.035326086956521736
0 0.0033967391304347825 0.5502717391304348 0.006793478260869565 0.024456521739130436
0 0.004755434782608696 0.47282608695652173 0.009510869565217392 0.022418478260869564
0 0.30502717391304346 0.5183423913043478 0.02377717391304348 0.021059782608695652
0 0.34035326086956524 0.4857336956521739 0.021059782608695652 0.01970108695652174
0 0.3763586956521739 0.5543478260869565 0.02377717391304348 0.021059782608695652
0 0.4076086956521739 0.4898097826086957 0.02309782608695652 0.020380434782608696
0 0.46603260869565216 0.46671195652173914 0.021739130434782608 0.018342391304347828
0 0.6331521739130435 0.40896739130434784 0.052309782608695655 0.05366847826086957
0 0.717391304347826 0.5577445652173914 0.025135869565217392 0.022418478260869564
0 0.733016304347826 0.5271739130434783 0.025135869565217392 0.022418478260869564
0 0.7438858695652174 0.484375 0.025135869565217392 0.022418478260869564
0 0.782608695652174 0.6059782608695652 0.025135869565217392 0.02309782608695652
0 0.8376358695652174 0.59375 0.025135869565217392 0.022418478260869564
0 0.8539402173913043 0.579483695652174 0.025135869565217392 0.02309782608695652
0 0.9347826086956522 0.515625 0.025815217391304348 0.022418478260869564
0 0.936141304347826 0.548233695652174 0.025815217391304348 0.022418478260869564
0 0.9979619565217391 0.609375 0.004076086956521739 0.022418478260869564
0 0.9925271739130435 0.4789402173913043 0.014266304347826086 0.02309782608695652
0 0.07133152173913043 0.7207880434782609 0.02377717391304348 0.021059782608695652
0 0.12024456521739131 0.6331521739130435 0.025815217391304348 0.022418478260869564
0 0.2669836956521739 0.798233695652174 0.025135869565217392 0.021059782608695652
0 0.31589673913043476 0.6766304347826086 0.025815217391304348 0.022418478260869564
0 0.327445652173913 0.6351902173913043 0.025815217391304348 0.022418478260869564
0 0.3804347826086957 0.6460597826086957 0.025815217391304348 0.02309782608695652
0 0.41304347826086957 0.6447010869565217 0.025815217391304348 0.02309782608695652
0 0.3804347826086957 0.7309782608695652 0.025815217391304348 0.02309782608695652
0 0.47214673913043476 0.8043478260869565 0.025135869565217392 0.021059782608695652
0 0.4483695652173913 0.717391304347826 0.025815217391304348 0.02309782608695652
0 0.5027173913043478 0.7269021739130435 0.025815217391304348 0.02309782608695652
0 0.5489130434782609 0.8016304347826086 0.025135869565217392 0.022418478260869564
0 0.5679347826086957 0.7228260869565217 0.025135869565217392 0.022418478260869564
0 0.8797554347826086 0.7350543478260869 0.025815217391304348 0.02309782608695652
0 0.8695652173913043 0.7894021739130435 0.025815217391304348 0.02309782608695652
0 0.9334239130434783 0.7697010869565217 0.025815217391304348 0.02309782608695652
0 0.9898097826086957 0.7635869565217391 0.01970108695652174 0.02377717391304348