0 0.1766304347826087 0.028532608695652172 0.036684782608695655 0.03736413043478261
0 0.06589673913043478 0.07133152173913043 0.043478260869565216 0.041440217391304345
0 0.23233695652173914 0.09646739130434782 0.03736413043478261 0.036684782608695655
0 0.296875 0.10190217391304347 0.03328804347826087 0.042119565217391304
0 0.41304347826086957 0.04483695652173913 0.035326086956521736 0.04008152173913043
0 0.6976902173913043 0.016983695652173912 0.033967391304347824 0.03328804347826087
0 0.8240489130434783 0.019021739130434784 0.03804347826086957 0.03804347826086957
0 0.9911684782608695 0.05570652173913043 0.017663043478260868 0.035326086956521736
0 0.9354619565217391 0.281929347826087 0.041440217391304345 0.043478260869565216
0 0.96875 0.35529891304347827 0.04619565217391304 0.043478260869565216
0 0.9769021739130435 0.6365489130434783 0.04619565217391304 0.041440217391304345
0 0.8376358695652174 0.9381793478260869 0.06114130434782609 0.05298913043478261
0 0.29483695652173914 0.012907608695652174 0.042798913043478264 0.025815217391304348
0 0.06997282608695653 0.16983695652173914 0.046875 0.034646739130434784
0 0.20108695652173914 0.10801630434782608 0.04483695652173913 0.033967391304347824
0 0.43478260869565216 0.010190217391304348 0.043478260869565216 0.020380434782608696
0 0.532608695652174 0.050271739130434784 0.044157608695652176 0.03260869565217391
0 0.654891304347826 0.006114130434782609 0.04076086956521739 0.012228260869565218
0 0.9334239130434783 0.08491847826086957 0.04551630434782609 0.033967391304347824
0 0.9667119565217391 0.010190217391304348 0.042119565217391304 0.020380434782608696
0 0.9198369565217391 0.21671195652173914 0.049592391304347824 0.036684782608695655
0 0.779891304347826 0.2235054347826087 0.04891304347826087 0.03736413043478261
0 0.7445652173913043 0.3016304347826087 0.050271739130434784 0.03804347826086957
0 0.8043478260869565 0.360054347826087 0.051630434782608696 0.03940217391304348
0 0.9775815217391305 0.436820652173913 0.04483695652173913 0.03804347826086957
0 0.8505434782608695 0.5366847826086957 0.05298913043478261 0.03940217391304348
0 0.9422554347826086 0.8063858695652174 0.06114130434782609 0.04551630434782609
0 0.9157608695652174 0.9789402173913043 0.06521739130434782 0.042119565217391304
0 0.7663043478260869 0.7934782608695652 0.06046195652173913 0.04551630434782609
0 0.4748641304347826 0.7649456521739131 0.058423913043478264 0.044157608695652176
0 0.5550271739130435 0.6120923913043478 0.057065217391304345 0.042798913043478264
0 0.9769021739130435 0.1297554347826087 0.04619565217391304 0.035326086956521736