0 0.8165760869565217 0.7289402173913043 0.11277173913043478 0.06114130434782609
0 0.26154891304347827 0.6657608695652174 0.05434782608695652 0.029211956521739132
0 0.406929347826087 0.6399456521739131 0.03328804347826087 0.016983695652173912
0 0.4164402173913043 0.6739130434782609 0.07472826086956522 0.033967391304347824
0 0.5563858695652174 0.6283967391304348 0.021059782608695652 0.008831521739130434
0 0.6385869565217391 0.6243206521739131 0.04619565217391304 0.022418478260869564
0 0.670516304347826 0.6175271739130435 0.035326086956521736 0.016983695652173912
0 0.7207880434782609 0.6025815217391305 0.018342391304347828 0.012228260869565218
0 0.7506793478260869 0.6127717391304348 0.014945652173913044 0.010190217391304348
0 0.6936141304347826 0.6440217391304348 0.04823369565217391 0.02377717391304348
0 0.9035326086956522 0.6304347826086957 0.03736413043478261 0.01970108695652174
0 0.9449728260869565 0.6290760869565217 0.03736413043478261 0.019021739130434784
0 0.9972826086956522 0.6610054347826086 0.005434782608695652 0.030570652173913044
0 0.9891304347826086 0.6086956521739131 0.014945652173913044 0.007472826086956522
0 0.876358695652174 0.6100543478260869 0.018342391304347828 0.009510869565217392
0 0.9307065217391305 0.5964673913043478 0.014266304347826086 0.008152173913043478
0 0.9626358695652174 0.5998641304347826 0.012228260869565218 0.007472826086956522
0 0.9802989130434783 0.5991847826086957 0.014266304347826086 0.006793478260869565
0 0.9993206521739131 0.59375 0.001358695652173913 0.004755434782608696
0 0.025815217391304348 0.6623641304347826 0.051630434782608696 0.025815217391304348
0 0.13451086956521738 0.6820652173913043 0.07540760869565218 0.028532608695652172
0 0.5957880434782609 0.6365489130434783 0.050951086956521736 0.019021739130434784
0 0.6970108695652174 0.6134510869565217 0.03125 0.01154891304347826
0 0.7377717391304348 0.6202445652173914 0.03736413043478261 0.01358695652173913
0 0.9157608695652174 0.5998641304347826 0.015625 0.006114130434782609
0 0.970108695652174 0.6005434782608695 0.016983695652173912 0.006114130434782609
0 0.9572010869565217 0.5896739130434783 0.012228260869565218 0.004076086956521739
0 0.9911684782608695 0.59375 0.01154891304347826 0.004755434782608696