0 0.09578804347826086 0.20855978260869565 0.03736413043478261 0.03125
0 0.16983695652173914 0.2139945652173913 0.034646739130434784 0.029211956521739132
0 0.44089673913043476 0.24660326086956522 0.029891304347826088 0.027853260869565216
0 0.5332880434782609 0.2425271739130435 0.029891304347826088 0.027853260869565216
0 0.5699728260869565 0.25679347826086957 0.021059782608695652 0.019021739130434784
0 0.5964673913043478 0.24728260869565216 0.026494565217391304 0.025815217391304348
0 0.688858695652174 0.27309782608695654 0.021739130434782608 0.02309782608695652
0 0.6345108695652174 0.2710597826086957 0.021739130434782608 0.021059782608695652
0 0.7717391304347826 0.30434782608695654 0.018342391304347828 0.021059782608695652
0 0.9578804347826086 0.3070652173913043 0.021739130434782608 0.01970108695652174
0 0.9925271739130435 0.30434782608695654 0.014945652173913044 0.01970108695652174
0 0.20923913043478262 0.6351902173913043 0.07880434782608696 0.07404891304347826
0 0.23301630434782608 0.5964673913043478 0.036005434782608696 0.033967391304347824
0 0.08084239130434782 0.625 0.036005434782608696 0.033967391304347824
0 0.42391304347826086 0.6963315217391305 0.03940217391304348 0.03872282608695652
0 0.5400815217391305 0.6005434782608695 0.049592391304347824 0.044157608695652176
0 0.5869565217391305 0.6209239130434783 0.021059782608695652 0.024456521739130436
0 0.6277173913043478 0.6650815217391305 0.034646739130434784 0.033967391304347824
0 0.6460597826086957 0.5998641304347826 0.018342391304347828 0.019021739130434784
0 0.6073369565217391 0.7105978260869565 0.06725543478260869 0.059782608695652176
0 0.7126358695652174 0.6766304347826086 0.04076086956521739 0.03872282608695652
0 0.9354619565217391 0.6983695652173914 0.05638586956521739 0.06046195652173913
0 0.9082880434782609 0.5985054347826086 0.021739130434782608 0.021059782608695652
0 0.9001358695652174 0.5754076086956522 0.017663043478260868 0.019021739130434784
0 0.795516304347826 0.5726902173913043 0.027853260869565216 0.027853260869565216
0 0.25747282608695654 0.21467391304347827 0.03736413043478261 0.028532608695652172
0 0.35258152173913043 0.2608695652173913 0.029211956521739132 0.021739130434782608
0 0.4830163043478261 0.25271739130434784 0.029891304347826088 0.022418478260869564
0 0.720108695652174 0.3335597826086957 0.018342391304347828 0.01358695652173913
0 0.8355978260869565 0.2914402173913043 0.025135869565217392 0.019021739130434784
0 0.8913043478260869 0.30434782608695654 0.02309782608695652 0.018342391304347828
0 0.9286684782608695 0.31046195652173914 0.021739130434782608 0.017663043478260868
0 0.14673913043478262 0.6399456521739131 0.052309782608695655 0.03872282608695652
0 0.23573369565217392 0.7819293478260869 0.07269021739130435 0.05434782608695652
0 0.41304347826086957 0.9259510869565217 0.08084239130434782 0.059782608695652176
0 0.40353260869565216 0.5801630434782609 0.03804347826086957 0.027853260869565216
0 0.6834239130434783 0.7316576086956522 0.06046195652173913 0.04483695652173913
0 0.7622282608695652 0.8152173913043478 0.08355978260869565 0.0625
0 0.701766304347826 0.9551630434782609 0.09850543478260869 0.07404891304347826
0 0.9239130434782609 0.6589673913043478 0.044157608695652176 0.03328804347826087
0 0.8573369565217391 0.6630434782608695 0.04891304347826087 0.036684782608695655
0 0.9300271739130435 0.5760869565217391 0.014945652173913044 0.01154891304347826
0 0.7479619565217391 0.5815217391304348 0.029891304347826088 0.022418478260869564
0 0.9952445652173914 0.6813858695652174 0.009510869565217392 0.03804347826086957
0 0.8247282608695652 0.6542119565217391 0.04483695652173913 0.03328804347826087