0 0.720108695652174 0.13519021739130435 0.005434782608695652 0.007472826086956522
0 0.7466032608695652 0.1453804347826087 0.005434782608695652 0.006793478260869565
0 0.019021739130434784 0.328804347826087 0.008152173913043478 0.010190217391304348
0 0.08763586956521739 0.21942934782608695 0.005434782608695652 0.006793478260869565
0 0.058423913043478264 0.20244565217391305 0.007472826086956522 0.007472826086956522
0 0.12296195652173914 0.21263586956521738 0.004076086956521739 0.006793478260869565
0 0.13926630434782608 0.21195652173913043 0.004076086956521739 0.004755434782608696
0 0.15217391304347827 0.1983695652173913 0.004076086956521739 0.006793478260869565
0 0.1949728260869565 0.29279891304347827 0.007472826086956522 0.007472826086956522
0 0.203125 0.30366847826086957 0.008152173913043478 0.010190217391304348
0 0.21263586956521738 0.2425271739130435 0.005434782608695652 0.008152173913043478
0 0.26358695652173914 0.3077445652173913 0.009510869565217392 0.010869565217391304
0 0.4001358695652174 0.22146739130434784 0.007472826086956522 0.007472826086956522
0 0.5550271739130435 0.23641304347826086 0.007472826086956522 0.007472826086956522
0 0.49660326086956524 0.27853260869565216 0.008152173913043478 0.008152173913043478
0 0.41847826086956524 0.34171195652173914 0.009510869565217392 0.010869565217391304
0 0.3960597826086957 0.344429347826087 0.009510869565217392 0.010869565217391304
0 0.40625 0.3491847826086957 0.009510869565217392 0.010869565217391304
0 0.37296195652173914 0.30842391304347827 0.009510869565217392 0.010869565217391304
0 0.40421195652173914 0.42391304347826086 0.009510869565217392 0.012228260869565218
0 0.375 0.43546195652173914 0.01154891304347826 0.01358695652173913
0 0.47214673913043476 0.39741847826086957 0.009510869565217392 0.010869565217391304
0 0.4361413043478261 0.485054347826087 0.014266304347826086 0.016983695652173912
0 0.40625 0.49320652173913043 0.015625 0.014945652173913044
0 0.359375 0.499320652173913 0.009510869565217392 0.01358695652173913
0 0.2418478260869565 0.43070652173913043 0.009510869565217392 0.012228260869565218
0 0.13926630434782608 0.4123641304347826 0.012228260869565218 0.012907608695652174
0 0.125 0.5108695652173914 0.014266304347826086 0.016983695652173912
0 0.029211956521739132 0.6637228260869565 0.021059782608695652 0.028532608695652172
0 0.09035326086956522 0.7547554347826086 0.015625 0.02377717391304348
0 0.39809782608695654 0.6066576086956522 0.014266304347826086 0.017663043478260868
0 0.4116847826086957 0.5665760869565217 0.016983695652173912 0.017663043478260868
0 0.49184782608695654 0.532608695652174 0.014266304347826086 0.016983695652173912
0 0.501358695652174 0.44633152173913043 0.009510869565217392 0.012228260869565218
0 0.5991847826086957 0.43546195652173914 0.014266304347826086 0.014945652173913044
0 0.6229619565217391 0.47758152173913043 0.014266304347826086 0.01358695652173913
0 0.5835597826086957 0.4945652173913043 0.014266304347826086 0.014945652173913044
0 0.5855978260869565 0.4789402173913043 0.01154891304347826 0.01358695652173913
0 0.686141304347826 0.5285326086956522 0.016983695652173912 0.018342391304347828
0 0.7418478260869565 0.4157608695652174 0.012228260869565218 0.014945652173913044
0 0.795516304347826 0.5631793478260869 0.016983695652173912 0.018342391304347828
0 0.8790760869565217 0.5536684782608695 0.015625 0.018342391304347828
0 0.9456521739130435 0.5747282608695652 0.014266304347826086 0.018342391304347828
0 0.9103260869565217 0.49796195652173914 0.012228260869565218 0.014945652173913044
0 0.8783967391304348 0.38179347826086957 0.009510869565217392 0.010190217391304348
0 0.6684782608695652 0.2873641304347826 0.008152173913043478 0.010869565217391304
0 0.6990489130434783 0.2955163043478261 0.007472826086956522 0.010190217391304348
0 0.7309782608695652 0.2907608695652174 0.01154891304347826 0.012907608695652174
0 0.7438858695652174 0.27241847826086957 0.008152173913043478 0.008152173913043478
0 0.8417119565217391 0.311820652173913 0.008152173913043478 0.008152173913043478
0 0.8158967391304348 0.2873641304347826 0.007472826086956522 0.008152173913043478
0 0.7778532608695652 0.23233695652173914 0.007472826086956522 0.008152173913043478
0 0.7112771739130435 0.24456521739130435 0.007472826086956522 0.008152173913043478
0 0.8987771739130435 0.28396739130434784 0.009510869565217392 0.010869565217391304
0 0.15828804347826086 0.004076086956521739 0.010190217391304348 0.008152173913043478
0 0.11752717391304347 0.004076086956521739 0.010190217391304348 0.008152173913043478
0 0.2982336956521739 0.010869565217391304 0.006114130434782609 0.005434782608695652
0 0.3111413043478261 0.010869565217391304 0.008152173913043478 0.007472826086956522
0 0.3532608695652174 0.0033967391304347825 0.008152173913043478 0.006793478260869565
0 0.47622282608695654 0.018342391304347828 0.004076086956521739 0.0033967391304347825
0 0.5081521739130435 0.008152173913043478 0.0020380434782608695 0.0020380434782608695
0 0.5278532608695652 0.010190217391304348 0.0020380434782608695 0.0020380434782608695
0 0.7771739130434783 0.1610054347826087 0.006114130434782609 0.005434782608695652
0 0.8165760869565217 0.18070652173913043 0.008152173913043478 0.007472826086956522
0 0.8315217391304348 0.18546195652173914 0.008152173913043478 0.007472826086956522
0 0.845108695652174 0.1956521739130435 0.008152173913043478 0.007472826086956522
0 0.050271739130434784 0.3342391304347826 0.010190217391304348 0.009510869565217392
0 0.07269021739130435 0.27717391304347827 0.008152173913043478 0.007472826086956522
0 0.043478260869565216 0.26970108695652173 0.008152173913043478 0.007472826086956522
0 0.0020380434782608695 0.23505434782608695 0.004076086956521739 0.005434782608695652
0 0.08423913043478261 0.23641304347826086 0.006114130434782609 0.005434782608695652
0 0.09375 0.1983695652173913 0.006114130434782609 0.005434782608695652
0 0.08967391304347826 0.18682065217391305 0.004076086956521739 0.0033967391304347825
0 0.08220108695652174 0.18953804347826086 0.006114130434782609 0.005434782608695652
0 0.06793478260869565 0.20176630434782608 0.006114130434782609 0.005434782608695652
0 0.05502717391304348 0.1956521739130435 0.006114130434782609 0.005434782608695652
0 0.11752717391304347 0.19972826086956522 0.006114130434782609 0.005434782608695652
0 0.11480978260869565 0.21467391304347827 0.006114130434782609 0.005434782608695652
0 0.13043478260869565 0.22894021739130435 0.006114130434782609 0.005434782608695652
0 0.16236413043478262 0.2139945652173913 0.006114130434782609 0.005434782608695652
0 0.17391304347826086 0.20652173913043478 0.006114130434782609 0.005434782608695652
0 0.18342391304347827 0.20855978260869565 0.006114130434782609 0.005434782608695652
0 0.14605978260869565 0.2703804347826087 0.008152173913043478 0.007472826086956522
0 0.12092391304347826 0.27309782608695654 0.008152173913043478 0.007472826086956522
0 0.14673913043478262 0.3077445652173913 0.010190217391304348 0.009510869565217392
0 0.17323369565217392 0.3077445652173913 0.010190217391304348 0.009510869565217392
0 0.17323369565217392 0.2751358695652174 0.008152173913043478 0.007472826086956522
0 0.17798913043478262 0.33220108695652173 0.010190217391304348 0.009510869565217392
0 0.15625 0.30842391304347827 0.010190217391304348 0.009510869565217392
0 0.24864130434782608 0.24048913043478262 0.006114130434782609 0.005434782608695652
0 0.24796195652173914 0.25271739130434784 0.008152173913043478 0.007472826086956522
0 0.2269021739130435 0.26834239130434784 0.008152173913043478 0.007472826086956522
0 0.23097826086956522 0.2798913043478261 0.008152173913043478 0.007472826086956522
0 0.2642663043478261 0.27853260869565216 0.008152173913043478 0.007472826086956522
0 0.2826086956521739 0.25271739130434784 0.008152173913043478 0.007472826086956522
0 0.25747282608695654 0.20991847826086957 0.006114130434782609 0.005434782608695652
0 0.296875 0.19701086956521738 0.004076086956521739 0.0033967391304347825
0 0.2982336956521739 0.1793478260869565 0.004076086956521739 0.0033967391304347825
0 0.32404891304347827 0.18682065217391305 0.004076086956521739 0.0033967391304347825
0 0.33152173913043476 0.21263586956521738 0.006114130434782609 0.005434782608695652
0 0.3179347826086957 0.21195652173913043 0.006114130434782609 0.005434782608695652
0 0.34714673913043476 0.20176630434782608 0.006114130434782609 0.005434782608695652
0 0.35122282608695654 0.19429347826086957 0.006114130434782609 0.005434782608695652
0 0.4116847826086957 0.2269021739130435 0.008152173913043478 0.007472826086956522
0 0.42934782608695654 0.2262228260869565 0.008152173913043478 0.007472826086956522
0 0.4701086956521739 0.23980978260869565 0.008152173913043478 0.007472826086956522
0 0.48777173913043476 0.21195652173913043 0.008152173913043478 0.007472826086956522
0 0.5074728260869565 0.2139945652173913 0.008152173913043478 0.007472826086956522
0 0.5176630434782609 0.21875 0.008152173913043478 0.007472826086956522
0 0.5353260869565217 0.21739130434782608 0.006114130434782609 0.005434782608695652
0 0.5665760869565217 0.20108695652173914 0.008152173913043478 0.007472826086956522
0 0.561141304347826 0.1956521739130435 0.008152173913043478 0.007472826086956522
0 0.5903532608695652 0.23029891304347827 0.008152173913043478 0.007472826086956522
0 0.5998641304347826 0.22758152173913043 0.008152173913043478 0.007472826086956522
0 0.6311141304347826 0.23505434782608695 0.008152173913043478 0.007472826086956522
0 0.6331521739130435 0.24320652173913043 0.008152173913043478 0.007472826086956522
0 0.6351902173913043 0.2873641304347826 0.010190217391304348 0.009510869565217392
0 0.6012228260869565 0.2914402173913043 0.010190217391304348 0.009510869565217392
0 0.5570652173913043 0.29279891304347827 0.010190217391304348 0.009510869565217392
0 0.5278532608695652 0.28804347826086957 0.010190217391304348 0.009510869565217392
0 0.4945652173913043 0.26834239130434784 0.008152173913043478 0.007472826086956522
0 0.5122282608695652 0.25815217391304346 0.008152173913043478 0.007472826086956522
0 0.4279891304347826 0.34782608695652173 0.010190217391304348 0.009510869565217392
0 0.27377717391304346 0.42527173913043476 0.012228260869565218 0.010869565217391304
0 0.07472826086956522 0.5251358695652174 0.019021739130434784 0.016983695652173912
0 0.15421195652173914 0.8288043478260869 0.025135869565217392 0.022418478260869564
0 0.42391304347826086 0.7860054347826086 0.021059782608695652 0.018342391304347828
0 0.4789402173913043 0.7927989130434783 0.021059782608695652 0.018342391304347828
0 0.8383152173913043 0.9341032608695652 0.025135869565217392 0.022418478260869564
0 0.5645380434782609 0.6610054347826086 0.019021739130434784 0.016983695652173912
0 0.49796195652173914 0.6100543478260869 0.019021739130434784 0.016983695652173912
0 0.516983695652174 0.4517663043478261 0.014266304347826086 0.012907608695652174
0 0.5720108695652174 0.44972826086956524 0.014266304347826086 0.012907608695652174
0 0.5529891304347826 0.4544836956521739 0.014266304347826086 0.012907608695652174
0 0.6487771739130435 0.42866847826086957 0.014266304347826086 0.012907608695652174
0 0.65625 0.47758152173913043 0.014266304347826086 0.012907608695652174
0 0.765625 0.5665760869565217 0.019021739130434784 0.016983695652173912
0 0.951766304347826 0.6521739130434783 0.021059782608695652 0.018342391304347828
0 0.9096467391304348 0.47622282608695654 0.014266304347826086 0.012907608695652174
0 0.9103260869565217 0.44157608695652173 0.014266304347826086 0.012907608695652174
0 0.936141304347826 0.438179347826087 0.014266304347826086 0.012907608695652174
0 0.8872282608695652 0.38179347826086957 0.012228260869565218 0.010869565217391304
0 0.9959239130434783 0.375 0.008152173913043478 0.010869565217391304
0 0.6698369565217391 0.27785326086956524 0.010190217391304348 0.009510869565217392
0 0.7832880434782609 0.3233695652173913 0.010190217391304348 0.009510869565217392
0 0.7887228260869565 0.31589673913043476 0.010190217391304348 0.009510869565217392
0 0.9001358695652174 0.30570652173913043 0.010190217391304348 0.009510869565217392
0 0.8179347826086957 0.32133152173913043 0.010190217391304348 0.009510869565217392
0 0.78125 0.28125 0.010190217391304348 0.009510869565217392
0 0.8029891304347826 0.25747282608695654 0.008152173913043478 0.007472826086956522
0 0.8084239130434783 0.25203804347826086 0.008152173913043478 0.007472826086956522
0 0.7758152173913043 0.2425271739130435 0.008152173913043478 0.007472826086956522
0 0.7887228260869565 0.23505434782608695 0.008152173913043478 0.007472826086956522
0 0.7269021739130435 0.2139945652173913 0.008152173913043478 0.007472826086956522
0 0.7085597826086957 0.22486413043478262 0.008152173913043478 0.007472826086956522
0 0.6990489130434783 0.22282608695652173 0.008152173913043478 0.007472826086956522
0 0.7228260869565217 0.25203804347826086 0.008152173913043478 0.007472826086956522
0 0.842391304347826 0.24728260869565216 0.008152173913043478 0.007472826086956522
0 0.8457880434782609 0.265625 0.010190217391304348 0.009510869565217392
0 0.8770380434782609 0.264945652173913 0.010190217391304348 0.009510869565217392
0 0.8709239130434783 0.22214673913043478 0.008152173913043478 0.007472826086956522
0 0.8947010869565217 0.23709239130434784 0.008152173913043478 0.007472826086956522
0 0.9096467391304348 0.24728260869565216 0.008152173913043478 0.007472826086956522
0 0.9157608695652174 0.23301630434782608 0.008152173913043478 0.007472826086956522
0 0.9375 0.23980978260869565 0.008152173913043478 0.007472826086956522
0 0.9436141304347826 0.23641304347826086 0.008152173913043478 0.007472826086956522
0 0.9748641304347826 0.24048913043478262 0.008152173913043478 0.007472826086956522
0 0.9612771739130435 0.2554347826086957 0.008152173913043478 0.007472826086956522
0 0.9959239130434783 0.265625 0.008152173913043478 0.009510869565217392
0 0.8967391304347826 0.2758152173913043 0.010190217391304348 0.009510869565217392
0 0.90625 0.27377717391304346 0.010190217391304348 0.009510869565217392