0 0.04008152173913043 0.24320652173913043 0.027853260869565216 0.036684782608695655
0 0.06453804347826086 0.18817934782608695 0.027853260869565216 0.03328804347826087
0 0.006114130434782609 0.18885869565217392 0.012228260869565218 0.02717391304347826
0 0.010869565217391304 0.14741847826086957 0.021739130434782608 0.03328804347826087
0 0.050271739130434784 0.11616847826086957 0.026494565217391304 0.03192934782608696
0 0.006793478260869565 0.10733695652173914 0.01358695652173913 0.029891304347826088
0 0.002717391304347826 0.04891304347826087 0.005434782608695652 0.029891304347826088
0 0.06182065217391304 0.5040760869565217 0.03125 0.036684782608695655
0 0.033967391304347824 0.4110054347826087 0.03260869565217391 0.044157608695652176
0 0.012907608695652174 0.35258152173913043 0.025135869565217392 0.036684782608695655
0 0.06453804347826086 0.3546195652173913 0.03125 0.036684782608695655
0 0.07201086956521739 0.391304347826087 0.03940217391304348 0.04483695652173913
0 0.04076086956521739 0.8077445652173914 0.03940217391304348 0.050271739130434784
0 0.07472826086956522 0.025815217391304348 0.02309782608695652 0.027853260869565216
0 0.09171195652173914 0.017663043478260868 0.02309782608695652 0.027853260869565216
0 0.13722826086956522 0.057065217391304345 0.025135869565217392 0.03328804347826087
0 0.18342391304347827 0.07404891304347826 0.026494565217391304 0.033967391304347824
0 0.2139945652173913 0.03125 0.026494565217391304 0.03192934782608696
0 0.1453804347826087 0.14673913043478262 0.026494565217391304 0.033967391304347824
0 0.17798913043478262 0.1331521739130435 0.02309782608695652 0.029891304347826088
0 0.13043478260869565 0.23233695652173914 0.026494565217391304 0.036684782608695655
0 0.2642663043478261 0.22282608695652173 0.027853260869565216 0.036684782608695655
0 0.23029891304347827 0.1453804347826087 0.029891304347826088 0.03736413043478261
0 0.2955163043478261 0.014266304347826086 0.028532608695652172 0.028532608695652172
0 0.313179347826087 0.06521739130434782 0.025135869565217392 0.029891304347826088
0 0.328125 0.10665760869565218 0.025135869565217392 0.027853260869565216
0 0.343070652173913 0.09239130434782608 0.025135869565217392 0.029891304347826088
0 0.3641304347826087 0.034646739130434784 0.026494565217391304 0.03192934782608696
0 0.4001358695652174 0.06182065217391304 0.026494565217391304 0.03192934782608696
0 0.39334239130434784 0.09986413043478261 0.021739130434782608 0.025815217391304348
0 0.4123641304347826 0.10733695652173914 0.026494565217391304 0.029891304347826088
0 0.33016304347826086 0.14130434782608695 0.026494565217391304 0.029211956521739132
0 0.280570652173913 0.28872282608695654 0.029891304347826088 0.03736413043478261
0 0.36141304347826086 0.2452445652173913 0.026494565217391304 0.029891304347826088
0 0.36684782608695654 0.19157608695652173 0.026494565217391304 0.029211956521739132
0 0.3648097826086957 0.20652173913043478 0.026494565217391304 0.029891304347826088
0 0.422554347826087 0.2262228260869565 0.025135869565217392 0.03192934782608696
0 0.42391304347826086 0.2798913043478261 0.026494565217391304 0.03328804347826087
0 0.36820652173913043 0.27921195652173914 0.027853260869565216 0.03328804347826087
0 0.4789402173913043 0.27377717391304346 0.03125 0.036684782608695655
0 0.5353260869565217 0.28328804347826086 0.03260869565217391 0.033967391304347824
0 0.5495923913043478 0.25815217391304346 0.027853260869565216 0.03328804347826087
0 0.548233695652174 0.21875 0.025135869565217392 0.029891304347826088
0 0.516983695652174 0.22758152173913043 0.029891304347826088 0.033967391304347824
0 0.5339673913043478 0.1793478260869565 0.02309782608695652 0.03192934782608696
0 0.5319293478260869 0.10190217391304347 0.02309782608695652 0.029891304347826088
0 0.5067934782608695 0.07676630434782608 0.02309782608695652 0.029211956521739132
0 0.47554347826086957 0.109375 0.02309782608695652 0.03192934782608696
0 0.44089673913043476 0.08695652173913043 0.025135869565217392 0.03328804347826087
0 0.453125 0.05434782608695652 0.025135869565217392 0.029211956521739132
0 0.4470108695652174 0.009510869565217392 0.02309782608695652 0.019021739130434784
0 0.5550271739130435 0.06317934782608696 0.02309782608695652 0.027853260869565216
0 0.46671195652173914 0.2078804347826087 0.026494565217391304 0.03192934782608696
0 0.34782608695652173 0.40421195652173914 0.036005434782608696 0.03328804347826087
0 0.20991847826086957 0.36277173913043476 0.03260869565217391 0.03872282608695652
0 0.12771739130434784 0.2982336956521739 0.026494565217391304 0.029211956521739132
0 0.23505434782608695 0.47690217391304346 0.036005434782608696 0.04891304347826087
0 0.34578804347826086 0.4782608695652174 0.03940217391304348 0.04619565217391304
0 0.40625 0.37228260869565216 0.036005434782608696 0.036684782608695655
0 0.41983695652173914 0.4483695652173913 0.03260869565217391 0.027853260869565216
0 0.5074728260869565 0.4008152173913043 0.03125 0.03328804347826087
0 0.5101902173913043 0.47214673913043476 0.03736413043478261 0.04076086956521739
0 0.5557065217391305 0.3654891304347826 0.029891304347826088 0.036684782608695655
0 0.5692934782608695 0.33084239130434784 0.027853260869565216 0.033967391304347824
0 0.514266304347826 0.5258152173913043 0.03736413043478261 0.04483695652173913
0 0.44904891304347827 0.5366847826086957 0.04076086956521739 0.042798913043478264
0 0.13179347826086957 0.499320652173913 0.03125 0.04076086956521739
0 0.16508152173913043 0.5414402173913043 0.03736413043478261 0.044157608695652176
0 0.171875 0.6413043478260869 0.041440217391304345 0.04483695652173913
0 0.1875 0.5835597826086957 0.03260869565217391 0.03328804347826087
0 0.26902173913043476 0.6161684782608695 0.03736413043478261 0.04076086956521739
0 0.09986413043478261 0.717391304347826 0.03940217391304348 0.050271739130434784
0 0.3688858695652174 0.7085597826086957 0.041440217391304345 0.04823369565217391
0 0.4639945652173913 0.6841032608695652 0.04076086956521739 0.050271739130434784
0 0.328125 0.578125 0.03940217391304348 0.03872282608695652
0 0.4001358695652174 0.578125 0.036005434782608696 0.044157608695652176
0 0.4476902173913043 0.6052989130434783 0.041440217391304345 0.052309782608695655
0 0.5264945652173914 0.6820652173913043 0.03736413043478261 0.041440217391304345
0 0.5706521739130435 0.6073369565217391 0.04076086956521739 0.044157608695652176
0 0.11209239130434782 0.8566576086956522 0.04483695652173913 0.050271739130434784
0 0.19972826086956522 0.8342391304347826 0.044157608695652176 0.04891304347826087
0 0.08763586956521739 0.9150815217391305 0.04891304347826087 0.05366847826086957
0 0.171875 0.9354619565217391 0.04755434782608696 0.052309782608695655
0 0.2547554347826087 0.9449728260869565 0.03940217391304348 0.04619565217391304
0 0.3063858695652174 0.9245923913043478 0.04483695652173913 0.04483695652173913
0 0.40896739130434784 0.8858695652173914 0.052309782608695655 0.052309782608695655
0 0.4592391304347826 0.8573369565217391 0.04755434782608696 0.057065217391304345
0 0.5088315217391305 0.8220108695652174 0.04755434782608696 0.06182065217391304
0 0.6345108695652174 0.05434782608695652 0.029891304347826088 0.033967391304347824
0 0.6120923913043478 0.008831521739130434 0.03125 0.016983695652173912
0 0.7153532608695652 0.021059782608695652 0.03260869565217391 0.036684782608695655
0 0.9449728260869565 0.05570652173913043 0.03260869565217391 0.03736413043478261
0 0.5842391304347826 0.11413043478260869 0.026494565217391304 0.029891304347826088
0 0.608016304347826 0.14741847826086957 0.02309782608695652 0.025815217391304348
0 0.6664402173913043 0.15421195652173914 0.026494565217391304 0.03328804347826087
0 0.7269021739130435 0.16508152173913043 0.026494565217391304 0.03192934782608696
0 0.7792119565217391 0.15964673913043478 0.027853260869565216 0.029891304347826088
0 0.6868206521739131 0.10461956521739131 0.026494565217391304 0.033967391304347824
0 0.8519021739130435 0.17730978260869565 0.029891304347826088 0.03328804347826087
0 0.9327445652173914 0.18138586956521738 0.036005434782608696 0.04483695652173913
0 0.9524456521739131 0.16032608695652173 0.026494565217391304 0.033967391304347824
0 0.8933423913043478 0.2703804347826087 0.03260869565217391 0.03736413043478261
0 0.8220108695652174 0.2425271739130435 0.027853260869565216 0.029891304347826088
0 0.7907608695652174 0.2751358695652174 0.03260869565217391 0.03328804347826087
0 0.7758152173913043 0.22826086956521738 0.029891304347826088 0.03192934782608696
0 0.7051630434782609 0.2561141304347826 0.029891304347826088 0.036684782608695655
0 0.7364130434782609 0.29959239130434784 0.029891304347826088 0.033967391304347824
0 0.6603260869565217 0.24456521739130435 0.029891304347826088 0.03328804347826087
0 0.6188858695652174 0.25407608695652173 0.027853260869565216 0.033967391304347824
0 0.625 0.20991847826086957 0.027853260869565216 0.03328804347826087
0 0.5903532608695652 0.24048913043478262 0.027853260869565216 0.036684782608695655
0 0.6311141304347826 0.3179347826086957 0.027853260869565216 0.033967391304347824
0 0.6657608695652174 0.35122282608695654 0.029891304347826088 0.03328804347826087
0 0.7296195652173914 0.3695652173913043 0.03260869565217391 0.036684782608695655
0 0.7194293478260869 0.32608695652173914 0.029891304347826088 0.03192934782608696
0 0.7832880434782609 0.3294836956521739 0.029891304347826088 0.033967391304347824
0 0.7764945652173914 0.37296195652173914 0.034646739130434784 0.03736413043478261
0 0.7160326086956522 0.4008152173913043 0.034646739130434784 0.04076086956521739
0 0.6542119565217391 0.40285326086956524 0.03125 0.033967391304347824
0 0.6202445652173914 0.41779891304347827 0.034646739130434784 0.04076086956521739
0 0.6345108695652174 0.485054347826087 0.03260869565217391 0.04076086956521739
0 0.6616847826086957 0.5319293478260869 0.03940217391304348 0.04823369565217391
0 0.6895380434782609 0.48165760869565216 0.03260869565217391 0.044157608695652176
0 0.7792119565217391 0.47214673913043476 0.03260869565217391 0.041440217391304345
0 0.8539402173913043 0.49592391304347827 0.03940217391304348 0.052309782608695655
0 0.8063858695652174 0.42527173913043476 0.034646739130434784 0.03872282608695652
0 0.907608695652174 0.4164402173913043 0.029891304347826088 0.029891304347826088
0 0.9436141304347826 0.41779891304347827 0.03260869565217391 0.04076086956521739
0 0.9395380434782609 0.3736413043478261 0.029891304347826088 0.03192934782608696
0 0.9341032608695652 0.33491847826086957 0.034646739130434784 0.03736413043478261
0 0.8838315217391305 0.34375 0.03260869565217391 0.036684782608695655
0 0.9354619565217391 0.4735054347826087 0.03125 0.03872282608695652
0 0.9341032608695652 0.499320652173913 0.03736413043478261 0.04483695652173913
0 0.657608695652174 0.6956521739130435 0.03940217391304348 0.04891304347826087
0 0.6820652173913043 0.7316576086956522 0.03940217391304348 0.044157608695652176
0 0.6182065217391305 0.6032608695652174 0.03940217391304348 0.04483695652173913
0 0.6005434782608695 0.5720108695652174 0.036005434782608696 0.03736413043478261
0 0.7167119565217391 0.595108695652174 0.04076086956521739 0.050271739130434784
0 0.7873641304347826 0.654891304347826 0.041440217391304345 0.04619565217391304
0 0.9116847826086957 0.7432065217391305 0.03940217391304348 0.052309782608695655
0 0.9422554347826086 0.6671195652173914 0.03940217391304348 0.04823369565217391
0 0.9721467391304348 0.6182065217391305 0.04076086956521739 0.04619565217391304
0 0.9884510869565217 0.5849184782608695 0.021739130434782608 0.04823369565217391
0 0.9932065217391305 0.670516304347826 0.01358695652173913 0.04823369565217391
0 0.7235054347826086 0.8016304347826086 0.03736413043478261 0.04483695652173913
0 0.7119565217391305 0.876358695652174 0.04891304347826087 0.04891304347826087
0 0.7921195652173914 0.84375 0.044157608695652176 0.050271739130434784
0 0.9592391304347826 0.8491847826086957 0.052309782608695655 0.04483695652173913
0 0.06182065217391304 0.2907608695652174 0.03260869565217391 0.03125
0 0.04755434782608696 0.07065217391304347 0.027853260869565216 0.025815217391304348
0 0.021059782608695652 0.07472826086956522 0.027853260869565216 0.025815217391304348
0 0.02717391304347826 0.03872282608695652 0.026494565217391304 0.025815217391304348
0 0.029211956521739132 0.529891304347826 0.03804347826086957 0.036684782608695655
0 0.006114130434782609 0.6331521739130435 0.012228260869565218 0.04076086956521739
0 0.025135869565217392 0.6114130434782609 0.041440217391304345 0.03872282608695652
0 0.02377717391304348 0.6779891304347826 0.042798913043478264 0.03940217391304348
0 0.06453804347826086 0.6616847826086957 0.042798913043478264 0.03872282608695652
0 0.010190217391304348 0.9279891304347826 0.020380434782608696 0.04891304347826087
0 0.016304347826086956 0.8403532608695652 0.03260869565217391 0.04483695652173913
0 0.08627717391304347 0.05502717391304348 0.027853260869565216 0.026494565217391304
0 0.07133152173913043 0.06182065217391304 0.029211956521739132 0.026494565217391304
0 0.07472826086956522 0.07744565217391304 0.029211956521739132 0.026494565217391304
0 0.13858695652173914 0.03328804347826087 0.029211956521739132 0.025815217391304348
0 0.19157608695652173 0.05298913043478261 0.029211956521739132 0.026494565217391304
0 0.22486413043478262 0.004755434782608696 0.029891304347826088 0.009510869565217392
0 0.12296195652173914 0.12364130434782608 0.029891304347826088 0.027853260869565216
0 0.20108695652173914 0.23165760869565216 0.03260869565217391 0.029891304347826088
0 0.22758152173913043 0.11616847826086957 0.029891304347826088 0.027853260869565216
0 0.27853260869565216 0.08084239130434782 0.029891304347826088 0.026494565217391304
0 0.2798913043478261 0.05570652173913043 0.029891304347826088 0.027853260869565216
0 0.3335597826086957 0.051630434782608696 0.029891304347826088 0.026494565217391304
0 0.389945652173913 0.1324728260869565 0.027853260869565216 0.026494565217391304
0 0.31453804347826086 0.17866847826086957 0.029891304347826088 0.027853260869565216
0 0.3070652173913043 0.21535326086956522 0.03125 0.029211956521739132
0 0.3960597826086957 0.29415760869565216 0.03328804347826087 0.029891304347826088
0 0.45108695652173914 0.29008152173913043 0.03328804347826087 0.029891304347826088
0 0.5006793478260869 0.296195652173913 0.03328804347826087 0.03125
0 0.5543478260869565 0.19701086956521738 0.029211956521739132 0.026494565217391304
0 0.5645380434782609 0.16779891304347827 0.029891304347826088 0.026494565217391304
0 0.5658967391304348 0.14673913043478262 0.027853260869565216 0.025815217391304348
0 0.5047554347826086 0.059103260869565216 0.026494565217391304 0.024456521739130436
0 0.2561141304347826 0.39809782608695654 0.03736413043478261 0.033967391304347824
0 0.24388586956521738 0.3172554347826087 0.03328804347826087 0.03125
0 0.20720108695652173 0.30502717391304346 0.03328804347826087 0.03125
0 0.12296195652173914 0.34646739130434784 0.03736413043478261 0.03328804347826087
0 0.23980978260869565 0.546875 0.041440217391304345 0.03872282608695652
0 0.10733695652173914 0.546875 0.03940217391304348 0.03736413043478261
0 0.2907608695652174 0.6657608695652174 0.044157608695652176 0.041440217391304345
0 0.19361413043478262 0.7615489130434783 0.04619565217391304 0.042798913043478264
0 0.3186141304347826 0.7792119565217391 0.04891304347826087 0.04483695652173913
0 0.35122282608695654 0.6379076086956522 0.04483695652173913 0.041440217391304345
0 0.5489130434782609 0.703125 0.04755434782608696 0.044157608695652176
0 0.34035326086956524 0.8722826086956522 0.050951086956521736 0.046875
0 0.41508152173913043 0.8145380434782609 0.049592391304347824 0.04619565217391304
0 0.7819293478260869 0.04551630434782609 0.03125 0.029211956521739132
0 0.9877717391304348 0.2513586956521739 0.024456521739130436 0.03192934782608696
0 0.640625 0.2703804347826087 0.03328804347826087 0.029891304347826088
0 0.8322010869565217 0.3967391304347826 0.036005434782608696 0.03328804347826087
0 0.5917119565217391 0.483695652173913 0.03940217391304348 0.036684782608695655
0 0.8532608695652174 0.3125 0.03328804347826087 0.03192934782608696
0 0.9925271739130435 0.34714673913043476 0.014945652173913044 0.033967391304347824
0 0.9898097826086957 0.4476902173913043 0.020380434782608696 0.036684782608695655
0 0.9707880434782609 0.5353260869565217 0.04076086956521739 0.03872282608695652
0 0.5686141304347826 0.5380434782608695 0.041440217391304345 0.03872282608695652
0 0.8091032608695652 0.7085597826086957 0.04619565217391304 0.042798913043478264
0 0.8695652173913043 0.7663043478260869 0.04483695652173913 0.041440217391304345
0 0.8838315217391305 0.5917119565217391 0.041440217391304345 0.03940217391304348
0 0.9891304347826086 0.7269021739130435 0.021739130434782608 0.041440217391304345
0 0.6025815217391305 0.779891304347826 0.04755434782608696 0.044157608695652176
0 0.5095108695652174 0.796875 0.050951086956521736 0.04619565217391304
0 0.5971467391304348 0.9096467391304348 0.05298913043478261 0.050271739130434784
0 0.907608695652174 0.8709239130434783 0.04891304347826087 0.04619565217391304
0 0.9748641304347826 0.9137228260869565 0.049592391304347824 0.04619565217391304