0 0.38654891304347827 0.626358695652174 0.04551630434782609 0.03872282608695652
0 0.9415760869565217 0.5441576086956522 0.010190217391304348 0.010190217391304348
0 0.9082880434782609 0.5509510869565217 0.007472826086956522 0.008152173913043478
0 0.9891304347826086 0.5550271739130435 0.010190217391304348 0.010190217391304348
0 0.5978260869565217 0.6460597826086957 0.026494565217391304 0.027853260869565216
0 0.6372282608695652 0.6779891304347826 0.03192934782608696 0.027853260869565216
0 0.6521739130434783 0.6467391304347826 0.014266304347826086 0.014945652173913044
0 0.6616847826086957 0.6582880434782609 0.014945652173913044 0.01358695652173913
0 0.6929347826086957 0.6501358695652174 0.01358695652173913 0.012228260869565218
0 0.7269021739130435 0.5971467391304348 0.01154891304347826 0.010869565217391304
0 0.7690217391304348 0.6039402173913043 0.012228260869565218 0.01358695652173913
0 0.8125 0.5502717391304348 0.008152173913043478 0.008831521739130434
0 0.7730978260869565 0.5672554347826086 0.010869565217391304 0.010869565217391304
0 0.7336956521739131 0.5652173913043478 0.009510869565217392 0.009510869565217392
0 0.7099184782608695 0.5618206521739131 0.008152173913043478 0.009510869565217392
0 0.6820652173913043 0.5509510869565217 0.005434782608695652 0.006114130434782609
0 0.8756793478260869 0.608016304347826 0.014945652173913044 0.014266304347826086
0 0.9347826086956522 0.6161684782608695 0.014266304347826086 0.014266304347826086
0 0.9225543478260869 0.6066576086956522 0.01358695652173913 0.012907608695652174
0 0.9497282608695652 0.592391304347826 0.012228260869565218 0.012228260869565218
0 0.9850543478260869 0.5747282608695652 0.01154891304347826 0.01154891304347826
0 0.9123641304347826 0.6467391304347826 0.016304347826086956 0.016304347826086956
0 0.8838315217391305 0.6976902173913043 0.026494565217391304 0.02717391304347826
0 0.7907608695652174 0.6650815217391305 0.014945652173913044 0.014945652173913044
0 0.8125 0.6854619565217391 0.016304347826086956 0.016983695652173912
0 0.9551630434782609 0.5679347826086957 0.009510869565217392 0.009510869565217392
0 0.5108695652173914 0.625 0.025815217391304348 0.01970108695652174
0 0.7921195652173914 0.5183423913043478 0.001358695652173913 0.0006793478260869565
0 0.7690217391304348 0.5271739130434783 0.004076086956521739 0.0033967391304347825
0 0.9211956521739131 0.5557065217391305 0.010869565217391304 0.008152173913043478
0 0.9408967391304348 0.5597826086956522 0.010869565217391304 0.008152173913043478
0 0.9769021739130435 0.5584239130434783 0.010869565217391304 0.008152173913043478
0 0.7995923913043478 0.5597826086956522 0.010869565217391304 0.007472826086956522
0 0.7873641304347826 0.5563858695652174 0.009510869565217392 0.007472826086956522
0 0.7975543478260869 0.6875 0.02309782608695652 0.016983695652173912
0 0.90625 0.5625 0.012228260869565218 0.008831521739130434