0 0.46603260869565216 0.48709239130434784 0.12432065217391304 0.08084239130434782
0 0.4008152173913043 0.358695652173913 0.10258152173913043 0.07472826086956522
0 0.03940217391304348 0.25679347826086957 0.057744565217391304 0.06114130434782609
0 0.010869565217391304 0.7377717391304348 0.021059782608695652 0.16304347826086957
0 0.22486413043478262 0.27241847826086957 0.06861413043478261 0.059782608695652176
0 0.3172554347826087 0.23641304347826086 0.05638586956521739 0.049592391304347824
0 0.7350543478260869 0.09782608695652174 0.07404891304347826 0.06114130434782609
0 0.7248641304347826 0.46603260869565216 0.10597826086956522 0.050951086956521736
0 0.17391304347826086 0.38383152173913043 0.09035326086956522 0.07608695652173914
0 0.8084239130434783 0.09442934782608696 0.050951086956521736 0.05638586956521739
0 0.9422554347826086 0.6046195652173914 0.11548913043478261 0.125
0 0.18342391304347827 0.5278532608695652 0.05434782608695652 0.06385869565217392
0 0.21603260869565216 0.21331521739130435 0.0625 0.050271739130434784
0 0.4789402173913043 0.2425271739130435 0.06861413043478261 0.052309782608695655
0 0.47146739130434784 0.2764945652173913 0.08763586956521739 0.059782608695652176
0 0.9782608695652174 0.08695652173913043 0.043478260869565216 0.09442934782608696
0 0.10122282608695653 0.08831521739130435 0.04619565217391304 0.030570652173913044
0 0.008152173913043478 0.05638586956521739 0.016304347826086956 0.036684782608695655
0 0.010190217391304348 0.21331521739130435 0.01970108695652174 0.046875