0 0.7316576086956522 0.30366847826086957 0.09239130434782608 0.07472826086956522
0 0.18817934782608695 0.4544836956521739 0.23165760869565216 0.16304347826086957
0 0.8933423913043478 0.49796195652173914 0.13451086956521738 0.10258152173913043
0 0.8199728260869565 0.23097826086956522 0.06521739130434782 0.058423913043478264
0 0.41372282608695654 0.16236413043478262 0.09510869565217392 0.07608695652173914
0 0.21671195652173914 0.33152173913043476 0.17798913043478262 0.12024456521739131
0 0.9225543478260869 0.3111413043478261 0.07608695652173914 0.06453804347826086
0 0.9089673913043478 0.7377717391304348 0.18206521739130435 0.16304347826086957
0 0.5862771739130435 0.12024456521739131 0.0625 0.05570652173913043
0 0.3186141304347826 0.18410326086956522 0.09646739130434782 0.07744565217391304
0 0.9130434782608695 0.4001358695652174 0.11073369565217392 0.08967391304347826
0 0.7581521739130435 0.13654891304347827 0.06046195652173913 0.03872282608695652
0 0.5523097826086957 0.14266304347826086 0.06861413043478261 0.06114130434782609
0 0.44497282608695654 0.23165760869565216 0.09714673913043478 0.07133152173913043
0 0.9802989130434783 0.057065217391304345 0.03940217391304348 0.03736413043478261
0 0.9748641304347826 0.21331521739130435 0.050271739130434784 0.046875