0 0.014266304347826086 0.6691576086956522 0.028532608695652172 0.050271739130434784
0 0.11616847826086957 0.7588315217391305 0.05638586956521739 0.05638586956521739
0 0.12228260869565218 0.8546195652173914 0.06589673913043478 0.08016304347826086
0 0.1949728260869565 0.7907608695652174 0.06114130434782609 0.06114130434782609
0 0.32540760869565216 0.8885869565217391 0.11684782608695653 0.10461956521739131
0 0.30910326086956524 0.8063858695652174 0.05434782608695652 0.06725543478260869
0 0.2561141304347826 0.7418478260869565 0.05638586956521739 0.0625
0 0.15013586956521738 0.735733695652174 0.03940217391304348 0.04008152173913043
0 0.53125 0.8301630434782609 0.07880434782608696 0.06793478260869565
0 0.5720108695652174 0.7663043478260869 0.06725543478260869 0.049592391304347824
0 0.8172554347826086 0.8362771739130435 0.14130434782608695 0.125
0 0.7248641304347826 0.8240489130434783 0.07201086956521739 0.07404891304347826
0 0.9870923913043478 0.8328804347826086 0.025135869565217392 0.078125
0 0.9605978260869565 0.7452445652173914 0.03125 0.03940217391304348
0 0.7377717391304348 0.7269021739130435 0.07269021739130435 0.059782608695652176
0 0.7282608695652174 0.6610054347826086 0.036005434782608696 0.04076086956521739
0 0.5210597826086957 0.6467391304347826 0.025135869565217392 0.024456521739130436
0 0.4578804347826087 0.6154891304347826 0.010190217391304348 0.008152173913043478
0 0.42934782608695654 0.609375 0.010190217391304348 0.008152173913043478
0 0.38790760869565216 0.6114130434782609 0.010190217391304348 0.008152173913043478
0 0.4008152173913043 0.59375 0.010190217391304348 0.008831521739130434
0 0.26766304347826086 0.6779891304347826 0.041440217391304345 0.03940217391304348
0 0.2105978260869565 0.6807065217391305 0.034646739130434784 0.030570652173913044
0 0.14266304347826086 0.6657608695652174 0.036005434782608696 0.03328804347826087
0 0.3648097826086957 0.5930706521739131 0.010190217391304348 0.008831521739130434
0 0.042798913043478264 0.6480978260869565 0.034646739130434784 0.03125
0 0.009510869565217392 0.6052989130434783 0.019021739130434784 0.020380434782608696
0 0.05298913043478261 0.6059782608695652 0.025135869565217392 0.022418478260869564
0 0.004076086956521739 0.5733695652173914 0.008152173913043478 0.019021739130434784
0 0.10665760869565218 0.5964673913043478 0.026494565217391304 0.02377717391304348
0 0.049592391304347824 0.5665760869565217 0.018342391304347828 0.016304347826086956
0 0.010190217391304348 0.5543478260869565 0.020380434782608696 0.01358695652173913
0 0.11141304347826086 0.5604619565217391 0.018342391304347828 0.015625
0 0.12024456521739131 0.5475543478260869 0.017663043478260868 0.01358695652173913
0 0.24048913043478262 0.5774456521739131 0.018342391304347828 0.019021739130434784
0 0.02377717391304348 0.7180706521739131 0.04755434782608696 0.044157608695652176
0 0.06182065217391304 0.7302989130434783 0.06114130434782609 0.04551630434782609
0 0.07472826086956522 0.7663043478260869 0.06589673913043478 0.049592391304347824
0 0.25 0.8274456521739131 0.08559782608695653 0.06521739130434782
0 0.21467391304347827 0.7601902173913043 0.06114130434782609 0.04619565217391304
0 0.12567934782608695 0.71875 0.05434782608695652 0.04076086956521739
0 0.11005434782608696 0.7275815217391305 0.05638586956521739 0.042798913043478264
0 0.05298913043478261 0.7126358695652174 0.05638586956521739 0.042798913043478264
0 0.06453804347826086 0.6963315217391305 0.049592391304347824 0.03736413043478261
0 0.2391304347826087 0.7119565217391305 0.049592391304347824 0.03804347826086957
0 0.19701086956521738 0.701766304347826 0.049592391304347824 0.03804347826086957
0 0.33084239130434784 0.7472826086956522 0.057744565217391304 0.043478260869565216
0 0.40828804347826086 0.7635869565217391 0.06589673913043478 0.049592391304347824
0 0.38722826086956524 0.7316576086956522 0.05638586956521739 0.042798913043478264
0 0.42866847826086957 0.7785326086956522 0.06861413043478261 0.052309782608695655
0 0.5971467391304348 0.8308423913043478 0.10190217391304347 0.07676630434782608
0 0.6277173913043478 0.7961956521739131 0.09578804347826086 0.07201086956521739
0 0.5115489130434783 0.733016304347826 0.06385869565217392 0.04755434782608696
0 0.5027173913043478 0.7649456521739131 0.06861413043478261 0.050271739130434784
0 0.49252717391304346 0.6970108695652174 0.052309782608695655 0.04008152173913043
0 0.4436141304347826 0.6990489130434783 0.049592391304347824 0.036684782608695655
0 0.9850543478260869 0.7649456521739131 0.029891304347826088 0.05366847826086957
0 0.858016304347826 0.7432065217391305 0.06114130434782609 0.04619565217391304
0 0.8016304347826086 0.7038043478260869 0.049592391304347824 0.03736413043478261
0 0.7676630434782609 0.657608695652174 0.036005434782608696 0.027853260869565216
0 0.6963315217391305 0.6616847826086957 0.042798913043478264 0.03192934782608696
0 0.6317934782608695 0.6766304347826086 0.04891304347826087 0.036684782608695655
0 0.6508152173913043 0.6501358695652174 0.04076086956521739 0.029891304347826088
0 0.6222826086956522 0.6589673913043478 0.042798913043478264 0.03192934782608696
0 0.5862771739130435 0.641983695652174 0.03736413043478261 0.027853260869565216
0 0.5760869565217391 0.6650815217391305 0.04483695652173913 0.03328804347826087
0 0.5190217391304348 0.6331521739130435 0.03125 0.02377717391304348
0 0.484375 0.6154891304347826 0.010190217391304348 0.008152173913043478
0 0.46603260869565216 0.6413043478260869 0.03328804347826087 0.025135869565217392
0 0.4470108695652174 0.6630434782608695 0.04076086956521739 0.030570652173913044
0 0.40828804347826086 0.6637228260869565 0.03736413043478261 0.027853260869565216
0 0.422554347826087 0.6372282608695652 0.03260869565217391 0.02377717391304348
0 0.39945652173913043 0.6467391304347826 0.034646739130434784 0.025815217391304348
0 0.37703804347826086 0.6283967391304348 0.029891304347826088 0.022418478260869564
0 0.4157608695652174 0.625 0.029211956521739132 0.021739130434782608
0 0.8722826086956522 0.5217391304347826 0.010190217391304348 0.008152173913043478
0 0.8933423913043478 0.5122282608695652 0.01154891304347826 0.008831521739130434
0 0.9110054347826086 0.5061141304347826 0.010190217391304348 0.008152173913043478
0 0.8023097826086957 0.516983695652174 0.010190217391304348 0.008152173913043478
0 0.7839673913043478 0.5149456521739131 0.010190217391304348 0.008152173913043478
0 0.7629076086956522 0.49796195652173914 0.010190217391304348 0.008152173913043478
0 0.6820652173913043 0.5815217391304348 0.010190217391304348 0.008152173913043478
0 0.7024456521739131 0.5896739130434783 0.01154891304347826 0.008152173913043478
0 0.8648097826086957 0.561141304347826 0.010190217391304348 0.008152173913043478
0 0.7038043478260869 0.5108695652173914 0.010190217391304348 0.008152173913043478
0 0.688858695652174 0.5088315217391305 0.010190217391304348 0.008152173913043478
0 0.6582880434782609 0.5067934782608695 0.010190217391304348 0.008152173913043478
0 0.6168478260869565 0.5190217391304348 0.010190217391304348 0.008152173913043478
0 0.6480978260869565 0.5054347826086957 0.010190217391304348 0.008152173913043478
0 0.6168478260869565 0.5006793478260869 0.010190217391304348 0.008152173913043478
0 0.59375 0.5129076086956522 0.01154891304347826 0.008152173913043478
0 0.5604619565217391 0.5163043478260869 0.010190217391304348 0.008152173913043478
0 0.5366847826086957 0.5122282608695652 0.010190217391304348 0.008831521739130434
0 0.343070652173913 0.6854619565217391 0.04755434782608696 0.036684782608695655
0 0.21535326086956522 0.6684782608695652 0.041440217391304345 0.03192934782608696
0 0.11005434782608696 0.6875 0.04755434782608696 0.035326086956521736
0 0.18682065217391305 0.6433423913043478 0.036005434782608696 0.02717391304347826
0 0.2112771739130435 0.6277173913043478 0.03328804347826087 0.025135869565217392
0 0.3070652173913043 0.6474184782608695 0.03328804347826087 0.025135869565217392
0 0.2642663043478261 0.6610054347826086 0.04076086956521739 0.030570652173913044
0 0.26222826086956524 0.6494565217391305 0.03804347826086957 0.029891304347826088
0 0.29279891304347827 0.6324728260869565 0.03125 0.02377717391304348
0 0.24388586956521738 0.623641304347826 0.03125 0.02377717391304348
0 0.26970108695652173 0.6059782608695652 0.024456521739130436 0.018342391304347828
0 0.26970108695652173 0.625 0.029891304347826088 0.022418478260869564
0 0.29891304347826086 0.6046195652173914 0.02309782608695652 0.017663043478260868
0 0.3498641304347826 0.5964673913043478 0.01970108695652174 0.015625
0 0.33016304347826086 0.6188858695652174 0.027853260869565216 0.01970108695652174
0 0.375 0.5801630434782609 0.010190217391304348 0.008152173913043478
0 0.31657608695652173 0.5889945652173914 0.017663043478260868 0.012907608695652174
0 0.2907608695652174 0.5896739130434783 0.017663043478260868 0.012907608695652174
0 0.27921195652173914 0.5903532608695652 0.01970108695652174 0.01358695652173913
0 0.21331521739130435 0.5985054347826086 0.026494565217391304 0.021059782608695652
0 0.19021739130434784 0.6134510869565217 0.03125 0.02377717391304348
0 0.19089673913043478 0.5978260869565217 0.027853260869565216 0.021059782608695652
0 0.171875 0.625 0.03328804347826087 0.025135869565217392
0 0.13654891304347827 0.6114130434782609 0.029891304347826088 0.02377717391304348
0 0.15557065217391305 0.6005434782608695 0.026494565217391304 0.021059782608695652
0 0.13043478260869565 0.6399456521739131 0.03328804347826087 0.025815217391304348
0 0.10665760869565218 0.6528532608695652 0.03940217391304348 0.029891304347826088
0 0.078125 0.6222826086956522 0.03260869565217391 0.024456521739130436
0 0.017663043478260868 0.6290760869565217 0.034646739130434784 0.02717391304347826
0 0.052309782608695655 0.6256793478260869 0.03804347826086957 0.028532608695652172
0 0.07744565217391304 0.6059782608695652 0.029211956521739132 0.021739130434782608
0 0.06453804347826086 0.5862771739130435 0.024456521739130436 0.018342391304347828
0 0.03125 0.5631793478260869 0.021059782608695652 0.015625
0 0.006114130434782609 0.5394021739130435 0.01154891304347826 0.01154891304347826
0 0.05298913043478261 0.5414402173913043 0.017663043478260868 0.012228260869565218
0 0.06521739130434782 0.5516304347826086 0.018342391304347828 0.01358695652173913
0 0.07336956521739131 0.563858695652174 0.021059782608695652 0.015625
0 0.08967391304347826 0.5557065217391305 0.01970108695652174 0.01358695652173913
0 0.15353260869565216 0.578125 0.024456521739130436 0.017663043478260868
0 0.09171195652173914 0.5740489130434783 0.02309782608695652 0.016304347826086956
0 0.13451086956521738 0.5597826086956522 0.01970108695652174 0.015625
0 0.17798913043478262 0.578125 0.02309782608695652 0.018342391304347828
0 0.15421195652173914 0.5645380434782609 0.021059782608695652 0.015625
0 0.21603260869565216 0.5692934782608695 0.021059782608695652 0.015625
0 0.20720108695652173 0.5889945652173914 0.025135869565217392 0.019021739130434784
0 0.23029891304347827 0.5889945652173914 0.025135869565217392 0.019021739130434784
0 0.1956521739130435 0.5550271739130435 0.018342391304347828 0.01358695652173913
0 0.1644021739130435 0.5543478260869565 0.017663043478260868 0.012907608695652174
0 0.16032608695652173 0.5380434782608695 0.01154891304347826 0.008831521739130434
0 0.14266304347826086 0.5244565217391305 0.010190217391304348 0.008831521739130434
0 0.13111413043478262 0.5203804347826086 0.009510869565217392 0.006793478260869565
0 0.12296195652173914 0.5353260869565217 0.01358695652173913 0.01154891304347826
0 0.10529891304347826 0.5332880434782609 0.01358695652173913 0.01154891304347826
0 0.08967391304347826 0.5407608695652174 0.016304347826086956 0.012228260869565218
0 0.0625 0.53125 0.01358695652173913 0.010190217391304348
0 0.07201086956521739 0.5346467391304348 0.014945652173913044 0.01154891304347826
0 0.036005434782608696 0.5237771739130435 0.01154891304347826 0.009510869565217392
0 0.042798913043478264 0.5292119565217391 0.01358695652173913 0.009510869565217392
0 0.08152173913043478 0.5183423913043478 0.010190217391304348 0.008152173913043478
0 0.07472826086956522 0.5101902173913043 0.006114130434782609 0.005434782608695652
0 0.09986413043478261 0.5088315217391305 0.006114130434782609 0.004076086956521739
0 0.029211956521739132 0.5095108695652174 0.006793478260869565 0.005434782608695652
0 0.01358695652173913 0.5163043478260869 0.008152173913043478 0.006114130434782609
0 0.009510869565217392 0.5081521739130435 0.0020380434782608695 0.0006793478260869565
0 0.0020380434782608695 0.5251358695652174 0.0033967391304347825 0.006793478260869565
0 0.28532608695652173 0.5801630434782609 0.01970108695652174 0.014945652173913044
0 0.34375 0.5740489130434783 0.009510869565217392 0.006793478260869565
0 0.3294836956521739 0.5645380434782609 0.018342391304347828 0.014945652173913044
0 0.35190217391304346 0.5332880434782609 0.016304347826086956 0.012228260869565218
0 0.3389945652173913 0.5292119565217391 0.016304347826086956 0.012228260869565218
0 0.2826086956521739 0.5502717391304348 0.006793478260869565 0.004076086956521739
0 0.2798913043478261 0.5339673913043478 0.016304347826086956 0.012228260869565218
0 0.25815217391304346 0.592391304347826 0.02309782608695652 0.017663043478260868
0 0.033967391304347824 0.5808423913043478 0.024456521739130436 0.017663043478260868
0 0.021059782608695652 0.5244565217391305 0.01154891304347826 0.008831521739130434
0 0.006114130434782609 0.595108695652174 0.01154891304347826 0.018342391304347828
0 0.12635869565217392 0.5720108695652174 0.02309782608695652 0.016304347826086956
0 0.13994565217391305 0.5427989130434783 0.016304347826086956 0.012228260869565218
0 0.12024456521739131 0.5088315217391305 0.0020380434782608695 0.0006793478260869565
0 0.18138586956521738 0.5448369565217391 0.01358695652173913 0.010190217391304348
0 0.18885869565217392 0.5713315217391305 0.021059782608695652 0.016304347826086956
0 0.12364130434782608 0.5971467391304348 0.027853260869565216 0.021059782608695652
0 0.23641304347826086 0.5224184782608695 0.01358695652173913 0.010190217391304348
0 0.23301630434782608 0.5319293478260869 0.006114130434782609 0.0033967391304347825
0 0.23980978260869565 0.501358695652174 0.009510869565217392 0.008152173913043478
0 0.40353260869565216 0.5135869565217391 0.010190217391304348 0.008152173913043478
0 0.4157608695652174 0.5095108695652174 0.010190217391304348 0.008152173913043478
0 0.36141304347826086 0.5067934782608695 0.009510869565217392 0.006793478260869565
0 0.47214673913043476 0.5129076086956522 0.010190217391304348 0.008152173913043478
0 0.43410326086956524 0.5067934782608695 0.010190217391304348 0.008152173913043478
0 0.545516304347826 0.49796195652173914 0.010190217391304348 0.008152173913043478
0 0.32608695652173914 0.5237771739130435 0.016304347826086956 0.012228260869565218
0 0.28328804347826086 0.5006793478260869 0.01154891304347826 0.008831521739130434
0 0.3226902173913043 0.5088315217391305 0.01358695652173913 0.01154891304347826