0 0.036684782608695655 0.6637228260869565 0.07336956521739131 0.11752717391304347
0 0.03192934782608696 0.5115489130434783 0.06385869565217392 0.09986413043478261
0 0.08220108695652174 0.5033967391304348 0.06657608695652174 0.07676630434782608
0 0.08423913043478261 0.453125 0.07880434782608696 0.07269021739130435
0 0.1644021739130435 0.41304347826086957 0.07880434782608696 0.07472826086956522
0 0.27785326086956524 0.5448369565217391 0.11480978260869565 0.09918478260869565
0 0.2907608695652174 0.4782608695652174 0.09375 0.08695652173913043
0 0.328804347826087 0.4232336956521739 0.07472826086956522 0.08288043478260869
0 0.24660326086956522 0.39334239130434784 0.05298913043478261 0.05638586956521739
0 0.5176630434782609 0.5067934782608695 0.06385869565217392 0.06521739130434782
0 0.5115489130434783 0.438179347826087 0.06589673913043478 0.06997282608695653
0 0.49796195652173914 0.4116847826086957 0.059103260869565216 0.05570652173913043
0 0.5713315217391305 0.576766304347826 0.09578804347826086 0.11277173913043478
0 0.782608695652174 0.5380434782608695 0.09714673913043478 0.09986413043478261
0 0.704483695652174 0.5448369565217391 0.06657608695652174 0.08288043478260869
0 0.673233695652174 0.44021739130434784 0.09307065217391304 0.08288043478260869
0 0.7248641304347826 0.41304347826086957 0.08831521739130435 0.08084239130434782
0 0.9402173913043478 0.5346467391304348 0.08355978260869565 0.08627717391304347
0 0.9510869565217391 0.47146739130434784 0.08763586956521739 0.08220108695652174
0 0.8980978260869565 0.44157608695652173 0.078125 0.08355978260869565
0 0.8756793478260869 0.4171195652173913 0.06725543478260869 0.07269021739130435
0 0.8471467391304348 0.40353260869565216 0.0625 0.06589673913043478
0 0.7248641304347826 0.36141304347826086 0.0625 0.06317934782608696
0 0.751358695652174 0.32540760869565216 0.051630434782608696 0.046875
0 0.704483695652174 0.25339673913043476 0.035326086956521736 0.03192934782608696
0 0.9157608695652174 0.35665760869565216 0.057065217391304345 0.049592391304347824
0 0.8913043478260869 0.32540760869565216 0.041440217391304345 0.03804347826086957
0 0.8355978260869565 0.36345108695652173 0.057065217391304345 0.05434782608695652
0 0.9864130434782609 0.4116847826086957 0.026494565217391304 0.058423913043478264
0 0.6677989130434783 0.3383152173913043 0.050951086956521736 0.04483695652173913
0 0.5686141304347826 0.3220108695652174 0.04551630434782609 0.042119565217391304
0 0.5726902173913043 0.35122282608695654 0.06046195652173913 0.05366847826086957
0 0.4361413043478261 0.36752717391304346 0.057065217391304345 0.057065217391304345
0 0.452445652173913 0.3342391304347826 0.04755434782608696 0.04076086956521739
0 0.12296195652173914 0.09375 0.042119565217391304 0.03940217391304348
0 0.11413043478260869 0.3811141304347826 0.06385869565217392 0.05298913043478261
0 0.04008152173913043 0.38722826086956524 0.07201086956521739 0.06861413043478261
0 0.04551630434782609 0.35054347826086957 0.04891304347826087 0.04755434782608696
0 0.014945652173913044 0.35258152173913043 0.029891304347826088 0.04483695652173913
0 0.008152173913043478 0.30978260869565216 0.016304347826086956 0.04551630434782609
0 0.11548913043478261 0.32065217391304346 0.051630434782608696 0.04483695652173913
0 0.2269021739130435 0.3267663043478261 0.04483695652173913 0.043478260869565216
0 0.25679347826086957 0.3342391304347826 0.036005434782608696 0.03872282608695652
0 0.30366847826086957 0.34375 0.057065217391304345 0.051630434782608696
0 0.1956521739130435 0.4898097826086957 0.09782608695652174 0.07336956521739131
0 0.3485054347826087 0.389945652173913 0.06861413043478261 0.051630434782608696
0 0.5020380434782609 0.4633152173913043 0.08423913043478261 0.06317934782608696
0 0.5224184782608695 0.391304347826087 0.06453804347826086 0.04891304347826087
0 0.8063858695652174 0.42527173913043476 0.08491847826086957 0.06385869565217392
0 0.764266304347826 0.44497282608695654 0.09171195652173914 0.06861413043478261
0 0.6100543478260869 0.3138586956521739 0.051630434782608696 0.03872282608695652
0 0.5149456521739131 0.37092391304347827 0.06182065217391304 0.04619565217391304
0 0.40217391304347827 0.3172554347826087 0.042798913043478264 0.03260869565217391
0 0.36616847826086957 0.34714673913043476 0.052309782608695655 0.03940217391304348
0 0.24456521739130435 0.30434782608695654 0.029891304347826088 0.022418478260869564
0 0.21263586956521738 0.34714673913043476 0.05434782608695652 0.04076086956521739
0 0.20244565217391305 0.37296195652173914 0.06589673913043478 0.04891304347826087
0 0.328804347826087 0.3220108695652174 0.04076086956521739 0.029891304347826088