0 0.2452445652173913 0.6209239130434783 0.2703804347826087 0.08831521739130435
0 0.3220108695652174 0.5801630434782609 0.16508152173913043 0.050271739130434784
0 0.35190217391304346 0.5135869565217391 0.109375 0.029891304347826088
0 0.020380434782608696 0.44429347826086957 0.012907608695652174 0.004755434782608696
0 0.044157608695652176 0.4483695652173913 0.016983695652173912 0.006114130434782609
0 0.04008152173913043 0.45516304347826086 0.025815217391304348 0.009510869565217392
0 0.04823369565217391 0.4633152173913043 0.02377717391304348 0.010190217391304348
0 0.07744565217391304 0.45516304347826086 0.02377717391304348 0.008152173913043478
0 0.06317934782608696 0.4476902173913043 0.020380434782608696 0.006114130434782609
0 0.12160326086956522 0.43546195652173914 0.022418478260869564 0.006114130434782609
0 0.1297554347826087 0.44904891304347827 0.025815217391304348 0.009510869565217392
0 0.19089673913043478 0.4626358695652174 0.050271739130434784 0.016304347826086956
0 0.16304347826086957 0.46127717391304346 0.020380434782608696 0.008152173913043478
0 0.18342391304347827 0.4476902173913043 0.020380434782608696 0.008152173913043478
0 0.20108695652173914 0.44565217391304346 0.016983695652173912 0.006114130434782609
0 0.21875 0.44633152173913043 0.020380434782608696 0.008152173913043478
0 0.2554347826086957 0.44565217391304346 0.025815217391304348 0.008152173913043478
0 0.2425271739130435 0.45516304347826086 0.025815217391304348 0.010190217391304348
0 0.2873641304347826 0.4639945652173913 0.042798913043478264 0.014266304347826086
0 0.3138586956521739 0.47146739130434784 0.03736413043478261 0.012228260869565218
0 0.485054347826087 0.48777173913043476 0.051630434782608696 0.020380434782608696
0 0.35665760869565216 0.4626358695652174 0.042798913043478264 0.014266304347826086
0 0.41779891304347827 0.468070652173913 0.06317934782608696 0.02309782608695652
0 0.469429347826087 0.4701086956521739 0.03736413043478261 0.01358695652173913
0 0.2873641304347826 0.44565217391304346 0.016983695652173912 0.007472826086956522
0 0.32608695652173914 0.4436141304347826 0.025815217391304348 0.008152173913043478
0 0.359375 0.4483695652173913 0.025815217391304348 0.009510869565217392
0 0.3851902173913043 0.453125 0.027853260869565216 0.009510869565217392
0 0.3960597826086957 0.4470108695652174 0.022418478260869564 0.009510869565217392
0 0.42934782608695654 0.44972826086956524 0.020380434782608696 0.009510869565217392
0 0.4945652173913043 0.44633152173913043 0.022418478260869564 0.009510869565217392
0 0.5230978260869565 0.4429347826086957 0.016983695652173912 0.007472826086956522
0 0.5441576086956522 0.44429347826086957 0.02377717391304348 0.009510869565217392
0 0.5149456521739131 0.44972826086956524 0.020380434782608696 0.008152173913043478
0 0.5176630434782609 0.453125 0.02377717391304348 0.009510869565217392
0 0.5543478260869565 0.45516304347826086 0.027853260869565216 0.010190217391304348
0 0.5889945652173914 0.44972826086956524 0.02377717391304348 0.008152173913043478
0 0.5998641304347826 0.44157608695652173 0.016983695652173912 0.004755434782608696
0 0.6046195652173914 0.4483695652173913 0.022418478260869564 0.008152173913043478
0 0.6460597826086957 0.45652173913043476 0.027853260869565216 0.010190217391304348
0 0.5353260869565217 0.45991847826086957 0.029891304347826088 0.010190217391304348
0 0.5373641304347826 0.46671195652173914 0.03736413043478261 0.01358695652173913
0 0.6297554347826086 0.4673913043478261 0.06317934782608696 0.020380434782608696
0 0.6270380434782609 0.48845108695652173 0.06453804347826086 0.020380434782608696
0 0.7072010869565217 0.45108695652173914 0.03328804347826087 0.010190217391304348
0 0.688858695652174 0.44497282608695654 0.020380434782608696 0.007472826086956522
0 0.7248641304347826 0.4436141304347826 0.02377717391304348 0.009510869565217392
0 0.7527173913043478 0.4436141304347826 0.022418478260869564 0.008152173913043478
0 0.7737771739130435 0.44089673913043476 0.016983695652173912 0.006114130434782609
0 0.7547554347826086 0.4673913043478261 0.04076086956521739 0.01358695652173913
0 0.8192934782608695 0.4436141304347826 0.02377717391304348 0.008152173913043478
0 0.826766304347826 0.438179347826087 0.020380434782608696 0.006114130434782609
0 0.8926630434782609 0.4544836956521739 0.029891304347826088 0.010190217391304348
0 0.923233695652174 0.46059782608695654 0.03328804347826087 0.012228260869565218
0 0.9646739130434783 0.46875 0.05570652173913043 0.015625
0 0.9680706521739131 0.48777173913043476 0.06385869565217392 0.02717391304347826
0 0.9945652173913043 0.4633152173913043 0.010869565217391304 0.015625
0 0.9816576086956522 0.4578804347826087 0.03328804347826087 0.01154891304347826
0 0.9497282608695652 0.4578804347826087 0.029891304347826088 0.01154891304347826
0 0.9082880434782609 0.4422554347826087 0.016983695652173912 0.007472826086956522
0 0.7887228260869565 0.45040760869565216 0.016983695652173912 0.007472826086956522
0 0.8118206521739131 0.4361413043478261 0.014945652173913044 0.004755434782608696
0 0.10733695652173914 0.4938858695652174 0.05570652173913043 0.015625
0 0.004755434782608696 0.44565217391304346 0.009510869565217392 0.006114130434782609
0 0.03804347826086957 0.4436141304347826 0.022418478260869564 0.006114130434782609
0 0.044157608695652176 0.44089673913043476 0.020380434782608696 0.005434782608695652
0 0.025815217391304348 0.452445652173913 0.025815217391304348 0.007472826086956522
0 0.025815217391304348 0.4585597826086957 0.027853260869565216 0.007472826086956522
0 0.018342391304347828 0.468070652173913 0.03125 0.008831521739130434
0 0.09986413043478261 0.4748641304347826 0.044157608695652176 0.012228260869565218
0 0.08899456521739131 0.46603260869565216 0.029891304347826088 0.008152173913043478
0 0.11820652173913043 0.45991847826086957 0.035326086956521736 0.010190217391304348
0 0.09714673913043478 0.453804347826087 0.025815217391304348 0.007472826086956522
0 0.08491847826086957 0.44565217391304346 0.022418478260869564 0.006114130434782609
0 0.14470108695652173 0.44021739130434784 0.022418478260869564 0.006114130434782609
0 0.32608695652173914 0.484375 0.07404891304347826 0.021059782608695652
0 0.26222826086956524 0.47758152173913043 0.050271739130434784 0.014266304347826086
0 0.2112771739130435 0.48233695652173914 0.051630434782608696 0.014945652173913044
0 0.16304347826086957 0.44565217391304346 0.025815217391304348 0.007472826086956522
0 0.1922554347826087 0.44021739130434784 0.014945652173913044 0.004755434782608696
0 0.20380434782608695 0.4422554347826087 0.014945652173913044 0.004755434782608696
0 0.24456521739130435 0.44565217391304346 0.022418478260869564 0.006114130434782609
0 0.23777173913043478 0.46059782608695654 0.03872282608695652 0.01154891304347826
0 0.35665760869565216 0.47146739130434784 0.05366847826086957 0.014945652173913044
0 0.3294836956521739 0.4633152173913043 0.04076086956521739 0.01154891304347826
0 0.4701086956521739 0.45516304347826086 0.03736413043478261 0.010190217391304348
0 0.27785326086956524 0.44633152173913043 0.02377717391304348 0.006793478260869565
0 0.3138586956521739 0.4544836956521739 0.035326086956521736 0.009510869565217392
0 0.30027173913043476 0.4470108695652174 0.025815217391304348 0.007472826086956522
0 0.3063858695652174 0.4436141304347826 0.020380434782608696 0.006114130434782609
0 0.28396739130434784 0.4429347826086957 0.020380434782608696 0.005434782608695652
0 0.37771739130434784 0.4436141304347826 0.007472826086956522 0.0020380434782608695
0 0.4232336956521739 0.4422554347826087 0.02377717391304348 0.006114130434782609
0 0.45720108695652173 0.4429347826086957 0.025815217391304348 0.006793478260869565
0 0.4701086956521739 0.4429347826086957 0.022418478260869564 0.006793478260869565
0 0.3851902173913043 0.436820652173913 0.020380434782608696 0.005434782608695652
0 0.5604619565217391 0.44089673913043476 0.020380434782608696 0.005434782608695652
0 0.529891304347826 0.4476902173913043 0.025815217391304348 0.007472826086956522
0 0.5305706521739131 0.45516304347826086 0.03125 0.008831521739130434
0 0.5944293478260869 0.44157608695652173 0.018342391304347828 0.005434782608695652
0 0.6317934782608695 0.45516304347826086 0.03736413043478261 0.010869565217391304
0 0.5917119565217391 0.45720108695652173 0.03125 0.008831521739130434
0 0.5842391304347826 0.46195652173913043 0.042798913043478264 0.012228260869565218
0 0.5033967391304348 0.46059782608695654 0.035326086956521736 0.010190217391304348
0 0.548233695652174 0.4633152173913043 0.03736413043478261 0.010190217391304348
0 0.5529891304347826 0.485054347826087 0.06453804347826086 0.017663043478260868
0 0.7085597826086957 0.48097826086956524 0.06317934782608696 0.017663043478260868
0 0.7554347826086957 0.48233695652173914 0.06317934782608696 0.018342391304347828
0 0.6779891304347826 0.46535326086956524 0.04823369565217391 0.01358695652173913
0 0.6589673913043478 0.45991847826086957 0.04619565217391304 0.012907608695652174
0 0.6283967391304348 0.44089673913043476 0.020380434782608696 0.005434782608695652
0 0.6521739130434783 0.44089673913043476 0.020380434782608696 0.005434782608695652
0 0.6759510869565217 0.44497282608695654 0.025815217391304348 0.006793478260869565
0 0.7377717391304348 0.4388586956521739 0.020380434782608696 0.005434782608695652
0 0.7622282608695652 0.438179347826087 0.020380434782608696 0.005434782608695652
0 0.7737771739130435 0.4483695652173913 0.027853260869565216 0.008152173913043478
0 0.8729619565217391 0.46875 0.04619565217391304 0.012228260869565218
0 0.8016304347826086 0.4626358695652174 0.03736413043478261 0.010190217391304348
0 0.84375 0.45720108695652173 0.03125 0.008831521739130434
0 0.8063858695652174 0.4483695652173913 0.027853260869565216 0.008152173913043478
0 0.7873641304347826 0.4388586956521739 0.018342391304347828 0.005434782608695652
0 0.6813858695652174 0.44021739130434784 0.018342391304347828 0.005434782608695652
0 0.7099184782608695 0.44089673913043476 0.020380434782608696 0.005434782608695652
0 0.8464673913043478 0.44021739130434784 0.022418478260869564 0.005434782608695652
0 0.859375 0.4388586956521739 0.018342391304347828 0.005434782608695652
0 0.8831521739130435 0.4388586956521739 0.018342391304347828 0.005434782608695652
0 0.8627717391304348 0.4422554347826087 0.022418478260869564 0.006114130434782609
0 0.8804347826086957 0.44633152173913043 0.025815217391304348 0.007472826086956522
0 0.8471467391304348 0.44429347826086957 0.02377717391304348 0.006793478260869565
0 0.9110054347826086 0.453125 0.035326086956521736 0.010190217391304348
0 0.9177989130434783 0.438179347826087 0.020380434782608696 0.005434782608695652
0 0.9279891304347826 0.438179347826087 0.018342391304347828 0.005434782608695652
0 0.9368206521739131 0.4388586956521739 0.020380434782608696 0.005434782608695652
0 0.9497282608695652 0.4422554347826087 0.014945652173913044 0.004755434782608696
0 0.9741847826086957 0.44021739130434784 0.010869565217391304 0.0033967391304347825
0 0.9850543478260869 0.44633152173913043 0.02377717391304348 0.006793478260869565
0 0.9952445652173914 0.4422554347826087 0.009510869565217392 0.004755434782608696
0 0.9918478260869565 0.44089673913043476 0.012907608695652174 0.0033967391304347825
0 0.9959239130434783 0.4361413043478261 0.008152173913043478 0.002717391304347826
0 0.9103260869565217 0.5706521739130435 0.12432065217391304 0.034646739130434784
0 0.7989130434782609 0.5285326086956522 0.10190217391304347 0.027853260869565216
0 0.9524456521739131 0.5129076086956522 0.09442934782608696 0.025815217391304348
0 0.998641304347826 0.4789402173913043 0.002717391304347826 0.017663043478260868
0 0.018342391304347828 0.44904891304347827 0.02377717391304348 0.006793478260869565
0 0.08355978260869565 0.44904891304347827 0.02377717391304348 0.007472826086956522
0 0.15557065217391305 0.44157608695652173 0.018342391304347828 0.005434782608695652
0 0.17391304347826086 0.44157608695652173 0.018342391304347828 0.005434782608695652
0 0.35190217391304346 0.44497282608695654 0.022418478260869564 0.006793478260869565
0 0.33695652173913043 0.44021739130434784 0.012907608695652174 0.0033967391304347825
0 0.4157608695652174 0.44972826086956524 0.027853260869565216 0.008152173913043478
0 0.5353260869565217 0.44021739130434784 0.020380434782608696 0.005434782608695652
0 0.9130434782608695 0.4327445652173913 0.014945652173913044 0.0033967391304347825
0 0.8845108695652174 0.4327445652173913 0.012907608695652174 0.0033967391304347825
0 0.8654891304347826 0.43410326086956524 0.014945652173913044 0.004076086956521739
0 0.6895380434782609 0.43410326086956524 0.012907608695652174 0.0033967391304347825
0 0.7635869565217391 0.43478260869565216 0.020380434782608696 0.005434782608695652
0 0.5917119565217391 0.44429347826086957 0.022418478260869564 0.006114130434782609
0 0.7262228260869565 0.44021739130434784 0.020380434782608696 0.006114130434782609
0 0.9483695652173914 0.4375 0.014945652173913044 0.004755434782608696
0 0.9646739130434783 0.436820652173913 0.010869565217391304 0.0033967391304347825
0 0.829483695652174 0.43546195652173914 0.014945652173913044 0.004755434782608696
0 0.5020380434782609 0.44089673913043476 0.022418478260869564 0.005434782608695652
0 0.21942934782608695 0.4429347826086957 0.014945652173913044 0.004076086956521739
0 0.14198369565217392 0.468070652173913 0.04076086956521739 0.010869565217391304
0 0.7262228260869565 0.452445652173913 0.029891304347826088 0.008831521739130434
0 0.7703804347826086 0.45720108695652173 0.035326086956521736 0.010190217391304348
0 0.07133152173913043 0.44565217391304346 0.02377717391304348 0.006114130434782609
0 0.9456521739130435 0.43546195652173914 0.014945652173913044 0.004076086956521739
0 0.9334239130434783 0.43478260869565216 0.014945652173913044 0.004076086956521739
0 0.7975543478260869 0.436820652173913 0.018342391304347828 0.005434782608695652
0 0.025815217391304348 0.44904891304347827 0.02377717391304348 0.006793478260869565
0 0.43070652173913043 0.44157608695652173 0.020380434782608696 0.005434782608695652
0 0.7914402173913043 0.4429347826086957 0.02377717391304348 0.006793478260869565
0 0.8084239130434783 0.43953804347826086 0.020380434782608696 0.005434782608695652
0 0.6426630434782609 0.44089673913043476 0.022418478260869564 0.006114130434782609
0 0.6603260869565217 0.44089673913043476 0.020380434782608696 0.005434782608695652
0 0.5862771739130435 0.44089673913043476 0.020380434782608696 0.005434782608695652
0 0.2982336956521739 0.4422554347826087 0.018342391304347828 0.005434782608695652