0 0.8376358695652174 0.6297554347826086 0.014945652173913044 0.006114130434782609
0 0.8009510869565217 0.6304347826086957 0.014945652173913044 0.006793478260869565
0 0.78125 0.6277173913043478 0.014266304347826086 0.006114130434782609
0 0.7846467391304348 0.6154891304347826 0.016304347826086956 0.006793478260869565
0 0.7404891304347826 0.6066576086956522 0.012907608695652174 0.006114130434782609
0 0.7364130434782609 0.6243206521739131 0.01154891304347826 0.005434782608695652
0 0.7581521739130435 0.6256793478260869 0.012907608695652174 0.005434782608695652
0 0.7479619565217391 0.6297554347826086 0.01358695652173913 0.006114130434782609
0 0.703125 0.6277173913043478 0.012907608695652174 0.005434782608695652
0 0.686141304347826 0.6256793478260869 0.012907608695652174 0.005434782608695652
0 0.6623641304347826 0.6202445652173914 0.01358695652173913 0.006114130434782609
0 0.7065217391304348 0.6059782608695652 0.01154891304347826 0.005434782608695652
0 0.6725543478260869 0.609375 0.010869565217391304 0.004755434782608696
0 0.641983695652174 0.6046195652173914 0.010869565217391304 0.004755434782608696
0 0.5971467391304348 0.6046195652173914 0.01154891304347826 0.004755434782608696
0 0.5584239130434783 0.6046195652173914 0.012228260869565218 0.004755434782608696
0 0.5339673913043478 0.6046195652173914 0.010869565217391304 0.004755434782608696
0 0.49184782608695654 0.6066576086956522 0.01154891304347826 0.005434782608695652
0 0.4585597826086957 0.6059782608695652 0.010869565217391304 0.004755434782608696
0 0.405570652173913 0.6148097826086957 0.012228260869565218 0.005434782608695652
0 0.4164402173913043 0.6290760869565217 0.01358695652173913 0.006114130434782609
0 0.375679347826087 0.6195652173913043 0.010869565217391304 0.004755434782608696
0 0.35529891304347827 0.6283967391304348 0.01358695652173913 0.005434782608695652
0 0.32472826086956524 0.6345108695652174 0.014266304347826086 0.005434782608695652
0 0.31589673913043476 0.6277173913043478 0.01154891304347826 0.005434782608695652
0 0.328125 0.6154891304347826 0.01154891304347826 0.004755434782608696
0 0.2982336956521739 0.6141304347826086 0.012907608695652174 0.006114130434782609
0 0.2751358695652174 0.6304347826086957 0.014266304347826086 0.005434782608695652
0 0.2595108695652174 0.6209239130434783 0.012228260869565218 0.005434782608695652
0 0.24388586956521738 0.6059782608695652 0.010869565217391304 0.004755434782608696
0 0.20855978260869565 0.6032608695652174 0.01154891304347826 0.004755434782608696
0 0.22418478260869565 0.6182065217391305 0.01154891304347826 0.004755434782608696
0 0.23097826086956522 0.6270380434782609 0.012228260869565218 0.005434782608695652
0 0.1983695652173913 0.6277173913043478 0.01358695652173913 0.005434782608695652
0 0.1922554347826087 0.6195652173913043 0.012228260869565218 0.004755434782608696
0 0.20652173913043478 0.6426630434782609 0.01358695652173913 0.004755434782608696
0 0.17527173913043478 0.610733695652174 0.012228260869565218 0.005434782608695652
0 0.14470108695652173 0.609375 0.010869565217391304 0.004076086956521739
0 0.13111413043478262 0.6052989130434783 0.012228260869565218 0.005434782608695652
0 0.14605978260869565 0.6148097826086957 0.012228260869565218 0.005434782608695652
0 0.11345108695652174 0.6161684782608695 0.012907608695652174 0.005434782608695652
0 0.09850543478260869 0.6114130434782609 0.01154891304347826 0.004755434782608696
0 0.10597826086956522 0.6066576086956522 0.01154891304347826 0.004755434782608696
0 0.06521739130434782 0.6025815217391305 0.010869565217391304 0.004755434782608696
0 0.06657608695652174 0.609375 0.01154891304347826 0.004755434782608696
0 0.07608695652173914 0.6154891304347826 0.012228260869565218 0.005434782608695652
0 0.11888586956521739 0.625 0.012907608695652174 0.005434782608695652
0 0.16236413043478262 0.6277173913043478 0.012907608695652174 0.005434782608695652
0 0.033967391304347824 0.6317934782608695 0.012907608695652174 0.006114130434782609
0 0.022418478260869564 0.6148097826086957 0.010869565217391304 0.004755434782608696
0 0.03192934782608696 0.6100543478260869 0.010869565217391304 0.004755434782608696
0 0.028532608695652172 0.6032608695652174 0.01154891304347826 0.004755434782608696
0 0.001358695652173913 0.6100543478260869 0.002717391304347826 0.004755434782608696
0 0.845108695652174 0.6277173913043478 0.015625 0.005434782608695652
0 0.6447010869565217 0.6283967391304348 0.014945652173913044 0.004755434782608696
0 0.6535326086956522 0.6270380434782609 0.014266304347826086 0.004755434782608696
0 0.6854619565217391 0.6120923913043478 0.014266304347826086 0.004755434782608696
0 0.6073369565217391 0.6032608695652174 0.012228260869565218 0.004076086956521739
0 0.1800271739130435 0.6046195652173914 0.012907608695652174 0.004076086956521739
0 0.16847826086956522 0.6413043478260869 0.014266304347826086 0.004755434782608696
0 0.12703804347826086 0.6413043478260869 0.014266304347826086 0.004755434782608696
0 0.06793478260869565 0.6311141304347826 0.014945652173913044 0.004755434782608696
0 0.9415760869565217 0.6657608695652174 0.010869565217391304 0.0033967391304347825