0 0.4585597826086957 0.19021739130434784 0.019021739130434784 0.019021739130434784
0 0.6317934782608695 0.264945652173913 0.021059782608695652 0.021739130434782608
0 0.49252717391304346 0.6066576086956522 0.04076086956521739 0.041440217391304345
0 0.5726902173913043 0.845108695652174 0.05638586956521739 0.050951086956521736
0 0.673233695652174 0.8478260869565217 0.04483695652173913 0.042119565217391304
0 0.14945652173913043 0.7975543478260869 0.059103260869565216 0.05366847826086957
0 0.2561141304347826 0.7235054347826086 0.059103260869565216 0.051630434782608696
0 0.3029891304347826 0.5910326086956522 0.027853260869565216 0.028532608695652172
0 0.26222826086956524 0.44565217391304346 0.03260869565217391 0.029891304347826088
0 0.15489130434782608 0.45720108695652173 0.03736413043478261 0.04008152173913043
0 0.06385869565217392 0.375679347826087 0.03125 0.030570652173913044
0 0.10597826086956522 0.39741847826086957 0.035326086956521736 0.033967391304347824
0 0.22146739130434784 0.38383152173913043 0.03125 0.036005434782608696
0 0.2262228260869565 0.34782608695652173 0.02717391304347826 0.029891304347826088
0 0.3125 0.250679347826087 0.012228260869565218 0.01154891304347826
0 0.374320652173913 0.24796195652173914 0.021739130434782608 0.016304347826086956
0 0.374320652173913 0.265625 0.02377717391304348 0.018342391304347828
0 0.6127717391304348 0.2547554347826087 0.02309782608695652 0.016983695652173912
0 0.9191576086956522 0.20040760869565216 0.01970108695652174 0.015625
0 0.9945652173913043 0.22486413043478262 0.010190217391304348 0.016304347826086956
0 0.49184782608695654 0.31453804347826086 0.029211956521739132 0.021739130434782608
0 0.5509510869565217 0.3688858695652174 0.03125 0.02377717391304348
0 0.5658967391304348 0.296875 0.02717391304347826 0.020380434782608696
0 0.609375 0.3607336956521739 0.03125 0.02377717391304348
0 0.6358695652173914 0.32065217391304346 0.027853260869565216 0.021739130434782608
0 0.9694293478260869 0.4116847826086957 0.03260869565217391 0.025135869565217392
0 0.8131793478260869 0.7004076086956522 0.05298913043478261 0.03940217391304348
0 0.983016304347826 0.6650815217391305 0.03328804347826087 0.03804347826086957
0 0.9605978260869565 0.764266304347826 0.05502717391304348 0.041440217391304345
0 0.4585597826086957 0.7350543478260869 0.05434782608695652 0.041440217391304345
0 0.41032608695652173 0.7160326086956522 0.05434782608695652 0.04008152173913043
0 0.36141304347826086 0.9449728260869565 0.06453804347826086 0.04891304347826087
0 0.44565217391304346 0.90625 0.06385869565217392 0.04823369565217391
0 0.438179347826087 0.8417119565217391 0.059103260869565216 0.04551630434782609
0 0.7649456521739131 0.9211956521739131 0.06385869565217392 0.04823369565217391
0 0.860733695652174 0.9198369565217391 0.06385869565217392 0.04823369565217391
0 0.9646739130434783 0.9286684782608695 0.06385869565217392 0.04823369565217391
0 0.9694293478260869 0.8940217391304348 0.06114130434782609 0.04619565217391304
0 0.8172554347826086 0.8036684782608695 0.057065217391304345 0.043478260869565216
0 0.018342391304347828 0.9850543478260869 0.036684782608695655 0.029891304347826088
0 0.26834239130434784 0.829483695652174 0.059103260869565216 0.04483695652173913
0 0.010190217391304348 0.8328804347826086 0.01970108695652174 0.046875
0 0.21942934782608695 0.671875 0.05434782608695652 0.04076086956521739
0 0.2955163043478261 0.6514945652173914 0.05298913043478261 0.04008152173913043
0 0.24048913043478262 0.625 0.052309782608695655 0.03872282608695652
0 0.08423913043478261 0.6338315217391305 0.052309782608695655 0.04008152173913043
0 0.20448369565217392 0.47282608695652173 0.03736413043478261 0.02717391304347826
0 0.18682065217391305 0.44497282608695654 0.036684782608695655 0.02717391304347826
0 0.07269021739130435 0.34578804347826086 0.027853260869565216 0.021739130434782608
0 0.109375 0.3342391304347826 0.027853260869565216 0.021059782608695652
0 0.14198369565217392 0.360054347826087 0.03260869565217391 0.024456521739130436
0 0.17459239130434784 0.38790760869565216 0.034646739130434784 0.025815217391304348
0 0.25 0.3485054347826087 0.03125 0.02309782608695652
0 0.2751358695652174 0.2595108695652174 0.02377717391304348 0.018342391304347828
0 0.34714673913043476 0.22214673913043478 0.01970108695652174 0.014945652173913044
0 0.29891304347826086 0.421195652173913 0.035326086956521736 0.026494565217391304
0 0.18206521739130435 0.40625 0.036684782608695655 0.02717391304347826
0 0.13451086956521738 0.1297554347826087 0.006114130434782609 0.004755434782608696
0 0.10529891304347826 0.12771739130434784 0.014266304347826086 0.010190217391304348
0 0.06589673913043478 0.8661684782608695 0.06453804347826086 0.04891304347826087
0 0.6046195652173914 0.3125 0.027853260869565216 0.021059782608695652
0 0.8247282608695652 0.7778532608695652 0.05638586956521739 0.043478260869565216