0 0.9809782608695652 0.7398097826086957 0.004755434782608696 0.0033967391304347825
0 0.405570652173913 0.795516304347826 0.005434782608695652 0.004755434782608696
0 0.45516304347826086 0.30570652173913043 0.006114130434782609 0.004076086956521739
0 0.46059782608695654 0.30502717391304346 0.006114130434782609 0.004076086956521739
0 0.46467391304347827 0.30502717391304346 0.006114130434782609 0.004076086956521739
0 0.5203804347826086 0.3485054347826087 0.006114130434782609 0.004076086956521739
0 0.43002717391304346 0.34714673913043476 0.006114130434782609 0.004076086956521739
0 0.20244565217391305 0.36820652173913043 0.006114130434782609 0.004076086956521739
0 0.30910326086956524 0.7194293478260869 0.005434782608695652 0.0033967391304347825
0 0.18138586956521738 0.7452445652173914 0.004755434782608696 0.0033967391304347825
0 0.9300271739130435 0.4008152173913043 0.004755434782608696 0.0033967391304347825
0 0.9375 0.4266304347826087 0.004755434782608696 0.0033967391304347825
0 0.8471467391304348 0.4205163043478261 0.004755434782608696 0.0033967391304347825
0 0.8546195652173914 0.42527173913043476 0.004755434782608696 0.0033967391304347825
0 0.8131793478260869 0.4266304347826087 0.004755434782608696 0.0033967391304347825
0 0.5176630434782609 0.4470108695652174 0.006114130434782609 0.004076086956521739
0 0.5033967391304348 0.44565217391304346 0.006114130434782609 0.004076086956521739
0 0.5006793478260869 0.45584239130434784 0.006114130434782609 0.004076086956521739
0 0.4952445652173913 0.46059782608695654 0.006114130434782609 0.004076086956521739
0 0.4891304347826087 0.46059782608695654 0.006114130434782609 0.004076086956521739
0 0.485054347826087 0.46535326086956524 0.006114130434782609 0.004076086956521739
0 0.4782608695652174 0.4585597826086957 0.006114130434782609 0.004076086956521739
0 0.5054347826086957 0.46127717391304346 0.006114130434782609 0.004076086956521739
0 0.5305706521739131 0.45991847826086957 0.006114130434782609 0.004076086956521739
0 0.5502717391304348 0.452445652173913 0.006114130434782609 0.004076086956521739
0 0.5190217391304348 0.468070652173913 0.006114130434782609 0.004076086956521739
0 0.501358695652174 0.46875 0.006114130434782609 0.004076086956521739
0 0.5095108695652174 0.47146739130434784 0.006114130434782609 0.004076086956521739
0 0.5414402173913043 0.4633152173913043 0.006114130434782609 0.004076086956521739
0 0.5366847826086957 0.4673913043478261 0.006114130434782609 0.004076086956521739
0 0.529891304347826 0.4673913043478261 0.006114130434782609 0.004076086956521739
0 0.5529891304347826 0.46195652173913043 0.006114130434782609 0.004076086956521739
0 0.548233695652174 0.4633152173913043 0.006114130434782609 0.004076086956521739
0 0.5645380434782609 0.4633152173913043 0.006114130434782609 0.004076086956521739
0 0.5672554347826086 0.47690217391304346 0.006114130434782609 0.004076086956521739
0 0.5591032608695652 0.4782608695652174 0.006114130434782609 0.004076086956521739
0 0.6297554347826086 0.4585597826086957 0.004755434782608696 0.0033967391304347825
0 0.6154891304347826 0.4639945652173913 0.006114130434782609 0.004076086956521739
0 0.625 0.468070652173913 0.006114130434782609 0.004076086956521739
0 0.6141304347826086 0.485054347826087 0.006114130434782609 0.004076086956521739
0 0.6134510869565217 0.5047554347826086 0.006114130434782609 0.004076086956521739
0 0.6066576086956522 0.5074728260869565 0.006114130434782609 0.004076086956521739
0 0.5991847826086957 0.5101902173913043 0.006114130434782609 0.004076086956521739
0 0.6684782608695652 0.5088315217391305 0.004755434782608696 0.0033967391304347825
0 0.6521739130434783 0.5095108695652174 0.004755434782608696 0.0033967391304347825
0 0.6440217391304348 0.5122282608695652 0.004755434782608696 0.0033967391304347825
0 0.4470108695652174 0.46059782608695654 0.006114130434782609 0.004076086956521739
0 0.3919836956521739 0.421875 0.006114130434782609 0.004076086956521739
0 0.71875 0.5373641304347826 0.001358695652173913 0.0006793478260869565
0 0.764266304347826 0.5625 0.0006793478260869565 0.0006793478260869565
0 0.7995923913043478 0.5801630434782609 0.002717391304347826 0.001358695652173913
0 0.8226902173913043 0.5815217391304348 0.0020380434782608695 0.001358695652173913
0 0.8811141304347826 0.6019021739130435 0.002717391304347826 0.0020380434782608695
0 0.8573369565217391 0.595108695652174 0.002717391304347826 0.001358695652173913
0 0.9286684782608695 0.6351902173913043 0.0033967391304347825 0.0020380434782608695
0 0.9442934782608695 0.6358695652173914 0.0033967391304347825 0.0020380434782608695
0 0.9633152173913043 0.6324728260869565 0.0033967391304347825 0.0020380434782608695
0 0.9823369565217391 0.670516304347826 0.004076086956521739 0.002717391304347826
0 0.9605978260869565 0.7533967391304348 0.005434782608695652 0.0033967391304347825
0 0.9904891304347826 0.7493206521739131 0.005434782608695652 0.0033967391304347825
0 0.907608695652174 0.6596467391304348 0.004076086956521739 0.002717391304347826
0 0.40285326086956524 0.7092391304347826 0.004755434782608696 0.002717391304347826
0 0.405570652173913 0.7139945652173914 0.004755434782608696 0.0033967391304347825
0 0.6453804347826086 0.7860054347826086 0.006114130434782609 0.004076086956521739
0 0.6399456521739131 0.782608695652174 0.006114130434782609 0.004076086956521739