0 0.09782608695652174 0.12635869565217392 0.006114130434782609 0.008831521739130434
0 0.13858695652173914 0.12635869565217392 0.006114130434782609 0.010190217391304348
0 0.15760869565217392 0.13111413043478262 0.008831521739130434 0.008831521739130434
0 0.03872282608695652 0.20584239130434784 0.01154891304347826 0.012228260869565218
0 0.004076086956521739 0.24388586956521738 0.007472826086956522 0.012228260869565218
0 0.029211956521739132 0.28532608695652173 0.01154891304347826 0.01358695652173913
0 0.01154891304347826 0.29959239130434784 0.01154891304347826 0.01358695652173913
0 0.23845108695652173 0.13790760869565216 0.006114130434782609 0.008831521739130434
0 0.13111413043478262 0.23573369565217392 0.008831521739130434 0.010190217391304348
0 0.2921195652173913 0.12432065217391304 0.010190217391304348 0.012228260869565218
0 0.327445652173913 0.12635869565217392 0.008831521739130434 0.010190217391304348
0 0.4014945652173913 0.12432065217391304 0.008831521739130434 0.010190217391304348
0 0.22146739130434784 0.2269021739130435 0.008831521739130434 0.010190217391304348
0 0.23301630434782608 0.23641304347826086 0.008831521739130434 0.010190217391304348
0 0.19293478260869565 0.26222826086956524 0.010190217391304348 0.01358695652173913
0 0.17119565217391305 0.23777173913043478 0.008831521739130434 0.010190217391304348
0 0.1610054347826087 0.23709239130434784 0.006114130434782609 0.008831521739130434
0 0.1793478260869565 0.24592391304347827 0.008831521739130434 0.010190217391304348
0 0.21195652173913043 0.24932065217391305 0.008831521739130434 0.010190217391304348
0 0.2078804347826087 0.2561141304347826 0.010190217391304348 0.012228260869565218
0 0.23029891304347827 0.25203804347826086 0.010190217391304348 0.012228260869565218
0 0.2601902173913043 0.23641304347826086 0.008831521739130434 0.008831521739130434
0 0.24592391304347827 0.234375 0.006114130434782609 0.007472826086956522
0 0.26766304347826086 0.28532608695652173 0.01358695652173913 0.016983695652173912
0 0.2798913043478261 0.2921195652173913 0.010190217391304348 0.01358695652173913
0 0.28396739130434784 0.2764945652173913 0.010190217391304348 0.012228260869565218
0 0.31929347826086957 0.26358695652173914 0.010190217391304348 0.010190217391304348
0 0.34035326086956524 0.23777173913043478 0.010190217391304348 0.012228260869565218
0 0.3376358695652174 0.25271739130434784 0.010190217391304348 0.012228260869565218
0 0.3383152173913043 0.26970108695652173 0.01154891304347826 0.01358695652173913
0 0.33695652173913043 0.2914402173913043 0.017663043478260868 0.01970108695652174
0 0.375679347826087 0.26154891304347827 0.008831521739130434 0.012228260869565218
0 0.374320652173913 0.24728260869565216 0.008831521739130434 0.010190217391304348
0 0.3797554347826087 0.23505434782608695 0.008831521739130434 0.012228260869565218
0 0.4123641304347826 0.23777173913043478 0.008831521739130434 0.012228260869565218
0 0.42595108695652173 0.2391304347826087 0.008831521739130434 0.012228260869565218
0 0.45516304347826086 0.2601902173913043 0.010190217391304348 0.012228260869565218
0 0.4585597826086957 0.27853260869565216 0.010190217391304348 0.01358695652173913
0 0.47758152173913043 0.2547554347826087 0.008831521739130434 0.012228260869565218
0 0.4952445652173913 0.25747282608695654 0.010190217391304348 0.012228260869565218
0 0.5047554347826086 0.25747282608695654 0.010190217391304348 0.010190217391304348
0 0.5292119565217391 0.25271739130434784 0.008831521739130434 0.010190217391304348
0 0.5394021739130435 0.24320652173913043 0.008831521739130434 0.012228260869565218
0 0.5713315217391305 0.27445652173913043 0.01154891304347826 0.01358695652173913
0 0.5203804347826086 0.2758152173913043 0.01358695652173913 0.015625
0 0.5095108695652174 0.28804347826086957 0.01154891304347826 0.015625
0 0.5570652173913043 0.2269021739130435 0.008831521739130434 0.012228260869565218
0 0.5896739130434783 0.25407608695652173 0.01154891304347826 0.015625
0 0.6039402173913043 0.28396739130434784 0.01154891304347826 0.016983695652173912
0 0.6209239130434783 0.265625 0.01154891304347826 0.015625
0 0.7567934782608695 0.281929347826087 0.01358695652173913 0.016983695652173912
0 0.3539402173913043 0.49728260869565216 0.035326086956521736 0.03872282608695652
0 0.2907608695652174 0.36752717391304346 0.017663043478260868 0.021059782608695652
0 0.36345108695652173 0.327445652173913 0.017663043478260868 0.021059782608695652
0 0.5203804347826086 0.32608695652173914 0.014945652173913044 0.017663043478260868
0 0.7608695652173914 0.47690217391304346 0.025135869565217392 0.03125
0 0.06046195652173913 0.6467391304347826 0.050951086956521736 0.06114130434782609
0 0.10869565217391304 0.641983695652174 0.04755434782608696 0.05638586956521739
0 0.4470108695652174 0.6413043478260869 0.052309782608695655 0.05434782608695652
0 0.34782608695652173 0.654891304347826 0.04483695652173913 0.050951086956521736
0 0.25815217391304346 0.6331521739130435 0.04483695652173913 0.05434782608695652
0 0.2235054347826087 0.6528532608695652 0.04755434782608696 0.05570652173913043
0 0.49592391304347827 0.6480978260869565 0.05366847826086957 0.05638586956521739
0 0.5108695652173914 0.6195652173913043 0.042798913043478264 0.04755434782608696
0 0.8614130434782609 0.6915760869565217 0.058423913043478264 0.07744565217391304
0 0.6256793478260869 0.876358695652174 0.09782608695652174 0.12771739130434784
0 0.9646739130434783 0.6725543478260869 0.03736413043478261 0.042119565217391304
0 0.09986413043478261 0.23777173913043478 0.008831521739130434 0.010190217391304348
0 0.10529891304347826 0.22486413043478262 0.008831521739130434 0.008831521739130434
0 0.296195652173913 0.296195652173913 0.010190217391304348 0.015625
0 0.016983695652173912 0.11752717391304347 0.007472826086956522 0.006793478260869565
0 0.033967391304347824 0.1297554347826087 0.008831521739130434 0.006793478260869565
0 0.05434782608695652 0.125 0.008831521739130434 0.007472826086956522
0 0.07540760869565218 0.125 0.008831521739130434 0.007472826086956522
0 0.10733695652173914 0.125 0.010190217391304348 0.007472826086956522
0 0.12160326086956522 0.1331521739130435 0.008831521739130434 0.008831521739130434
0 0.001358695652173913 0.1922554347826087 0.002717391304347826 0.008831521739130434
0 0.010190217391304348 0.20108695652173914 0.010190217391304348 0.008831521739130434
0 0.02717391304347826 0.2642663043478261 0.012228260869565218 0.010869565217391304
0 0.07269021739130435 0.23777173913043478 0.010190217391304348 0.008831521739130434
0 0.21875 0.13043478260869565 0.010190217391304348 0.008831521739130434
0 0.19633152173913043 0.12296195652173914 0.010190217391304348 0.007472826086956522
0 0.1827445652173913 0.12296195652173914 0.010190217391304348 0.007472826086956522
0 0.09035326086956522 0.2235054347826087 0.01154891304347826 0.008831521739130434
0 0.12092391304347826 0.2601902173913043 0.012228260869565218 0.010869565217391304
0 0.06657608695652174 0.26970108695652173 0.01154891304347826 0.010869565217391304
0 0.1487771739130435 0.24048913043478262 0.010190217391304348 0.008831521739130434
0 0.14470108695652173 0.22826086956521738 0.008831521739130434 0.007472826086956522
0 0.11277173913043478 0.20448369565217392 0.010190217391304348 0.008831521739130434
0 0.2554347826086957 0.12228260869565218 0.008831521739130434 0.008831521739130434
0 0.28532608695652173 0.125 0.010190217391304348 0.007472826086956522
0 0.3077445652173913 0.12635869565217392 0.010190217391304348 0.008831521739130434
0 0.3125 0.11752717391304347 0.010190217391304348 0.008831521739130434
0 0.33967391304347827 0.1297554347826087 0.010190217391304348 0.008831521739130434
0 0.358695652173913 0.12432065217391304 0.010190217391304348 0.008831521739130434
0 0.36752717391304346 0.12364130434782608 0.010190217391304348 0.008831521739130434
0 0.37771739130434784 0.12432065217391304 0.010190217391304348 0.008831521739130434
0 0.390625 0.12024456521739131 0.01154891304347826 0.010190217391304348
0 0.4517663043478261 0.12839673913043478 0.010190217391304348 0.007472826086956522
0 0.468070652173913 0.17459239130434784 0.010190217391304348 0.008831521739130434
0 0.4904891304347826 0.1766304347826087 0.008831521739130434 0.008831521739130434
0 0.421195652173913 0.1766304347826087 0.010190217391304348 0.008831521739130434
0 0.5129076086956522 0.17866847826086957 0.008831521739130434 0.007472826086956522
0 0.27377717391304346 0.18138586956521738 0.010190217391304348 0.007472826086956522
0 0.19633152173913043 0.2452445652173913 0.010190217391304348 0.010190217391304348
0 0.27853260869565216 0.23641304347826086 0.010190217391304348 0.008831521739130434
0 0.36616847826086957 0.28872282608695654 0.014945652173913044 0.014266304347826086
0 0.37907608695652173 0.20923913043478262 0.010190217391304348 0.010190217391304348
0 0.39470108695652173 0.23641304347826086 0.010190217391304348 0.008831521739130434
0 0.421195652173913 0.2262228260869565 0.010190217391304348 0.008831521739130434
0 0.4008152173913043 0.22894021739130435 0.01154891304347826 0.008831521739130434
0 0.44633152173913043 0.2418478260869565 0.01154891304347826 0.010190217391304348
0 0.40421195652173914 0.28940217391304346 0.014945652173913044 0.01358695652173913
0 0.4741847826086957 0.24456521739130435 0.010190217391304348 0.008831521739130434
0 0.5726902173913043 0.25407608695652173 0.012228260869565218 0.010869565217391304
0 0.5197010869565217 0.2642663043478261 0.012228260869565218 0.010869565217391304
0 0.47622282608695654 0.296195652173913 0.014945652173913044 0.01358695652173913
0 0.6908967391304348 0.125 0.01358695652173913 0.012228260869565218
0 0.6345108695652174 0.2798913043478261 0.01358695652173913 0.01358695652173913
0 0.6066576086956522 0.2391304347826087 0.01154891304347826 0.010190217391304348
0 0.640625 0.23505434782608695 0.01154891304347826 0.010190217391304348
0 0.6521739130434783 0.23980978260869565 0.01154891304347826 0.008831521739130434
0 0.6664402173913043 0.280570652173913 0.014945652173913044 0.01358695652173913
0 0.8444293478260869 0.29279891304347827 0.016304347826086956 0.014266304347826086
0 0.9144021739130435 0.30434782608695654 0.017663043478260868 0.015625
0 0.007472826086956522 0.4375 0.014945652173913044 0.03125
0 0.04619565217391304 0.3797554347826087 0.017663043478260868 0.016983695652173912
0 0.11752717391304347 0.3294836956521739 0.014945652173913044 0.01358695652173913
0 0.1514945652173913 0.32472826086956524 0.016304347826086956 0.014266304347826086
0 0.17595108695652173 0.33084239130434784 0.01970108695652174 0.016983695652173912
0 0.09782608695652174 0.344429347826087 0.014945652173913044 0.01358695652173913
0 0.23505434782608695 0.46127717391304346 0.03736413043478261 0.03192934782608696
0 0.20380434782608695 0.44089673913043476 0.03260869565217391 0.029211956521739132
0 0.3335597826086957 0.483695652173913 0.04008152173913043 0.034646739130434784
0 0.27717391304347827 0.3546195652173913 0.01970108695652174 0.017663043478260868
0 0.24388586956521738 0.33695652173913043 0.017663043478260868 0.015625
0 0.2907608695652174 0.32608695652173914 0.019021739130434784 0.016983695652173912
0 0.24388586956521738 0.296875 0.01358695652173913 0.01358695652173913
0 0.36684782608695654 0.3063858695652174 0.017663043478260868 0.015625
0 0.48029891304347827 0.3498641304347826 0.019021739130434784 0.015625
0 0.8240489130434783 0.3267663043478261 0.01970108695652174 0.017663043478260868
0 0.8430706521739131 0.3111413043478261 0.019021739130434784 0.015625
0 0.5115489130434783 0.3580163043478261 0.019021739130434784 0.016983695652173912
0 0.001358695652173913 0.6779891304347826 0.002717391304347826 0.057744565217391304
0 0.020380434782608696 0.704483695652174 0.04076086956521739 0.058423913043478264
0 0.024456521739130436 0.6630434782608695 0.04891304347826087 0.05434782608695652
0 0.1358695652173913 0.6847826086956522 0.058423913043478264 0.050951086956521736
0 0.09986413043478261 0.7065217391304348 0.059782608695652176 0.05366847826086957
0 0.3294836956521739 0.6963315217391305 0.05638586956521739 0.050951086956521736
0 0.25 0.7730978260869565 0.06725543478260869 0.059782608695652176
0 0.20176630434782608 0.6148097826086957 0.050951086956521736 0.04551630434782609
0 0.6494565217391305 0.5747282608695652 0.04891304347826087 0.043478260869565216
0 0.6480978260869565 0.6399456521739131 0.06385869565217392 0.05570652173913043
0 0.5910326086956522 0.6426630434782609 0.06385869565217392 0.05638586956521739
0 0.6528532608695652 0.7296195652173914 0.07880434782608696 0.06997282608695653
0 0.7533967391304348 0.7099184782608695 0.07404891304347826 0.06657608695652174
0 0.7282608695652174 0.6596467391304348 0.06114130434782609 0.05434782608695652
0 0.8913043478260869 0.6800271739130435 0.07133152173913043 0.0625
0 0.9021739130434783 0.8512228260869565 0.10122282608695653 0.08967391304347826
0 0.8987771739130435 0.6379076086956522 0.06521739130434782 0.057744565217391304
0 0.11888586956521739 0.23097826086956522 0.010190217391304348 0.008831521739130434
0 0.13654891304347827 0.203125 0.008831521739130434 0.008831521739130434
0 0.09782608695652174 0.20448369565217392 0.010190217391304348 0.008831521739130434
0 0.07744565217391304 0.21671195652173914 0.010190217391304348 0.008831521739130434
0 0.06725543478260869 0.20380434782608695 0.010190217391304348 0.010190217391304348
0 0.027853260869565216 0.21195652173913043 0.01154891304347826 0.010190217391304348
0 0.17459239130434784 0.17255434782608695 0.008831521739130434 0.007472826086956522
0 0.21603260869565216 0.20855978260869565 0.006114130434782609 0.005434782608695652
0 0.32608695652173914 0.22078804347826086 0.008831521739130434 0.007472826086956522
0 0.35597826086956524 0.20991847826086957 0.010190217391304348 0.007472826086956522
0 0.32608695652173914 0.20584239130434784 0.007472826086956522 0.007472826086956522
0 0.4375 0.17798913043478262 0.010190217391304348 0.008831521739130434
0 0.5665760869565217 0.23301630434782608 0.010190217391304348 0.008831521739130434
0 0.5509510869565217 0.23369565217391305 0.01154891304347826 0.010190217391304348
0 0.546875 0.22486413043478262 0.008831521739130434 0.007472826086956522
0 0.5353260869565217 0.22418478260869565 0.008831521739130434 0.007472826086956522
0 0.5230978260869565 0.23301630434782608 0.008831521739130434 0.008831521739130434
0 0.5427989130434783 0.23641304347826086 0.010190217391304348 0.008831521739130434
0 0.578125 0.23165760869565216 0.010190217391304348 0.008831521739130434
0 0.5788043478260869 0.2391304347826087 0.010190217391304348 0.010190217391304348
0 0.5883152173913043 0.22554347826086957 0.010190217391304348 0.008831521739130434
0 0.5665760869565217 0.2391304347826087 0.010190217391304348 0.008831521739130434
0 0.5563858695652174 0.2418478260869565 0.01154891304347826 0.010190217391304348
0 0.5115489130434783 0.23641304347826086 0.010190217391304348 0.008831521739130434
0 0.7207880434782609 0.2669836956521739 0.01358695652173913 0.012228260869565218
0 0.499320652173913 0.2418478260869565 0.008831521739130434 0.008831521739130434