0 0.17798913043478262 0.608016304347826 0.029211956521739132 0.035326086956521736
0 0.640625 0.49252717391304346 0.02309782608695652 0.025815217391304348
0 0.6372282608695652 0.36684782608695654 0.016983695652173912 0.020380434782608696
0 0.845108695652174 0.6739130434782609 0.035326086956521736 0.03328804347826087
0 0.983016304347826 0.5427989130434783 0.025135869565217392 0.028532608695652172
0 0.8967391304347826 0.41847826086956524 0.019021739130434784 0.022418478260869564
0 0.923233695652174 0.3580163043478261 0.009510869565217392 0.010869565217391304
0 0.9633152173913043 0.33627717391304346 0.009510869565217392 0.010869565217391304
0 0.9925271739130435 0.35190217391304346 0.014266304347826086 0.018342391304347828
0 0.21331521739130435 0.2112771739130435 0.03328804347826087 0.029891304347826088
0 0.2262228260869565 0.6447010869565217 0.035326086956521736 0.03125
0 0.2914402173913043 0.6243206521739131 0.03328804347826087 0.029891304347826088
0 0.3111413043478261 0.6684782608695652 0.03736413043478261 0.03328804347826087
0 0.6664402173913043 0.5095108695652174 0.02717391304347826 0.02377717391304348
0 0.6664402173913043 0.43410326086956524 0.02309782608695652 0.020380434782608696
0 0.670516304347826 0.39470108695652173 0.019021739130434784 0.016983695652173912
0 0.7751358695652174 0.41779891304347827 0.021059782608695652 0.018342391304347828
0 0.8070652173913043 0.5645380434782609 0.03125 0.027853260869565216
0 0.9239130434782609 0.5543478260869565 0.03125 0.027853260869565216
0 0.953125 0.43953804347826086 0.02309782608695652 0.020380434782608696
0 0.9375 0.32133152173913043 0.012228260869565218 0.010869565217391304
0 0.9789402173913043 0.34171195652173914 0.014266304347826086 0.012907608695652174
0 0.9123641304347826 0.8498641304347826 0.043478260869565216 0.03872282608695652
0 0.7595108695652174 0.05434782608695652 0.019021739130434784 0.016983695652173912
0 0.7207880434782609 0.06657608695652174 0.019021739130434784 0.016983695652173912