0 0.6637228260869565 0.6739130434782609 0.016983695652173912 0.014945652173913044
0 0.6813858695652174 0.6555706521739131 0.015625 0.01358695652173913
0 0.5665760869565217 0.6508152173913043 0.012228260869565218 0.016983695652173912
0 0.4361413043478261 0.595108695652174 0.008152173913043478 0.010869565217391304
0 0.1875 0.8315217391304348 0.025135869565217392 0.036005434782608696
0 0.9096467391304348 0.717391304347826 0.014266304347826086 0.018342391304347828
0 0.6834239130434783 0.5183423913043478 0.007472826086956522 0.007472826086956522
0 0.6283967391304348 0.516983695652174 0.007472826086956522 0.007472826086956522
0 0.5876358695652174 0.6345108695652174 0.016983695652173912 0.014945652173913044
0 0.5917119565217391 0.6460597826086957 0.016983695652173912 0.014945652173913044
0 0.563858695652174 0.6691576086956522 0.019021739130434784 0.016983695652173912
0 0.40828804347826086 0.6786684782608695 0.021059782608695652 0.018342391304347828
0 0.31657608695652173 0.6942934782608695 0.021059782608695652 0.018342391304347828
0 0.22486413043478262 0.8131793478260869 0.029211956521739132 0.025815217391304348
0 0.9646739130434783 0.7139945652173914 0.021059782608695652 0.018342391304347828
0 0.9911684782608695 0.7024456521739131 0.017663043478260868 0.018342391304347828
0 0.6929347826086957 0.5081521739130435 0.006114130434782609 0.005434782608695652
0 0.04076086956521739 0.6881793478260869 0.02309782608695652 0.020380434782608696
0 0.005434782608695652 0.6487771739130435 0.010190217391304348 0.018342391304347828
0 0.012228260869565218 0.6677989130434783 0.021059782608695652 0.018342391304347828
0 0.16779891304347827 0.6154891304347826 0.016983695652173912 0.014945652173913044
0 0.13519021739130435 0.6148097826086957 0.016983695652173912 0.014945652173913044
0 0.49660326086956524 0.41915760869565216 0.0020380434782608695 0.0020380434782608695
0 0.4375 0.422554347826087 0.0020380434782608695 0.0020380434782608695
0 0.43002717391304346 0.42527173913043476 0.0020380434782608695 0.0020380434782608695
0 0.37160326086956524 0.41032608695652173 0.010190217391304348 0.009510869565217392
0 0.328125 0.40896739130434784 0.010190217391304348 0.009510869565217392
0 0.3023097826086957 0.41304347826086957 0.010190217391304348 0.009510869565217392
0 0.30842391304347827 0.4157608695652174 0.010190217391304348 0.009510869565217392
0 0.31589673913043476 0.41779891304347827 0.0020380434782608695 0.0020380434782608695
0 0.5686141304347826 0.4327445652173913 0.0020380434782608695 0.0020380434782608695
0 0.5883152173913043 0.4279891304347826 0.0020380434782608695 0.0020380434782608695
0 0.6542119565217391 0.4232336956521739 0.008152173913043478 0.007472826086956522
0 0.671875 0.43410326086956524 0.008152173913043478 0.007472826086956522
0 0.7758152173913043 0.43953804347826086 0.008152173913043478 0.007472826086956522
0 0.7459239130434783 0.43070652173913043 0.008152173913043478 0.007472826086956522
0 0.7425271739130435 0.43546195652173914 0.008152173913043478 0.007472826086956522