0 0.08152173913043478 0.7418478260869565 0.06317934782608696 0.057065217391304345
0 0.5047554347826086 0.7432065217391305 0.030570652173913044 0.036684782608695655
0 0.6514945652173914 0.7235054347826086 0.02717391304347826 0.036684782608695655
0 0.6351902173913043 0.7663043478260869 0.059782608695652176 0.06182065217391304
0 0.8172554347826086 0.7282608695652174 0.036684782608695655 0.03736413043478261
0 0.9911684782608695 0.7038043478260869 0.017663043478260868 0.03872282608695652
0 0.9728260869565217 0.6644021739130435 0.012907608695652174 0.01154891304347826
0 0.9510869565217391 0.6582880434782609 0.017663043478260868 0.012228260869565218
0 0.657608695652174 0.6868206521739131 0.017663043478260868 0.020380434782608696
0 0.7398097826086957 0.6915760869565217 0.017663043478260868 0.016983695652173912
0 0.7398097826086957 0.671875 0.01358695652173913 0.014266304347826086
0 0.6535326086956522 0.7085597826086957 0.021059782608695652 0.025815217391304348
0 0.5862771739130435 0.7099184782608695 0.029211956521739132 0.025135869565217392
0 0.5876358695652174 0.6963315217391305 0.02377717391304348 0.021059782608695652
0 0.6005434782608695 0.6847826086956522 0.01970108695652174 0.017663043478260868
0 0.6161684782608695 0.6528532608695652 0.016304347826086956 0.014945652173913044
0 0.4701086956521739 0.7078804347826086 0.03872282608695652 0.041440217391304345
0 0.5305706521739131 0.6589673913043478 0.017663043478260868 0.015625
0 0.2547554347826087 0.6868206521739131 0.020380434782608696 0.020380434782608696
0 0.24048913043478262 0.6582880434782609 0.014266304347826086 0.01358695652173913
0 0.8457880434782609 0.8559782608695652 0.08627717391304347 0.057065217391304345
0 0.7296195652173914 0.9028532608695652 0.10326086956521739 0.06929347826086957
0 0.6351902173913043 0.8546195652173914 0.09035326086956522 0.06046195652173913
0 0.5991847826086957 0.9320652173913043 0.11073369565217392 0.07336956521739131
0 0.2425271739130435 0.8729619565217391 0.09510869565217392 0.06385869565217392
0 0.03804347826086957 0.7927989130434783 0.07608695652173914 0.05434782608695652
0 0.052309782608695655 0.7493206521739131 0.06793478260869565 0.04551630434782609
0 0.20176630434782608 0.7418478260869565 0.057744565217391304 0.03804347826086957
0 0.2561141304347826 0.7275815217391305 0.051630434782608696 0.034646739130434784
0 0.1480978260869565 0.7282608695652174 0.06046195652173913 0.04008152173913043
0 0.42595108695652173 0.765625 0.06182065217391304 0.041440217391304345
0 0.36752717391304346 0.7350543478260869 0.041440217391304345 0.027853260869565216
0 0.5658967391304348 0.7839673913043478 0.06997282608695653 0.046875
0 0.5251358695652174 0.7302989130434783 0.046875 0.03192934782608696
0 0.5563858695652174 0.7438858695652174 0.05366847826086957 0.036005434782608696
0 0.7058423913043478 0.7785326086956522 0.06657608695652174 0.044157608695652176
0 0.7160326086956522 0.7425271739130435 0.052309782608695655 0.034646739130434784
0 0.6209239130434783 0.7289402173913043 0.046875 0.03125
0 0.6100543478260869 0.7459239130434783 0.05366847826086957 0.036005434782608696
0 0.7302989130434783 0.7275815217391305 0.03872282608695652 0.025135869565217392
0 0.795516304347826 0.8091032608695652 0.07676630434782608 0.050951086956521736
0 0.9116847826086957 0.7907608695652174 0.05502717391304348 0.036684782608695655
0 0.8709239130434783 0.7275815217391305 0.04008152173913043 0.026494565217391304
0 0.9721467391304348 0.7364130434782609 0.042798913043478264 0.028532608695652172
0 0.9211956521739131 0.7133152173913043 0.035326086956521736 0.02377717391304348
0 0.9008152173913043 0.6983695652173914 0.03125 0.020380434782608696
0 0.90625 0.6827445652173914 0.02377717391304348 0.016304347826086956
0 0.8688858695652174 0.6868206521739131 0.025815217391304348 0.016983695652173912
0 0.8620923913043478 0.6786684782608695 0.021739130434782608 0.014266304347826086
0 0.8790760869565217 0.6813858695652174 0.02377717391304348 0.015625
0 0.9429347826086957 0.6800271739130435 0.022418478260869564 0.014945652173913044
0 0.9572010869565217 0.673233695652174 0.018342391304347828 0.012228260869565218
0 0.9694293478260869 0.6820652173913043 0.02377717391304348 0.015625
0 0.9599184782608695 0.6664402173913043 0.012228260869565218 0.008831521739130434
0 0.9850543478260869 0.6725543478260869 0.017663043478260868 0.01154891304347826
0 0.8478260869565217 0.6915760869565217 0.027853260869565216 0.018342391304347828
0 0.8165760869565217 0.6963315217391305 0.027853260869565216 0.018342391304347828
0 0.8199728260869565 0.6868206521739131 0.025815217391304348 0.016983695652173912
0 0.8036684782608695 0.6766304347826086 0.01970108695652174 0.012907608695652174
0 0.7615489130434783 0.6854619565217391 0.02377717391304348 0.016304347826086956
0 0.7846467391304348 0.688858695652174 0.024456521739130436 0.016304347826086956
0 0.7785326086956522 0.7092391304347826 0.03125 0.021059782608695652
0 0.7180706521739131 0.7051630434782609 0.029211956521739132 0.01970108695652174
0 0.6875 0.6949728260869565 0.026494565217391304 0.017663043478260868
0 0.6739130434782609 0.6793478260869565 0.021059782608695652 0.014266304347826086
0 0.7309782608695652 0.6827445652173914 0.022418478260869564 0.014945652173913044
0 0.7846467391304348 0.6739130434782609 0.020380434782608696 0.01358695652173913
0 0.8940217391304348 0.6657608695652174 0.012228260869565218 0.008152173913043478
0 0.8260869565217391 0.7262228260869565 0.04008152173913043 0.026494565217391304
0 0.608016304347826 0.6983695652173914 0.028532608695652172 0.019021739130434784
0 0.5658967391304348 0.657608695652174 0.014266304347826086 0.009510869565217392
0 0.5733695652173914 0.6508152173913043 0.008152173913043478 0.005434782608695652
0 0.6290760869565217 0.6711956521739131 0.021739130434782608 0.014266304347826086
0 0.5774456521739131 0.686141304347826 0.025815217391304348 0.016983695652173912
0 0.579483695652174 0.6915760869565217 0.02717391304347826 0.017663043478260868
0 0.5645380434782609 0.6908967391304348 0.02717391304347826 0.017663043478260868
0 0.5081521739130435 0.7207880434782609 0.04551630434782609 0.030570652173913044
0 0.4585597826086957 0.6990489130434783 0.03192934782608696 0.021059782608695652
0 0.4476902173913043 0.6841032608695652 0.027853260869565216 0.018342391304347828
0 0.48097826086956524 0.688858695652174 0.029211956521739132 0.019021739130434784
0 0.48097826086956524 0.6582880434782609 0.016304347826086956 0.010869565217391304
0 0.46467391304347827 0.6582880434782609 0.016304347826086956 0.010869565217391304
0 0.5067934782608695 0.654891304347826 0.014266304347826086 0.009510869565217392
0 0.5190217391304348 0.657608695652174 0.016304347826086956 0.010190217391304348
0 0.4157608695652174 0.7024456521739131 0.03328804347826087 0.022418478260869564
0 0.3702445652173913 0.704483695652174 0.033967391304347824 0.022418478260869564
0 0.32133152173913043 0.7024456521739131 0.03872282608695652 0.025815217391304348
0 0.3498641304347826 0.6970108695652174 0.03192934782608696 0.021059782608695652
0 0.3376358695652174 0.6745923913043478 0.02377717391304348 0.016304347826086956
0 0.38722826086956524 0.6759510869565217 0.024456521739130436 0.016304347826086956
0 0.391304347826087 0.6868206521739131 0.028532608695652172 0.019021739130434784
0 0.4014945652173913 0.6807065217391305 0.026494565217391304 0.017663043478260868
0 0.4164402173913043 0.6630434782608695 0.019021739130434784 0.012907608695652174
0 0.33491847826086957 0.6596467391304348 0.017663043478260868 0.01154891304347826
0 0.31589673913043476 0.6644021739130435 0.010869565217391304 0.007472826086956522
0 0.3267663043478261 0.6623641304347826 0.019021739130434784 0.012907608695652174
0 0.30366847826086957 0.6589673913043478 0.0020380434782608695 0.001358695652173913
0 0.30095108695652173 0.6786684782608695 0.025815217391304348 0.016983695652173912
0 0.25407608695652173 0.673233695652174 0.025815217391304348 0.017663043478260868
0 0.264945652173913 0.6684782608695652 0.022418478260869564 0.014945652173913044
0 0.2547554347826087 0.6616847826086957 0.016304347826086956 0.010190217391304348
0 0.24388586956521738 0.6650815217391305 0.01970108695652174 0.012907608695652174
0 0.2391304347826087 0.671875 0.02717391304347826 0.018342391304347828
0 0.1983695652173913 0.6691576086956522 0.02717391304347826 0.017663043478260868
0 0.17866847826086957 0.6807065217391305 0.036684782608695655 0.024456521739130436
0 0.1637228260869565 0.720108695652174 0.05570652173913043 0.036684782608695655
0 0.16847826086956522 0.7058423913043478 0.049592391304347824 0.03328804347826087
0 0.1766304347826087 0.6691576086956522 0.029211956521739132 0.019021739130434784
0 0.15964673913043478 0.6616847826086957 0.02377717391304348 0.015625
0 0.1637228260869565 0.6501358695652174 0.004755434782608696 0.002717391304347826
0 0.21331521739130435 0.6508152173913043 0.014945652173913044 0.010190217391304348
0 0.19293478260869565 0.6440217391304348 0.012228260869565218 0.007472826086956522
0 0.18478260869565216 0.6460597826086957 0.012907608695652174 0.008831521739130434
0 0.17527173913043478 0.6474184782608695 0.01358695652173913 0.008831521739130434
0 0.1671195652173913 0.6467391304347826 0.012907608695652174 0.008831521739130434
0 0.14402173913043478 0.6752717391304348 0.035326086956521736 0.02309782608695652
0 0.07472826086956522 0.6990489130434783 0.04823369565217391 0.03192934782608696
0 0.06589673913043478 0.7065217391304348 0.051630434782608696 0.034646739130434784
0 0.025815217391304348 0.7004076086956522 0.050271739130434784 0.03328804347826087
0 0.025135869565217392 0.6813858695652174 0.04008152173913043 0.02717391304347826
0 0.05502717391304348 0.6841032608695652 0.04008152173913043 0.026494565217391304
0 0.09442934782608696 0.7010869565217391 0.04891304347826087 0.03260869565217391
0 0.09307065217391304 0.7241847826086957 0.059103260869565216 0.03940217391304348
0 0.11616847826086957 0.6847826086956522 0.04008152173913043 0.02717391304347826
0 0.13451086956521738 0.6616847826086957 0.02377717391304348 0.016304347826086956
0 0.13043478260869565 0.6555706521739131 0.016983695652173912 0.010869565217391304
0 0.12024456521739131 0.6542119565217391 0.014266304347826086 0.010190217391304348
0 0.14605978260869565 0.6555706521739131 0.016304347826086956 0.010869565217391304
0 0.14402173913043478 0.6521739130434783 0.010190217391304348 0.006793478260869565
0 0.109375 0.6514945652173914 0.008831521739130434 0.006114130434782609
0 0.008831521739130434 0.6664402173913043 0.017663043478260868 0.020380434782608696
0 0.026494565217391304 0.6623641304347826 0.026494565217391304 0.017663043478260868
0 0.025815217391304348 0.6677989130434783 0.03125 0.021059782608695652
0 0.036005434782608696 0.6630434782608695 0.026494565217391304 0.017663043478260868
0 0.042798913043478264 0.6589673913043478 0.02309782608695652 0.015625
0 0.05502717391304348 0.6582880434782609 0.01970108695652174 0.01358695652173913
0 0.04755434782608696 0.6535326086956522 0.016983695652173912 0.010869565217391304
0 0.030570652173913044 0.6521739130434783 0.014266304347826086 0.009510869565217392
0 0.02377717391304348 0.6528532608695652 0.017663043478260868 0.01154891304347826
0 0.010190217391304348 0.6535326086956522 0.017663043478260868 0.012228260869565218
0 0.012907608695652174 0.657608695652174 0.022418478260869564 0.015625
0 0.019021739130434784 0.6487771739130435 0.010190217391304348 0.007472826086956522
0 0.04551630434782609 0.6508152173913043 0.01154891304347826 0.007472826086956522
0 0.06182065217391304 0.6514945652173914 0.009510869565217392 0.006793478260869565
0 0.07201086956521739 0.6501358695652174 0.004755434782608696 0.002717391304347826
0 0.018342391304347828 0.6596467391304348 0.025815217391304348 0.016983695652173912
0 0.2112771739130435 0.6650815217391305 0.02377717391304348 0.016304347826086956
0 0.5849184782608695 0.6834239130434783 0.025135869565217392 0.016983695652173912
0 0.6317934782608695 0.6827445652173914 0.02309782608695652 0.015625
0 0.09646739130434782 0.6535326086956522 0.01358695652173913 0.008831521739130434
0 0.09646739130434782 0.6474184782608695 0.016304347826086956 0.01154891304347826
0 0.052309782608695655 0.6528532608695652 0.012228260869565218 0.008152173913043478
0 0.058423913043478264 0.65625 0.016983695652173912 0.01154891304347826
0 0.07948369565217392 0.6535326086956522 0.01358695652173913 0.009510869565217392
0 0.06997282608695653 0.6467391304347826 0.016304347826086956 0.010190217391304348
0 0.02377717391304348 0.6569293478260869 0.021739130434782608 0.014945652173913044
0 0.03192934782608696 0.65625 0.01970108695652174 0.012907608695652174
0 0.002717391304347826 0.6494565217391305 0.005434782608695652 0.008152173913043478
0 0.01154891304347826 0.6480978260869565 0.010190217391304348 0.006793478260869565