0 0.17391304347826086 0.5197010869565217 0.009510869565217392 0.007472826086956522
0 0.20448369565217392 0.5197010869565217 0.010190217391304348 0.008152173913043478
0 0.25815217391304346 0.5217391304347826 0.007472826086956522 0.006793478260869565
0 0.49320652173913043 0.5224184782608695 0.008152173913043478 0.007472826086956522
0 0.5074728260869565 0.5271739130434783 0.006114130434782609 0.004755434782608696
0 0.043478260869565216 0.5176630434782609 0.012228260869565218 0.008152173913043478
0 0.008831521739130434 0.5190217391304348 0.012228260869565218 0.008152173913043478
0 0.014945652173913044 0.516983695652174 0.012228260869565218 0.008152173913043478
0 0.19021739130434784 0.5237771739130435 0.012228260869565218 0.008152173913043478
0 0.14605978260869565 0.5570652173913043 0.014266304347826086 0.009510869565217392
0 0.296195652173913 0.5190217391304348 0.012228260869565218 0.008152173913043478
0 0.3797554347826087 0.5224184782608695 0.012228260869565218 0.008152173913043478
0 0.34578804347826086 0.5224184782608695 0.012228260869565218 0.008152173913043478
0 0.4273097826086957 0.5217391304347826 0.012228260869565218 0.008152173913043478
0 0.4273097826086957 0.5217391304347826 0.012228260869565218 0.008152173913043478
0 0.47622282608695654 0.529891304347826 0.012228260869565218 0.008152173913043478
0 0.5373641304347826 0.5258152173913043 0.012228260869565218 0.008152173913043478
0 0.8865489130434783 0.5373641304347826 0.009510869565217392 0.006114130434782609
0 0.9171195652173914 0.5366847826086957 0.010190217391304348 0.006793478260869565
0 0.9171195652173914 0.5366847826086957 0.010190217391304348 0.006793478260869565
0 0.8165760869565217 0.5360054347826086 0.010190217391304348 0.006793478260869565