0 0.0006793478260869565 0.8444293478260869 0.0006793478260869565 0.030570652173913044
0 0.015625 0.6766304347826086 0.014266304347826086 0.012228260869565218
0 0.12432065217391304 0.6773097826086957 0.012228260869565218 0.01154891304347826
0 0.5523097826086957 0.7697010869565217 0.012228260869565218 0.012228260869565218
0 0.90625 0.7581521739130435 0.014945652173913044 0.012228260869565218
0 0.9245923913043478 0.592391304347826 0.014266304347826086 0.012228260869565218
0 0.6385869565217391 0.6290760869565217 0.012228260869565218 0.012228260869565218
0 0.4578804347826087 0.5557065217391305 0.008831521739130434 0.01154891304347826
0 0.44565217391304346 0.5822010869565217 0.010869565217391304 0.010190217391304348
0 0.438179347826087 0.5991847826086957 0.010869565217391304 0.010190217391304348
0 0.44157608695652173 0.6460597826086957 0.014266304347826086 0.012228260869565218
0 0.22010869565217392 0.5285326086956522 0.008831521739130434 0.010190217391304348
0 0.0006793478260869565 0.5679347826086957 0.0006793478260869565 0.010190217391304348
0 0.012907608695652174 0.5570652173913043 0.008831521739130434 0.010190217391304348
0 0.025135869565217392 0.5523097826086957 0.008831521739130434 0.008831521739130434
0 0.033967391304347824 0.5387228260869565 0.008831521739130434 0.008831521739130434
0 0.044157608695652176 0.5319293478260869 0.008831521739130434 0.008831521739130434
0 0.050951086956521736 0.5258152173913043 0.008831521739130434 0.008152173913043478
0 0.03804347826086957 0.5801630434782609 0.010869565217391304 0.008152173913043478
0 0.05434782608695652 0.5720108695652174 0.010869565217391304 0.010190217391304348
0 0.0625 0.561141304347826 0.008831521739130434 0.008831521739130434
0 0.07269021739130435 0.5509510869565217 0.008831521739130434 0.008831521739130434
0 0.08152173913043478 0.5448369565217391 0.008152173913043478 0.008152173913043478
0 0.09375 0.5366847826086957 0.010869565217391304 0.010190217391304348
0 0.09986413043478261 0.5264945652173914 0.008831521739130434 0.008831521739130434
0 0.09578804347826086 0.5801630434782609 0.008831521739130434 0.008831521739130434
0 0.10529891304347826 0.5733695652173914 0.010869565217391304 0.01154891304347826
0 0.11277173913043478 0.5618206521739131 0.008152173913043478 0.008831521739130434
0 0.12160326086956522 0.5550271739130435 0.008152173913043478 0.008152173913043478
0 0.13179347826086957 0.545516304347826 0.008152173913043478 0.008152173913043478
0 0.13722826086956522 0.5339673913043478 0.008831521739130434 0.008831521739130434
0 0.13722826086956522 0.46535326086956524 0.008152173913043478 0.008152173913043478
0 0.15013586956521738 0.4544836956521739 0.008831521739130434 0.008831521739130434
0 0.2642663043478261 0.47146739130434784 0.008831521739130434 0.008831521739130434
0 0.20176630434782608 0.4205163043478261 0.008152173913043478 0.006793478260869565
0 0.21467391304347827 0.4116847826086957 0.006793478260869565 0.006793478260869565
0 0.311820652173913 0.422554347826087 0.008152173913043478 0.006793478260869565
0 0.32133152173913043 0.41440217391304346 0.008152173913043478 0.006114130434782609
0 0.3607336956521739 0.36345108695652173 0.004755434782608696 0.005434782608695652
0 0.2758152173913043 0.36752717391304346 0.004755434782608696 0.005434782608695652
0 0.47078804347826086 0.3077445652173913 0.004755434782608696 0.005434782608695652
0 0.6942934782608695 0.38654891304347827 0.004755434782608696 0.005434782608695652
0 0.7085597826086957 0.38722826086956524 0.006793478260869565 0.006114130434782609
0 0.5264945652173914 0.38383152173913043 0.006793478260869565 0.006114130434782609
0 0.5591032608695652 0.38654891304347827 0.006793478260869565 0.005434782608695652
0 0.4578804347826087 0.3328804347826087 0.004076086956521739 0.004076086956521739
0 0.13926630434782608 0.37839673913043476 0.004076086956521739 0.004076086956521739
0 0.11956521739130435 0.3797554347826087 0.004755434782608696 0.004076086956521739
0 0.04619565217391304 0.36684782608695654 0.004755434782608696 0.004076086956521739
0 0.02717391304347826 0.37160326086956524 0.004755434782608696 0.004076086956521739
0 0.0020380434782608695 0.374320652173913 0.004076086956521739 0.005434782608695652
0 0.008831521739130434 0.4273097826086957 0.006793478260869565 0.006114130434782609
0 0.005434782608695652 0.389945652173913 0.004076086956521739 0.004076086956521739
0 0.04891304347826087 0.41508152173913043 0.004755434782608696 0.004076086956521739
0 0.07676630434782608 0.40285326086956524 0.004755434782608696 0.005434782608695652
0 0.08695652173913043 0.39266304347826086 0.004755434782608696 0.004076086956521739
0 0.5353260869565217 0.390625 0.006793478260869565 0.006114130434782609
0 0.5278532608695652 0.3960597826086957 0.004755434782608696 0.005434782608695652
0 0.5237771739130435 0.40828804347826086 0.006793478260869565 0.006114130434782609
0 0.5292119565217391 0.41440217391304346 0.006793478260869565 0.006114130434782609
0 0.5258152173913043 0.42595108695652173 0.006793478260869565 0.006114130434782609
0 0.5210597826086957 0.43002717391304346 0.006793478260869565 0.006114130434782609
0 0.5197010869565217 0.4585597826086957 0.006793478260869565 0.008152173913043478
0 0.5027173913043478 0.4741847826086957 0.008152173913043478 0.008152173913043478
0 0.5543478260869565 0.48165760869565216 0.008831521739130434 0.008152173913043478
0 0.5502717391304348 0.452445652173913 0.006793478260869565 0.006793478260869565
0 0.5502717391304348 0.44157608695652173 0.006793478260869565 0.006114130434782609
0 0.5489130434782609 0.43546195652173914 0.004755434782608696 0.006114130434782609
0 0.5475543478260869 0.42527173913043476 0.004755434782608696 0.006114130434782609
0 0.5543478260869565 0.41983695652173914 0.004755434782608696 0.006114130434782609
0 0.5529891304347826 0.41508152173913043 0.004755434782608696 0.005434782608695652
0 0.561141304347826 0.4110054347826087 0.006793478260869565 0.006114130434782609
0 0.5523097826086957 0.40828804347826086 0.004755434782608696 0.005434782608695652
0 0.5625 0.4048913043478261 0.004755434782608696 0.005434782608695652
0 0.5658967391304348 0.3919836956521739 0.004755434782608696 0.005434782608695652
0 0.5883152173913043 0.39809782608695654 0.006793478260869565 0.006114130434782609
0 0.5957880434782609 0.406929347826087 0.004755434782608696 0.006114130434782609
0 0.59375 0.4123641304347826 0.004755434782608696 0.006114130434782609
0 0.5985054347826086 0.41508152173913043 0.006793478260869565 0.006114130434782609
0 0.5917119565217391 0.42527173913043476 0.004755434782608696 0.005434782608695652
0 0.5862771739130435 0.43342391304347827 0.006793478260869565 0.006114130434782609
0 0.5917119565217391 0.43342391304347827 0.006793478260869565 0.005434782608695652
0 0.5917119565217391 0.44157608695652173 0.004755434782608696 0.006114130434782609
0 0.5978260869565217 0.4429347826086957 0.004755434782608696 0.006114130434782609
0 0.5991847826086957 0.43070652173913043 0.006793478260869565 0.005434782608695652
0 0.6025815217391305 0.421195652173913 0.006793478260869565 0.006114130434782609
0 0.6052989130434783 0.4116847826086957 0.004755434782608696 0.006114130434782609
0 0.610733695652174 0.389945652173913 0.004755434782608696 0.005434782608695652
0 0.6134510869565217 0.39470108695652173 0.004755434782608696 0.005434782608695652
0 0.6256793478260869 0.39402173913043476 0.004755434782608696 0.005434782608695652
0 0.6216032608695652 0.40285326086956524 0.004755434782608696 0.006114130434782609
0 0.6168478260869565 0.4076086956521739 0.006793478260869565 0.006114130434782609
0 0.6283967391304348 0.41032608695652173 0.004755434782608696 0.006114130434782609
0 0.626358695652174 0.41508152173913043 0.004755434782608696 0.005434782608695652
0 0.6331521739130435 0.41915760869565216 0.006793478260869565 0.006114130434782609
0 0.6168478260869565 0.42595108695652173 0.004755434782608696 0.006114130434782609
0 0.6351902173913043 0.4313858695652174 0.006793478260869565 0.006793478260869565
0 0.6229619565217391 0.436820652173913 0.004755434782608696 0.006114130434782609
0 0.6297554347826086 0.4483695652173913 0.006793478260869565 0.006793478260869565
0 0.6338315217391305 0.4626358695652174 0.008152173913043478 0.006793478260869565
0 0.6304347826086957 0.469429347826087 0.008152173913043478 0.006793478260869565
0 0.6202445652173914 0.4789402173913043 0.008152173913043478 0.006793478260869565
0 0.6066576086956522 0.4701086956521739 0.006793478260869565 0.006114130434782609
0 0.5944293478260869 0.4701086956521739 0.006793478260869565 0.006793478260869565
0 0.5917119565217391 0.46059782608695654 0.004755434782608696 0.005434782608695652
0 0.6032608695652174 0.45720108695652173 0.006793478260869565 0.006114130434782609
0 0.5991847826086957 0.45108695652173914 0.006793478260869565 0.006114130434782609
0 0.6637228260869565 0.4673913043478261 0.008152173913043478 0.008152173913043478
0 0.6467391304347826 0.49592391304347827 0.008152173913043478 0.006793478260869565
0 0.673233695652174 0.391304347826087 0.004755434782608696 0.006114130434782609
0 0.6834239130434783 0.40217391304347827 0.004076086956521739 0.005434782608695652
0 0.6875 0.4076086956521739 0.004755434782608696 0.005434782608695652
0 0.704483695652174 0.40625 0.006793478260869565 0.006114130434782609
0 0.703125 0.4164402173913043 0.004755434782608696 0.006114130434782609
0 0.7085597826086957 0.421875 0.006793478260869565 0.006114130434782609
0 0.7167119565217391 0.422554347826087 0.006793478260869565 0.006114130434782609
0 0.7180706521739131 0.4327445652173913 0.008152173913043478 0.006793478260869565
0 0.7241847826086957 0.4429347826086957 0.006793478260869565 0.006114130434782609
0 0.7377717391304348 0.45584239130434784 0.006793478260869565 0.006793478260869565
0 0.7466032608695652 0.47078804347826086 0.006793478260869565 0.008152173913043478
0 0.7533967391304348 0.4735054347826087 0.008152173913043478 0.008831521739130434
0 0.78125 0.4748641304347826 0.008831521739130434 0.010190217391304348
0 0.7724184782608695 0.46875 0.008831521739130434 0.008831521739130434
0 0.764266304347826 0.4633152173913043 0.008152173913043478 0.008152173913043478
0 0.7567934782608695 0.4313858695652174 0.008831521739130434 0.008152173913043478
0 0.7493206521739131 0.421875 0.008152173913043478 0.006793478260869565
0 0.7398097826086957 0.41304347826086957 0.006793478260869565 0.006114130434782609
0 0.7235054347826086 0.40896739130434784 0.006793478260869565 0.006793478260869565
0 0.7676630434782609 0.41983695652173914 0.006793478260869565 0.006793478260869565
0 0.7751358695652174 0.41372282608695654 0.006793478260869565 0.006114130434782609
0 0.7778532608695652 0.405570652173913 0.006793478260869565 0.005434782608695652
0 0.779891304347826 0.4001358695652174 0.006793478260869565 0.006114130434782609
0 0.7948369565217391 0.4076086956521739 0.004755434782608696 0.006114130434782609
0 0.7887228260869565 0.4205163043478261 0.004755434782608696 0.005434782608695652
0 0.8036684782608695 0.422554347826087 0.006793478260869565 0.006114130434782609
0 0.8063858695652174 0.42527173913043476 0.006793478260869565 0.006114130434782609
0 0.8131793478260869 0.42866847826086957 0.006793478260869565 0.008152173913043478
0 0.8172554347826086 0.4313858695652174 0.006793478260869565 0.006793478260869565
0 0.8057065217391305 0.438179347826087 0.006793478260869565 0.006114130434782609
0 0.826766304347826 0.4375 0.006793478260869565 0.006114130434782609
0 0.8322010869565217 0.44021739130434784 0.006793478260869565 0.006114130434782609
0 0.8301630434782609 0.44904891304347827 0.006793478260869565 0.006793478260869565
0 0.8362771739130435 0.452445652173913 0.008152173913043478 0.006793478260869565
0 0.8478260869565217 0.468070652173913 0.008831521739130434 0.008152173913043478
0 0.8532608695652174 0.4735054347826087 0.008152173913043478 0.008152173913043478
0 0.8614130434782609 0.48029891304347827 0.008152173913043478 0.006793478260869565
0 0.8322010869565217 0.4110054347826087 0.006793478260869565 0.006114130434782609
0 0.8417119565217391 0.42595108695652173 0.006793478260869565 0.006114130434782609
0 0.8586956521739131 0.43410326086956524 0.006793478260869565 0.006793478260869565
0 0.8566576086956522 0.44157608695652173 0.008152173913043478 0.008152173913043478
0 0.8783967391304348 0.45720108695652173 0.006793478260869565 0.006793478260869565
0 0.8899456521739131 0.46059782608695654 0.008152173913043478 0.008152173913043478
0 0.9021739130434783 0.4735054347826087 0.008831521739130434 0.008831521739130434
0 0.9110054347826086 0.48777173913043476 0.008831521739130434 0.008831521739130434
0 0.9103260869565217 0.499320652173913 0.008831521739130434 0.010190217391304348
0 0.8566576086956522 0.39470108695652173 0.006793478260869565 0.006114130434782609
0 0.8512228260869565 0.39945652173913043 0.006793478260869565 0.005434782608695652
0 0.8702445652173914 0.406929347826087 0.004755434782608696 0.006114130434782609
0 0.8831521739130435 0.4110054347826087 0.006793478260869565 0.006114130434782609
0 0.8967391304347826 0.3919836956521739 0.006793478260869565 0.006114130434782609
0 0.9001358695652174 0.37907608695652173 0.004755434782608696 0.006114130434782609
0 0.9273097826086957 0.41847826086956524 0.006793478260869565 0.006114130434782609
0 0.9150815217391305 0.421875 0.006793478260869565 0.006114130434782609
0 0.90625 0.4205163043478261 0.006793478260869565 0.006114130434782609
0 0.9184782608695652 0.43342391304347827 0.006793478260869565 0.006114130434782609
0 0.9327445652173914 0.4375 0.006793478260869565 0.006114130434782609
0 0.9354619565217391 0.4436141304347826 0.008152173913043478 0.008152173913043478
0 0.9429347826086957 0.421875 0.006793478260869565 0.006793478260869565
0 0.9524456521739131 0.422554347826087 0.006793478260869565 0.006114130434782609
0 0.9707880434782609 0.40625 0.006793478260869565 0.006114130434782609
0 0.9680706521739131 0.4388586956521739 0.006793478260869565 0.006114130434782609
0 0.9585597826086957 0.45108695652173914 0.006793478260869565 0.006793478260869565
0 0.967391304347826 0.45108695652173914 0.008152173913043478 0.008152173913043478
0 0.9755434782608695 0.46127717391304346 0.008152173913043478 0.006793478260869565
0 0.985733695652174 0.4782608695652174 0.008152173913043478 0.008152173913043478
0 0.9952445652173914 0.48029891304347827 0.006793478260869565 0.010190217391304348
0 0.7785326086956522 0.4986413043478261 0.008152173913043478 0.006793478260869565
0 0.7038043478260869 0.2642663043478261 0.006793478260869565 0.005434782608695652
0 0.6875 0.2642663043478261 0.006114130434782609 0.005434782608695652
0 0.499320652173913 0.25679347826086957 0.004076086956521739 0.004076086956521739
0 0.5332880434782609 0.25339673913043476 0.004755434782608696 0.004076086956521739
0 0.5373641304347826 0.25271739130434784 0.004755434782608696 0.004076086956521739
0 0.5448369565217391 0.2547554347826087 0.004755434782608696 0.002717391304347826
0 0.46195652173913043 0.25339673913043476 0.004076086956521739 0.002717391304347826
0 0.45040760869565216 0.25271739130434784 0.004755434782608696 0.002717391304347826
0 0.44021739130434784 0.25271739130434784 0.004076086956521739 0.004076086956521739
0 0.4171195652173913 0.25271739130434784 0.004076086956521739 0.002717391304347826
0 0.3797554347826087 0.2561141304347826 0.0020380434782608695 0.0006793478260869565
0 0.38654891304347827 0.25407608695652173 0.002717391304347826 0.001358695652173913
0 0.375679347826087 0.2513586956521739 0.0020380434782608695 0.0020380434782608695
0 0.3804347826086957 0.25339673913043476 0.0020380434782608695 0.001358695652173913
0 0.7567934782608695 0.8573369565217391 0.016304347826086956 0.012228260869565218
0 0.3226902173913043 0.8940217391304348 0.033967391304347824 0.024456521739130436
0 0.32133152173913043 0.9157608695652174 0.035326086956521736 0.026494565217391304
0 0.29008152173913043 0.9225543478260869 0.03192934782608696 0.024456521739130436
0 0.14673913043478262 0.9476902173913043 0.04823369565217391 0.050271739130434784
0 0.002717391304347826 0.8172554347826086 0.005434782608695652 0.020380434782608696
0 0.001358695652173913 0.7887228260869565 0.002717391304347826 0.01970108695652174
0 0.002717391304347826 0.7703804347826086 0.004755434782608696 0.019021739130434784
0 0.025815217391304348 0.7466032608695652 0.02717391304347826 0.020380434782608696
0 0.04551630434782609 0.7764945652173914 0.025135869565217392 0.01970108695652174
0 0.09646739130434782 0.7995923913043478 0.02717391304347826 0.020380434782608696
0 0.09375 0.826766304347826 0.029211956521739132 0.021059782608695652
0 0.13722826086956522 0.8097826086956522 0.027853260869565216 0.021059782608695652
0 0.12567934782608695 0.7459239130434783 0.02717391304347826 0.01970108695652174
0 0.19021739130434784 0.7228260869565217 0.017663043478260868 0.012907608695652174
0 0.18478260869565216 0.7846467391304348 0.029211956521739132 0.022418478260869564
0 0.23980978260869565 0.78125 0.02717391304347826 0.01970108695652174
0 0.23980978260869565 0.8145380434782609 0.029211956521739132 0.021059782608695652
0 0.2105978260869565 0.8172554347826086 0.029211956521739132 0.021059782608695652
0 0.27445652173913043 0.8070652173913043 0.029211956521739132 0.021059782608695652
0 0.28872282608695654 0.7785326086956522 0.025815217391304348 0.01970108695652174
0 0.32133152173913043 0.7493206521739131 0.014945652173913044 0.01154891304347826
0 0.4279891304347826 0.7350543478260869 0.014266304347826086 0.01154891304347826
0 0.5944293478260869 0.7860054347826086 0.014945652173913044 0.012228260869565218
0 0.6168478260869565 0.7561141304347826 0.014945652173913044 0.01154891304347826
0 0.6650815217391305 0.7730978260869565 0.014945652173913044 0.01154891304347826
0 0.6976902173913043 0.7547554347826086 0.014945652173913044 0.01154891304347826
0 0.7398097826086957 0.7608695652173914 0.016304347826086956 0.01154891304347826
0 0.8023097826086957 0.7601902173913043 0.014945652173913044 0.01154891304347826
0 0.8716032608695652 0.7724184782608695 0.014945652173913044 0.012228260869565218
0 0.9368206521739131 0.6100543478260869 0.014945652173913044 0.01154891304347826
0 0.6222826086956522 0.5550271739130435 0.012228260869565218 0.008831521739130434
0 0.6311141304347826 0.5699728260869565 0.012228260869565218 0.008831521739130434
0 0.6433423913043478 0.5889945652173914 0.012907608695652174 0.009510869565217392
0 0.15353260869565216 0.5292119565217391 0.010869565217391304 0.008152173913043478
0 0.27241847826086957 0.4626358695652174 0.010190217391304348 0.007472826086956522
0 0.35529891304347827 0.3695652173913043 0.006793478260869565 0.005434782608695652
0 0.28396739130434784 0.36345108695652173 0.006114130434782609 0.004076086956521739
0 0.01970108695652174 0.297554347826087 0.008152173913043478 0.006114130434782609
0 0.08831521739130435 0.296195652173913 0.006793478260869565 0.005434782608695652
0 0.10801630434782608 0.296875 0.006114130434782609 0.004755434782608696
0 0.10665760869565218 0.3016304347826087 0.006114130434782609 0.004755434782608696
0 0.12432065217391304 0.29483695652173914 0.004755434782608696 0.004755434782608696
0 0.12839673913043478 0.297554347826087 0.004755434782608696 0.004755434782608696
0 0.13043478260869565 0.29959239130434784 0.004755434782608696 0.004755434782608696
0 0.1480978260869565 0.29347826086956524 0.004755434782608696 0.002717391304347826
0 0.1487771739130435 0.29891304347826086 0.004755434782608696 0.004076086956521739
0 0.15557065217391305 0.2955163043478261 0.006793478260869565 0.004755434782608696
0 0.16032608695652173 0.296195652173913 0.006114130434782609 0.004755434782608696
0 0.17323369565217392 0.30027173913043476 0.006793478260869565 0.005434782608695652
0 0.16915760869565216 0.30095108695652173 0.006114130434782609 0.005434782608695652
0 0.17730978260869565 0.296195652173913 0.010190217391304348 0.007472826086956522
0 0.19361413043478262 0.3016304347826087 0.008831521739130434 0.006793478260869565
0 0.19904891304347827 0.3016304347826087 0.010190217391304348 0.007472826086956522
0 0.20448369565217392 0.3016304347826087 0.008831521739130434 0.006793478260869565
0 0.20448369565217392 0.29891304347826086 0.010190217391304348 0.007472826086956522
0 0.2078804347826087 0.296195652173913 0.010190217391304348 0.007472826086956522
0 0.2105978260869565 0.29279891304347827 0.010869565217391304 0.007472826086956522
0 0.22010869565217392 0.296195652173913 0.010190217391304348 0.007472826086956522
0 0.23233695652173914 0.30095108695652173 0.010869565217391304 0.008152173913043478
0 0.24660326086956522 0.30095108695652173 0.010190217391304348 0.007472826086956522
0 0.25679347826086957 0.3016304347826087 0.006114130434782609 0.004755434782608696
0 0.25883152173913043 0.29891304347826086 0.006114130434782609 0.004755434782608696
0 0.2717391304347826 0.3063858695652174 0.0006793478260869565 0.0006793478260869565
0 0.27445652173913043 0.30570652173913043 0.0006793478260869565 0.0006793478260869565
0 0.28328804347826086 0.3077445652173913 0.0006793478260869565 0.0006793478260869565
0 0.28532608695652173 0.30502717391304346 0.0006793478260869565 0.0006793478260869565
0 0.28532608695652173 0.30095108695652173 0.0006793478260869565 0.0006793478260869565
0 0.31046195652173914 0.29959239130434784 0.004076086956521739 0.002717391304347826
0 0.47282608695652173 0.30502717391304346 0.004755434782608696 0.004076086956521739
0 0.48777173913043476 0.30910326086956524 0.006114130434782609 0.004755434782608696
0 0.49660326086956524 0.3063858695652174 0.004755434782608696 0.004076086956521739
0 0.5387228260869565 0.38722826086956524 0.006793478260869565 0.005434782608695652
0 0.47758152173913043 0.3328804347826087 0.004755434782608696 0.004755434782608696
0 0.48233695652173914 0.327445652173913 0.006114130434782609 0.004076086956521739
0 0.45516304347826086 0.33016304347826086 0.006114130434782609 0.004755434782608696
0 0.2547554347826087 0.3267663043478261 0.0020380434782608695 0.0006793478260869565
0 0.24932065217391305 0.328804347826087 0.0006793478260869565 0.0006793478260869565
0 0.24116847826086957 0.328125 0.0006793478260869565 0.0006793478260869565
0 0.23573369565217392 0.3294836956521739 0.0006793478260869565 0.0006793478260869565
0 0.04483695652173913 0.37228260869565216 0.004755434782608696 0.004076086956521739
0 0.03872282608695652 0.37160326086956524 0.004755434782608696 0.004755434782608696
0 0.02377717391304348 0.37771739130434784 0.004755434782608696 0.004076086956521739
0 0.015625 0.37228260869565216 0.006114130434782609 0.004755434782608696
0 0.020380434782608696 0.3695652173913043 0.006114130434782609 0.004076086956521739
0 0.0033967391304347825 0.438179347826087 0.006793478260869565 0.005434782608695652
0 0.0006793478260869565 0.43342391304347827 0.001358695652173913 0.005434782608695652
0 0.0020380434782608695 0.3845108695652174 0.004076086956521739 0.004755434782608696
0 0.008831521739130434 0.40421195652173914 0.006114130434782609 0.004755434782608696
0 0.004076086956521739 0.40285326086956524 0.006114130434782609 0.004755434782608696
0 0.03328804347826087 0.4014945652173913 0.006114130434782609 0.004755434782608696
0 0.06317934782608696 0.40828804347826086 0.006114130434782609 0.004755434782608696
0 0.06929347826086957 0.39470108695652173 0.004755434782608696 0.004755434782608696
0 0.06725543478260869 0.389945652173913 0.006114130434782609 0.004076086956521739
0 0.07676630434782608 0.39470108695652173 0.004755434782608696 0.004755434782608696
0 0.09782608695652174 0.38790760869565216 0.004755434782608696 0.004755434782608696
0 0.11820652173913043 0.4014945652173913 0.006793478260869565 0.005434782608695652
0 0.12024456521739131 0.389945652173913 0.006114130434782609 0.004755434782608696
0 0.5264945652173914 0.4001358695652174 0.006793478260869565 0.005434782608695652
0 0.5197010869565217 0.4008152173913043 0.006793478260869565 0.005434782608695652
0 0.5292119565217391 0.4110054347826087 0.006793478260869565 0.005434782608695652
0 0.5285326086956522 0.421195652173913 0.006793478260869565 0.005434782608695652
0 0.5258152173913043 0.422554347826087 0.006793478260869565 0.005434782608695652
0 0.5271739130434783 0.4361413043478261 0.006793478260869565 0.006114130434782609
0 0.5217391304347826 0.44089673913043476 0.008152173913043478 0.006114130434782609
0 0.514266304347826 0.4470108695652174 0.008152173913043478 0.006114130434782609
0 0.5183423913043478 0.44904891304347827 0.008152173913043478 0.006114130434782609
0 0.5203804347826086 0.46467391304347827 0.008831521739130434 0.006793478260869565
0 0.5203804347826086 0.4701086956521739 0.008831521739130434 0.006793478260869565
0 0.5163043478260869 0.48029891304347827 0.010190217391304348 0.007472826086956522
0 0.5135869565217391 0.48777173913043476 0.010869565217391304 0.007472826086956522
0 0.5495923913043478 0.4782608695652174 0.008831521739130434 0.006793478260869565
0 0.5516304347826086 0.4701086956521739 0.008831521739130434 0.006793478260869565
0 0.5475543478260869 0.46535326086956524 0.008831521739130434 0.006793478260869565
0 0.5509510869565217 0.45991847826086957 0.008152173913043478 0.006793478260869565
0 0.5557065217391305 0.45652173913043476 0.008152173913043478 0.006114130434782609
0 0.5475543478260869 0.44565217391304346 0.006793478260869565 0.006114130434782609
0 0.5509510869565217 0.4327445652173913 0.006793478260869565 0.005434782608695652
0 0.5591032608695652 0.4320652173913043 0.006793478260869565 0.005434782608695652
0 0.5489130434782609 0.4048913043478261 0.006114130434782609 0.004755434782608696
0 0.5604619565217391 0.4008152173913043 0.006793478260869565 0.004755434782608696
0 0.5597826086956522 0.3953804347826087 0.006114130434782609 0.004755434782608696
0 0.5523097826086957 0.39334239130434784 0.006793478260869565 0.005434782608695652
0 0.5917119565217391 0.391304347826087 0.006114130434782609 0.005434782608695652
0 0.59375 0.3967391304347826 0.006114130434782609 0.004755434782608696
0 0.5883152173913043 0.40285326086956524 0.006793478260869565 0.004755434782608696
0 0.6379076086956522 0.4001358695652174 0.006114130434782609 0.004755434782608696
0 0.6216032608695652 0.39809782608695654 0.006793478260869565 0.005434782608695652
0 0.6297554347826086 0.42866847826086957 0.008152173913043478 0.006114130434782609
0 0.639266304347826 0.41847826086956524 0.006793478260869565 0.005434782608695652
0 0.6290760869565217 0.44157608695652173 0.008152173913043478 0.006114130434782609
0 0.6365489130434783 0.45108695652173914 0.008152173913043478 0.006114130434782609
0 0.6480978260869565 0.44021739130434784 0.008152173913043478 0.006114130434782609
0 0.6345108695652174 0.45584239130434784 0.008152173913043478 0.006114130434782609
0 0.6338315217391305 0.47282608695652173 0.008152173913043478 0.006793478260869565
0 0.6426630434782609 0.4782608695652174 0.008831521739130434 0.006793478260869565
0 0.6433423913043478 0.48029891304347827 0.008831521739130434 0.006793478260869565
0 0.6141304347826086 0.47214673913043476 0.008152173913043478 0.006114130434782609
0 0.6902173913043478 0.39741847826086957 0.006793478260869565 0.004755434782608696
0 0.6929347826086957 0.4076086956521739 0.006114130434782609 0.004755434782608696
0 0.7119565217391305 0.42866847826086957 0.008152173913043478 0.006114130434782609
0 0.7323369565217391 0.45108695652173914 0.008831521739130434 0.006114130434782609
0 0.7309782608695652 0.4578804347826087 0.008831521739130434 0.006793478260869565
0 0.7418478260869565 0.4592391304347826 0.008831521739130434 0.006793478260869565
0 0.7404891304347826 0.4673913043478261 0.008831521739130434 0.007472826086956522
0 0.7608695652173914 0.47214673913043476 0.010190217391304348 0.006793478260869565
0 0.7792119565217391 0.47078804347826086 0.008831521739130434 0.007472826086956522
0 0.7737771739130435 0.45584239130434784 0.008831521739130434 0.006793478260869565
0 0.7676630434782609 0.45108695652173914 0.008831521739130434 0.007472826086956522
0 0.766983695652174 0.44497282608695654 0.008831521739130434 0.006793478260869565
0 0.764266304347826 0.44089673913043476 0.008831521739130434 0.006793478260869565
0 0.7540760869565217 0.4361413043478261 0.008152173913043478 0.006793478260869565
0 0.7479619565217391 0.43002717391304346 0.008152173913043478 0.006114130434782609
0 0.7377717391304348 0.41983695652173914 0.008152173913043478 0.006114130434782609
0 0.7323369565217391 0.4110054347826087 0.008152173913043478 0.005434782608695652
0 0.7248641304347826 0.40421195652173914 0.008152173913043478 0.005434782608695652
0 0.7180706521739131 0.40217391304347827 0.006793478260869565 0.005434782608695652
0 0.7146739130434783 0.39877717391304346 0.006793478260869565 0.005434782608695652
0 0.7112771739130435 0.39470108695652173 0.006793478260869565 0.005434782608695652
0 0.7887228260869565 0.4578804347826087 0.010190217391304348 0.006793478260869565
0 0.7927989130434783 0.46875 0.008831521739130434 0.006793478260869565
0 0.7785326086956522 0.3967391304347826 0.006793478260869565 0.004755434782608696
0 0.7697010869565217 0.405570652173913 0.006793478260869565 0.005434782608695652
0 0.7866847826086957 0.40625 0.006793478260869565 0.005434782608695652
0 0.798233695652174 0.4205163043478261 0.008152173913043478 0.006114130434782609
0 0.8396739130434783 0.45584239130434784 0.008831521739130434 0.006114130434782609
0 0.84375 0.46195652173913043 0.008831521739130434 0.006114130434782609
0 0.8396739130434783 0.46535326086956524 0.008831521739130434 0.006793478260869565
0 0.8288043478260869 0.39877717391304346 0.006793478260869565 0.005434782608695652
0 0.8247282608695652 0.4076086956521739 0.006793478260869565 0.006114130434782609
0 0.8349184782608695 0.40896739130434784 0.006793478260869565 0.005434782608695652
0 0.8362771739130435 0.41983695652173914 0.008152173913043478 0.006114130434782609
0 0.8512228260869565 0.4232336956521739 0.008152173913043478 0.005434782608695652
0 0.8641304347826086 0.42595108695652173 0.008152173913043478 0.006114130434782609
0 0.8546195652173914 0.4320652173913043 0.006793478260869565 0.005434782608695652
0 0.8634510869565217 0.44429347826086957 0.008831521739130434 0.006793478260869565
0 0.8865489130434783 0.45652173913043476 0.008831521739130434 0.006793478260869565
0 0.8994565217391305 0.46671195652173914 0.008831521739130434 0.006793478260869565
0 0.904891304347826 0.46671195652173914 0.010190217391304348 0.007472826086956522
0 0.9116847826086957 0.48097826086956524 0.010869565217391304 0.007472826086956522
0 0.8464673913043478 0.38179347826086957 0.006793478260869565 0.005434782608695652
0 0.8519021739130435 0.3892663043478261 0.006793478260869565 0.005434782608695652
0 0.8566576086956522 0.38722826086956524 0.006793478260869565 0.005434782608695652
0 0.8695652173913043 0.3953804347826087 0.006793478260869565 0.005434782608695652
0 0.8838315217391305 0.40353260869565216 0.006793478260869565 0.005434782608695652
0 0.889266304347826 0.4164402173913043 0.008152173913043478 0.006114130434782609
0 0.8940217391304348 0.41440217391304346 0.008152173913043478 0.005434782608695652
0 0.8980978260869565 0.4123641304347826 0.008152173913043478 0.005434782608695652
0 0.8987771739130435 0.40421195652173914 0.006793478260869565 0.005434782608695652
0 0.8926630434782609 0.391304347826087 0.006793478260869565 0.005434782608695652
0 0.9001358695652174 0.38654891304347827 0.006793478260869565 0.005434782608695652
0 0.8899456521739131 0.38315217391304346 0.006793478260869565 0.005434782608695652
0 0.9137228260869565 0.4008152173913043 0.006793478260869565 0.005434782608695652
0 0.9307065217391305 0.40896739130434784 0.006793478260869565 0.006114130434782609
0 0.923233695652174 0.4116847826086957 0.008152173913043478 0.005434782608695652
0 0.9001358695652174 0.4157608695652174 0.008152173913043478 0.005434782608695652
0 0.9327445652173914 0.4273097826086957 0.008152173913043478 0.006114130434782609
0 0.9565217391304348 0.4266304347826087 0.006793478260869565 0.006114130434782609
0 0.9680706521739131 0.43002717391304346 0.008152173913043478 0.006114130434782609
0 0.9769021739130435 0.453804347826087 0.008831521739130434 0.006793478260869565
0 0.9802989130434783 0.44089673913043476 0.008152173913043478 0.006114130434782609
0 0.9836956521739131 0.44089673913043476 0.008152173913043478 0.006114130434782609
0 0.9911684782608695 0.44565217391304346 0.008831521739130434 0.006793478260869565
0 0.9823369565217391 0.4626358695652174 0.008831521739130434 0.007472826086956522
0 0.9972826086956522 0.47214673913043476 0.004755434782608696 0.007472826086956522
0 0.78125 0.4633152173913043 0.008831521739130434 0.006793478260869565