0 0.18885869565217392 0.5808423913043478 0.059782608695652176 0.05502717391304348
0 0.4735054347826087 0.5264945652173914 0.03260869565217391 0.028532608695652172
0 0.5373641304347826 0.5577445652173914 0.026494565217391304 0.03940217391304348
0 0.6175271739130435 0.546875 0.03260869565217391 0.036684782608695655
0 0.6589673913043478 0.5489130434782609 0.044157608695652176 0.042119565217391304
0 0.5910326086956522 0.483695652173913 0.012907608695652174 0.016304347826086956
0 0.6304347826086957 0.4891304347826087 0.014266304347826086 0.019021739130434784
0 0.7724184782608695 0.48097826086956524 0.010869565217391304 0.01154891304347826
0 0.7989130434782609 0.48233695652173914 0.01154891304347826 0.012907608695652174
0 0.8057065217391305 0.4898097826086957 0.014266304347826086 0.015625
0 0.8410326086956522 0.49116847826086957 0.01358695652173913 0.014945652173913044
0 0.90625 0.48233695652173914 0.012907608695652174 0.014266304347826086
0 0.034646739130434784 0.6603260869565217 0.06046195652173913 0.05502717391304348
0 0.008831521739130434 0.48029891304347827 0.017663043478260868 0.017663043478260868
0 0.025815217391304348 0.4782608695652174 0.021059782608695652 0.016983695652173912
0 0.06114130434782609 0.48097826086956524 0.021739130434782608 0.017663043478260868
0 0.08152173913043478 0.47690217391304346 0.01970108695652174 0.016304347826086956
0 0.10733695652173914 0.483695652173913 0.022418478260869564 0.018342391304347828
0 0.1514945652173913 0.4748641304347826 0.018342391304347828 0.014945652173913044
0 0.17866847826086957 0.4891304347826087 0.025135869565217392 0.020380434782608696
0 0.20516304347826086 0.48097826086956524 0.021739130434782608 0.017663043478260868
0 0.12771739130434784 0.5 0.029211956521739132 0.02377717391304348
0 0.10258152173913043 0.5115489130434783 0.03260869565217391 0.026494565217391304
0 0.08355978260869565 0.4986413043478261 0.027853260869565216 0.02377717391304348
0 0.09239130434782608 0.4857336956521739 0.02309782608695652 0.019021739130434784
0 0.15964673913043478 0.4986413043478261 0.027853260869565216 0.02377717391304348
0 0.13111413043478262 0.5244565217391305 0.036005434782608696 0.029891304347826088
0 0.10258152173913043 0.548233695652174 0.042119565217391304 0.034646739130434784
0 0.07540760869565218 0.5441576086956522 0.04076086956521739 0.03328804347826087
0 0.07608695652173914 0.5224184782608695 0.035326086956521736 0.029211956521739132
0 0.057065217391304345 0.5197010869565217 0.034646739130434784 0.028532608695652172
0 0.051630434782608696 0.5027173913043478 0.029891304347826088 0.024456521739130436
0 0.03260869565217391 0.49728260869565216 0.027853260869565216 0.02309782608695652
0 0.0020380434782608695 0.5264945652173914 0.004076086956521739 0.03125
0 0.004755434782608696 0.5652173913043478 0.009510869565217392 0.03804347826086957
0 0.020380434782608696 0.5774456521739131 0.04008152173913043 0.03940217391304348
0 0.14402173913043478 0.5835597826086957 0.04891304347826087 0.04076086956521739
0 0.17527173913043478 0.5516304347826086 0.042798913043478264 0.035326086956521736
0 0.16847826086956522 0.5319293478260869 0.03804347826086957 0.03125
0 0.20584239130434784 0.5176630434782609 0.033967391304347824 0.027853260869565216
0 0.21535326086956522 0.49116847826086957 0.025815217391304348 0.021059782608695652
0 0.25 0.5027173913043478 0.029891304347826088 0.024456521739130436
0 0.2296195652173913 0.532608695652174 0.03804347826086957 0.03125
0 0.2703804347826087 0.5006793478260869 0.029211956521739132 0.02377717391304348
0 0.27241847826086957 0.484375 0.02309782608695652 0.019021739130434784
0 0.25407608695652173 0.48233695652173914 0.022418478260869564 0.018342391304347828
0 0.30366847826086957 0.48097826086956524 0.021739130434782608 0.017663043478260868
0 0.42595108695652173 0.49252717391304346 0.015625 0.012228260869565218
0 0.36141304347826086 0.47690217391304346 0.021059782608695652 0.016983695652173912
0 0.35597826086956524 0.49660326086956524 0.01970108695652174 0.015625
0 0.31453804347826086 0.4938858695652174 0.026494565217391304 0.021739130434782608
0 0.296195652173913 0.5067934782608695 0.03125 0.025815217391304348
0 0.30027173913043476 0.529891304347826 0.03736413043478261 0.030570652173913044
0 0.34375 0.5373641304347826 0.03736413043478261 0.030570652173913044
0 0.32608695652173914 0.5040760869565217 0.02377717391304348 0.01970108695652174
0 0.3654891304347826 0.515625 0.029211956521739132 0.02377717391304348
0 0.38315217391304346 0.49728260869565216 0.01970108695652174 0.016304347826086956
0 0.40353260869565216 0.5550271739130435 0.042119565217391304 0.035326086956521736
0 0.40964673913043476 0.5115489130434783 0.02717391304347826 0.022418478260869564
0 0.4422554347826087 0.5108695652173914 0.02717391304347826 0.022418478260869564
0 0.5808423913043478 0.5 0.022418478260869564 0.018342391304347828
0 0.5461956521739131 0.5258152173913043 0.03192934782608696 0.025815217391304348
0 0.5264945652173914 0.5305706521739131 0.03328804347826087 0.02717391304347826
0 0.5597826086956522 0.5706521739130435 0.043478260869565216 0.036005434782608696
0 0.6365489130434783 0.5244565217391305 0.03125 0.025815217391304348
0 0.6005434782608695 0.4898097826086957 0.017663043478260868 0.014266304347826086
0 0.6834239130434783 0.4857336956521739 0.014266304347826086 0.01154891304347826
0 0.7078804347826086 0.484375 0.012907608695652174 0.010190217391304348
0 0.764266304347826 0.48641304347826086 0.015625 0.012907608695652174
0 0.8885869565217391 0.483695652173913 0.012907608695652174 0.010869565217391304
0 0.8879076086956522 0.49252717391304346 0.01970108695652174 0.016304347826086956
0 0.8614130434782609 0.5244565217391305 0.03328804347826087 0.02717391304347826
0 0.9089673913043478 0.5523097826086957 0.042119565217391304 0.034646739130434784
0 0.29347826086956524 0.6317934782608695 0.06046195652173913 0.050271739130434784
0 0.29959239130434784 0.5733695652173914 0.04755434782608696 0.03872282608695652
0 0.5631793478260869 0.626358695652174 0.05434782608695652 0.04483695652173913
0 0.5203804347826086 0.6052989130434783 0.050271739130434784 0.041440217391304345
0 0.6990489130434783 0.6086956521739131 0.050951086956521736 0.042119565217391304
0 0.7391304347826086 0.6134510869565217 0.05638586956521739 0.046875
0 0.8586956521739131 0.7316576086956522 0.07676630434782608 0.06317934782608696
0 0.7309782608695652 0.6616847826086957 0.06114130434782609 0.050271739130434784
0 0.8104619565217391 0.5135869565217391 0.029211956521739132 0.024456521739130436
0 0.782608695652174 0.5047554347826086 0.025815217391304348 0.021059782608695652
0 0.7078804347826086 0.5115489130434783 0.027853260869565216 0.02309782608695652
0 0.7296195652173914 0.5027173913043478 0.024456521739130436 0.020380434782608696