0 0.7561141304347826 0.6256793478260869 0.01358695652173913 0.014945652173913044
0 0.626358695652174 0.8389945652173914 0.016304347826086956 0.015625
0 0.6066576086956522 0.7533967391304348 0.012228260869565218 0.012228260869565218
0 0.5720108695652174 0.8158967391304348 0.015625 0.015625
0 0.563858695652174 0.7493206521739131 0.014945652173913044 0.014266304347826086
0 0.48641304347826086 0.7024456521739131 0.01358695652173913 0.014266304347826086
0 0.3851902173913043 0.6997282608695652 0.01358695652173913 0.015625
0 0.37907608695652173 0.7805706521739131 0.010869565217391304 0.01358695652173913
0 0.391304347826087 0.9381793478260869 0.012228260869565218 0.014266304347826086
0 0.35529891304347827 0.9483695652173914 0.018342391304347828 0.014266304347826086
0 0.38790760869565216 0.8865489130434783 0.01358695652173913 0.01154891304347826
0 0.33491847826086957 0.7581521739130435 0.012228260869565218 0.012228260869565218
0 0.27785326086956524 0.5489130434782609 0.007472826086956522 0.007472826086956522
0 0.2391304347826087 0.5047554347826086 0.008152173913043478 0.008152173913043478
0 0.3063858695652174 0.4429347826086957 0.006793478260869565 0.006793478260869565
0 0.16168478260869565 0.529891304347826 0.007472826086956522 0.006793478260869565
0 0.13654891304347827 0.5618206521739131 0.007472826086956522 0.007472826086956522
0 0.19633152173913043 0.5706521739130435 0.006114130434782609 0.005434782608695652
0 0.24116847826086957 0.5645380434782609 0.008152173913043478 0.008152173913043478
0 0.2513586956521739 0.5597826086956522 0.007472826086956522 0.006793478260869565
0 0.15013586956521738 0.6209239130434783 0.006114130434782609 0.006114130434782609
0 0.125 0.6168478260869565 0.009510869565217392 0.009510869565217392
0 0.08899456521739131 0.6216032608695652 0.008152173913043478 0.009510869565217392
0 0.13451086956521738 0.6453804347826086 0.010190217391304348 0.008831521739130434
0 0.12567934782608695 0.7703804347826086 0.012228260869565218 0.01358695652173913
0 0.19361413043478262 0.9680706521739131 0.017663043478260868 0.015625
0 0.018342391304347828 0.6698369565217391 0.012228260869565218 0.01154891304347826
0 0.009510869565217392 0.6351902173913043 0.008152173913043478 0.008152173913043478
0 0.06997282608695653 0.6338315217391305 0.010190217391304348 0.010190217391304348
0 0.051630434782608696 0.610733695652174 0.007472826086956522 0.007472826086956522
0 0.002717391304347826 0.5529891304347826 0.004755434782608696 0.006793478260869565
0 0.7989130434782609 0.6644021739130435 0.015625 0.01154891304347826
0 0.7133152173913043 0.391304347826087 0.0020380434782608695 0.001358695652173913
0 0.7051630434782609 0.7894021739130435 0.016983695652173912 0.012907608695652174
0 0.6786684782608695 0.795516304347826 0.016304347826086956 0.012907608695652174
0 0.6644021739130435 0.8362771739130435 0.016304347826086956 0.012228260869565218
0 0.6039402173913043 0.8464673913043478 0.016304347826086956 0.012228260869565218
0 0.5985054347826086 0.8804347826086957 0.016304347826086956 0.012228260869565218
0 0.5889945652173914 0.7792119565217391 0.016304347826086956 0.012228260869565218
0 0.6365489130434783 0.9164402173913043 0.017663043478260868 0.012907608695652174
0 0.5197010869565217 0.9884510869565217 0.017663043478260868 0.01358695652173913
0 0.6528532608695652 0.8491847826086957 0.016304347826086956 0.012228260869565218
0 0.65625 0.8274456521739131 0.016304347826086956 0.012228260869565218
0 0.5720108695652174 0.5957880434782609 0.012907608695652174 0.009510869565217392
0 0.5210597826086957 0.5353260869565217 0.010190217391304348 0.008152173913043478
0 0.4436141304347826 0.5047554347826086 0.007472826086956522 0.005434782608695652
0 0.43410326086956524 0.7153532608695652 0.015625 0.01154891304347826
0 0.48097826086956524 0.889266304347826 0.016304347826086956 0.012907608695652174
0 0.42934782608695654 0.9442934782608695 0.017663043478260868 0.01358695652173913
0 0.3858695652173913 0.967391304347826 0.018342391304347828 0.01358695652173913
0 0.2669836956521739 0.9966032608695652 0.018342391304347828 0.006114130434782609
0 0.23165760869565216 0.859375 0.016304347826086956 0.012228260869565218
0 0.21942934782608695 0.7690217391304348 0.014266304347826086 0.010190217391304348
0 0.3023097826086957 0.6161684782608695 0.010869565217391304 0.008152173913043478
0 0.30095108695652173 0.5998641304347826 0.010869565217391304 0.008152173913043478
0 0.3342391304347826 0.5509510869565217 0.008152173913043478 0.006114130434782609
0 0.25747282608695654 0.5387228260869565 0.008152173913043478 0.006114130434782609
0 0.26358695652173914 0.529891304347826 0.008152173913043478 0.006114130434782609
0 0.21875 0.4748641304347826 0.008152173913043478 0.006114130434782609
0 0.19972826086956522 0.42391304347826086 0.008152173913043478 0.006114130434782609
0 0.1875 0.5808423913043478 0.008152173913043478 0.006114130434782609
0 0.17391304347826086 0.5801630434782609 0.008152173913043478 0.006793478260869565
0 0.15285326086956522 0.625 0.010190217391304348 0.007472826086956522
0 0.13383152173913043 0.6277173913043478 0.010190217391304348 0.007472826086956522
0 0.12771739130434784 0.6216032608695652 0.010190217391304348 0.007472826086956522
0 0.09578804347826086 0.6066576086956522 0.009510869565217392 0.007472826086956522
0 0.10597826086956522 0.6331521739130435 0.010190217391304348 0.007472826086956522
0 0.08967391304347826 0.6277173913043478 0.010190217391304348 0.007472826086956522
0 0.08831521739130435 0.5964673913043478 0.008831521739130434 0.006793478260869565
0 0.14605978260869565 0.7832880434782609 0.014945652173913044 0.01154891304347826
0 0.15557065217391305 0.8036684782608695 0.015625 0.01154891304347826
0 0.09782608695652174 0.7961956521739131 0.015625 0.012228260869565218
0 0.14130434782608695 0.8376358695652174 0.015625 0.01154891304347826
0 0.044157608695652176 0.9116847826086957 0.018342391304347828 0.01358695652173913
0 0.05366847826086957 0.8573369565217391 0.016304347826086956 0.012228260869565218
0 0.005434782608695652 0.6474184782608695 0.010190217391304348 0.009510869565217392
0 0.004755434782608696 0.6372282608695652 0.009510869565217392 0.008831521739130434
0 0.04076086956521739 0.639266304347826 0.010869565217391304 0.008831521739130434
0 0.042119565217391304 0.6304347826086957 0.010869565217391304 0.008152173913043478
0 0.044157608695652176 0.5978260869565217 0.009510869565217392 0.006793478260869565
0 0.02717391304347826 0.6066576086956522 0.010190217391304348 0.007472826086956522
0 0.015625 0.5625 0.008152173913043478 0.006114130434782609