0 0.281929347826087 0.8043478260869565 0.03328804347826087 0.029891304347826088
0 0.6154891304347826 0.7839673913043478 0.035326086956521736 0.03328804347826087
0 0.701766304347826 0.7819293478260869 0.028532608695652172 0.027853260869565216
0 0.7710597826086957 0.8050271739130435 0.05366847826086957 0.051630434782608696
0 0.796875 0.7635869565217391 0.015625 0.015625
0 0.9436141304347826 0.7710597826086957 0.02309782608695652 0.01970108695652174
0 0.875 0.7649456521739131 0.010190217391304348 0.009510869565217392
0 0.859375 0.7635869565217391 0.008831521739130434 0.008831521739130434
0 0.8539402173913043 0.7622282608695652 0.008831521739130434 0.008831521739130434
0 0.8260869565217391 0.7608695652173914 0.01154891304347826 0.012228260869565218
0 0.891983695652174 0.7622282608695652 0.010190217391304348 0.010869565217391304
0 0.8980978260869565 0.7554347826086957 0.008831521739130434 0.010190217391304348
0 0.9239130434782609 0.7493206521739131 0.006114130434782609 0.006114130434782609
0 0.970108695652174 0.7649456521739131 0.010190217391304348 0.010190217391304348
0 0.9938858695652174 0.7663043478260869 0.01154891304347826 0.012228260869565218
0 0.015625 0.8464673913043478 0.03125 0.050951086956521736
0 0.42391304347826086 0.7540760869565217 0.03125 0.02377717391304348
0 0.44972826086956524 0.7533967391304348 0.03125 0.02377717391304348
0 0.485054347826087 0.7527173913043478 0.03125 0.02309782608695652
0 0.48641304347826086 0.7588315217391305 0.03192934782608696 0.02377717391304348
0 0.7459239130434783 0.7860054347826086 0.04076086956521739 0.030570652173913044
0 0.5828804347826086 0.7588315217391305 0.03940217391304348 0.029211956521739132
0 0.5930706521739131 0.7547554347826086 0.03940217391304348 0.029211956521739132
0 0.5910326086956522 0.7697010869565217 0.022418478260869564 0.016983695652173912
0 0.5529891304347826 0.7622282608695652 0.010190217391304348 0.007472826086956522
0 0.6447010869565217 0.7629076086956522 0.006793478260869565 0.004755434782608696
0 0.65625 0.7615489130434783 0.03940217391304348 0.029211956521739132
0 0.6535326086956522 0.7493206521739131 0.03940217391304348 0.029211956521739132
0 0.7092391304347826 0.7506793478260869 0.03260869565217391 0.024456521739130436
0 0.7024456521739131 0.751358695652174 0.03260869565217391 0.024456521739130436
0 0.7038043478260869 0.7452445652173914 0.03260869565217391 0.024456521739130436
0 0.670516304347826 0.7975543478260869 0.050271739130434784 0.03736413043478261
0 0.8430706521739131 0.765625 0.01358695652173913 0.010190217391304348
0 0.8118206521739131 0.7663043478260869 0.020380434782608696 0.015625
0 0.8084239130434783 0.7472826086956522 0.01358695652173913 0.010190217391304348
0 0.8186141304347826 0.748641304347826 0.01358695652173913 0.010190217391304348
0 0.826766304347826 0.7445652173913043 0.016304347826086956 0.012228260869565218
0 0.8369565217391305 0.7452445652173914 0.001358695652173913 0.0006793478260869565
0 0.8369565217391305 0.7452445652173914 0.001358695652173913 0.0006793478260869565
0 0.8498641304347826 0.7493206521739131 0.006114130434782609 0.004755434782608696
0 0.858016304347826 0.7452445652173914 0.006114130434782609 0.004755434782608696
0 0.8872282608695652 0.751358695652174 0.008152173913043478 0.006114130434782609
0 0.8845108695652174 0.7622282608695652 0.014266304347826086 0.010190217391304348
0 0.9103260869565217 0.7683423913043478 0.016983695652173912 0.012907608695652174
0 0.9347826086956522 0.7493206521739131 0.008152173913043478 0.006114130434782609
0 0.9592391304347826 0.7601902173913043 0.012907608695652174 0.009510869565217392
0 0.9476902173913043 0.7533967391304348 0.004755434782608696 0.004076086956521739
0 0.9619565217391305 0.7567934782608695 0.009510869565217392 0.007472826086956522
0 0.9809782608695652 0.7717391304347826 0.01970108695652174 0.014945652173913044
0 0.9177989130434783 0.766983695652174 0.016304347826086956 0.012228260869565218
0 0.970108695652174 0.7506793478260869 0.001358695652173913 0.0006793478260869565
0 0.9864130434782609 0.7574728260869565 0.010190217391304348 0.007472826086956522
0 0.9884510869565217 0.75 0.0033967391304347825 0.002717391304347826
0 0.9972826086956522 0.748641304347826 0.004755434782608696 0.010190217391304348