0 0.9442934782608695 0.6480978260869565 0.05434782608695652 0.06385869565217392
0 0.78125 0.6773097826086957 0.04755434782608696 0.06046195652173913
0 0.7846467391304348 0.7289402173913043 0.07948369565217392 0.08016304347826086
0 0.7228260869565217 0.6365489130434783 0.042798913043478264 0.043478260869565216
0 0.6895380434782609 0.7622282608695652 0.13994565217391305 0.12228260869565218
0 0.5917119565217391 0.7248641304347826 0.12228260869565218 0.109375
0 0.6521739130434783 0.6514945652173914 0.08084239130434782 0.07540760869565218
0 0.5489130434782609 0.6283967391304348 0.03328804347826087 0.03328804347826087
0 0.49660326086956524 0.6956521739130435 0.07608695652173914 0.08016304347826086
0 0.49116847826086957 0.6188858695652174 0.059782608695652176 0.05638586956521739
0 0.41779891304347827 0.6073369565217391 0.036005434782608696 0.042798913043478264
0 0.389945652173913 0.625 0.06521739130434782 0.06182065217391304
0 0.34171195652173914 0.7764945652173914 0.11820652173913043 0.09375
0 0.3451086956521739 0.576766304347826 0.03328804347826087 0.036684782608695655
0 0.2601902173913043 0.6331521739130435 0.06521739130434782 0.05638586956521739
0 0.25271739130434784 0.6895380434782609 0.06929347826086957 0.06385869565217392
0 0.21535326086956522 0.7710597826086957 0.09442934782608696 0.07608695652173914
0 0.17459239130434784 0.7024456521739131 0.07065217391304347 0.06182065217391304
0 0.20244565217391305 0.6270380434782609 0.05570652173913043 0.050951086956521736
0 0.20855978260869565 0.595108695652174 0.03872282608695652 0.036684782608695655
0 0.15013586956521738 0.6351902173913043 0.058423913043478264 0.04823369565217391
0 0.04551630434782609 0.7160326086956522 0.07948369565217392 0.07540760869565218
0 0.08899456521739131 0.6759510869565217 0.06385869565217392 0.059103260869565216
0 0.10190217391304347 0.6521739130434783 0.04755434782608696 0.042798913043478264
0 0.018342391304347828 0.5597826086956522 0.014945652173913044 0.015625
0 0.008831521739130434 0.5815217391304348 0.017663043478260868 0.019021739130434784
0 0.08491847826086957 0.6148097826086957 0.041440217391304345 0.042798913043478264
0 0.07065217391304347 0.6324728260869565 0.05434782608695652 0.05298913043478261
0 0.020380434782608696 0.6514945652173914 0.04008152173913043 0.07540760869565218
0 0.9157608695652174 0.6073369565217391 0.06114130434782609 0.04483695652173913
0 0.8417119565217391 0.6555706521739131 0.06521739130434782 0.050271739130434784
0 0.7588315217391305 0.6229619565217391 0.021059782608695652 0.015625
0 0.7214673913043478 0.6827445652173914 0.08763586956521739 0.06589673913043478
0 0.7051630434782609 0.6222826086956522 0.034646739130434784 0.02717391304347826
0 0.608016304347826 0.6209239130434783 0.041440217391304345 0.03125
0 0.5108695652173914 0.6216032608695652 0.06114130434782609 0.04619565217391304
0 0.53125 0.6290760869565217 0.06657608695652174 0.050271739130434784
0 0.4273097826086957 0.6603260869565217 0.07744565217391304 0.058423913043478264
0 0.280570652173913 0.7214673913043478 0.09171195652173914 0.06861413043478261
0 0.37160326086956524 0.5862771739130435 0.04008152173913043 0.029211956521739132
0 0.29483695652173914 0.5964673913043478 0.04891304347826087 0.035326086956521736
0 0.31997282608695654 0.6467391304347826 0.06657608695652174 0.050271739130434784
0 0.2873641304347826 0.6202445652173914 0.057065217391304345 0.042798913043478264
0 0.23029891304347827 0.5849184782608695 0.03872282608695652 0.029211956521739132
0 0.21942934782608695 0.5733695652173914 0.03192934782608696 0.02377717391304348
0 0.19633152173913043 0.5754076086956522 0.034646739130434784 0.025815217391304348
0 0.15964673913043478 0.5917119565217391 0.041440217391304345 0.030570652173913044
0 0.12432065217391304 0.5944293478260869 0.03736413043478261 0.029211956521739132
0 0.17323369565217392 0.6066576086956522 0.04755434782608696 0.035326086956521736
0 0.10869565217391304 0.6379076086956522 0.057065217391304345 0.042798913043478264
0 0.08899456521739131 0.5808423913043478 0.030570652173913044 0.02309782608695652
0 0.07608695652173914 0.5665760869565217 0.01970108695652174 0.01358695652173913
0 0.059782608695652176 0.5665760869565217 0.01970108695652174 0.01358695652173913
0 0.03125 0.6059782608695652 0.04891304347826087 0.03736413043478261
0 0.25679347826086957 0.5964673913043478 0.04891304347826087 0.036684782608695655