0 0.11752717391304347 0.48777173913043476 0.025135869565217392 0.025135869565217392
0 0.07948369565217392 0.5135869565217391 0.007472826086956522 0.006793478260869565
0 0.171875 0.5101902173913043 0.029211956521739132 0.026494565217391304
0 0.20855978260869565 0.5366847826086957 0.030570652173913044 0.024456521739130436
0 0.11005434782608696 0.514266304347826 0.010190217391304348 0.007472826086956522
0 0.012907608695652174 0.2826086956521739 0.02377717391304348 0.02309782608695652
0 0.21263586956521738 0.828125 0.125 0.09171195652173914
0 0.38790760869565216 0.514266304347826 0.01358695652173913 0.010869565217391304
0 0.4320652173913043 0.5129076086956522 0.012907608695652174 0.008831521739130434
0 0.516983695652174 0.5230978260869565 0.022418478260869564 0.017663043478260868
0 0.49252717391304346 0.45040760869565216 0.019021739130434784 0.017663043478260868
0 0.5122282608695652 0.4436141304347826 0.014945652173913044 0.014266304347826086
0 0.7065217391304348 0.5054347826086957 0.020380434782608696 0.014266304347826086
0 0.7275815217391305 0.5183423913043478 0.046875 0.035326086956521736
0 0.7010869565217391 0.5264945652173914 0.04551630434782609 0.036005434782608696
0 0.78125 0.5020380434782609 0.019021739130434784 0.015625
0 0.8206521739130435 0.5183423913043478 0.04551630434782609 0.036005434782608696
0 0.012907608695652174 0.4938858695652174 0.025135869565217392 0.01970108695652174
0 0.014945652173913044 0.516983695652174 0.014945652173913044 0.01154891304347826
0 0.04551630434782609 0.48097826086956524 0.02377717391304348 0.018342391304347828
0 0.11888586956521739 0.42527173913043476 0.025135869565217392 0.01970108695652174
0 0.17051630434782608 0.48709239130434784 0.025135869565217392 0.01970108695652174
0 0.20720108695652173 0.5183423913043478 0.007472826086956522 0.006114130434782609
0 0.22554347826086957 0.4938858695652174 0.026494565217391304 0.01970108695652174
0 0.005434782608695652 0.5631793478260869 0.010869565217391304 0.036684782608695655
0 0.17798913043478262 0.5686141304347826 0.041440217391304345 0.03192934782608696
0 0.11548913043478261 0.5971467391304348 0.06182065217391304 0.046875
0 0.002717391304347826 0.27717391304347827 0.004755434782608696 0.016304347826086956
0 0.2296195652173913 0.44565217391304346 0.017663043478260868 0.012907608695652174
0 0.04891304347826087 0.6990489130434783 0.09714673913043478 0.08355978260869565
0 0.35733695652173914 0.44904891304347827 0.020380434782608696 0.014266304347826086
0 0.35733695652173914 0.49728260869565216 0.025135869565217392 0.020380434782608696
0 0.3111413043478261 0.5074728260869565 0.026494565217391304 0.020380434782608696
0 0.30095108695652173 0.5414402173913043 0.03940217391304348 0.029211956521739132
0 0.4273097826086957 0.5421195652173914 0.026494565217391304 0.020380434782608696
0 0.46195652173913043 0.5183423913043478 0.017663043478260868 0.01358695652173913
0 0.49116847826086957 0.5163043478260869 0.014945652173913044 0.01154891304347826
0 0.5489130434782609 0.5380434782608695 0.004076086956521739 0.002717391304347826
0 0.5760869565217391 0.5645380434782609 0.036684782608695655 0.028532608695652172
0 0.5944293478260869 0.5183423913043478 0.04891304347826087 0.03804347826086957
0 0.5495923913043478 0.4585597826086957 0.019021739130434784 0.014266304347826086
0 0.4741847826086957 0.45516304347826086 0.019021739130434784 0.014266304347826086
0 0.8845108695652174 0.48029891304347827 0.021739130434782608 0.016304347826086956
0 0.78125 0.5434782608695652 0.006114130434782609 0.004755434782608696
0 0.7459239130434783 0.5801630434782609 0.05434782608695652 0.033967391304347824
0 0.6868206521739131 0.5604619565217391 0.03260869565217391 0.024456521739130436
0 0.625 0.5699728260869565 0.042798913043478264 0.03328804347826087
0 0.4388586956521739 0.5849184782608695 0.050271739130434784 0.03872282608695652
0 0.36141304347826086 0.6161684782608695 0.057744565217391304 0.04891304347826087
0 0.8994565217391305 0.5536684782608695 0.04891304347826087 0.036005434782608696
0 0.9436141304347826 0.5434782608695652 0.016304347826086956 0.01154891304347826
0 0.9694293478260869 0.5502717391304348 0.017663043478260868 0.012907608695652174
0 0.8695652173913043 0.5346467391304348 0.001358695652173913 0.0006793478260869565
0 0.2982336956521739 0.7540760869565217 0.11616847826086957 0.09035326086956522
0 0.6032608695652174 0.7038043478260869 0.09850543478260869 0.08152173913043478
0 0.6243206521739131 0.8254076086956522 0.1453804347826087 0.13451086956521738
0 0.8573369565217391 0.6895380434782609 0.12771739130434784 0.07404891304347826