0 0.13383152173913043 0.4232336956521739 0.03940217391304348 0.036005434782608696
0 0.43342391304347827 0.38722826086956524 0.034646739130434784 0.03736413043478261
0 0.7065217391304348 0.40421195652173914 0.044157608695652176 0.04008152173913043
0 0.8586956521739131 0.38383152173913043 0.03804347826086957 0.03260869565217391
0 0.5991847826086957 0.4157608695652174 0.03804347826086957 0.03872282608695652
0 0.2547554347826087 0.41847826086956524 0.03940217391304348 0.04008152173913043
0 0.8125 0.40353260869565216 0.044157608695652176 0.03872282608695652
0 0.3695652173913043 0.4164402173913043 0.042119565217391304 0.04008152173913043
0 0.40625 0.5686141304347826 0.046875 0.04891304347826087
0 0.3233695652173913 0.38315217391304346 0.03804347826086957 0.035326086956521736
0 0.6494565217391305 0.3797554347826087 0.03804347826086957 0.035326086956521736
0 0.22826086956521738 0.38315217391304346 0.03804347826086957 0.035326086956521736
0 0.2751358695652174 0.5774456521739131 0.042119565217391304 0.04551630434782609
0 0.03804347826086957 0.5808423913043478 0.04823369565217391 0.04619565217391304
0 0.14130434782608695 0.3851902173913043 0.03804347826086957 0.03260869565217391
0 0.5822010869565217 0.5692934782608695 0.046875 0.041440217391304345
0 0.16304347826086957 0.5808423913043478 0.046875 0.04619565217391304
0 0.7493206521739131 0.38315217391304346 0.03804347826086957 0.035326086956521736
0 0.6453804347826086 0.609375 0.06657608695652174 0.06657608695652174
0 0.03125 0.4110054347826087 0.03940217391304348 0.03736413043478261
0 0.05298913043478261 0.38858695652173914 0.03736413043478261 0.03260869565217391
0 0.5040760869565217 0.5475543478260869 0.044157608695652176 0.04008152173913043
0 0.375 0.5502717391304348 0.03940217391304348 0.043478260869565216
0 0.22758152173913043 0.5733695652173914 0.044157608695652176 0.043478260869565216
0 0.13043478260869565 0.576766304347826 0.03940217391304348 0.03804347826086957
0 0.016983695652173912 0.5584239130434783 0.033967391304347824 0.03804347826086957