0 0.028532608695652172 0.5502717391304348 0.03940217391304348 0.04076086956521739
0 0.08152173913043478 0.5475543478260869 0.04755434782608696 0.04076086956521739
0 0.13111413043478262 0.49184782608695654 0.034646739130434784 0.034646739130434784
0 0.050271739130434784 0.5027173913043478 0.03872282608695652 0.03260869565217391
0 0.0033967391304347825 0.48233695652173914 0.006793478260869565 0.025135869565217392
0 0.02309782608695652 0.47690217391304346 0.030570652173913044 0.026494565217391304
0 0.07133152173913043 0.469429347826087 0.028532608695652172 0.029211956521739132
0 0.13858695652173914 0.46059782608695654 0.03328804347826087 0.030570652173913044
0 0.10326086956521739 0.453125 0.027853260869565216 0.022418478260869564
0 0.078125 0.4436141304347826 0.02377717391304348 0.02309782608695652
0 0.08084239130434782 0.37228260869565216 0.025815217391304348 0.02377717391304348
0 0.044157608695652176 0.37771739130434784 0.025135869565217392 0.02377717391304348
0 0.18410326086956522 0.360054347826087 0.027853260869565216 0.024456521739130436
0 0.39470108695652173 0.3491847826086957 0.025135869565217392 0.02377717391304348
0 0.5998641304347826 0.3546195652173913 0.036005434782608696 0.035326086956521736
0 0.6229619565217391 0.422554347826087 0.051630434782608696 0.04823369565217391
0 0.48641304347826086 0.40625 0.03872282608695652 0.036684782608695655
0 0.421875 0.37907608695652173 0.033967391304347824 0.03192934782608696
0 0.40964673913043476 0.41372282608695654 0.03872282608695652 0.03260869565217391
0 0.2826086956521739 0.41032608695652173 0.027853260869565216 0.02717391304347826
0 0.21263586956521738 0.44972826086956524 0.08220108695652174 0.08491847826086957
0 0.27853260869565216 0.436820652173913 0.03260869565217391 0.03125
0 0.3179347826086957 0.42866847826086957 0.03804347826086957 0.033967391304347824
0 0.38247282608695654 0.44633152173913043 0.03736413043478261 0.04076086956521739
0 0.5896739130434783 0.48029891304347827 0.05502717391304348 0.050271739130434784
0 0.36141304347826086 0.5027173913043478 0.050951086956521736 0.04483695652173913
0 0.16644021739130435 0.5217391304347826 0.051630434782608696 0.044157608695652176
0 0.7459239130434783 0.3077445652173913 0.04483695652173913 0.036684782608695655
0 0.8430706521739131 0.3016304347826087 0.042119565217391304 0.03804347826086957
0 0.9639945652173914 0.2751358695652174 0.043478260869565216 0.03804347826086957
0 0.9877717391304348 0.33220108695652173 0.024456521739130436 0.042119565217391304
0 0.8396739130434783 0.38315217391304346 0.059103260869565216 0.046875
0 0.6725543478260869 0.38179347826086957 0.043478260869565216 0.03804347826086957
0 0.8430706521739131 0.42866847826086957 0.06997282608695653 0.06114130434782609
0 0.9823369565217391 0.48641304347826086 0.035326086956521736 0.078125
0 0.8118206521739131 0.5027173913043478 0.07880434782608696 0.07404891304347826
0 0.6841032608695652 0.46195652173913043 0.059782608695652176 0.057065217391304345
0 0.453125 0.563858695652174 0.058423913043478264 0.05434782608695652
0 0.5774456521739131 0.40217391304347827 0.04891304347826087 0.036684782608695655
0 0.37228260869565216 0.406929347826087 0.03872282608695652 0.028532608695652172