0 0.057065217391304345 0.40828804347826086 0.010190217391304348 0.009510869565217392
0 0.025135869565217392 0.5006793478260869 0.010190217391304348 0.008831521739130434
0 0.15625 0.47758152173913043 0.010190217391304348 0.009510869565217392
0 0.17798913043478262 0.4796195652173913 0.010869565217391304 0.009510869565217392
0 0.20244565217391305 0.5033967391304348 0.01154891304347826 0.012228260869565218
0 0.28532608695652173 0.5264945652173914 0.010869565217391304 0.009510869565217392
0 0.2921195652173913 0.4986413043478261 0.012228260869565218 0.01154891304347826
0 0.46467391304347827 0.5842391304347826 0.010190217391304348 0.010190217391304348
0 0.328804347826087 0.5054347826086957 0.01154891304347826 0.010190217391304348
0 0.09646739130434782 0.391304347826087 0.010190217391304348 0.009510869565217392
0 0.171875 0.4232336956521739 0.012228260869565218 0.010190217391304348
0 0.17051630434782608 0.375679347826087 0.008831521739130434 0.008831521739130434
0 0.36277173913043476 0.46603260869565216 0.012907608695652174 0.01154891304347826
0 0.4110054347826087 0.4544836956521739 0.010190217391304348 0.010190217391304348
0 0.042119565217391304 0.296875 0.010869565217391304 0.008152173913043478
0 0.042119565217391304 0.31997282608695654 0.010869565217391304 0.008831521739130434
0 0.01970108695652174 0.4110054347826087 0.01154891304347826 0.008831521739130434
0 0.057065217391304345 0.4014945652173913 0.01154891304347826 0.008831521739130434
0 0.008831521739130434 0.42934782608695654 0.01154891304347826 0.008831521739130434
0 0.010190217391304348 0.4735054347826087 0.01154891304347826 0.008831521739130434
0 0.16915760869565216 0.4986413043478261 0.012228260869565218 0.009510869565217392
0 0.16304347826086957 0.5203804347826086 0.012228260869565218 0.009510869565217392
0 0.1610054347826087 0.5427989130434783 0.012228260869565218 0.009510869565217392
0 0.22554347826086957 0.5584239130434783 0.012907608695652174 0.009510869565217392
0 0.18206521739130435 0.5801630434782609 0.012228260869565218 0.009510869565217392
0 0.31997282608695654 0.53125 0.012907608695652174 0.009510869565217392
0 0.3498641304347826 0.5563858695652174 0.012228260869565218 0.009510869565217392
0 0.36277173913043476 0.592391304347826 0.012228260869565218 0.008831521739130434
0 0.34782608695652173 0.6161684782608695 0.012228260869565218 0.008831521739130434
0 0.4592391304347826 0.5550271739130435 0.012228260869565218 0.009510869565217392
0 0.09850543478260869 0.6555706521739131 0.014266304347826086 0.010190217391304348
0 0.09442934782608696 0.421195652173913 0.01154891304347826 0.008831521739130434
0 0.14741847826086957 0.389945652173913 0.010869565217391304 0.008831521739130434
0 0.07744565217391304 0.4673913043478261 0.01154891304347826 0.008831521739130434
0 0.14198369565217392 0.35190217391304346 0.010869565217391304 0.007472826086956522
0 0.28125 0.45584239130434784 0.012907608695652174 0.009510869565217392
0 0.3138586956521739 0.40217391304347827 0.01154891304347826 0.008831521739130434
0 0.31997282608695654 0.3919836956521739 0.01154891304347826 0.008831521739130434
0 0.296875 0.3845108695652174 0.01154891304347826 0.008831521739130434
0 0.39945652173913043 0.43953804347826086 0.012907608695652174 0.009510869565217392
0 0.4110054347826087 0.47554347826086957 0.012907608695652174 0.009510869565217392