0 0.203125 0.779891304347826 0.028532608695652172 0.025135869565217392
0 0.1827445652173913 0.7235054347826086 0.021059782608695652 0.020380434782608696
0 0.051630434782608696 0.7065217391304348 0.016983695652173912 0.015625
0 0.26290760869565216 0.670516304347826 0.019021739130434784 0.014945652173913044
0 0.11277173913043478 0.6501358695652174 0.012228260869565218 0.014945652173913044
0 0.09714673913043478 0.640625 0.01358695652173913 0.012907608695652174
0 0.08152173913043478 0.6331521739130435 0.014945652173913044 0.014945652173913044
0 0.05502717391304348 0.6148097826086957 0.016983695652173912 0.014945652173913044
0 0.02309782608695652 0.65625 0.01970108695652174 0.019021739130434784
0 0.04483695652173913 0.6827445652173914 0.012907608695652174 0.01358695652173913
0 0.006114130434782609 0.6012228260869565 0.012228260869565218 0.01358695652173913
0 0.02377717391304348 0.5645380434782609 0.012228260869565218 0.010869565217391304
0 0.0033967391304347825 0.5754076086956522 0.006793478260869565 0.010869565217391304
0 0.03260869565217391 0.5591032608695652 0.01154891304347826 0.010869565217391304
0 0.030570652173913044 0.5421195652173914 0.010869565217391304 0.009510869565217392
0 0.06182065217391304 0.5563858695652174 0.010869565217391304 0.009510869565217392
0 0.10054347826086957 0.563858695652174 0.010190217391304348 0.008831521739130434
0 0.15217391304347827 0.5774456521739131 0.012228260869565218 0.010869565217391304
0 0.13994565217391305 0.5577445652173914 0.010869565217391304 0.009510869565217392
0 0.08423913043478261 0.5509510869565217 0.010190217391304348 0.008831521739130434
0 0.09850543478260869 0.5495923913043478 0.009510869565217392 0.008831521739130434
0 0.11073369565217392 0.5557065217391305 0.010190217391304348 0.008831521739130434
0 0.12296195652173914 0.5557065217391305 0.010869565217391304 0.008831521739130434
0 0.11888586956521739 0.5380434782608695 0.010190217391304348 0.008152173913043478
0 0.08084239130434782 0.53125 0.009510869565217392 0.008152173913043478
0 0.07133152173913043 0.532608695652174 0.010190217391304348 0.008152173913043478
0 0.05638586956521739 0.5258152173913043 0.010190217391304348 0.008152173913043478
0 0.09171195652173914 0.5183423913043478 0.008831521739130434 0.006793478260869565
0 0.09578804347826086 0.5230978260869565 0.009510869565217392 0.007472826086956522
0 0.15013586956521738 0.5319293478260869 0.010190217391304348 0.008831521739130434
0 0.15013586956521738 0.5163043478260869 0.008831521739130434 0.007472826086956522
0 0.17051630434782608 0.5176630434782609 0.008831521739130434 0.007472826086956522
0 0.16915760869565216 0.5332880434782609 0.008831521739130434 0.007472826086956522
0 0.16032608695652173 0.5394021739130435 0.010190217391304348 0.008831521739130434
0 0.16032608695652173 0.5516304347826086 0.009510869565217392 0.007472826086956522
0 0.16915760869565216 0.5557065217391305 0.010190217391304348 0.008831521739130434
0 0.18817934782608695 0.529891304347826 0.008831521739130434 0.007472826086956522
0 0.20923913043478262 0.5332880434782609 0.010869565217391304 0.008831521739130434
0 0.2235054347826087 0.5203804347826086 0.008831521739130434 0.008152173913043478
0 0.2112771739130435 0.5081521739130435 0.008831521739130434 0.007472826086956522
0 0.25747282608695654 0.545516304347826 0.010190217391304348 0.009510869565217392
0 0.27377717391304346 0.5421195652173914 0.010869565217391304 0.008831521739130434
0 0.26358695652173914 0.5305706521739131 0.010190217391304348 0.008152173913043478
0 0.2710597826086957 0.5271739130434783 0.008831521739130434 0.007472826086956522
0 0.2269021739130435 0.5373641304347826 0.009510869565217392 0.008152173913043478
0 0.22282608695652173 0.5543478260869565 0.010869565217391304 0.009510869565217392
0 0.21807065217391305 0.5692934782608695 0.012228260869565218 0.010190217391304348
0 0.25883152173913043 0.5591032608695652 0.010869565217391304 0.009510869565217392
0 0.28872282608695654 0.545516304347826 0.010190217391304348 0.009510869565217392
0 0.28464673913043476 0.5332880434782609 0.009510869565217392 0.007472826086956522
0 0.27241847826086957 0.5149456521739131 0.008831521739130434 0.007472826086956522
0 0.2914402173913043 0.49796195652173914 0.007472826086956522 0.005434782608695652
0 0.18614130434782608 0.5713315217391305 0.010869565217391304 0.009510869565217392
0 0.3029891304347826 0.5319293478260869 0.008831521739130434 0.008152173913043478
0 0.313179347826087 0.5414402173913043 0.010190217391304348 0.008152173913043478
0 0.29279891304347827 0.5224184782608695 0.008831521739130434 0.007472826086956522
0 0.3016304347826087 0.5095108695652174 0.010190217391304348 0.007472826086956522
0 0.35733695652173914 0.5135869565217391 0.010190217391304348 0.008152173913043478
0 0.36752717391304346 0.5101902173913043 0.007472826086956522 0.006793478260869565
0 0.3532608695652174 0.5285326086956522 0.009510869565217392 0.008152173913043478
0 0.34035326086956524 0.529891304347826 0.009510869565217392 0.008152173913043478
0 0.35122282608695654 0.5414402173913043 0.009510869565217392 0.008152173913043478
0 0.3648097826086957 0.546875 0.009510869565217392 0.008152173913043478
0 0.3804347826086957 0.5407608695652174 0.009510869565217392 0.007472826086956522
0 0.39402173913043476 0.5095108695652174 0.007472826086956522 0.006114130434782609
0 0.4164402173913043 0.514266304347826 0.007472826086956522 0.006793478260869565
0 0.37092391304347827 0.5563858695652174 0.010190217391304348 0.008831521739130434
0 0.35122282608695654 0.5563858695652174 0.010190217391304348 0.008831521739130434
0 0.36345108695652173 0.5692934782608695 0.010869565217391304 0.009510869565217392
0 0.38722826086956524 0.5672554347826086 0.010869565217391304 0.008831521739130434
0 0.3845108695652174 0.5563858695652174 0.010190217391304348 0.009510869565217392
0 0.37907608695652173 0.5740489130434783 0.012228260869565218 0.010190217391304348
0 0.32065217391304346 0.5720108695652174 0.010869565217391304 0.008831521739130434
0 0.30842391304347827 0.5699728260869565 0.01154891304347826 0.009510869565217392
0 0.44429347826086957 0.5176630434782609 0.008831521739130434 0.007472826086956522
0 0.5108695652173914 0.515625 0.007472826086956522 0.006793478260869565
0 0.44497282608695654 0.532608695652174 0.010190217391304348 0.008831521739130434
0 0.438179347826087 0.546875 0.010190217391304348 0.009510869565217392
0 0.5278532608695652 0.5475543478260869 0.009510869565217392 0.008152173913043478
0 0.5414402173913043 0.5523097826086957 0.008831521739130434 0.007472826086956522
0 0.610733695652174 0.516983695652174 0.008831521739130434 0.006793478260869565
0 0.5720108695652174 0.5591032608695652 0.010190217391304348 0.008831521739130434
0 0.5998641304347826 0.5733695652173914 0.010190217391304348 0.008831521739130434
0 0.6256793478260869 0.5652173913043478 0.010190217391304348 0.009510869565217392
0 0.6596467391304348 0.5271739130434783 0.008831521739130434 0.007472826086956522
0 0.6650815217391305 0.5319293478260869 0.009510869565217392 0.008152173913043478
0 0.703125 0.5230978260869565 0.008831521739130434 0.006793478260869565
0 0.7105978260869565 0.5434782608695652 0.008831521739130434 0.008152173913043478
0 0.6773097826086957 0.546875 0.010190217391304348 0.008831521739130434
0 0.7269021739130435 0.5285326086956522 0.008831521739130434 0.007472826086956522
0 0.7309782608695652 0.5570652173913043 0.010190217391304348 0.008152173913043478
0 0.6875 0.561141304347826 0.010190217391304348 0.008152173913043478
0 0.7703804347826086 0.5536684782608695 0.009510869565217392 0.008831521739130434
0 0.7588315217391305 0.5692934782608695 0.010190217391304348 0.009510869565217392
0 0.813858695652174 0.5373641304347826 0.009510869565217392 0.008831521739130434
0 0.8240489130434783 0.5400815217391305 0.010190217391304348 0.008831521739130434
0 0.8369565217391305 0.5604619565217391 0.010190217391304348 0.009510869565217392
0 0.8097826086956522 0.5183423913043478 0.009510869565217392 0.008152173913043478
0 0.8009510869565217 0.5339673913043478 0.009510869565217392 0.008831521739130434
0 0.8505434782608695 0.5448369565217391 0.009510869565217392 0.008831521739130434
0 0.8661684782608695 0.5570652173913043 0.010190217391304348 0.008831521739130434
0 0.90625 0.5421195652173914 0.009510869565217392 0.008831521739130434
0 0.8838315217391305 0.5720108695652174 0.010190217391304348 0.008831521739130434
0 0.8539402173913043 0.5713315217391305 0.010190217391304348 0.010869565217391304
0 0.826766304347826 0.499320652173913 0.007472826086956522 0.006793478260869565
0 0.8675271739130435 0.4986413043478261 0.007472826086956522 0.006793478260869565
0 0.8994565217391305 0.53125 0.008831521739130434 0.008831521739130434
0 0.9524456521739131 0.5373641304347826 0.009510869565217392 0.008152173913043478
0 0.9653532608695652 0.5244565217391305 0.009510869565217392 0.008152173913043478
0 0.9707880434782609 0.5346467391304348 0.010190217391304348 0.008831521739130434
0 0.9864130434782609 0.5686141304347826 0.012907608695652174 0.010869565217391304
0 0.9436141304347826 0.5597826086956522 0.012228260869565218 0.008831521739130434
0 0.9619565217391305 0.48777173913043476 0.007472826086956522 0.006114130434782609
0 0.9375 0.453125 0.006114130434782609 0.006114130434782609
0 0.9395380434782609 0.44157608695652173 0.005434782608695652 0.004755434782608696
0 0.9150815217391305 0.44089673913043476 0.005434782608695652 0.004076086956521739
0 0.8546195652173914 0.43953804347826086 0.006114130434782609 0.004755434782608696
0 0.6929347826086957 0.46535326086956524 0.006793478260869565 0.006114130434782609
0 0.8084239130434783 0.4585597826086957 0.006114130434782609 0.004755434782608696
0 0.45584239130434784 0.5822010869565217 0.010190217391304348 0.008831521739130434
0 0.4422554347826087 0.5855978260869565 0.012228260869565218 0.010869565217391304
0 0.41847826086956524 0.576766304347826 0.010869565217391304 0.009510869565217392
0 0.9966032608695652 0.5930706521739131 0.006793478260869565 0.010869565217391304
0 0.9809782608695652 0.6256793478260869 0.012907608695652174 0.012228260869565218
0 0.8974184782608695 0.623641304347826 0.012907608695652174 0.014266304347826086
0 0.9157608695652174 0.6039402173913043 0.012228260869565218 0.01154891304347826
0 0.9313858695652174 0.6188858695652174 0.012907608695652174 0.012228260869565218
0 0.8960597826086957 0.5944293478260869 0.012228260869565218 0.012228260869565218
0 0.9279891304347826 0.5808423913043478 0.012228260869565218 0.010869565217391304
0 0.8770380434782609 0.5801630434782609 0.012228260869565218 0.010190217391304348
0 0.8491847826086957 0.6270380434782609 0.012228260869565218 0.010869565217391304
0 0.8369565217391305 0.6086956521739131 0.01154891304347826 0.01154891304347826
0 0.8118206521739131 0.5991847826086957 0.01154891304347826 0.010190217391304348
0 0.8308423913043478 0.5842391304347826 0.012228260869565218 0.010869565217391304
0 0.7459239130434783 0.5883152173913043 0.012228260869565218 0.010869565217391304
0 0.7567934782608695 0.6032608695652174 0.012228260869565218 0.010869565217391304
0 0.7262228260869565 0.6039402173913043 0.012228260869565218 0.010190217391304348
0 0.7289402173913043 0.6161684782608695 0.01154891304347826 0.010869565217391304
0 0.686141304347826 0.608016304347826 0.014266304347826086 0.012228260869565218
0 0.671875 0.6338315217391305 0.012907608695652174 0.012907608695652174
0 0.44904891304347827 0.6120923913043478 0.012228260869565218 0.01154891304347826
0 0.5061141304347826 0.6046195652173914 0.01154891304347826 0.009510869565217392
0 0.5210597826086957 0.6141304347826086 0.012907608695652174 0.010869565217391304
0 0.5101902173913043 0.5903532608695652 0.010190217391304348 0.009510869565217392
0 0.4986413043478261 0.5774456521739131 0.009510869565217392 0.008831521739130434
0 0.46195652173913043 0.5692934782608695 0.010190217391304348 0.008831521739130434
0 0.42595108695652173 0.5883152173913043 0.010190217391304348 0.009510869565217392
0 0.343070652173913 0.592391304347826 0.012907608695652174 0.010869565217391304
0 0.5631793478260869 0.6182065217391305 0.012228260869565218 0.010190217391304348
0 0.5529891304347826 0.5889945652173914 0.010869565217391304 0.008831521739130434
0 0.5400815217391305 0.5788043478260869 0.010190217391304348 0.008831521739130434
0 0.5808423913043478 0.6052989130434783 0.012228260869565218 0.010869565217391304
0 0.31929347826086957 0.5876358695652174 0.012907608695652174 0.010190217391304348
0 0.29279891304347827 0.5808423913043478 0.010869565217391304 0.008831521739130434
0 0.2751358695652174 0.595108695652174 0.01358695652173913 0.010869565217391304
0 0.44904891304347827 0.657608695652174 0.01358695652173913 0.010869565217391304
0 0.41032608695652173 0.6379076086956522 0.012228260869565218 0.010190217391304348
0 0.5461956521739131 0.6453804347826086 0.012907608695652174 0.010869565217391304
0 0.5774456521739131 0.6542119565217391 0.012907608695652174 0.012228260869565218
0 0.5998641304347826 0.654891304347826 0.012228260869565218 0.010869565217391304
0 0.639266304347826 0.657608695652174 0.014945652173913044 0.01358695652173913
0 0.516983695652174 0.6915760869565217 0.01358695652173913 0.010869565217391304
0 0.6983695652173914 0.6841032608695652 0.014945652173913044 0.01358695652173913
0 0.7418478260869565 0.6820652173913043 0.014945652173913044 0.012907608695652174
0 0.7853260869565217 0.6745923913043478 0.014945652173913044 0.012907608695652174
0 0.8926630434782609 0.6596467391304348 0.015625 0.012907608695652174
0 0.8974184782608695 0.6440217391304348 0.012907608695652174 0.01154891304347826
0 0.920516304347826 0.6514945652173914 0.016304347826086956 0.014266304347826086
0 0.9130434782608695 0.6644021739130435 0.014945652173913044 0.014945652173913044
0 0.9932065217391305 0.6440217391304348 0.01358695652173913 0.01358695652173913
0 0.9225543478260869 0.7269021739130435 0.016304347826086956 0.014945652173913044
0 0.7377717391304348 0.7235054347826086 0.014945652173913044 0.012907608695652174
0 0.6379076086956522 0.7262228260869565 0.018342391304347828 0.016983695652173912
0 0.6148097826086957 0.7466032608695652 0.016304347826086956 0.016983695652173912
0 0.5461956521739131 0.7296195652173914 0.014266304347826086 0.014945652173913044
0 0.8879076086956522 0.7866847826086957 0.020380434782608696 0.018342391304347828
0 0.14741847826086957 0.9680706521739131 0.04483695652173913 0.029891304347826088
0 0.2513586956521739 0.8084239130434783 0.034646739130434784 0.02309782608695652
0 0.22826086956521738 0.7921195652173914 0.03192934782608696 0.021739130434782608
0 0.18885869565217392 0.766983695652174 0.029891304347826088 0.020380434782608696
0 0.20652173913043478 0.7459239130434783 0.027853260869565216 0.018342391304347828
0 0.05502717391304348 0.7248641304347826 0.025815217391304348 0.017663043478260868
0 0.05366847826086957 0.6970108695652174 0.021059782608695652 0.014266304347826086
0 0.18817934782608695 0.7010869565217391 0.02309782608695652 0.015625
0 0.18546195652173914 0.6813858695652174 0.021059782608695652 0.01358695652173913
0 0.1793478260869565 0.6630434782608695 0.01970108695652174 0.012907608695652174
0 0.1644021739130435 0.6868206521739131 0.021059782608695652 0.014266304347826086
0 0.1487771739130435 0.6528532608695652 0.018342391304347828 0.012228260869565218
0 0.12228260869565218 0.6535326086956522 0.018342391304347828 0.012228260869565218
0 0.059782608695652176 0.6277173913043478 0.017663043478260868 0.01154891304347826
0 0.006793478260869565 0.6460597826086957 0.01358695652173913 0.012228260869565218
0 0.015625 0.6820652173913043 0.019021739130434784 0.012907608695652174
0 0.034646739130434784 0.6046195652173914 0.017663043478260868 0.01154891304347826
0 0.044157608695652176 0.5679347826086957 0.012907608695652174 0.008831521739130434
0 0.026494565217391304 0.6025815217391305 0.016983695652173912 0.01154891304347826
0 0.004076086956521739 0.563858695652174 0.008152173913043478 0.008831521739130434
0 0.017663043478260868 0.5577445652173914 0.012907608695652174 0.008831521739130434
0 0.016304347826086956 0.5339673913043478 0.01154891304347826 0.007472826086956522
0 0.05638586956521739 0.5502717391304348 0.012228260869565218 0.008152173913043478
0 0.05502717391304348 0.5584239130434783 0.012907608695652174 0.008831521739130434
0 0.08491847826086957 0.563858695652174 0.012228260869565218 0.008152173913043478
0 0.10529891304347826 0.5896739130434783 0.016304347826086956 0.010869565217391304
0 0.1297554347826087 0.5421195652173914 0.01154891304347826 0.007472826086956522
0 0.10801630434782608 0.5387228260869565 0.01154891304347826 0.007472826086956522
0 0.09442934782608696 0.5332880434782609 0.010869565217391304 0.007472826086956522
0 0.06046195652173913 0.5190217391304348 0.010190217391304348 0.006793478260869565
0 0.058423913043478264 0.514266304347826 0.009510869565217392 0.006793478260869565
0 0.04483695652173913 0.53125 0.010869565217391304 0.007472826086956522
0 0.10394021739130435 0.532608695652174 0.010190217391304348 0.006793478260869565
0 0.12160326086956522 0.5183423913043478 0.010190217391304348 0.006793478260869565
0 0.13858695652173914 0.5244565217391305 0.010190217391304348 0.006793478260869565
0 0.140625 0.5353260869565217 0.01154891304347826 0.007472826086956522
0 0.15557065217391305 0.5101902173913043 0.009510869565217392 0.006114130434782609
0 0.16508152173913043 0.5129076086956522 0.009510869565217392 0.006793478260869565
0 0.15692934782608695 0.53125 0.010869565217391304 0.006793478260869565
0 0.13179347826086957 0.5516304347826086 0.01154891304347826 0.007472826086956522
0 0.004076086956521739 0.5434782608695652 0.008152173913043478 0.008152173913043478
0 0.19089673913043478 0.5353260869565217 0.010869565217391304 0.007472826086956522
0 0.19429347826086957 0.514266304347826 0.009510869565217392 0.006793478260869565
0 0.1922554347826087 0.5101902173913043 0.009510869565217392 0.006793478260869565
0 0.19089673913043478 0.5224184782608695 0.010190217391304348 0.006793478260869565
0 0.19904891304347827 0.5264945652173914 0.010190217391304348 0.006793478260869565
0 0.20991847826086957 0.5203804347826086 0.010190217391304348 0.006793478260869565
0 0.21875 0.5115489130434783 0.009510869565217392 0.006793478260869565
0 0.22554347826086957 0.5108695652173914 0.009510869565217392 0.006114130434782609
0 0.23777173913043478 0.5230978260869565 0.010190217391304348 0.006793478260869565
0 0.24320652173913043 0.5217391304347826 0.010190217391304348 0.006793478260869565
0 0.24660326086956522 0.5163043478260869 0.009510869565217392 0.006793478260869565
0 0.25747282608695654 0.5095108695652174 0.008831521739130434 0.006114130434782609
0 0.25883152173913043 0.5033967391304348 0.008831521739130434 0.006114130434782609
0 0.25679347826086957 0.5244565217391305 0.010190217391304348 0.006793478260869565
0 0.250679347826087 0.5305706521739131 0.010190217391304348 0.007472826086956522
0 0.21807065217391305 0.5434782608695652 0.01154891304347826 0.008152173913043478
0 0.20244565217391305 0.5509510869565217 0.01154891304347826 0.008152173913043478
0 0.2703804347826087 0.563858695652174 0.012907608695652174 0.008152173913043478
0 0.28328804347826086 0.5244565217391305 0.010190217391304348 0.006793478260869565
0 0.26970108695652173 0.5074728260869565 0.009510869565217392 0.006114130434782609
0 0.30095108695652173 0.545516304347826 0.01154891304347826 0.007472826086956522
0 0.29959239130434784 0.5217391304347826 0.010190217391304348 0.006793478260869565
0 0.30502717391304346 0.514266304347826 0.009510869565217392 0.006114130434782609
0 0.3389945652173913 0.5108695652173914 0.010190217391304348 0.006793478260869565
0 0.33152173913043476 0.5006793478260869 0.008831521739130434 0.006114130434782609
0 0.34375 0.49796195652173914 0.008831521739130434 0.005434782608695652
0 0.33559782608695654 0.49320652173913043 0.008152173913043478 0.005434782608695652
0 0.3267663043478261 0.5285326086956522 0.010190217391304348 0.007472826086956522
0 0.3226902173913043 0.5210597826086957 0.010190217391304348 0.006793478260869565
0 0.38315217391304346 0.4986413043478261 0.008831521739130434 0.005434782608695652
0 0.36684782608695654 0.5033967391304348 0.008831521739130434 0.006114130434782609
0 0.38179347826086957 0.5122282608695652 0.009510869565217392 0.006114130434782609
0 0.38247282608695654 0.5251358695652174 0.009510869565217392 0.006793478260869565
0 0.37092391304347827 0.5414402173913043 0.010869565217391304 0.007472826086956522
0 0.39470108695652173 0.5230978260869565 0.010190217391304348 0.006793478260869565
0 0.39877717391304346 0.5129076086956522 0.009510869565217392 0.006793478260869565
0 0.39945652173913043 0.5054347826086957 0.008831521739130434 0.006114130434782609
0 0.4116847826086957 0.5040760869565217 0.008831521739130434 0.006114130434782609
0 0.41032608695652173 0.532608695652174 0.010190217391304348 0.006793478260869565
0 0.40964673913043476 0.5509510869565217 0.01154891304347826 0.007472826086956522
0 0.39877717391304346 0.5441576086956522 0.01154891304347826 0.007472826086956522
0 0.34375 0.5591032608695652 0.012228260869565218 0.007472826086956522
0 0.2907608695652174 0.563858695652174 0.012228260869565218 0.008152173913043478
0 0.3023097826086957 0.5543478260869565 0.01154891304347826 0.007472826086956522
0 0.250679347826087 0.5652173913043478 0.012907608695652174 0.008831521739130434
0 0.23845108695652173 0.5550271739130435 0.012907608695652174 0.008152173913043478
0 0.25 0.5434782608695652 0.01154891304347826 0.007472826086956522
0 0.4320652173913043 0.5285326086956522 0.010190217391304348 0.006793478260869565
0 0.42595108695652173 0.5108695652173914 0.009510869565217392 0.006114130434782609
0 0.43002717391304346 0.5040760869565217 0.008831521739130434 0.006114130434782609
0 0.41915760869565216 0.5 0.008831521739130434 0.005434782608695652
0 0.44429347826086957 0.4945652173913043 0.006793478260869565 0.004755434782608696
0 0.4476902173913043 0.4986413043478261 0.008152173913043478 0.005434782608695652
0 0.4544836956521739 0.5101902173913043 0.008831521739130434 0.006114130434782609
0 0.4626358695652174 0.5067934782608695 0.008831521739130434 0.005434782608695652
0 0.4748641304347826 0.5027173913043478 0.008831521739130434 0.005434782608695652
0 0.46603260869565216 0.49592391304347827 0.007472826086956522 0.004755434782608696
0 0.48233695652173914 0.4891304347826087 0.007472826086956522 0.004755434782608696
0 0.49796195652173914 0.48777173913043476 0.007472826086956522 0.004755434782608696
0 0.49320652173913043 0.49320652173913043 0.007472826086956522 0.005434782608695652
0 0.5203804347826086 0.48709239130434784 0.008152173913043478 0.005434782608695652
0 0.5210597826086957 0.4938858695652174 0.008831521739130434 0.005434782608695652
0 0.5197010869565217 0.4986413043478261 0.008831521739130434 0.005434782608695652
0 0.529891304347826 0.5033967391304348 0.008831521739130434 0.006114130434782609
0 0.5244565217391305 0.5081521739130435 0.009510869565217392 0.006114130434782609
0 0.48641304347826086 0.501358695652174 0.008152173913043478 0.005434782608695652
0 0.48641304347826086 0.5067934782608695 0.008831521739130434 0.005434782608695652
0 0.48165760869565216 0.5176630434782609 0.009510869565217392 0.006114130434782609
0 0.4904891304347826 0.5176630434782609 0.009510869565217392 0.006793478260869565
0 0.47078804347826086 0.5108695652173914 0.008831521739130434 0.006114130434782609
0 0.47622282608695654 0.5305706521739131 0.010190217391304348 0.006793478260869565
0 0.4633152173913043 0.5190217391304348 0.009510869565217392 0.006793478260869565
0 0.45584239130434784 0.5285326086956522 0.010190217391304348 0.006793478260869565
0 0.4429347826086957 0.5407608695652174 0.01154891304347826 0.007472826086956522
0 0.4633152173913043 0.5441576086956522 0.010869565217391304 0.007472826086956522
0 0.4626358695652174 0.5380434782608695 0.010190217391304348 0.006793478260869565
0 0.421875 0.5618206521739131 0.012228260869565218 0.008152173913043478
0 0.3919836956521739 0.5353260869565217 0.010190217391304348 0.006793478260869565
0 0.4436141304347826 0.5658967391304348 0.012228260869565218 0.008152173913043478
0 0.4279891304347826 0.5726902173913043 0.012228260869565218 0.008152173913043478
0 0.45991847826086957 0.5577445652173914 0.01154891304347826 0.008152173913043478
0 0.49116847826086957 0.5475543478260869 0.010869565217391304 0.007472826086956522
0 0.5 0.5475543478260869 0.010869565217391304 0.007472826086956522
0 0.49252717391304346 0.5285326086956522 0.010190217391304348 0.006793478260869565
0 0.514266304347826 0.5319293478260869 0.010190217391304348 0.006793478260869565
0 0.529891304347826 0.5387228260869565 0.010190217391304348 0.006793478260869565
0 0.5122282608695652 0.5414402173913043 0.010869565217391304 0.006793478260869565
0 0.5006793478260869 0.5448369565217391 0.010190217391304348 0.006793478260869565
0 0.5163043478260869 0.5570652173913043 0.010869565217391304 0.007472826086956522
0 0.5027173913043478 0.5584239130434783 0.010869565217391304 0.007472826086956522
0 0.4945652173913043 0.5672554347826086 0.01154891304347826 0.007472826086956522
0 0.4782608695652174 0.5733695652173914 0.012228260869565218 0.008152173913043478
0 0.5101902173913043 0.5740489130434783 0.01154891304347826 0.007472826086956522
0 0.532608695652174 0.561141304347826 0.010869565217391304 0.007472826086956522
0 0.5427989130434783 0.5441576086956522 0.010190217391304348 0.006793478260869565
0 0.5353260869565217 0.5197010869565217 0.009510869565217392 0.006793478260869565
0 0.5258152173913043 0.5210597826086957 0.010190217391304348 0.006793478260869565
0 0.5081521739130435 0.5027173913043478 0.008831521739130434 0.005434782608695652
0 0.5 0.4986413043478261 0.008152173913043478 0.005434782608695652
0 0.5095108695652174 0.4952445652173913 0.008152173913043478 0.005434782608695652
0 0.5461956521739131 0.4898097826086957 0.008831521739130434 0.005434782608695652
0 0.5319293478260869 0.4904891304347826 0.008152173913043478 0.005434782608695652
0 0.5339673913043478 0.49796195652173914 0.008831521739130434 0.005434782608695652
0 0.548233695652174 0.5319293478260869 0.009510869565217392 0.006793478260869565
0 0.5319293478260869 0.529891304347826 0.010190217391304348 0.006793478260869565
0 0.5597826086956522 0.5305706521739131 0.009510869565217392 0.006793478260869565
0 0.5713315217391305 0.5237771739130435 0.009510869565217392 0.006114130434782609
0 0.5523097826086957 0.5197010869565217 0.009510869565217392 0.006114130434782609
0 0.5421195652173914 0.5122282608695652 0.009510869565217392 0.006114130434782609
0 0.5529891304347826 0.5095108695652174 0.008831521739130434 0.006114130434782609
0 0.5618206521739131 0.4952445652173913 0.008152173913043478 0.005434782608695652
0 0.5652173913043478 0.48777173913043476 0.008831521739130434 0.005434782608695652
0 0.579483695652174 0.48777173913043476 0.008831521739130434 0.005434782608695652
0 0.592391304347826 0.48845108695652173 0.008152173913043478 0.005434782608695652
0 0.5876358695652174 0.5074728260869565 0.008831521739130434 0.006114130434782609
0 0.5869565217391305 0.5088315217391305 0.008831521739130434 0.006114130434782609
0 0.5903532608695652 0.516983695652174 0.009510869565217392 0.006114130434782609
0 0.5713315217391305 0.5067934782608695 0.008831521739130434 0.006114130434782609
0 0.5917119565217391 0.5237771739130435 0.009510869565217392 0.006793478260869565
0 0.578125 0.5373641304347826 0.010190217391304348 0.006793478260869565
0 0.5917119565217391 0.5339673913043478 0.010190217391304348 0.006793478260869565
0 0.608016304347826 0.5366847826086957 0.010190217391304348 0.006793478260869565
0 0.6202445652173914 0.5101902173913043 0.009510869565217392 0.006793478260869565
0 0.6154891304347826 0.49796195652173914 0.008831521739130434 0.006114130434782609
0 0.5658967391304348 0.5495923913043478 0.010190217391304348 0.007472826086956522
0 0.5509510869565217 0.5502717391304348 0.010869565217391304 0.006793478260869565
0 0.5672554347826086 0.5407608695652174 0.010190217391304348 0.006793478260869565
0 0.5944293478260869 0.5434782608695652 0.010190217391304348 0.006793478260869565
0 0.5903532608695652 0.5495923913043478 0.010190217391304348 0.007472826086956522
0 0.6127717391304348 0.5502717391304348 0.010869565217391304 0.007472826086956522
0 0.6039402173913043 0.5523097826086957 0.01154891304347826 0.007472826086956522
0 0.5448369565217391 0.5618206521739131 0.010869565217391304 0.007472826086956522
0 0.561141304347826 0.5726902173913043 0.01154891304347826 0.007472826086956522
0 0.5754076086956522 0.5747282608695652 0.01154891304347826 0.008152173913043478
0 0.5597826086956522 0.5706521739130435 0.01154891304347826 0.007472826086956522
0 0.5400815217391305 0.5692934782608695 0.01154891304347826 0.007472826086956522
0 0.6114130434782609 0.5631793478260869 0.01154891304347826 0.008152173913043478
0 0.6277173913043478 0.5516304347826086 0.010869565217391304 0.007472826086956522
0 0.6311141304347826 0.5570652173913043 0.01154891304347826 0.007472826086956522
0 0.6304347826086957 0.5407608695652174 0.010190217391304348 0.006793478260869565
0 0.639266304347826 0.5353260869565217 0.010190217391304348 0.006793478260869565
0 0.6338315217391305 0.5292119565217391 0.009510869565217392 0.006793478260869565
0 0.6229619565217391 0.5278532608695652 0.010190217391304348 0.006793478260869565
0 0.6297554347826086 0.5210597826086957 0.009510869565217392 0.006793478260869565
0 0.6148097826086957 0.5217391304347826 0.009510869565217392 0.006793478260869565
0 0.5985054347826086 0.499320652173913 0.008152173913043478 0.005434782608695652
0 0.579483695652174 0.501358695652174 0.008831521739130434 0.005434782608695652
0 0.6535326086956522 0.514266304347826 0.009510869565217392 0.006114130434782609
0 0.6508152173913043 0.5040760869565217 0.009510869565217392 0.006114130434782609
0 0.6474184782608695 0.5258152173913043 0.009510869565217392 0.006793478260869565
0 0.6487771739130435 0.5475543478260869 0.010869565217391304 0.007472826086956522
0 0.6610054347826086 0.561141304347826 0.01154891304347826 0.007472826086956522
0 0.6637228260869565 0.5720108695652174 0.012907608695652174 0.008831521739130434
0 0.6487771739130435 0.563858695652174 0.012228260869565218 0.008152173913043478
0 0.6440217391304348 0.5591032608695652 0.01154891304347826 0.007472826086956522
0 0.6834239130434783 0.5224184782608695 0.009510869565217392 0.006793478260869565
0 0.6779891304347826 0.4986413043478261 0.008831521739130434 0.006114130434782609
0 0.6908967391304348 0.5047554347826086 0.008831521739130434 0.006114130434782609
0 0.6949728260869565 0.49252717391304346 0.008831521739130434 0.005434782608695652
0 0.6963315217391305 0.514266304347826 0.008831521739130434 0.006114130434782609
0 0.6847826086956522 0.5122282608695652 0.009510869565217392 0.006114130434782609
0 0.6841032608695652 0.53125 0.010190217391304348 0.006793478260869565
0 0.7153532608695652 0.5230978260869565 0.009510869565217392 0.006793478260869565
0 0.6990489130434783 0.5427989130434783 0.010190217391304348 0.006793478260869565
0 0.6807065217391305 0.5366847826086957 0.010190217391304348 0.006793478260869565
0 0.6372282608695652 0.49252717391304346 0.008831521739130434 0.005434782608695652
0 0.6243206521739131 0.48845108695652173 0.008831521739130434 0.005434782608695652
0 0.6066576086956522 0.48777173913043476 0.008152173913043478 0.005434782608695652
0 0.7255434782608695 0.5095108695652174 0.009510869565217392 0.006114130434782609
0 0.7235054347826086 0.4986413043478261 0.009510869565217392 0.006114130434782609
0 0.7418478260869565 0.5122282608695652 0.009510869565217392 0.006793478260869565
0 0.7425271739130435 0.5047554347826086 0.009510869565217392 0.006114130434782609
0 0.7479619565217391 0.49796195652173914 0.008831521739130434 0.006114130434782609
0 0.7391304347826086 0.49660326086956524 0.008831521739130434 0.006114130434782609
0 0.7336956521739131 0.48709239130434784 0.008831521739130434 0.005434782608695652
0 0.7180706521739131 0.4938858695652174 0.008831521739130434 0.006114130434782609
0 0.7629076086956522 0.5054347826086957 0.009510869565217392 0.006793478260869565
0 0.7615489130434783 0.5353260869565217 0.010869565217391304 0.007472826086956522
0 0.7425271739130435 0.5319293478260869 0.010190217391304348 0.006793478260869565
0 0.7235054347826086 0.5373641304347826 0.010190217391304348 0.006793478260869565
0 0.7105978260869565 0.5672554347826086 0.012228260869565218 0.008152173913043478
0 0.7269021739130435 0.5692934782608695 0.012228260869565218 0.008152173913043478
0 0.7493206521739131 0.5516304347826086 0.01154891304347826 0.007472826086956522
0 0.7629076086956522 0.5550271739130435 0.01154891304347826 0.007472826086956522
0 0.7445652173913043 0.5421195652173914 0.010869565217391304 0.006793478260869565
0 0.7730978260869565 0.5502717391304348 0.01154891304347826 0.007472826086956522
0 0.748641304347826 0.5699728260869565 0.012228260869565218 0.008152173913043478
0 0.7948369565217391 0.5529891304347826 0.01154891304347826 0.008152173913043478
0 0.7887228260869565 0.545516304347826 0.01154891304347826 0.007472826086956522
0 0.7832880434782609 0.5373641304347826 0.010869565217391304 0.007472826086956522
0 0.7649456521739131 0.5292119565217391 0.010190217391304348 0.006793478260869565
0 0.7336956521739131 0.5197010869565217 0.009510869565217392 0.006793478260869565
0 0.7758152173913043 0.5149456521739131 0.009510869565217392 0.006793478260869565
0 0.782608695652174 0.516983695652174 0.010190217391304348 0.006793478260869565
0 0.7819293478260869 0.5081521739130435 0.009510869565217392 0.006114130434782609
0 0.7194293478260869 0.5495923913043478 0.010869565217391304 0.007472826086956522
0 0.6915760869565217 0.532608695652174 0.010190217391304348 0.006793478260869565
0 0.8213315217391305 0.5529891304347826 0.01154891304347826 0.008152173913043478
0 0.826766304347826 0.516983695652174 0.010190217391304348 0.006793478260869565
0 0.858016304347826 0.5319293478260869 0.010869565217391304 0.007472826086956522
0 0.8552989130434783 0.5258152173913043 0.010190217391304348 0.006793478260869565
0 0.8743206521739131 0.5495923913043478 0.01154891304347826 0.007472826086956522
0 0.8865489130434783 0.546875 0.01154891304347826 0.007472826086956522
0 0.8254076086956522 0.5271739130434783 0.010190217391304348 0.006793478260869565
0 0.8029891304347826 0.501358695652174 0.009510869565217392 0.006114130434782609
0 0.7921195652173914 0.49728260869565216 0.008831521739130434 0.006114130434782609
0 0.7860054347826086 0.49116847826086957 0.008831521739130434 0.005434782608695652
0 0.8118206521739131 0.49252717391304346 0.008831521739130434 0.005434782608695652
0 0.8444293478260869 0.5 0.009510869565217392 0.006114130434782609
0 0.8410326086956522 0.5115489130434783 0.009510869565217392 0.006793478260869565
0 0.8254076086956522 0.5095108695652174 0.009510869565217392 0.006793478260869565
0 0.8322010869565217 0.5067934782608695 0.009510869565217392 0.006114130434782609
0 0.873641304347826 0.5020380434782609 0.009510869565217392 0.006114130434782609
0 0.8573369565217391 0.49796195652173914 0.009510869565217392 0.006114130434782609
0 0.8566576086956522 0.48777173913043476 0.008831521739130434 0.006114130434782609
0 0.8804347826086957 0.5115489130434783 0.009510869565217392 0.006793478260869565
0 0.8729619565217391 0.5190217391304348 0.010190217391304348 0.006793478260869565
0 0.8614130434782609 0.514266304347826 0.009510869565217392 0.006793478260869565
0 0.8498641304347826 0.5081521739130435 0.009510869565217392 0.006793478260869565
0 0.8858695652173914 0.5258152173913043 0.010190217391304348 0.006793478260869565
0 0.8851902173913043 0.5054347826086957 0.009510869565217392 0.006114130434782609
0 0.8851902173913043 0.5 0.009510869565217392 0.006114130434782609
0 0.8967391304347826 0.501358695652174 0.009510869565217392 0.006114130434782609
0 0.9171195652173914 0.5163043478260869 0.010190217391304348 0.006793478260869565
0 0.9116847826086957 0.529891304347826 0.010869565217391304 0.007472826086956522
0 0.9164402173913043 0.561141304347826 0.012228260869565218 0.008152173913043478
0 0.9110054347826086 0.5706521739130435 0.012907608695652174 0.008831521739130434
0 0.9381793478260869 0.5332880434782609 0.01154891304347826 0.007472826086956522
0 0.9347826086956522 0.5135869565217391 0.009510869565217392 0.006793478260869565
0 0.9313858695652174 0.5101902173913043 0.009510869565217392 0.006793478260869565
0 0.9198369565217391 0.5054347826086957 0.009510869565217392 0.006793478260869565
0 0.9096467391304348 0.5095108695652174 0.009510869565217392 0.006793478260869565
0 0.9558423913043478 0.5 0.009510869565217392 0.006114130434782609
0 0.9565217391304348 0.5183423913043478 0.010190217391304348 0.006793478260869565
0 0.953125 0.5129076086956522 0.009510869565217392 0.006793478260869565
0 0.9415760869565217 0.501358695652174 0.009510869565217392 0.006114130434782609
0 0.9327445652173914 0.5006793478260869 0.009510869565217392 0.006114130434782609
0 0.9293478260869565 0.4952445652173913 0.009510869565217392 0.006114130434782609
0 0.9116847826086957 0.4904891304347826 0.008831521739130434 0.006114130434782609
0 0.9259510869565217 0.48845108695652173 0.008831521739130434 0.005434782608695652
0 0.8947010869565217 0.4938858695652174 0.008831521739130434 0.006114130434782609
0 0.985733695652174 0.5149456521739131 0.010190217391304348 0.006793478260869565
0 0.9707880434782609 0.49796195652173914 0.009510869565217392 0.006114130434782609
0 0.9884510869565217 0.5006793478260869 0.008831521739130434 0.006114130434782609
0 0.9952445652173914 0.5258152173913043 0.008831521739130434 0.006793478260869565
0 0.9870923913043478 0.5434782608695652 0.012228260869565218 0.008152173913043478
0 0.9959239130434783 0.5441576086956522 0.008152173913043478 0.008152173913043478
0 0.9993206521739131 0.5577445652173914 0.001358695652173913 0.008152173913043478
0 0.9945652173913043 0.5557065217391305 0.010869565217391304 0.008152173913043478
0 0.9619565217391305 0.5597826086956522 0.012907608695652174 0.008152173913043478
0 0.9449728260869565 0.5672554347826086 0.012907608695652174 0.008831521739130434
0 0.9259510869565217 0.5264945652173914 0.010869565217391304 0.006793478260869565
0 0.9354619565217391 0.5210597826086957 0.010190217391304348 0.006793478260869565
0 0.9089673913043478 0.5210597826086957 0.010190217391304348 0.006793478260869565
0 0.9245923913043478 0.499320652173913 0.009510869565217392 0.006114130434782609
0 0.9483695652173914 0.48777173913043476 0.008831521739130434 0.006114130434782609
0 0.9836956521739131 0.48709239130434784 0.008831521739130434 0.006114130434782609
0 0.9735054347826086 0.4891304347826087 0.008831521739130434 0.006114130434782609
0 0.998641304347826 0.4898097826086957 0.0020380434782608695 0.006114130434782609
0 0.9959239130434783 0.4945652173913043 0.008152173913043478 0.006114130434782609
0 0.9972826086956522 0.47282608695652173 0.005434782608695652 0.005434782608695652
0 0.9993206521739131 0.453804347826087 0.001358695652173913 0.004755434782608696
0 0.9972826086956522 0.4626358695652174 0.005434782608695652 0.005434782608695652
0 0.9925271739130435 0.4476902173913043 0.006793478260869565 0.004755434782608696
0 0.9884510869565217 0.4544836956521739 0.007472826086956522 0.004755434782608696
0 0.9911684782608695 0.46535326086956524 0.007472826086956522 0.005434782608695652
0 0.9728260869565217 0.4741847826086957 0.008152173913043478 0.005434782608695652
0 0.9769021739130435 0.468070652173913 0.008152173913043478 0.005434782608695652
0 0.9680706521739131 0.468070652173913 0.007472826086956522 0.005434782608695652
0 0.9721467391304348 0.45720108695652173 0.007472826086956522 0.004755434782608696
0 0.9802989130434783 0.4517663043478261 0.006793478260869565 0.004755434782608696
0 0.9551630434782609 0.47690217391304346 0.008831521739130434 0.005434782608695652
0 0.8974184782608695 0.48097826086956524 0.008152173913043478 0.005434782608695652
0 0.9150815217391305 0.47758152173913043 0.008152173913043478 0.005434782608695652
0 0.8960597826086957 0.47282608695652173 0.007472826086956522 0.005434782608695652
0 0.9157608695652174 0.4735054347826087 0.008152173913043478 0.005434782608695652
0 0.9300271739130435 0.46535326086956524 0.007472826086956522 0.005434782608695652
0 0.9456521739130435 0.47146739130434784 0.008152173913043478 0.005434782608695652
0 0.9476902173913043 0.45040760869565216 0.006793478260869565 0.004755434782608696
0 0.9504076086956522 0.4470108695652174 0.006793478260869565 0.004076086956521739
0 0.920516304347826 0.44565217391304346 0.006793478260869565 0.004076086956521739
0 0.904891304347826 0.4483695652173913 0.006793478260869565 0.004076086956521739
0 0.9123641304347826 0.4470108695652174 0.006793478260869565 0.004076086956521739
0 0.8987771739130435 0.45652173913043476 0.006793478260869565 0.004755434782608696
0 0.8913043478260869 0.44972826086956524 0.006793478260869565 0.004076086956521739
0 0.8811141304347826 0.469429347826087 0.007472826086956522 0.004755434782608696
0 0.8756793478260869 0.46467391304347827 0.007472826086956522 0.004755434782608696
0 0.8709239130434783 0.4789402173913043 0.008831521739130434 0.005434782608695652
0 0.8654891304347826 0.4782608695652174 0.008152173913043478 0.005434782608695652
0 0.8797554347826086 0.4735054347826087 0.007472826086956522 0.005434782608695652
0 0.8654891304347826 0.47282608695652173 0.007472826086956522 0.005434782608695652
0 0.8648097826086957 0.46535326086956524 0.007472826086956522 0.005434782608695652
0 0.8532608695652174 0.46535326086956524 0.007472826086956522 0.005434782608695652
0 0.8586956521739131 0.46059782608695654 0.007472826086956522 0.004755434782608696
0 0.8654891304347826 0.452445652173913 0.006793478260869565 0.004076086956521739
0 0.8552989130434783 0.44972826086956524 0.006793478260869565 0.004076086956521739
0 0.9225543478260869 0.4626358695652174 0.007472826086956522 0.004755434782608696
0 0.985733695652174 0.47554347826086957 0.008831521739130434 0.005434782608695652
0 0.921875 0.47146739130434784 0.007472826086956522 0.005434782608695652
0 0.7010869565217391 0.47622282608695654 0.008152173913043478 0.005434782608695652
0 0.6976902173913043 0.485054347826087 0.008831521739130434 0.005434782608695652
0 0.7248641304347826 0.48029891304347827 0.008152173913043478 0.005434782608695652
0 0.7207880434782609 0.46195652173913043 0.007472826086956522 0.004755434782608696
0 0.734375 0.45991847826086957 0.007472826086956522 0.004755434782608696
0 0.7404891304347826 0.44972826086956524 0.006793478260869565 0.004755434782608696
0 0.7561141304347826 0.44497282608695654 0.006793478260869565 0.004076086956521739
0 0.7588315217391305 0.4436141304347826 0.006793478260869565 0.004076086956521739
0 0.7540760869565217 0.4544836956521739 0.007472826086956522 0.004755434782608696
0 0.7615489130434783 0.46059782608695654 0.007472826086956522 0.004755434782608696
0 0.7479619565217391 0.46535326086956524 0.007472826086956522 0.004755434782608696
0 0.7425271739130435 0.47282608695652173 0.008152173913043478 0.005434782608695652
0 0.7370923913043478 0.47146739130434784 0.007472826086956522 0.005434782608695652
0 0.7737771739130435 0.47554347826086957 0.008152173913043478 0.005434782608695652
0 0.7839673913043478 0.4517663043478261 0.006793478260869565 0.004755434782608696
0 0.7601902173913043 0.48641304347826086 0.008831521739130434 0.005434782608695652
0 0.7561141304347826 0.4898097826086957 0.008831521739130434 0.005434782608695652
0 0.7615489130434783 0.48029891304347827 0.008152173913043478 0.005434782608695652
0 0.7479619565217391 0.48233695652173914 0.008831521739130434 0.005434782608695652
0 0.7601902173913043 0.47282608695652173 0.007472826086956522 0.005434782608695652
0 0.798233695652174 0.453804347826087 0.006793478260869565 0.004076086956521739
0 0.7975543478260869 0.46127717391304346 0.007472826086956522 0.004755434782608696
0 0.7948369565217391 0.47214673913043476 0.007472826086956522 0.005434782608695652
0 0.7961956521739131 0.4830163043478261 0.008831521739130434 0.005434782608695652
0 0.7975543478260869 0.4796195652173913 0.008831521739130434 0.005434782608695652
0 0.8131793478260869 0.485054347826087 0.008831521739130434 0.005434782608695652
0 0.8213315217391305 0.47146739130434784 0.007472826086956522 0.005434782608695652
0 0.8362771739130435 0.4626358695652174 0.007472826086956522 0.004755434782608696
0 0.8308423913043478 0.4673913043478261 0.007472826086956522 0.005434782608695652
0 0.8179347826086957 0.44429347826086957 0.006793478260869565 0.004076086956521739
0 0.8403532608695652 0.48165760869565216 0.008831521739130434 0.005434782608695652
0 0.8478260869565217 0.4796195652173913 0.008831521739130434 0.005434782608695652
0 0.8383152173913043 0.4748641304347826 0.007472826086956522 0.005434782608695652
0 0.8308423913043478 0.485054347826087 0.008831521739130434 0.006114130434782609
0 0.7887228260869565 0.46535326086956524 0.007472826086956522 0.005434782608695652
0 0.7574728260869565 0.46467391304347827 0.007472826086956522 0.004755434782608696
0 0.6487771739130435 0.485054347826087 0.008152173913043478 0.005434782608695652
0 0.6501358695652174 0.4796195652173913 0.008152173913043478 0.005434782608695652
0 0.6345108695652174 0.47282608695652173 0.007472826086956522 0.005434782608695652
0 0.6304347826086957 0.452445652173913 0.006793478260869565 0.004076086956521739
0 0.6460597826086957 0.453804347826087 0.006793478260869565 0.004755434782608696
0 0.6677989130434783 0.453125 0.006793478260869565 0.004076086956521739
0 0.6759510869565217 0.4639945652173913 0.007472826086956522 0.004755434782608696
0 0.6786684782608695 0.47758152173913043 0.007472826086956522 0.005434782608695652
0 0.6875 0.4796195652173913 0.008152173913043478 0.005434782608695652
0 0.6854619565217391 0.48777173913043476 0.008831521739130434 0.005434782608695652
0 0.6854619565217391 0.49252717391304346 0.008831521739130434 0.005434782608695652
0 0.6188858695652174 0.4789402173913043 0.007472826086956522 0.005434782608695652
0 0.6216032608695652 0.4673913043478261 0.007472826086956522 0.004755434782608696
0 0.6148097826086957 0.4673913043478261 0.007472826086956522 0.004755434782608696
0 0.6120923913043478 0.46195652173913043 0.007472826086956522 0.004755434782608696
0 0.5985054347826086 0.4592391304347826 0.007472826086956522 0.004755434782608696
0 0.5869565217391305 0.46875 0.007472826086956522 0.004755434782608696
0 0.59375 0.4673913043478261 0.007472826086956522 0.005434782608695652
0 0.5849184782608695 0.48029891304347827 0.008152173913043478 0.005434782608695652
0 0.5217391304347826 0.468070652173913 0.006793478260869565 0.004076086956521739
0 0.34171195652173914 0.4578804347826087 0.004076086956521739 0.002717391304347826
0 0.6820652173913043 0.34578804347826086 0.007472826086956522 0.005434782608695652
0 0.704483695652174 0.34714673913043476 0.007472826086956522 0.005434782608695652
0 0.7615489130434783 0.34714673913043476 0.006793478260869565 0.004076086956521739
0 0.735733695652174 0.3485054347826087 0.007472826086956522 0.005434782608695652
0 0.7764945652173914 0.3498641304347826 0.006793478260869565 0.004076086956521739
0 0.7221467391304348 0.4701086956521739 0.007472826086956522 0.005434782608695652
0 0.7153532608695652 0.46535326086956524 0.007472826086956522 0.004755434782608696
0 0.7038043478260869 0.47078804347826086 0.007472826086956522 0.004755434782608696
0 0.7058423913043478 0.48029891304347827 0.007472826086956522 0.005434782608695652
0 0.7194293478260869 0.485054347826087 0.008831521739130434 0.005434782608695652
0 0.7717391304347826 0.4945652173913043 0.008831521739130434 0.005434782608695652
0 0.5570652173913043 0.48777173913043476 0.008152173913043478 0.005434782608695652
0 0.41915760869565216 0.5427989130434783 0.01154891304347826 0.007472826086956522
0 0.39945652173913043 0.59375 0.01358695652173913 0.008831521739130434
0 0.39741847826086957 0.579483695652174 0.012907608695652174 0.008831521739130434
0 0.4205163043478261 0.5332880434782609 0.010190217391304348 0.006793478260869565
0 0.4266304347826087 0.5224184782608695 0.010190217391304348 0.006793478260869565
0 0.48029891304347827 0.5394021739130435 0.010190217391304348 0.007472826086956522
0 0.6657608695652174 0.5441576086956522 0.010190217391304348 0.007472826086956522
0 0.7139945652173914 0.5604619565217391 0.01154891304347826 0.008152173913043478
0 0.6752717391304348 0.5563858695652174 0.01154891304347826 0.007472826086956522
0 0.8512228260869565 0.5604619565217391 0.012228260869565218 0.008152173913043478
0 0.985733695652174 0.5964673913043478 0.014945652173913044 0.009510869565217392
0 0.9646739130434783 0.6039402173913043 0.014945652173913044 0.010190217391304348
0 0.9735054347826086 0.6134510869565217 0.015625 0.010190217391304348
0 0.984375 0.6154891304347826 0.014945652173913044 0.010190217391304348
0 0.970108695652174 0.6351902173913043 0.016304347826086956 0.010869565217391304
0 0.9585597826086957 0.6317934782608695 0.016304347826086956 0.010869565217391304
0 0.9381793478260869 0.6114130434782609 0.015625 0.010190217391304348
0 0.9334239130434783 0.6019021739130435 0.014945652173913044 0.009510869565217392
0 0.904891304347826 0.5978260869565217 0.014266304347826086 0.009510869565217392
0 0.9504076086956522 0.5985054347826086 0.014266304347826086 0.009510869565217392
0 0.9497282608695652 0.5910326086956522 0.014266304347826086 0.009510869565217392
0 0.8695652173913043 0.609375 0.014945652173913044 0.009510869565217392
0 0.7805706521739131 0.6182065217391305 0.014266304347826086 0.009510869565217392
0 0.8165760869565217 0.6100543478260869 0.014266304347826086 0.009510869565217392
0 0.8009510869565217 0.6134510869565217 0.014266304347826086 0.009510869565217392
0 0.8002717391304348 0.5944293478260869 0.014266304347826086 0.008831521739130434
0 0.8063858695652174 0.576766304347826 0.012907608695652174 0.008831521739130434
0 0.8023097826086957 0.5706521739130435 0.012228260869565218 0.008152173913043478
0 0.7690217391304348 0.5828804347826086 0.012907608695652174 0.008831521739130434
0 0.7676630434782609 0.6025815217391305 0.014266304347826086 0.009510869565217392
0 0.7805706521739131 0.5971467391304348 0.01358695652173913 0.008831521739130434
0 0.7771739130434783 0.6100543478260869 0.014266304347826086 0.009510869565217392
0 0.8118206521739131 0.6209239130434783 0.014945652173913044 0.010190217391304348
0 0.8335597826086957 0.6324728260869565 0.015625 0.010190217391304348
0 0.7601902173913043 0.626358695652174 0.014945652173913044 0.010190217391304348
0 0.7180706521739131 0.623641304347826 0.015625 0.010190217391304348
0 0.7336956521739131 0.6331521739130435 0.015625 0.010190217391304348
0 0.733016304347826 0.5930706521739131 0.01358695652173913 0.009510869565217392
0 0.735733695652174 0.5842391304347826 0.012907608695652174 0.008831521739130434
0 0.7914402173913043 0.5883152173913043 0.012907608695652174 0.008831521739130434
0 0.7819293478260869 0.5747282608695652 0.012907608695652174 0.008831521739130434
0 0.7805706521739131 0.5692934782608695 0.012228260869565218 0.008152173913043478
0 0.657608695652174 0.6120923913043478 0.014266304347826086 0.009510869565217392
0 0.6623641304347826 0.6012228260869565 0.014266304347826086 0.009510869565217392
0 0.6324728260869565 0.5889945652173914 0.01358695652173913 0.008831521739130434
0 0.6283967391304348 0.5835597826086957 0.012907608695652174 0.008831521739130434
0 0.6202445652173914 0.576766304347826 0.012907608695652174 0.008831521739130434
0 0.6963315217391305 0.5957880434782609 0.014266304347826086 0.009510869565217392
0 0.6834239130434783 0.5910326086956522 0.01358695652173913 0.008831521739130434
0 0.6949728260869565 0.6270380434782609 0.015625 0.010190217391304348
0 0.6881793478260869 0.6317934782608695 0.015625 0.010190217391304348
0 0.6569293478260869 0.6317934782608695 0.014945652173913044 0.010190217391304348
0 0.6324728260869565 0.6127717391304348 0.014266304347826086 0.009510869565217392
0 0.626358695652174 0.6229619565217391 0.014945652173913044 0.009510869565217392
0 0.6066576086956522 0.6229619565217391 0.014266304347826086 0.009510869565217392
0 0.6175271739130435 0.595108695652174 0.012907608695652174 0.008831521739130434
0 0.4361413043478261 0.6073369565217391 0.012907608695652174 0.008831521739130434
0 0.48233695652173914 0.5957880434782609 0.012907608695652174 0.008831521739130434
0 0.5360054347826086 0.6066576086956522 0.012907608695652174 0.008831521739130434
0 0.5407608695652174 0.5964673913043478 0.012907608695652174 0.008831521739130434
0 0.4626358695652174 0.5652173913043478 0.012228260869565218 0.008152173913043478
0 0.4232336956521739 0.6059782608695652 0.012907608695652174 0.008831521739130434
0 0.5577445652173914 0.6059782608695652 0.012907608695652174 0.008831521739130434
0 0.5427989130434783 0.6209239130434783 0.014266304347826086 0.009510869565217392
0 0.5869565217391305 0.592391304347826 0.012907608695652174 0.008831521739130434
0 0.5889945652173914 0.5855978260869565 0.012228260869565218 0.008152173913043478
0 0.5604619565217391 0.579483695652174 0.01154891304347826 0.008152173913043478
0 0.5550271739130435 0.6297554347826086 0.014266304347826086 0.009510869565217392
0 0.5332880434782609 0.6372282608695652 0.014945652173913044 0.009510869565217392
0 0.49320652173913043 0.6365489130434783 0.014266304347826086 0.009510869565217392
0 0.6610054347826086 0.5917119565217391 0.012907608695652174 0.008831521739130434
0 0.4633152173913043 0.6460597826086957 0.014266304347826086 0.009510869565217392
0 0.4735054347826087 0.6650815217391305 0.014945652173913044 0.010190217391304348
0 0.5101902173913043 0.6467391304347826 0.014945652173913044 0.009510869565217392
0 0.641983695652174 0.6426630434782609 0.015625 0.010190217391304348
0 0.5631793478260869 0.6942934782608695 0.017663043478260868 0.01154891304347826
0 0.5244565217391305 0.6970108695652174 0.017663043478260868 0.01154891304347826
0 0.6650815217391305 0.6766304347826086 0.016983695652173912 0.01154891304347826
0 0.6759510869565217 0.657608695652174 0.016304347826086956 0.010869565217391304
0 0.7065217391304348 0.6596467391304348 0.016983695652173912 0.010869565217391304
0 0.6773097826086957 0.6915760869565217 0.017663043478260868 0.012228260869565218
0 0.7370923913043478 0.6616847826086957 0.016304347826086956 0.010869565217391304
0 0.7588315217391305 0.6725543478260869 0.016304347826086956 0.010869565217391304
0 0.7629076086956522 0.654891304347826 0.015625 0.010869565217391304
0 0.8172554347826086 0.6664402173913043 0.016983695652173912 0.01154891304347826
0 0.8050271739130435 0.6820652173913043 0.016983695652173912 0.01154891304347826
0 0.8063858695652174 0.6915760869565217 0.016983695652173912 0.01154891304347826
0 0.8566576086956522 0.6813858695652174 0.017663043478260868 0.012228260869565218
0 0.8417119565217391 0.6956521739130435 0.018342391304347828 0.012228260869565218
0 0.8525815217391305 0.6644021739130435 0.017663043478260868 0.01154891304347826
0 0.858016304347826 0.6644021739130435 0.017663043478260868 0.01154891304347826
0 0.873641304347826 0.6433423913043478 0.016983695652173912 0.010869565217391304
0 0.9177989130434783 0.688858695652174 0.017663043478260868 0.012228260869565218
0 0.9551630434782609 0.6881793478260869 0.018342391304347828 0.012228260869565218
0 0.9578804347826086 0.6535326086956522 0.016983695652173912 0.01154891304347826
0 0.9972826086956522 0.6841032608695652 0.005434782608695652 0.012228260869565218
0 0.9993206521739131 0.6942934782608695 0.0006793478260869565 0.012228260869565218
0 0.9490489130434783 0.6970108695652174 0.018342391304347828 0.012228260869565218
0 0.9769021739130435 0.7241847826086957 0.018342391304347828 0.012907608695652174
0 0.9741847826086957 0.7445652173913043 0.021059782608695652 0.014266304347826086
0 0.9578804347826086 0.7533967391304348 0.021739130434782608 0.014266304347826086
0 0.9347826086956522 0.7146739130434783 0.01970108695652174 0.012907608695652174
0 0.9463315217391305 0.7445652173913043 0.021059782608695652 0.014266304347826086
0 0.9001358695652174 0.7133152173913043 0.01970108695652174 0.012907608695652174
0 0.8831521739130435 0.704483695652174 0.018342391304347828 0.012228260869565218
0 0.8953804347826086 0.6997282608695652 0.018342391304347828 0.012228260869565218
0 0.8342391304347826 0.717391304347826 0.019021739130434784 0.012907608695652174
0 0.8383152173913043 0.7085597826086957 0.017663043478260868 0.012228260869565218
0 0.8430706521739131 0.7411684782608695 0.020380434782608696 0.01358695652173913
0 0.845108695652174 0.7241847826086957 0.01970108695652174 0.012907608695652174
0 0.8084239130434783 0.7384510869565217 0.020380434782608696 0.01358695652173913
0 0.811141304347826 0.7105978260869565 0.017663043478260868 0.012228260869565218
0 0.7785326086956522 0.7051630434782609 0.017663043478260868 0.01154891304347826
0 0.764266304347826 0.717391304347826 0.019021739130434784 0.012907608695652174
0 0.7282608695652174 0.7010869565217391 0.018342391304347828 0.012228260869565218
0 0.6426630434782609 0.7466032608695652 0.01970108695652174 0.012907608695652174
0 0.6195652173913043 0.7269021739130435 0.019021739130434784 0.012907608695652174
0 0.514266304347826 0.7112771739130435 0.018342391304347828 0.012228260869565218
0 0.5040760869565217 0.7051630434782609 0.016983695652173912 0.01154891304347826
0 0.78125 0.8097826086956522 0.02377717391304348 0.016304347826086956
0 0.8845108695652174 0.7683423913043478 0.021059782608695652 0.014266304347826086
0 0.8858695652173914 0.7595108695652174 0.021059782608695652 0.014266304347826086
0 0.9198369565217391 0.7819293478260869 0.021739130434782608 0.014266304347826086
0 0.954483695652174 0.7758152173913043 0.022418478260869564 0.014945652173913044
0 0.9184782608695652 0.7724184782608695 0.022418478260869564 0.014945652173913044
0 0.998641304347826 0.7907608695652174 0.0020380434782608695 0.016304347826086956
0 0.7601902173913043 0.8885869565217391 0.027853260869565216 0.018342391304347828
0 0.06929347826086957 0.5414402173913043 0.01154891304347826 0.007472826086956522
0 0.18885869565217392 0.546875 0.01154891304347826 0.007472826086956522
0 0.1766304347826087 0.5285326086956522 0.010869565217391304 0.007472826086956522
0 0.34578804347826086 0.5475543478260869 0.01154891304347826 0.007472826086956522
0 0.3342391304347826 0.5407608695652174 0.010869565217391304 0.007472826086956522
0 0.6596467391304348 0.4945652173913043 0.008831521739130434 0.006114130434782609
0 0.6148097826086957 0.6059782608695652 0.014266304347826086 0.008831521739130434
0 0.6052989130434783 0.6168478260869565 0.014266304347826086 0.009510869565217392
0 0.7269021739130435 0.5869565217391305 0.01358695652173913 0.008831521739130434