0 0.374320652173913 0.5591032608695652 0.16915760869565216 0.11956521739130435
0 0.2296195652173913 0.44497282608695654 0.06046195652173913 0.05638586956521739
0 0.8172554347826086 0.6963315217391305 0.30434782608695654 0.26154891304347827
0 0.6630434782608695 0.5115489130434783 0.08627717391304347 0.09171195652173914
0 0.41508152173913043 0.45040760869565216 0.07065217391304347 0.08220108695652174
0 0.07880434782608696 0.391304347826087 0.03328804347826087 0.027853260869565216
0 0.21467391304347827 0.406929347826087 0.05570652173913043 0.052309782608695655
0 0.10665760869565218 0.422554347826087 0.04483695652173913 0.03736413043478261
0 0.2296195652173913 0.44565217391304346 0.078125 0.052309782608695655
0 0.2078804347826087 0.45040760869565216 0.08355978260869565 0.05502717391304348
0 0.3233695652173913 0.4232336956521739 0.049592391304347824 0.03260869565217391
0 0.5047554347826086 0.46195652173913043 0.10733695652173914 0.07201086956521739
0 0.313179347826087 0.49184782608695654 0.11752717391304347 0.07880434782608696