0 0.06997282608695653 0.561141304347826 0.13994565217391305 0.14673913043478262
0 0.375 0.5108695652173914 0.12703804347826086 0.12432065217391304
0 0.37160326086956524 0.17595108695652173 0.05570652173913043 0.05366847826086957
0 0.8519021739130435 0.30366847826086957 0.06929347826086957 0.06046195652173913
0 0.701766304347826 0.296195652173913 0.07133152173913043 0.05434782608695652
0 0.6630434782608695 0.48233695652173914 0.13179347826086957 0.12567934782608695
0 0.36616847826086957 0.390625 0.10054347826086957 0.09171195652173914
0 0.17051630434782608 0.22146739130434784 0.059103260869565216 0.05570652173913043
0 0.47690217391304346 0.24660326086956522 0.044157608695652176 0.05570652173913043
0 0.18342391304347827 0.2982336956521739 0.06793478260869565 0.078125
0 0.7527173913043478 0.24932065217391305 0.06385869565217392 0.059103260869565216
0 0.8233695652173914 0.49728260869565216 0.109375 0.09918478260869565
0 0.5699728260869565 0.24592391304347827 0.06385869565217392 0.06385869565217392
0 0.13383152173913043 0.43546195652173914 0.07472826086956522 0.10054347826086957
0 0.7262228260869565 0.20855978260869565 0.05570652173913043 0.057744565217391304
0 0.8573369565217391 0.2391304347826087 0.05366847826086957 0.050271739130434784
0 0.5441576086956522 0.16576086956521738 0.050951086956521736 0.051630434782608696
0 0.6270380434782609 0.20855978260869565 0.059782608695652176 0.05298913043478261
0 0.04483695652173913 0.33016304347826086 0.06182065217391304 0.06046195652173913
0 0.004755434782608696 0.09986413043478261 0.009510869565217392 0.03940217391304348
0 0.0625 0.10054347826086957 0.043478260869565216 0.036005434782608696
0 0.09986413043478261 0.13043478260869565 0.04008152173913043 0.036684782608695655
0 0.22758152173913043 0.11616847826086957 0.049592391304347824 0.042119565217391304
0 0.23777173913043478 0.1671195652173913 0.051630434782608696 0.04891304347826087
0 0.9816576086956522 0.22894021739130435 0.026494565217391304 0.057744565217391304
0 0.5570652173913043 0.405570652173913 0.078125 0.08559782608695653
0 0.40217391304347827 0.38790760869565216 0.10461956521739131 0.07880434782608696
0 0.860733695652174 0.49116847826086957 0.12839673913043478 0.09714673913043478
0 0.29008152173913043 0.16236413043478262 0.05570652173913043 0.042119565217391304
0 0.4266304347826087 0.15489130434782608 0.057744565217391304 0.043478260869565216
0 0.626358695652174 0.16576086956521738 0.06046195652173913 0.04551630434782609