0 0.11888586956521739 0.670516304347826 0.12024456521739131 0.09578804347826086
0 0.25 0.5407608695652174 0.15964673913043478 0.10597826086956522
0 0.15353260869565216 0.4157608695652174 0.11548913043478261 0.09171195652173914
0 0.9945652173913043 0.30027173913043476 0.010869565217391304 0.03940217391304348
0 0.6664402173913043 0.23165760869565216 0.010869565217391304 0.010869565217391304
0 0.3858695652173913 0.3186141304347826 0.04076086956521739 0.03328804347826087
0 0.483695652173913 0.2764945652173913 0.016304347826086956 0.015625
0 0.004076086956521739 0.37839673913043476 0.008152173913043478 0.04551630434782609
0 0.006114130434782609 0.3125 0.01154891304347826 0.01970108695652174
0 0.4673913043478261 0.26358695652173914 0.010869565217391304 0.010869565217391304
0 0.3702445652173913 0.28125 0.016983695652173912 0.016983695652173912
0 0.40421195652173914 0.2717391304347826 0.010869565217391304 0.012228260869565218
0 0.2914402173913043 0.2914402173913043 0.026494565217391304 0.021739130434782608
0 0.2710597826086957 0.28464673913043476 0.025815217391304348 0.020380434782608696
0 0.2717391304347826 0.2710597826086957 0.012228260869565218 0.010869565217391304
0 0.2554347826086957 0.2758152173913043 0.014945652173913044 0.012907608695652174
0 0.3491847826086957 0.266304347826087 0.009510869565217392 0.009510869565217392
0 0.37839673913043476 0.2717391304347826 0.01154891304347826 0.01154891304347826
0 0.38654891304347827 0.264945652173913 0.009510869565217392 0.008831521739130434
0 0.3953804347826087 0.26154891304347827 0.010869565217391304 0.009510869565217392
0 0.11141304347826086 0.3294836956521739 0.033967391304347824 0.026494565217391304
0 0.12024456521739131 0.30502717391304346 0.02309782608695652 0.018342391304347828
0 0.11888586956521739 0.28328804347826086 0.01358695652173913 0.012907608695652174
0 0.13790760869565216 0.2907608695652174 0.01970108695652174 0.017663043478260868
0 0.16508152173913043 0.29279891304347827 0.03328804347826087 0.029891304347826088
0 0.19157608695652173 0.30366847826086957 0.021739130434782608 0.019021739130434784
0 0.23980978260869565 0.28125 0.021739130434782608 0.019021739130434784
0 0.22418478260869565 0.28532608695652173 0.015625 0.014266304347826086
0 0.16576086956521738 0.27853260869565216 0.010869565217391304 0.008831521739130434
0 0.16236413043478262 0.26970108695652173 0.008831521739130434 0.007472826086956522
0 0.32472826086956524 0.2595108695652174 0.007472826086956522 0.006114130434782609
0 0.009510869565217392 0.5285326086956522 0.019021739130434784 0.18614130434782608
0 0.5591032608695652 0.7717391304347826 0.17391304347826086 0.1358695652173913
0 0.7690217391304348 0.4748641304347826 0.13451086956521738 0.14198369565217392
0 0.9626358695652174 0.4830163043478261 0.07404891304347826 0.08967391304347826
0 0.6202445652173914 0.3960597826086957 0.05434782608695652 0.036005434782608696
0 0.48233695652173914 0.48029891304347827 0.06929347826086957 0.059782608695652176
0 0.9334239130434783 0.28940217391304346 0.029211956521739132 0.01970108695652174
0 0.6277173913043478 0.2866847826086957 0.02717391304347826 0.017663043478260868
0 0.703125 0.22894021739130435 0.01154891304347826 0.007472826086956522
0 0.5930706521739131 0.2296195652173913 0.008831521739130434 0.005434782608695652
0 0.5815217391304348 0.22826086956521738 0.008152173913043478 0.004755434782608696
0 0.5373641304347826 0.36820652173913043 0.05502717391304348 0.036684782608695655
0 0.45108695652173914 0.3342391304347826 0.04619565217391304 0.029891304347826088
0 0.3688858695652174 0.34578804347826086 0.04891304347826087 0.03260869565217391
0 0.4320652173913043 0.2955163043478261 0.030570652173913044 0.020380434782608696
0 0.45584239130434784 0.3077445652173913 0.036005434782608696 0.02377717391304348
0 0.44021739130434784 0.27921195652173914 0.021739130434782608 0.014266304347826086
0 0.44497282608695654 0.2717391304347826 0.015625 0.010190217391304348
0 0.3125 0.3220108695652174 0.042119565217391304 0.027853260869565216
0 0.3179347826086957 0.30366847826086957 0.03125 0.020380434782608696
0 0.006114130434782609 0.3389945652173913 0.012228260869565218 0.030570652173913044
0 0.05366847826086957 0.33559782608695654 0.04483695652173913 0.029211956521739132
0 0.006793478260869565 0.28532608695652173 0.01358695652173913 0.010869565217391304
0 0.029211956521739132 0.27241847826086957 0.014945652173913044 0.009510869565217392
0 0.033967391304347824 0.28328804347826086 0.020380434782608696 0.01358695652173913
0 0.042119565217391304 0.29959239130434784 0.02717391304347826 0.017663043478260868
0 0.07133152173913043 0.29959239130434784 0.02717391304347826 0.017663043478260868
0 0.48641304347826086 0.264945652173913 0.007472826086956522 0.004755434782608696
0 0.4952445652173913 0.26222826086956524 0.010869565217391304 0.007472826086956522
0 0.5027173913043478 0.25815217391304346 0.008831521739130434 0.006114130434782609
0 0.4585597826086957 0.26358695652173914 0.01154891304347826 0.007472826086956522
0 0.46059782608695654 0.25815217391304346 0.008831521739130434 0.005434782608695652
0 0.47214673913043476 0.25883152173913043 0.008831521739130434 0.005434782608695652
0 0.4782608695652174 0.25679347826086957 0.007472826086956522 0.004755434782608696
0 0.49116847826086957 0.2561141304347826 0.006793478260869565 0.004755434782608696
0 0.501358695652174 0.25407608695652173 0.005434782608695652 0.0033967391304347825
0 0.5251358695652174 0.25271739130434784 0.012907608695652174 0.008831521739130434
0 0.5027173913043478 0.28328804347826086 0.02377717391304348 0.015625
0 0.3736413043478261 0.29891304347826086 0.03260869565217391 0.021739130434782608
0 0.3491847826086957 0.31046195652173914 0.03736413043478261 0.025135869565217392
0 0.35258152173913043 0.29008152173913043 0.024456521739130436 0.016304347826086956
0 0.30978260869565216 0.281929347826087 0.021739130434782608 0.014945652173913044
0 0.3267663043478261 0.2798913043478261 0.021059782608695652 0.01358695652173913
0 0.3063858695652174 0.27309782608695654 0.016983695652173912 0.01154891304347826
0 0.2955163043478261 0.27921195652173914 0.020380434782608696 0.01358695652173913
0 0.2764945652173913 0.2764945652173913 0.019021739130434784 0.012907608695652174
0 0.28125 0.2758152173913043 0.018342391304347828 0.012228260869565218
0 0.2601902173913043 0.26902173913043476 0.014945652173913044 0.009510869565217392
0 0.26358695652173914 0.26970108695652173 0.015625 0.010190217391304348
0 0.266304347826087 0.26902173913043476 0.014266304347826086 0.009510869565217392
0 0.2751358695652174 0.2669836956521739 0.012228260869565218 0.008152173913043478
0 0.3389945652173913 0.27921195652173914 0.020380434782608696 0.01358695652173913
0 0.37228260869565216 0.26766304347826086 0.012907608695652174 0.008831521739130434
0 0.389945652173913 0.25679347826086957 0.007472826086956522 0.004755434782608696
0 0.3811141304347826 0.2601902173913043 0.009510869565217392 0.006114130434782609
0 0.3294836956521739 0.266304347826087 0.012228260869565218 0.008152173913043478
0 0.33627717391304346 0.26154891304347827 0.007472826086956522 0.004755434782608696
0 0.3186141304347826 0.27377717391304346 0.016983695652173912 0.01154891304347826
0 0.31453804347826086 0.266304347826087 0.010190217391304348 0.006793478260869565
0 0.30570652173913043 0.2669836956521739 0.012228260869565218 0.008152173913043478
0 0.11548913043478261 0.296195652173913 0.026494565217391304 0.017663043478260868
0 0.12907608695652173 0.28532608695652173 0.021059782608695652 0.01358695652173913
0 0.171875 0.35054347826086957 0.04619565217391304 0.030570652173913044
0 0.1983695652173913 0.3294836956521739 0.03940217391304348 0.025815217391304348
0 0.23301630434782608 0.2907608695652174 0.024456521739130436 0.016304347826086956
0 0.19633152173913043 0.2907608695652174 0.025135869565217392 0.016983695652173912
0 0.1793478260869565 0.2907608695652174 0.025135869565217392 0.016983695652173912
0 0.1800271739130435 0.281929347826087 0.019021739130434784 0.012228260869565218
0 0.1766304347826087 0.26834239130434784 0.008831521739130434 0.005434782608695652
0 0.21875 0.2764945652173913 0.016304347826086956 0.010869565217391304
0 0.22554347826086957 0.2751358695652174 0.015625 0.010190217391304348
0 0.23029891304347827 0.2703804347826087 0.012228260869565218 0.007472826086956522
0 0.23845108695652173 0.2751358695652174 0.015625 0.010869565217391304
0 0.24456521739130435 0.26902173913043476 0.010190217391304348 0.006793478260869565
0 0.06046195652173913 0.264945652173913 0.0033967391304347825 0.0020380434782608695
0 0.0625 0.27717391304347827 0.015625 0.010869565217391304
0 0.20855978260869565 0.28328804347826086 0.021739130434782608 0.014266304347826086
0 0.23709239130434784 0.30842391304347827 0.035326086956521736 0.02377717391304348
0 0.3294836956521739 0.2595108695652174 0.001358695652173913 0.0006793478260869565
0 0.33967391304347827 0.25679347826086957 0.006114130434782609 0.004076086956521739
0 0.33695652173913043 0.25679347826086957 0.005434782608695652 0.004076086956521739
0 0.3342391304347826 0.2554347826086957 0.002717391304347826 0.0020380434782608695
0 0.30978260869565216 0.2547554347826087 0.001358695652173913 0.0006793478260869565
0 0.28872282608695654 0.26766304347826086 0.01358695652173913 0.008831521739130434
0 0.29347826086956524 0.266304347826087 0.01154891304347826 0.007472826086956522
0 0.27717391304347827 0.26290760869565216 0.008152173913043478 0.005434782608695652
0 0.3342391304347826 0.25747282608695654 0.006114130434782609 0.004755434782608696
0 0.3220108695652174 0.2561141304347826 0.006114130434782609 0.004076086956521739
0 0.3138586956521739 0.26154891304347827 0.0006793478260869565 0.0006793478260869565
0 0.30842391304347827 0.25815217391304346 0.006793478260869565 0.004755434782608696
0 0.3423913043478261 0.25883152173913043 0.008152173913043478 0.004755434782608696
0 0.26902173913043476 0.26834239130434784 0.014266304347826086 0.008831521739130434
0 0.3186141304347826 0.26358695652173914 0.007472826086956522 0.004755434782608696
0 0.3172554347826087 0.2595108695652174 0.0020380434782608695 0.001358695652173913
0 0.296875 0.27309782608695654 0.016983695652173912 0.01154891304347826
0 0.36209239130434784 0.27309782608695654 0.015625 0.010869565217391304
0 0.3546195652173913 0.27785326086956524 0.019021739130434784 0.012907608695652174
0 0.31997282608695654 0.2703804347826087 0.014945652173913044 0.009510869565217392
0 0.48233695652173914 0.26154891304347827 0.010190217391304348 0.006793478260869565
0 0.4741847826086957 0.266304347826087 0.009510869565217392 0.006793478260869565