0 0.7404891304347826 0.703125 0.01970108695652174 0.015625
0 0.7146739130434783 0.670516304347826 0.01970108695652174 0.012907608695652174
0 0.6800271739130435 0.626358695652174 0.012228260869565218 0.014266304347826086
0 0.6311141304347826 0.626358695652174 0.016983695652173912 0.014945652173913044
0 0.6222826086956522 0.6046195652173914 0.015625 0.014945652173913044
0 0.22554347826086957 0.65625 0.015625 0.014266304347826086
0 0.2751358695652174 0.6324728260869565 0.020380434782608696 0.014266304347826086
0 0.28125 0.6216032608695652 0.014945652173913044 0.012907608695652174
0 0.09239130434782608 0.5665760869565217 0.010190217391304348 0.010869565217391304
0 0.25271739130434784 0.5733695652173914 0.012228260869565218 0.010869565217391304
0 0.26834239130434784 0.5944293478260869 0.014945652173913044 0.012228260869565218
0 0.28125 0.5815217391304348 0.01358695652173913 0.012228260869565218
0 0.14334239130434784 0.5332880434782609 0.008152173913043478 0.007472826086956522
0 0.13654891304347827 0.5176630434782609 0.006793478260869565 0.006114130434782609
0 0.14266304347826086 0.514266304347826 0.005434782608695652 0.004755434782608696
0 0.1331521739130435 0.5129076086956522 0.004755434782608696 0.004755434782608696
0 0.13858695652173914 0.5033967391304348 0.004755434782608696 0.0033967391304347825
0 0.18614130434782608 0.5203804347826086 0.007472826086956522 0.007472826086956522
0 0.18070652173913043 0.5074728260869565 0.006793478260869565 0.005434782608695652
0 0.1875 0.5074728260869565 0.006793478260869565 0.005434782608695652
0 0.19157608695652173 0.5054347826086957 0.006114130434782609 0.005434782608695652
0 0.20516304347826086 0.5149456521739131 0.007472826086956522 0.007472826086956522
0 0.19904891304347827 0.5210597826086957 0.007472826086956522 0.006793478260869565
0 0.18953804347826086 0.5285326086956522 0.007472826086956522 0.007472826086956522
0 0.21195652173913043 0.5224184782608695 0.007472826086956522 0.007472826086956522
0 0.22214673913043478 0.5108695652173914 0.006793478260869565 0.005434782608695652
0 0.20855978260869565 0.5122282608695652 0.006114130434782609 0.005434782608695652
0 0.24728260869565216 0.5251358695652174 0.007472826086956522 0.007472826086956522
0 0.2608695652173913 0.516983695652174 0.006114130434782609 0.005434782608695652
0 0.2642663043478261 0.5237771739130435 0.008152173913043478 0.007472826086956522
0 0.2873641304347826 0.5230978260869565 0.006793478260869565 0.006114130434782609
0 0.30910326086956524 0.49116847826086957 0.006114130434782609 0.004755434782608696
0 0.36820652173913043 0.5020380434782609 0.008831521739130434 0.007472826086956522
0 0.375679347826087 0.49592391304347827 0.008152173913043478 0.006793478260869565
0 0.40828804347826086 0.4945652173913043 0.008831521739130434 0.006793478260869565
0 0.389945652173913 0.5264945652173914 0.008152173913043478 0.006793478260869565
0 0.43002717391304346 0.4952445652173913 0.008152173913043478 0.007472826086956522
0 0.4014945652173913 0.48097826086956524 0.007472826086956522 0.006793478260869565
0 0.7860054347826086 0.7126358695652174 0.021739130434782608 0.014945652173913044
0 0.1956521739130435 0.6847826086956522 0.021739130434782608 0.014266304347826086
0 0.1827445652173913 0.6691576086956522 0.020380434782608696 0.01358695652173913
0 0.23845108695652173 0.6501358695652174 0.01970108695652174 0.012907608695652174
0 0.22282608695652173 0.6188858695652174 0.017663043478260868 0.012228260869565218
0 0.2955163043478261 0.6141304347826086 0.016983695652173912 0.01154891304347826
0 0.15625 0.688858695652174 0.021739130434782608 0.014945652173913044
0 0.09510869565217392 0.7126358695652174 0.025135869565217392 0.016983695652173912
0 0.004755434782608696 0.5536684782608695 0.009510869565217392 0.009510869565217392
0 0.03260869565217391 0.5713315217391305 0.016983695652173912 0.01154891304347826
0 0.06589673913043478 0.5692934782608695 0.01358695652173913 0.008831521739130434
0 0.07744565217391304 0.561141304347826 0.012907608695652174 0.008152173913043478
0 0.12296195652173914 0.5692934782608695 0.01358695652173913 0.008831521739130434
0 0.13926630434782608 0.5631793478260869 0.012228260869565218 0.008831521739130434
0 0.1922554347826087 0.5652173913043478 0.01358695652173913 0.008831521739130434
0 0.23709239130434784 0.5597826086956522 0.01358695652173913 0.008831521739130434
0 0.2907608695652174 0.5896739130434783 0.015625 0.010869565217391304
0 0.12228260869565218 0.5353260869565217 0.010190217391304348 0.006793478260869565
0 0.14673913043478262 0.5217391304347826 0.008152173913043478 0.005434782608695652
0 0.12228260869565218 0.5027173913043478 0.005434782608695652 0.0033967391304347825
0 0.08423913043478261 0.5061141304347826 0.006114130434782609 0.004076086956521739
0 0.16779891304347827 0.5230978260869565 0.008831521739130434 0.005434782608695652
0 0.17051630434782608 0.516983695652174 0.007472826086956522 0.005434782608695652
0 0.17391304347826086 0.515625 0.008152173913043478 0.005434782608695652
0 0.16644021739130435 0.515625 0.007472826086956522 0.005434782608695652
0 0.18206521739130435 0.49796195652173914 0.005434782608695652 0.0033967391304347825
0 0.17730978260869565 0.49796195652173914 0.004755434782608696 0.0033967391304347825
0 0.17323369565217392 0.5414402173913043 0.010190217391304348 0.006793478260869565
0 0.18206521739130435 0.5394021739130435 0.010190217391304348 0.006793478260869565
0 0.21195652173913043 0.53125 0.010190217391304348 0.006793478260869565
0 0.21739130434782608 0.5251358695652174 0.008831521739130434 0.006114130434782609
0 0.21535326086956522 0.5129076086956522 0.007472826086956522 0.005434782608695652
0 0.23165760869565216 0.5203804347826086 0.008831521739130434 0.006114130434782609
0 0.23301630434782608 0.5278532608695652 0.010190217391304348 0.006793478260869565
0 0.24116847826086957 0.5115489130434783 0.007472826086956522 0.004755434782608696
0 0.25339673913043476 0.5197010869565217 0.008831521739130434 0.005434782608695652
0 0.27377717391304346 0.5251358695652174 0.008831521739130434 0.005434782608695652
0 0.25747282608695654 0.5366847826086957 0.010190217391304348 0.006793478260869565
0 0.23709239130434784 0.49796195652173914 0.004076086956521739 0.002717391304347826
0 0.24728260869565216 0.49592391304347827 0.0033967391304347825 0.002717391304347826
0 0.24116847826086957 0.49252717391304346 0.0020380434782608695 0.001358695652173913
0 0.23573369565217392 0.49320652173913043 0.004076086956521739 0.002717391304347826
0 0.328804347826087 0.48845108695652173 0.008831521739130434 0.005434782608695652
0 0.3641304347826087 0.4952445652173913 0.008831521739130434 0.006114130434782609
0 0.38722826086956524 0.532608695652174 0.008831521739130434 0.006114130434782609
0 0.390625 0.5380434782608695 0.008831521739130434 0.006114130434782609
0 0.5258152173913043 0.5285326086956522 0.012228260869565218 0.008152173913043478
0 0.5421195652173914 0.5434782608695652 0.01358695652173913 0.009510869565217392
0 0.33220108695652173 0.48029891304347827 0.008831521739130434 0.005434782608695652
0 0.296875 0.485054347826087 0.007472826086956522 0.005434782608695652
0 0.2710597826086957 0.4857336956521739 0.005434782608695652 0.0033967391304347825
0 0.266304347826087 0.4898097826086957 0.005434782608695652 0.0033967391304347825
0 0.25679347826086957 0.4938858695652174 0.006114130434782609 0.004076086956521739
0 0.20652173913043478 0.48845108695652173 0.004076086956521739 0.0020380434782608695
0 0.1983695652173913 0.4891304347826087 0.004076086956521739 0.002717391304347826
0 0.19633152173913043 0.4938858695652174 0.004755434782608696 0.0033967391304347825
0 0.20040760869565216 0.4986413043478261 0.005434782608695652 0.0033967391304347825
0 0.20923913043478262 0.49592391304347827 0.005434782608695652 0.0033967391304347825
0 0.22078804347826086 0.49592391304347827 0.005434782608695652 0.0033967391304347825
0 0.18342391304347827 0.4898097826086957 0.004076086956521739 0.002717391304347826
0 0.22282608695652173 0.48777173913043476 0.004076086956521739 0.002717391304347826
0 0.22826086956521738 0.4796195652173913 0.0006793478260869565 0.0006793478260869565
0 0.2235054347826087 0.4789402173913043 0.007472826086956522 0.005434782608695652
0 0.22486413043478262 0.48165760869565216 0.0020380434782608695 0.001358695652173913
0 0.24048913043478262 0.47690217391304346 0.0033967391304347825 0.0020380434782608695
0 0.234375 0.4782608695652174 0.004076086956521739 0.002717391304347826
0 0.23369565217391305 0.48233695652173914 0.002717391304347826 0.0020380434782608695
0 0.2418478260869565 0.484375 0.001358695652173913 0.0006793478260869565
0 0.23777173913043478 0.48165760869565216 0.004076086956521739 0.002717391304347826
0 0.24864130434782608 0.4796195652173913 0.002717391304347826 0.0020380434782608695
0 0.23233695652173914 0.48777173913043476 0.004076086956521739 0.002717391304347826
0 0.25407608695652173 0.485054347826087 0.005434782608695652 0.0033967391304347825
0 0.25407608695652173 0.4796195652173913 0.004076086956521739 0.002717391304347826
0 0.2608695652173913 0.4796195652173913 0.004076086956521739 0.002717391304347826
0 0.265625 0.483695652173913 0.004755434782608696 0.0033967391304347825
0 0.27309782608695654 0.4830163043478261 0.004755434782608696 0.0033967391304347825
0 0.265625 0.48165760869565216 0.004076086956521739 0.002717391304347826
0 0.2907608695652174 0.48097826086956524 0.007472826086956522 0.005434782608695652
0 0.2758152173913043 0.48777173913043476 0.005434782608695652 0.0033967391304347825
0 0.313179347826087 0.48165760869565216 0.008152173913043478 0.005434782608695652
0 0.04551630434782609 0.47554347826086957 0.0020380434782608695 0.001358695652173913
0 0.001358695652173913 0.47146739130434784 0.002717391304347826 0.0033967391304347825
0 0.004076086956521739 0.47146739130434784 0.005434782608695652 0.0033967391304347825
0 0.014945652173913044 0.484375 0.002717391304347826 0.0020380434782608695
0 0.002717391304347826 0.4748641304347826 0.005434782608695652 0.009510869565217392
0 0.0006793478260869565 0.47758152173913043 0.001358695652173913 0.009510869565217392
0 0.028532608695652172 0.4639945652173913 0.004755434782608696 0.0033967391304347825
0 0.02309782608695652 0.4639945652173913 0.004755434782608696 0.0033967391304347825
0 0.034646739130434784 0.4626358695652174 0.004755434782608696 0.0033967391304347825
0 0.044157608695652176 0.46059782608695654 0.005434782608695652 0.0033967391304347825
0 0.04891304347826087 0.45991847826086957 0.004755434782608696 0.0033967391304347825
0 0.05570652173913043 0.46059782608695654 0.004755434782608696 0.0033967391304347825