0 0.8539402173913043 0.7146739130434783 0.049592391304347824 0.04008152173913043
0 0.7377717391304348 0.7228260869565217 0.050951086956521736 0.03940217391304348
0 0.6154891304347826 0.717391304347826 0.044157608695652176 0.034646739130434784
0 0.6127717391304348 0.6936141304347826 0.030570652173913044 0.024456521739130436
0 0.5346467391304348 0.6929347826086957 0.03192934782608696 0.026494565217391304
0 0.5536684782608695 0.6521739130434783 0.02717391304347826 0.024456521739130436
0 0.5047554347826086 0.6345108695652174 0.02309782608695652 0.020380434782608696
0 0.5692934782608695 0.6338315217391305 0.025135869565217392 0.018342391304347828
0 0.6188858695652174 0.6514945652173914 0.03804347826086957 0.021739130434782608
0 0.6311141304347826 0.623641304347826 0.026494565217391304 0.022418478260869564
0 0.6875 0.6338315217391305 0.025135869565217392 0.021739130434782608
0 0.7194293478260869 0.6555706521739131 0.030570652173913044 0.024456521739130436
0 0.7126358695652174 0.6834239130434783 0.03804347826086957 0.030570652173913044
0 0.8328804347826086 0.6807065217391305 0.03872282608695652 0.034646739130434784
0 0.9293478260869565 0.6793478260869565 0.042119565217391304 0.034646739130434784
0 0.9911684782608695 0.6453804347826086 0.017663043478260868 0.02717391304347826
0 0.907608695652174 0.6480978260869565 0.034646739130434784 0.027853260869565216
0 0.8220108695652174 0.6514945652173914 0.030570652173913044 0.025135869565217392
0 0.47146739130434784 0.7302989130434783 0.036005434782608696 0.03192934782608696
0 0.4266304347826087 0.7269021739130435 0.03736413043478261 0.030570652173913044
0 0.3138586956521739 0.7180706521739131 0.030570652173913044 0.03328804347826087
0 0.2452445652173913 0.7228260869565217 0.03260869565217391 0.025815217391304348
0 0.13858695652173914 0.717391304347826 0.030570652173913044 0.027853260869565216
0 0.09375 0.7207880434782609 0.026494565217391304 0.026494565217391304
0 0.022418478260869564 0.7207880434782609 0.029211956521739132 0.02377717391304348
0 0.9612771739130435 0.6127717391304348 0.03328804347826087 0.025815217391304348
0 0.985733695652174 0.5985054347826086 0.028532608695652172 0.022418478260869564
0 0.8729619565217391 0.6127717391304348 0.03192934782608696 0.026494565217391304
0 0.8220108695652174 0.6025815217391305 0.026494565217391304 0.021739130434782608
0 0.7472826086956522 0.608016304347826 0.026494565217391304 0.020380434782608696
0 0.7921195652173914 0.5855978260869565 0.021059782608695652 0.017663043478260868
0 0.7309782608695652 0.5862771739130435 0.021059782608695652 0.018342391304347828
0 0.6895380434782609 0.5985054347826086 0.024456521739130436 0.019021739130434784
0 0.5971467391304348 0.6127717391304348 0.021059782608695652 0.014945652173913044
0 0.6012228260869565 0.5944293478260869 0.022418478260869564 0.017663043478260868
0 0.5434782608695652 0.5957880434782609 0.019021739130434784 0.017663043478260868
0 0.5 0.6161684782608695 0.022418478260869564 0.01970108695652174
0 0.484375 0.5903532608695652 0.02309782608695652 0.016983695652173912
0 0.5264945652173914 0.5835597826086957 0.021059782608695652 0.016304347826086956
0 0.6358695652173914 0.5747282608695652 0.017663043478260868 0.016304347826086956
0 0.6976902173913043 0.5754076086956522 0.019021739130434784 0.016304347826086956
0 0.6820652173913043 0.5631793478260869 0.019021739130434784 0.016983695652173912
0 0.6216032608695652 0.5652173913043478 0.017663043478260868 0.014945652173913044
0 0.5747282608695652 0.5740489130434783 0.021059782608695652 0.016304347826086956
0 0.5264945652173914 0.5672554347826086 0.017663043478260868 0.015625
0 0.5163043478260869 0.5543478260869565 0.019021739130434784 0.016304347826086956
0 0.5047554347826086 0.5380434782608695 0.015625 0.012228260869565218
0 0.858016304347826 0.5883152173913043 0.024456521739130436 0.01970108695652174
0 0.954483695652174 0.5760869565217391 0.026494565217391304 0.020380434782608696
0 0.9354619565217391 0.545516304347826 0.021059782608695652 0.018342391304347828
0 0.890625 0.5652173913043478 0.019021739130434784 0.016304347826086956
0 0.8661684782608695 0.546875 0.022418478260869564 0.019021739130434784
0 0.782608695652174 0.5523097826086957 0.020380434782608696 0.017663043478260868
0 0.4789402173913043 0.65625 0.030570652173913044 0.02377717391304348
0 0.4517663043478261 0.6847826086956522 0.026494565217391304 0.02309782608695652
0 0.9524456521739131 0.5278532608695652 0.020380434782608696 0.017663043478260868
0 0.9741847826086957 0.501358695652174 0.019021739130434784 0.014266304347826086
0 0.9959239130434783 0.499320652173913 0.008152173913043478 0.016304347826086956
0 0.9633152173913043 0.484375 0.01358695652173913 0.012228260869565218
0 0.9177989130434783 0.5027173913043478 0.017663043478260868 0.014945652173913044
0 0.8933423913043478 0.5088315217391305 0.016983695652173912 0.014266304347826086
0 0.8783967391304348 0.499320652173913 0.015625 0.01358695652173913
0 0.8559782608695652 0.5088315217391305 0.015625 0.01358695652173913
0 0.8675271739130435 0.5264945652173914 0.016983695652173912 0.015625
0 0.889266304347826 0.5292119565217391 0.019021739130434784 0.016983695652173912
0 0.9082880434782609 0.5237771739130435 0.019021739130434784 0.016304347826086956
0 0.8328804347826086 0.5319293478260869 0.01970108695652174 0.016304347826086956
0 0.8097826086956522 0.5074728260869565 0.015625 0.01358695652173913
0 0.8322010869565217 0.5006793478260869 0.015625 0.01358695652173913
0 0.8573369565217391 0.4898097826086957 0.012907608695652174 0.012907608695652174
0 0.7887228260869565 0.5027173913043478 0.012907608695652174 0.01154891304347826
0 0.7737771739130435 0.515625 0.017663043478260868 0.014945652173913044
0 0.7391304347826086 0.5101902173913043 0.012907608695652174 0.01154891304347826
0 0.7466032608695652 0.5346467391304348 0.014945652173913044 0.012228260869565218
0 0.7180706521739131 0.5441576086956522 0.01970108695652174 0.016983695652173912
0 0.7588315217391305 0.5006793478260869 0.012228260869565218 0.010869565217391304
0 0.7445652173913043 0.49320652173913043 0.012228260869565218 0.009510869565217392
0 0.7275815217391305 0.4891304347826087 0.01154891304347826 0.01154891304347826
0 0.8097826086956522 0.48097826086956524 0.012907608695652174 0.010190217391304348
0 0.8328804347826086 0.483695652173913 0.012907608695652174 0.010869565217391304
0 0.9341032608695652 0.47622282608695654 0.01358695652173913 0.01154891304347826
0 0.9721467391304348 0.4748641304347826 0.012228260869565218 0.010190217391304348
0 0.7615489130434783 0.5441576086956522 0.01970108695652174 0.016304347826086956
0 0.6644021739130435 0.5461956521739131 0.017663043478260868 0.015625
0 0.6494565217391305 0.5414402173913043 0.017663043478260868 0.014945652173913044
0 0.6351902173913043 0.532608695652174 0.016983695652173912 0.014266304347826086
0 0.6277173913043478 0.5190217391304348 0.01358695652173913 0.012228260869565218
0 0.6508152173913043 0.5176630434782609 0.01358695652173913 0.012228260869565218
0 0.6365489130434783 0.5122282608695652 0.01358695652173913 0.010869565217391304
0 0.6725543478260869 0.5203804347826086 0.015625 0.012907608695652174
0 0.686141304347826 0.5292119565217391 0.016983695652173912 0.01358695652173913
0 0.7167119565217391 0.5203804347826086 0.015625 0.01358695652173913
0 0.6970108695652174 0.5135869565217391 0.014945652173913044 0.012228260869565218
0 0.6752717391304348 0.5088315217391305 0.01358695652173913 0.01154891304347826
0 0.6684782608695652 0.501358695652174 0.012228260869565218 0.010190217391304348
0 0.6508152173913043 0.49320652173913043 0.012228260869565218 0.010190217391304348
0 0.6657608695652174 0.4898097826086957 0.010869565217391304 0.009510869565217392
0 0.6182065217391305 0.499320652173913 0.010869565217391304 0.010190217391304348
0 0.59375 0.5054347826086957 0.010869565217391304 0.009510869565217392
0 0.5828804347826086 0.5040760869565217 0.010190217391304348 0.008831521739130434
0 0.6100543478260869 0.4891304347826087 0.010869565217391304 0.010190217391304348
0 0.5658967391304348 0.516983695652174 0.012907608695652174 0.010190217391304348
0 0.5862771739130435 0.5244565217391305 0.015625 0.01358695652173913
0 0.5835597826086957 0.5421195652173914 0.016983695652173912 0.01358695652173913
0 0.6059782608695652 0.5523097826086957 0.015625 0.014945652173913044
0 0.5475543478260869 0.5346467391304348 0.016983695652173912 0.014266304347826086
0 0.5292119565217391 0.53125 0.01358695652173913 0.01154891304347826
0 0.5278532608695652 0.5149456521739131 0.012907608695652174 0.010190217391304348
0 0.5461956521739131 0.5074728260869565 0.01154891304347826 0.010190217391304348
0 0.49184782608695654 0.5033967391304348 0.01154891304347826 0.009510869565217392
0 0.4945652173913043 0.5258152173913043 0.012228260869565218 0.010869565217391304
0 0.47214673913043476 0.5686141304347826 0.017663043478260868 0.015625
0 0.4673913043478261 0.5502717391304348 0.014945652173913044 0.012907608695652174
0 0.4639945652173913 0.5400815217391305 0.012907608695652174 0.010869565217391304
0 0.4633152173913043 0.5081521739130435 0.010869565217391304 0.010190217391304348
0 0.36141304347826086 0.688858695652174 0.029211956521739132 0.024456521739130436
0 0.29891304347826086 0.6929347826086957 0.025135869565217392 0.02309782608695652
0 0.23777173913043478 0.6908967391304348 0.025135869565217392 0.021739130434782608
0 0.281929347826087 0.6616847826086957 0.019021739130434784 0.018342391304347828
0 0.405570652173913 0.6603260869565217 0.028532608695652172 0.020380434782608696
0 0.42866847826086957 0.6202445652173914 0.022418478260869564 0.017663043478260868
0 0.3688858695652174 0.6202445652173914 0.021059782608695652 0.016304347826086956
0 0.32065217391304346 0.6182065217391305 0.017663043478260868 0.016983695652173912
0 0.28464673913043476 0.6182065217391305 0.019021739130434784 0.017663043478260868
0 0.23777173913043478 0.6202445652173914 0.017663043478260868 0.016304347826086956
0 0.23097826086956522 0.6494565217391305 0.020380434782608696 0.01970108695652174
0 0.2139945652173913 0.6453804347826086 0.017663043478260868 0.016304347826086956
0 0.26902173913043476 0.6324728260869565 0.021059782608695652 0.01970108695652174
0 0.32065217391304346 0.6345108695652174 0.022418478260869564 0.016304347826086956
0 0.3858695652173913 0.6372282608695652 0.021059782608695652 0.017663043478260868
0 0.43002717391304346 0.6385869565217391 0.02309782608695652 0.017663043478260868
0 0.4313858695652174 0.5686141304347826 0.014945652173913044 0.012228260869565218
0 0.438179347826087 0.5550271739130435 0.015625 0.012907608695652174
0 0.42527173913043476 0.548233695652174 0.01358695652173913 0.012228260869565218
0 0.39266304347826086 0.5536684782608695 0.015625 0.012228260869565218
0 0.37839673913043476 0.5645380434782609 0.01358695652173913 0.012228260869565218
0 0.38790760869565216 0.5726902173913043 0.016983695652173912 0.01358695652173913
0 0.38790760869565216 0.5855978260869565 0.016983695652173912 0.014945652173913044
0 0.3797554347826087 0.6012228260869565 0.017663043478260868 0.015625
0 0.3383152173913043 0.6039402173913043 0.016983695652173912 0.01358695652173913
0 0.3342391304347826 0.5889945652173914 0.014945652173913044 0.012907608695652174
0 0.3451086956521739 0.5652173913043478 0.016983695652173912 0.014266304347826086
0 0.2914402173913043 0.5869565217391305 0.016983695652173912 0.014945652173913044
0 0.29008152173913043 0.6032608695652174 0.014945652173913044 0.012907608695652174
0 0.438179347826087 0.5176630434782609 0.012228260869565218 0.010190217391304348
0 0.43478260869565216 0.5095108695652174 0.010869565217391304 0.009510869565217392
0 0.4110054347826087 0.5224184782608695 0.012228260869565218 0.010869565217391304
0 0.3960597826086957 0.515625 0.010190217391304348 0.008831521739130434
0 0.3702445652173913 0.5353260869565217 0.01154891304347826 0.010869565217391304
0 0.37703804347826086 0.5251358695652174 0.01154891304347826 0.010190217391304348
0 0.375 0.5197010869565217 0.009510869565217392 0.008152173913043478
0 0.3389945652173913 0.545516304347826 0.01154891304347826 0.01154891304347826
0 0.343070652173913 0.532608695652174 0.012228260869565218 0.010190217391304348
0 0.3451086956521739 0.5176630434782609 0.01154891304347826 0.009510869565217392
0 0.30502717391304346 0.5529891304347826 0.014945652173913044 0.01154891304347826
0 0.31929347826086957 0.5441576086956522 0.012228260869565218 0.01154891304347826
0 0.311820652173913 0.5360054347826086 0.01154891304347826 0.010190217391304348
0 0.32472826086956524 0.5251358695652174 0.010190217391304348 0.008831521739130434
0 0.2860054347826087 0.529891304347826 0.008831521739130434 0.008152173913043478
0 0.2764945652173913 0.5394021739130435 0.010869565217391304 0.009510869565217392
0 0.265625 0.5597826086956522 0.015625 0.014945652173913044
0 0.22078804347826086 0.5720108695652174 0.01358695652173913 0.014266304347826086
0 0.2296195652173913 0.5631793478260869 0.012907608695652174 0.01154891304347826
0 0.2547554347826087 0.5414402173913043 0.01154891304347826 0.010190217391304348
0 0.1983695652173913 0.608016304347826 0.015625 0.014945652173913044
0 0.1827445652173913 0.626358695652174 0.014945652173913044 0.012907608695652174
0 0.17595108695652173 0.6963315217391305 0.028532608695652172 0.019021739130434784
0 0.11413043478260869 0.6881793478260869 0.02309782608695652 0.021059782608695652
0 0.057744565217391304 0.6936141304347826 0.025135869565217392 0.019021739130434784
0 0.07540760869565218 0.6603260869565217 0.021059782608695652 0.020380434782608696
0 0.13111413043478262 0.6596467391304348 0.021059782608695652 0.021059782608695652
0 0.17595108695652173 0.6603260869565217 0.021059782608695652 0.020380434782608696
0 0.1671195652173913 0.6433423913043478 0.017663043478260868 0.016304347826086956
0 0.10394021739130435 0.6385869565217391 0.019021739130434784 0.016983695652173912
0 0.07880434782608696 0.641983695652174 0.015625 0.014266304347826086
0 0.1487771739130435 0.6290760869565217 0.017663043478260868 0.016304347826086956
0 0.07540760869565218 0.6161684782608695 0.01358695652173913 0.012907608695652174
0 0.017663043478260868 0.6304347826086957 0.016983695652173912 0.016983695652173912
0 0.03260869565217391 0.6161684782608695 0.015625 0.014266304347826086
0 0.002717391304347826 0.6188858695652174 0.005434782608695652 0.012228260869565218
0 0.17323369565217392 0.5869565217391305 0.015625 0.01358695652173913
0 0.18953804347826086 0.579483695652174 0.014945652173913044 0.012228260869565218
0 0.0020380434782608695 0.6039402173913043 0.0033967391304347825 0.012228260869565218
0 0.025135869565217392 0.6039402173913043 0.01358695652173913 0.012228260869565218
0 0.06589673913043478 0.6025815217391305 0.01358695652173913 0.012907608695652174
0 0.09375 0.6019021739130435 0.01358695652173913 0.01154891304347826
0 0.125 0.5978260869565217 0.016983695652173912 0.015625
0 0.10597826086956522 0.5910326086956522 0.012228260869565218 0.01154891304347826
0 0.06793478260869565 0.5910326086956522 0.012907608695652174 0.01154891304347826
0 0.044157608695652176 0.5957880434782609 0.012907608695652174 0.012228260869565218
0 0.016304347826086956 0.5957880434782609 0.01358695652173913 0.01358695652173913
0 0.0033967391304347825 0.5896739130434783 0.006793478260869565 0.010869565217391304
0 0.009510869565217392 0.5713315217391305 0.01154891304347826 0.009510869565217392
0 0.012228260869565218 0.5658967391304348 0.010190217391304348 0.008831521739130434
0 0.001358695652173913 0.5618206521739131 0.002717391304347826 0.008831521739130434
0 0.020380434782608696 0.5577445652173914 0.009510869565217392 0.009510869565217392
0 0.021059782608695652 0.5502717391304348 0.008831521739130434 0.008152173913043478
0 0.029891304347826088 0.5658967391304348 0.010190217391304348 0.009510869565217392
0 0.04551630434782609 0.5563858695652174 0.010190217391304348 0.008831521739130434
0 0.042119565217391304 0.5475543478260869 0.008831521739130434 0.008152173913043478
0 0.06453804347826086 0.545516304347826 0.009510869565217392 0.008831521739130434
0 0.06657608695652174 0.5550271739130435 0.010190217391304348 0.010190217391304348
0 0.08016304347826086 0.5625 0.01154891304347826 0.010190217391304348
0 0.08831521739130435 0.5815217391304348 0.012907608695652174 0.012228260869565218
0 0.07608695652173914 0.5774456521739131 0.010869565217391304 0.01154891304347826
0 0.11413043478260869 0.5808423913043478 0.012228260869565218 0.010190217391304348
0 0.1487771739130435 0.579483695652174 0.015625 0.012228260869565218
0 0.16779891304347827 0.5699728260869565 0.012907608695652174 0.012228260869565218
0 0.125 0.5645380434782609 0.01154891304347826 0.010190217391304348
0 0.05570652173913043 0.5849184782608695 0.012907608695652174 0.01154891304347826
0 0.09442934782608696 0.5672554347826086 0.01154891304347826 0.010190217391304348
0 0.1800271739130435 0.5618206521739131 0.010190217391304348 0.010190217391304348
0 0.13519021739130435 0.5570652173913043 0.01154891304347826 0.010190217391304348
0 0.16168478260869565 0.5563858695652174 0.010190217391304348 0.008831521739130434
0 0.12160326086956522 0.5543478260869565 0.008831521739130434 0.008152173913043478
0 0.14130434782608695 0.5502717391304348 0.01154891304347826 0.009510869565217392
0 0.234375 0.5332880434782609 0.010190217391304348 0.008831521739130434
0 0.22486413043478262 0.5427989130434783 0.01154891304347826 0.010190217391304348
0 0.1949728260869565 0.5461956521739131 0.010190217391304348 0.010190217391304348
0 0.2112771739130435 0.5421195652173914 0.010190217391304348 0.010190217391304348
0 0.17730978260869565 0.5353260869565217 0.010190217391304348 0.009510869565217392
0 0.16644021739130435 0.5502717391304348 0.010190217391304348 0.008831521739130434
0 0.15013586956521738 0.5400815217391305 0.008831521739130434 0.007472826086956522
0 0.14334239130434784 0.532608695652174 0.007472826086956522 0.006114130434782609
0 0.13654891304347827 0.5427989130434783 0.008831521739130434 0.007472826086956522
0 0.12160326086956522 0.5461956521739131 0.008831521739130434 0.007472826086956522
0 0.11005434782608696 0.5448369565217391 0.008831521739130434 0.007472826086956522
0 0.09307065217391304 0.548233695652174 0.009510869565217392 0.008831521739130434
0 0.08491847826086957 0.5441576086956522 0.008152173913043478 0.007472826086956522
0 0.08967391304347826 0.5563858695652174 0.010869565217391304 0.008152173913043478
0 0.20991847826086957 0.515625 0.009510869565217392 0.007472826086956522
0 0.904891304347826 0.5978260869565217 0.03125 0.021059782608695652
0 0.7846467391304348 0.6270380434782609 0.03328804347826087 0.021739130434782608
0 0.4701086956521739 0.5869565217391305 0.022418478260869564 0.014945652173913044
0 0.514266304347826 0.5434782608695652 0.017663043478260868 0.012228260869565218
0 0.9945652173913043 0.5448369565217391 0.010869565217391304 0.016304347826086956
0 0.9836956521739131 0.5217391304347826 0.021739130434782608 0.014266304347826086
0 0.8002717391304348 0.5237771739130435 0.01970108695652174 0.012907608695652174
0 0.7663043478260869 0.5108695652173914 0.015625 0.010869565217391304
0 0.7466032608695652 0.499320652173913 0.014266304347826086 0.009510869565217392
0 0.6535326086956522 0.5047554347826086 0.014945652173913044 0.009510869565217392
0 0.5801630434782609 0.516983695652174 0.014945652173913044 0.010190217391304348
0 0.59375 0.5346467391304348 0.017663043478260868 0.01154891304347826
0 0.5584239130434783 0.5536684782608695 0.01970108695652174 0.012907608695652174
0 0.5353260869565217 0.5217391304347826 0.014945652173913044 0.010190217391304348
0 0.5040760869565217 0.5292119565217391 0.015625 0.010869565217391304
0 0.3328804347826087 0.6521739130434783 0.025815217391304348 0.016983695652173912
0 0.4361413043478261 0.5842391304347826 0.021059782608695652 0.01358695652173913
0 0.3389945652173913 0.5747282608695652 0.016983695652173912 0.01154891304347826
0 0.3029891304347826 0.579483695652174 0.017663043478260868 0.01154891304347826
0 0.25815217391304346 0.59375 0.01970108695652174 0.012907608695652174
0 0.250679347826087 0.6032608695652174 0.01970108695652174 0.012907608695652174
0 0.4048913043478261 0.5210597826086957 0.012228260869565218 0.008831521739130434
0 0.3736413043478261 0.515625 0.01154891304347826 0.008152173913043478
0 0.3383152173913043 0.5278532608695652 0.012228260869565218 0.008152173913043478
0 0.35122282608695654 0.5224184782608695 0.012228260869565218 0.008152173913043478
0 0.31657608695652173 0.5305706521739131 0.012228260869565218 0.008152173913043478
0 0.27445652173913043 0.5516304347826086 0.015625 0.010869565217391304
0 0.23777173913043478 0.5557065217391305 0.015625 0.010190217391304348
0 0.26222826086956524 0.5373641304347826 0.012228260869565218 0.008152173913043478
0 0.26154891304347827 0.5305706521739131 0.010190217391304348 0.006793478260869565
0 0.12160326086956522 0.5876358695652174 0.015625 0.010869565217391304
0 0.021739130434782608 0.5754076086956522 0.012907608695652174 0.008831521739130434
0 0.014945652173913044 0.5563858695652174 0.010190217391304348 0.007472826086956522
0 0.04076086956521739 0.563858695652174 0.012228260869565218 0.007472826086956522
0 0.07676630434782608 0.5509510869565217 0.01154891304347826 0.007472826086956522
0 0.09918478260869565 0.5740489130434783 0.01358695652173913 0.008831521739130434
0 0.13451086956521738 0.5706521739130435 0.014266304347826086 0.009510869565217392
0 0.2105978260869565 0.5591032608695652 0.014266304347826086 0.009510869565217392
0 0.15285326086956522 0.5625 0.01358695652173913 0.009510869565217392
0 0.20923913043478262 0.5332880434782609 0.012228260869565218 0.008152173913043478
0 0.2235054347826087 0.5523097826086957 0.014266304347826086 0.010190217391304348
0 0.27785326086956524 0.532608695652174 0.010869565217391304 0.007472826086956522
0 0.0006793478260869565 0.5550271739130435 0.0006793478260869565 0.007472826086956522