0 0.5788043478260869 0.468070652173913 0.02717391304347826 0.02377717391304348
0 0.5910326086956522 0.4470108695652174 0.022418478260869564 0.021059782608695652
0 0.673233695652174 0.469429347826087 0.025135869565217392 0.024456521739130436
0 0.7255434782608695 0.4585597826086957 0.021739130434782608 0.022418478260869564
0 0.7914402173913043 0.4782608695652174 0.017663043478260868 0.017663043478260868
0 0.8328804347826086 0.46195652173913043 0.015625 0.018342391304347828
0 0.8478260869565217 0.453804347826087 0.01970108695652174 0.01970108695652174
0 0.9918478260869565 0.42595108695652173 0.016304347826086956 0.02717391304347826
0 0.41032608695652173 0.40353260869565216 0.02309782608695652 0.022418478260869564
0 0.35665760869565216 0.3688858695652174 0.024456521739130436 0.021059782608695652
0 0.2262228260869565 0.3648097826086957 0.026494565217391304 0.025815217391304348
0 0.16508152173913043 0.391304347826087 0.024456521739130436 0.022418478260869564
0 0.20040760869565216 0.3111413043478261 0.021739130434782608 0.021739130434782608
0 0.18342391304347827 0.29415760869565216 0.020380434782608696 0.01970108695652174
0 0.125 0.31929347826086957 0.021059782608695652 0.01970108695652174
0 0.14741847826086957 0.27853260869565216 0.018342391304347828 0.018342391304347828
0 0.18206521739130435 0.24660326086956522 0.021059782608695652 0.01970108695652174
0 0.09986413043478261 0.23845108695652173 0.01970108695652174 0.018342391304347828
0 0.07676630434782608 0.27853260869565216 0.021059782608695652 0.019021739130434784
0 0.019021739130434784 0.24592391304347827 0.020380434782608696 0.018342391304347828
0 0.016304347826086956 0.3179347826086957 0.021059782608695652 0.020380434782608696
0 0.004076086956521739 0.343070652173913 0.007472826086956522 0.018342391304347828
0 0.03804347826086957 0.33084239130434784 0.017663043478260868 0.018342391304347828
0 0.06657608695652174 0.3226902173913043 0.01970108695652174 0.018342391304347828
0 0.078125 0.3342391304347826 0.016983695652173912 0.017663043478260868
0 0.09103260869565218 0.3376358695652174 0.024456521739130436 0.02309782608695652
0 0.11141304347826086 0.36684782608695654 0.020380434782608696 0.021059782608695652
0 0.012907608695652174 0.004755434782608696 0.016983695652173912 0.008831521739130434
0 0.08967391304347826 0.004076086956521739 0.016304347826086956 0.008152173913043478
0 0.09714673913043478 0.04891304347826087 0.01970108695652174 0.016983695652173912
0 0.006114130434782609 0.057065217391304345 0.012228260869565218 0.016304347826086956
0 0.11209239130434782 0.15964673913043478 0.018342391304347828 0.016983695652173912
0 0.09035326086956522 0.1922554347826087 0.016304347826086956 0.014945652173913044
0 0.07744565217391304 0.20244565217391305 0.01970108695652174 0.019021739130434784
0 0.005434782608695652 0.1875 0.010869565217391304 0.01970108695652174
0 0.16983695652173914 0.16032608695652173 0.017663043478260868 0.015625
0 0.18342391304347827 0.18478260869565216 0.016304347826086956 0.014945652173913044
0 0.18478260869565216 0.19972826086956522 0.016983695652173912 0.018342391304347828
0 0.1487771739130435 0.22214673913043478 0.016304347826086956 0.015625
0 0.15013586956521738 0.06385869565217392 0.016983695652173912 0.015625
0 0.17051630434782608 0.059103260869565216 0.016983695652173912 0.015625
0 0.17323369565217392 0.07948369565217392 0.01970108695652174 0.017663043478260868
0 0.18206521739130435 0.125 0.01970108695652174 0.019021739130434784
0 0.16168478260869565 0.11548913043478261 0.018342391304347828 0.017663043478260868
0 0.1514945652173913 0.04619565217391304 0.015625 0.01358695652173913
0 0.15421195652173914 0.004076086956521739 0.015625 0.007472826086956522
0 0.010869565217391304 0.5108695652173914 0.021739130434782608 0.027853260869565216
0 0.6569293478260869 0.4701086956521739 0.024456521739130436 0.018342391304347828
0 0.751358695652174 0.4701086956521739 0.024456521739130436 0.018342391304347828
0 0.7792119565217391 0.4701086956521739 0.024456521739130436 0.018342391304347828
0 0.8885869565217391 0.45584239130434784 0.025815217391304348 0.01970108695652174
0 0.9381793478260869 0.4429347826086957 0.02717391304347826 0.020380434782608696
0 0.313179347826087 0.40353260869565216 0.02717391304347826 0.020380434782608696
0 0.3804347826086957 0.4327445652173913 0.027853260869565216 0.021059782608695652
0 0.38790760869565216 0.4279891304347826 0.027853260869565216 0.020380434782608696
0 0.49184782608695654 0.4592391304347826 0.025815217391304348 0.01970108695652174
0 0.47690217391304346 0.4639945652173913 0.025815217391304348 0.01970108695652174
0 0.2914402173913043 0.4639945652173913 0.029211956521739132 0.021739130434782608
0 0.19021739130434784 0.35733695652173914 0.025815217391304348 0.01970108695652174
0 0.04891304347826087 0.2561141304347826 0.021739130434782608 0.016304347826086956
0 0.03260869565217391 0.484375 0.035326086956521736 0.026494565217391304
0 0.11413043478260869 0.11820652173913043 0.020380434782608696 0.015625
0 0.05366847826086957 0.11616847826086957 0.020380434782608696 0.015625
0 0.12907608695652173 0.2235054347826087 0.020380434782608696 0.015625
0 0.06182065217391304 0.37771739130434784 0.02309782608695652 0.017663043478260868