0 0.008152173913043478 0.469429347826087 0.006793478260869565 0.007472826086956522
0 0.017663043478260868 0.47214673913043476 0.008152173913043478 0.008152173913043478
0 0.014266304347826086 0.4789402173913043 0.006793478260869565 0.008152173913043478
0 0.015625 0.49728260869565216 0.008152173913043478 0.008831521739130434
0 0.04891304347826087 0.4898097826086957 0.008152173913043478 0.007472826086956522
0 0.09782608695652174 0.47282608695652173 0.006793478260869565 0.007472826086956522
0 0.10733695652173914 0.452445652173913 0.006793478260869565 0.006114130434782609
0 0.1324728260869565 0.4673913043478261 0.006793478260869565 0.006114130434782609
0 0.15760869565217392 0.484375 0.006793478260869565 0.007472826086956522
0 0.16847826086956522 0.48097826086956524 0.006793478260869565 0.006114130434782609
0 0.1766304347826087 0.49184782608695654 0.006793478260869565 0.006114130434782609
0 0.1453804347826087 0.44633152173913043 0.006793478260869565 0.008831521739130434
0 0.18682065217391305 0.501358695652174 0.006793478260869565 0.007472826086956522
0 0.21671195652173914 0.48641304347826086 0.006793478260869565 0.007472826086956522
0 0.22282608695652173 0.48641304347826086 0.006114130434782609 0.007472826086956522
0 0.25747282608695654 0.47690217391304346 0.008152173913043478 0.008152173913043478
0 0.264945652173913 0.4639945652173913 0.009510869565217392 0.008831521739130434
0 0.27377717391304346 0.47282608695652173 0.006793478260869565 0.007472826086956522
0 0.25203804347826086 0.5033967391304348 0.008152173913043478 0.008152173913043478
0 0.29008152173913043 0.48233695652173914 0.008152173913043478 0.008152173913043478
0 0.31521739130434784 0.48845108695652173 0.006114130434782609 0.006114130434782609
0 0.33967391304347827 0.46875 0.009510869565217392 0.010190217391304348
0 0.6148097826086957 0.49796195652173914 0.006793478260869565 0.007472826086956522
0 0.6270380434782609 0.4938858695652174 0.009510869565217392 0.008831521739130434
0 0.796875 0.5033967391304348 0.010190217391304348 0.01154891304347826
0 0.7860054347826086 0.5067934782608695 0.010190217391304348 0.010190217391304348
0 0.8274456521739131 0.5040760869565217 0.010190217391304348 0.009510869565217392
0 0.9164402173913043 0.4898097826086957 0.006793478260869565 0.007472826086956522
0 0.8960597826086957 0.48165760869565216 0.009510869565217392 0.008831521739130434
0 0.8552989130434783 0.5998641304347826 0.012907608695652174 0.01154891304347826
0 0.9035326086956522 0.5910326086956522 0.009510869565217392 0.009510869565217392
0 0.9320652173913043 0.5645380434782609 0.008152173913043478 0.008831521739130434
0 0.8913043478260869 0.6283967391304348 0.010190217391304348 0.010190217391304348
0 0.7792119565217391 0.5991847826086957 0.010190217391304348 0.01154891304347826
0 0.5889945652173914 0.6447010869565217 0.010190217391304348 0.010190217391304348
0 0.5197010869565217 0.5652173913043478 0.010190217391304348 0.010190217391304348
0 0.5115489130434783 0.515625 0.008152173913043478 0.008831521739130434
0 0.6650815217391305 0.5217391304347826 0.008152173913043478 0.007472826086956522
0 0.5883152173913043 0.5271739130434783 0.010190217391304348 0.009510869565217392
0 0.42934782608695654 0.6168478260869565 0.009510869565217392 0.009510869565217392
0 0.41508152173913043 0.529891304347826 0.009510869565217392 0.008831521739130434
0 0.4361413043478261 0.53125 0.009510869565217392 0.008831521739130434
0 0.4891304347826087 0.515625 0.008152173913043478 0.008831521739130434
0 0.453804347826087 0.5339673913043478 0.009510869565217392 0.009510869565217392
0 0.33084239130434784 0.5088315217391305 0.006793478260869565 0.007472826086956522
0 0.313179347826087 0.5319293478260869 0.006793478260869565 0.007472826086956522
0 0.32133152173913043 0.5230978260869565 0.006114130434782609 0.007472826086956522
0 0.3125 0.5129076086956522 0.008152173913043478 0.008831521739130434
0 0.296195652173913 0.5081521739130435 0.006793478260869565 0.007472826086956522
0 0.33491847826086957 0.545516304347826 0.009510869565217392 0.008831521739130434
0 0.28328804347826086 0.515625 0.006793478260869565 0.006114130434782609
0 0.280570652173913 0.5237771739130435 0.006793478260869565 0.007472826086956522
0 0.2710597826086957 0.5149456521739131 0.006793478260869565 0.008152173913043478
0 0.25339673913043476 0.5135869565217391 0.008152173913043478 0.008152173913043478
0 0.2547554347826087 0.53125 0.008152173913043478 0.008152173913043478
0 0.24592391304347827 0.5224184782608695 0.008152173913043478 0.007472826086956522
0 0.2235054347826087 0.5278532608695652 0.008152173913043478 0.008152173913043478
0 0.20584239130434784 0.514266304347826 0.008152173913043478 0.008831521739130434
0 0.2269021739130435 0.5754076086956522 0.009510869565217392 0.009510869565217392
0 0.23777173913043478 0.5720108695652174 0.009510869565217392 0.008152173913043478
0 0.2710597826086957 0.5557065217391305 0.009510869565217392 0.009510869565217392
0 0.265625 0.5427989130434783 0.009510869565217392 0.009510869565217392
0 0.24048913043478262 0.5495923913043478 0.009510869565217392 0.008831521739130434
0 0.2758152173913043 0.5360054347826086 0.009510869565217392 0.008831521739130434
0 0.2758152173913043 0.6188858695652174 0.009510869565217392 0.009510869565217392
0 0.28872282608695654 0.6175271739130435 0.012228260869565218 0.010190217391304348
0 0.31929347826086957 0.6467391304347826 0.012228260869565218 0.010190217391304348
0 0.26834239130434784 0.6032608695652174 0.009510869565217392 0.008831521739130434
0 0.1956521739130435 0.6487771739130435 0.012228260869565218 0.010190217391304348
0 0.17730978260869565 0.6440217391304348 0.010190217391304348 0.010190217391304348
0 0.14741847826086957 0.6440217391304348 0.010190217391304348 0.01154891304347826
0 0.08559782608695653 0.6433423913043478 0.010190217391304348 0.009510869565217392
0 0.052309782608695655 0.6447010869565217 0.012228260869565218 0.010190217391304348
0 0.10801630434782608 0.5944293478260869 0.010190217391304348 0.008831521739130434
0 0.10801630434782608 0.578125 0.010190217391304348 0.009510869565217392
0 0.016983695652173912 0.5692934782608695 0.012228260869565218 0.01154891304347826
0 0.006793478260869565 0.5645380434782609 0.010190217391304348 0.009510869565217392
0 0.008152173913043478 0.5135869565217391 0.008152173913043478 0.007472826086956522
0 0.02377717391304348 0.5285326086956522 0.008152173913043478 0.008152173913043478
0 0.041440217391304345 0.5129076086956522 0.006793478260869565 0.007472826086956522
0 0.04823369565217391 0.516983695652174 0.006793478260869565 0.007472826086956522
0 0.06929347826086957 0.515625 0.008152173913043478 0.008152173913043478
0 0.06317934782608696 0.5088315217391305 0.008152173913043478 0.008831521739130434
0 0.09103260869565218 0.5054347826086957 0.008152173913043478 0.007472826086956522
0 0.09307065217391304 0.5217391304347826 0.008152173913043478 0.008831521739130434
0 0.11956521739130435 0.5190217391304348 0.009510869565217392 0.008152173913043478
0 0.15964673913043478 0.5176630434782609 0.008152173913043478 0.008152173913043478
0 0.11684782608695653 0.5332880434782609 0.008152173913043478 0.008152173913043478
0 0.06793478260869565 0.5292119565217391 0.009510869565217392 0.008831521739130434
0 0.04551630434782609 0.5448369565217391 0.009510869565217392 0.008152173913043478
0 0.052309782608695655 0.5394021739130435 0.008152173913043478 0.008152173913043478
0 0.050951086956521736 0.5604619565217391 0.009510869565217392 0.008152173913043478
0 0.08084239130434782 0.5665760869565217 0.010190217391304348 0.009510869565217392
0 0.0033967391304347825 0.6521739130434783 0.006793478260869565 0.012907608695652174
0 0.043478260869565216 0.6766304347826086 0.012907608695652174 0.012228260869565218
0 0.06317934782608696 0.6671195652173914 0.012228260869565218 0.01154891304347826
0 0.059782608695652176 0.7275815217391305 0.012907608695652174 0.014266304347826086
0 0.08016304347826086 0.7697010869565217 0.01358695652173913 0.012907608695652174
0 0.10122282608695653 0.7493206521739131 0.016304347826086956 0.014945652173913044
0 0.12771739130434784 0.7228260869565217 0.01358695652173913 0.014266304347826086
0 0.20380434782608695 0.7126358695652174 0.012228260869565218 0.012907608695652174
0 0.23369565217391305 0.7072010869565217 0.012228260869565218 0.012228260869565218
0 0.234375 0.6623641304347826 0.010190217391304348 0.010190217391304348
0 0.22826086956521738 0.654891304347826 0.010190217391304348 0.010190217391304348
0 0.2595108695652174 0.6447010869565217 0.010190217391304348 0.01154891304347826
0 0.26766304347826086 0.7024456521739131 0.012228260869565218 0.012228260869565218
0 0.2907608695652174 0.7411684782608695 0.012228260869565218 0.01154891304347826
0 0.26290760869565216 0.7459239130434783 0.012228260869565218 0.010190217391304348
0 0.390625 0.7703804347826086 0.012907608695652174 0.014266304347826086
0 0.41032608695652173 0.7697010869565217 0.012907608695652174 0.014266304347826086
0 0.3654891304347826 0.686141304347826 0.012907608695652174 0.012228260869565218
0 0.3797554347826087 0.6698369565217391 0.012907608695652174 0.012907608695652174
0 0.40421195652173914 0.6834239130434783 0.012228260869565218 0.01154891304347826
0 0.46875 0.65625 0.010190217391304348 0.010190217391304348
0 0.48097826086956524 0.6936141304347826 0.012228260869565218 0.01154891304347826
0 0.6324728260869565 0.6711956521739131 0.012907608695652174 0.01154891304347826
0 0.5930706521739131 0.671875 0.012228260869565218 0.01154891304347826
0 0.6691576086956522 0.6800271739130435 0.012228260869565218 0.01154891304347826
0 0.733016304347826 0.6596467391304348 0.012907608695652174 0.01154891304347826
0 0.8206521739130435 0.6773097826086957 0.010190217391304348 0.010190217391304348
0 0.8254076086956522 0.6745923913043478 0.010190217391304348 0.012228260869565218
0 0.8376358695652174 0.7167119565217391 0.012907608695652174 0.012907608695652174
0 0.7894021739130435 0.7418478260869565 0.012907608695652174 0.01154891304347826
0 0.9667119565217391 0.6487771739130435 0.012228260869565218 0.01154891304347826
0 0.9959239130434783 0.6535326086956522 0.005434782608695652 0.01154891304347826
0 0.9938858695652174 0.673233695652174 0.01154891304347826 0.012907608695652174
0 0.8851902173913043 0.7989130434782609 0.017663043478260868 0.016983695652173912
0 0.845108695652174 0.9782608695652174 0.016304347826086956 0.01970108695652174
0 0.7927989130434783 0.9714673913043478 0.021059782608695652 0.020380434782608696
0 0.8383152173913043 0.8953804347826086 0.017663043478260868 0.014945652173913044
0 0.6963315217391305 0.8817934782608695 0.017663043478260868 0.017663043478260868
0 0.6902173913043478 0.9144021739130435 0.016304347826086956 0.016983695652173912
0 0.6426630434782609 0.889266304347826 0.01970108695652174 0.018342391304347828
0 0.6413043478260869 0.8756793478260869 0.017663043478260868 0.016983695652173912
0 0.6005434782608695 0.8552989130434783 0.017663043478260868 0.016983695652173912
0 0.8519021739130435 0.7567934782608695 0.016304347826086956 0.012907608695652174
0 0.46059782608695654 0.9789402173913043 0.022418478260869564 0.021059782608695652
0 0.421195652173913 0.8322010869565217 0.012907608695652174 0.014266304347826086
0 0.41440217391304346 0.8688858695652174 0.017663043478260868 0.017663043478260868
0 0.5332880434782609 0.8546195652173914 0.01358695652173913 0.014266304347826086
0 0.4076086956521739 0.9816576086956522 0.01970108695652174 0.020380434782608696
0 0.36684782608695654 0.8668478260869565 0.016304347826086956 0.017663043478260868
0 0.19769021739130435 0.8695652173913043 0.017663043478260868 0.017663043478260868
0 0.15692934782608695 0.8987771739130435 0.01358695652173913 0.015625
0 0.13043478260869565 0.7778532608695652 0.01358695652173913 0.012907608695652174
0 0.06046195652173913 0.7907608695652174 0.015625 0.014945652173913044
0 0.05366847826086957 0.779891304347826 0.012228260869565218 0.012228260869565218
0 0.10258152173913043 0.43410326086956524 0.008831521739130434 0.006793478260869565
0 0.12092391304347826 0.4422554347826087 0.008152173913043478 0.006114130434782609
0 0.13383152173913043 0.4375 0.008152173913043478 0.006793478260869565
0 0.07744565217391304 0.44089673913043476 0.008152173913043478 0.006114130434782609
0 0.08220108695652174 0.4422554347826087 0.008831521739130434 0.006114130434782609
0 0.08695652173913043 0.4422554347826087 0.008152173913043478 0.006793478260869565
0 0.05502717391304348 0.4327445652173913 0.006793478260869565 0.005434782608695652
0 0.0625 0.4266304347826087 0.008831521739130434 0.006114130434782609
0 0.06589673913043478 0.42595108695652173 0.008152173913043478 0.006114130434782609
0 0.05638586956521739 0.41915760869565216 0.006114130434782609 0.004755434782608696
0 0.016304347826086956 0.41508152173913043 0.006793478260869565 0.005434782608695652
0 0.021059782608695652 0.42391304347826086 0.008152173913043478 0.006114130434782609
0 0.008152173913043478 0.421195652173913 0.006793478260869565 0.006114130434782609
0 0.0006793478260869565 0.4633152173913043 0.0006793478260869565 0.006793478260869565
0 0.008152173913043478 0.44429347826086957 0.008152173913043478 0.006114130434782609
0 0.02377717391304348 0.46059782608695654 0.008152173913043478 0.006793478260869565
0 0.058423913043478264 0.468070652173913 0.008831521739130434 0.006793478260869565
0 0.07269021739130435 0.4857336956521739 0.008831521739130434 0.006793478260869565
0 0.08763586956521739 0.4782608695652174 0.008831521739130434 0.006114130434782609
0 0.07676630434782608 0.4592391304347826 0.008152173913043478 0.006114130434782609
0 0.07880434782608696 0.44972826086956524 0.008152173913043478 0.006793478260869565
0 0.08967391304347826 0.453125 0.008831521739130434 0.006114130434782609
0 0.11141304347826086 0.469429347826087 0.008831521739130434 0.006793478260869565
0 0.11209239130434782 0.4517663043478261 0.008831521739130434 0.006793478260869565
0 0.11209239130434782 0.4857336956521739 0.008831521739130434 0.006793478260869565
0 0.12839673913043478 0.48777173913043476 0.008831521739130434 0.006793478260869565
0 0.1480978260869565 0.45720108695652173 0.008152173913043478 0.006793478260869565
0 0.140625 0.453125 0.008831521739130434 0.006114130434782609
0 0.1610054347826087 0.4476902173913043 0.008152173913043478 0.006793478260869565
0 0.171875 0.4327445652173913 0.008831521739130434 0.006114130434782609
0 0.18342391304347827 0.438179347826087 0.008831521739130434 0.006114130434782609
0 0.2112771739130435 0.44157608695652173 0.010190217391304348 0.007472826086956522
0 0.22758152173913043 0.44429347826086957 0.01154891304347826 0.008152173913043478
0 0.23369565217391305 0.44497282608695654 0.009510869565217392 0.007472826086956522
0 0.21739130434782608 0.46535326086956524 0.009510869565217392 0.007472826086956522
0 0.23641304347826086 0.45991847826086957 0.009510869565217392 0.007472826086956522
0 0.19769021739130435 0.49728260869565216 0.008152173913043478 0.006793478260869565
0 0.2262228260869565 0.49796195652173914 0.008152173913043478 0.006793478260869565
0 0.250679347826087 0.485054347826087 0.009510869565217392 0.006793478260869565
0 0.23029891304347827 0.47146739130434784 0.008831521739130434 0.007472826086956522
0 0.2608695652173913 0.47146739130434784 0.009510869565217392 0.006793478260869565
0 0.25203804347826086 0.4585597826086957 0.009510869565217392 0.007472826086956522
0 0.26970108695652173 0.5 0.008831521739130434 0.007472826086956522
0 0.281929347826087 0.4898097826086957 0.008831521739130434 0.006793478260869565
0 0.281929347826087 0.46059782608695654 0.010190217391304348 0.008152173913043478
0 0.3070652173913043 0.48845108695652173 0.008831521739130434 0.006793478260869565
0 0.2982336956521739 0.46467391304347827 0.009510869565217392 0.007472826086956522
0 0.3077445652173913 0.46127717391304346 0.009510869565217392 0.008152173913043478
0 0.3111413043478261 0.4701086956521739 0.009510869565217392 0.007472826086956522
0 0.313179347826087 0.4633152173913043 0.010190217391304348 0.007472826086956522
0 0.3172554347826087 0.47214673913043476 0.009510869565217392 0.007472826086956522
0 0.31997282608695654 0.46467391304347827 0.010190217391304348 0.007472826086956522
0 0.33967391304347827 0.4633152173913043 0.010190217391304348 0.007472826086956522
0 0.32540760869565216 0.4544836956521739 0.010190217391304348 0.008152173913043478
0 0.343070652173913 0.49184782608695654 0.009510869565217392 0.007472826086956522
0 0.360054347826087 0.4952445652173913 0.009510869565217392 0.007472826086956522
0 0.39334239130434784 0.4857336956521739 0.009510869565217392 0.007472826086956522
0 0.39877717391304346 0.47622282608695654 0.009510869565217392 0.007472826086956522
0 0.4008152173913043 0.48233695652173914 0.009510869565217392 0.007472826086956522
0 0.42459239130434784 0.49592391304347827 0.009510869565217392 0.008152173913043478
0 0.43342391304347827 0.5033967391304348 0.010190217391304348 0.008152173913043478
0 0.44157608695652173 0.4938858695652174 0.010190217391304348 0.008152173913043478
0 0.48709239130434784 0.4782608695652174 0.006793478260869565 0.005434782608695652
0 0.5047554347826086 0.47758152173913043 0.008152173913043478 0.005434782608695652
0 0.514266304347826 0.4673913043478261 0.008152173913043478 0.006114130434782609
0 0.5163043478260869 0.453125 0.008152173913043478 0.005434782608695652
0 0.5502717391304348 0.5081521739130435 0.010190217391304348 0.008152173913043478
0 0.5869565217391305 0.5108695652173914 0.009510869565217392 0.007472826086956522
0 0.6059782608695652 0.5040760869565217 0.009510869565217392 0.007472826086956522
0 0.5991847826086957 0.5081521739130435 0.009510869565217392 0.008152173913043478
0 0.8029891304347826 0.49252717391304346 0.010190217391304348 0.008152173913043478
0 0.8260869565217391 0.49252717391304346 0.010190217391304348 0.008152173913043478
0 0.8743206521739131 0.4701086956521739 0.010190217391304348 0.008152173913043478
0 0.9082880434782609 0.4904891304347826 0.01154891304347826 0.008152173913043478
0 0.8648097826086957 0.5998641304347826 0.012228260869565218 0.008831521739130434
0 0.8688858695652174 0.5876358695652174 0.012228260869565218 0.008831521739130434
0 0.9069293478260869 0.5788043478260869 0.01154891304347826 0.008831521739130434
0 0.8933423913043478 0.6474184782608695 0.012228260869565218 0.009510869565217392
0 0.734375 0.6188858695652174 0.012228260869565218 0.008831521739130434
0 0.7391304347826086 0.5971467391304348 0.012907608695652174 0.009510869565217392
0 0.6942934782608695 0.6188858695652174 0.01154891304347826 0.008831521739130434
0 0.6222826086956522 0.6141304347826086 0.012228260869565218 0.008831521739130434
0 0.6324728260869565 0.640625 0.012907608695652174 0.009510869565217392
0 0.5978260869565217 0.6501358695652174 0.012907608695652174 0.009510869565217392
0 0.5427989130434783 0.6331521739130435 0.012228260869565218 0.008831521739130434
0 0.5332880434782609 0.6148097826086957 0.012228260869565218 0.008831521739130434
0 0.5339673913043478 0.5971467391304348 0.012228260869565218 0.008152173913043478
0 0.5258152173913043 0.515625 0.010190217391304348 0.008152173913043478
0 0.5441576086956522 0.5217391304347826 0.010190217391304348 0.008152173913043478
0 0.6508152173913043 0.516983695652174 0.01154891304347826 0.008152173913043478
0 0.6222826086956522 0.5237771739130435 0.010190217391304348 0.008152173913043478
0 0.6066576086956522 0.5244565217391305 0.010190217391304348 0.008152173913043478
0 0.43953804347826086 0.6114130434782609 0.012228260869565218 0.008831521739130434
0 0.4578804347826087 0.6447010869565217 0.012907608695652174 0.009510869565217392
0 0.45108695652173914 0.6032608695652174 0.012228260869565218 0.008831521739130434
0 0.42595108695652173 0.5964673913043478 0.012228260869565218 0.008831521739130434
0 0.4116847826086957 0.5448369565217391 0.009510869565217392 0.008152173913043478
0 0.40421195652173914 0.5319293478260869 0.009510869565217392 0.008152173913043478
0 0.4110054347826087 0.5135869565217391 0.009510869565217392 0.007472826086956522
0 0.46127717391304346 0.5217391304347826 0.009510869565217392 0.008152173913043478
0 0.45991847826086957 0.5122282608695652 0.008831521739130434 0.007472826086956522
0 0.3804347826086957 0.5203804347826086 0.008831521739130434 0.007472826086956522
0 0.36209239130434784 0.5108695652173914 0.009510869565217392 0.007472826086956522
0 0.343070652173913 0.5108695652173914 0.008152173913043478 0.006793478260869565
0 0.32404891304347827 0.5319293478260869 0.009510869565217392 0.006793478260869565
0 0.264945652173913 0.5237771739130435 0.008831521739130434 0.007472826086956522
0 0.23233695652173914 0.5163043478260869 0.008831521739130434 0.007472826086956522
0 0.2139945652173913 0.5394021739130435 0.009510869565217392 0.007472826086956522
0 0.21603260869565216 0.5489130434782609 0.010190217391304348 0.008152173913043478
0 0.22758152173913043 0.561141304347826 0.01154891304347826 0.008152173913043478
0 0.26358695652173914 0.5699728260869565 0.01154891304347826 0.008152173913043478
0 0.28804347826086957 0.5584239130434783 0.01154891304347826 0.008152173913043478
0 0.25679347826086957 0.5495923913043478 0.010190217391304348 0.008152173913043478
0 0.23233695652173914 0.5319293478260869 0.010190217391304348 0.008152173913043478
0 0.3023097826086957 0.639266304347826 0.012228260869565218 0.008831521739130434
0 0.31589673913043476 0.6216032608695652 0.012228260869565218 0.009510869565217392
0 0.3179347826086957 0.6114130434782609 0.01154891304347826 0.008152173913043478
0 0.25815217391304346 0.6025815217391305 0.01154891304347826 0.008152173913043478
0 0.25203804347826086 0.5747282608695652 0.010190217391304348 0.008152173913043478
0 0.18070652173913043 0.5910326086956522 0.01154891304347826 0.008152173913043478
0 0.21263586956521738 0.579483695652174 0.010190217391304348 0.008152173913043478
0 0.10869565217391304 0.6426630434782609 0.012907608695652174 0.008831521739130434
0 0.06997282608695653 0.6046195652173914 0.012228260869565218 0.008831521739130434
0 0.09442934782608696 0.6005434782608695 0.012228260869565218 0.008831521739130434
0 0.11684782608695653 0.5917119565217391 0.01154891304347826 0.008152173913043478
0 0.0020380434782608695 0.5373641304347826 0.004076086956521739 0.008152173913043478
0 0.002717391304347826 0.5224184782608695 0.005434782608695652 0.006793478260869565
0 0.025815217391304348 0.516983695652174 0.008831521739130434 0.006793478260869565
0 0.10529891304347826 0.5081521739130435 0.009510869565217392 0.007472826086956522
0 0.11616847826086957 0.5 0.009510869565217392 0.006793478260869565
0 0.140625 0.5190217391304348 0.008831521739130434 0.007472826086956522
0 0.14266304347826086 0.53125 0.009510869565217392 0.007472826086956522
0 0.09782608695652174 0.5427989130434783 0.010190217391304348 0.008152173913043478
0 0.07676630434782608 0.5380434782608695 0.009510869565217392 0.008152173913043478
0 0.07065217391304347 0.5448369565217391 0.010190217391304348 0.007472826086956522
0 0.06317934782608696 0.5366847826086957 0.009510869565217392 0.007472826086956522
0 0.06929347826086957 0.5645380434782609 0.010190217391304348 0.008152173913043478
0 0.08220108695652174 0.5584239130434783 0.01154891304347826 0.008152173913043478
0 0.014266304347826086 0.670516304347826 0.01358695652173913 0.010869565217391304
0 0.03872282608695652 0.6650815217391305 0.01358695652173913 0.010190217391304348
0 0.033967391304347824 0.7302989130434783 0.015625 0.01154891304347826
0 0.10054347826086957 0.6997282608695652 0.014945652173913044 0.010869565217391304
0 0.078125 0.7180706521739131 0.015625 0.01154891304347826
0 0.14470108695652173 0.71875 0.014945652173913044 0.01154891304347826
0 0.17391304347826086 0.7153532608695652 0.015625 0.010869565217391304
0 0.17459239130434784 0.7309782608695652 0.014945652173913044 0.010869565217391304
0 0.16644021739130435 0.670516304347826 0.01358695652173913 0.009510869565217392
0 0.3111413043478261 0.7167119565217391 0.01358695652173913 0.010190217391304348
0 0.3532608695652174 0.6779891304347826 0.01358695652173913 0.010190217391304348
0 0.41915760869565216 0.6508152173913043 0.012907608695652174 0.009510869565217392
0 0.4483695652173913 0.6854619565217391 0.012907608695652174 0.010190217391304348
0 0.5115489130434783 0.6847826086956522 0.01358695652173913 0.010190217391304348
0 0.5292119565217391 0.6766304347826086 0.01358695652173913 0.009510869565217392
0 0.5543478260869565 0.6779891304347826 0.012907608695652174 0.009510869565217392
0 0.6358695652173914 0.7629076086956522 0.016304347826086956 0.012228260869565218
0 0.7105978260869565 0.6467391304347826 0.012907608695652174 0.009510869565217392
0 0.7615489130434783 0.6555706521739131 0.012907608695652174 0.010190217391304348
0 0.8057065217391305 0.6773097826086957 0.01358695652173913 0.009510869565217392
0 0.8519021739130435 0.6847826086956522 0.01358695652173913 0.010190217391304348
0 0.8566576086956522 0.6983695652173914 0.01358695652173913 0.010869565217391304
0 0.8002717391304348 0.7262228260869565 0.015625 0.01154891304347826
0 0.8729619565217391 0.7221467391304348 0.015625 0.01154891304347826
0 0.983016304347826 0.6480978260869565 0.012907608695652174 0.009510869565217392
0 0.9680706521739131 0.84375 0.019021739130434784 0.014266304347826086
0 0.7615489130434783 0.9789402173913043 0.021739130434782608 0.016983695652173912
0 0.8179347826086957 0.920516304347826 0.021059782608695652 0.015625
0 0.7364130434782609 0.8756793478260869 0.019021739130434784 0.014945652173913044
0 0.5618206521739131 0.7948369565217391 0.016304347826086956 0.012228260869565218
0 0.6399456521739131 0.811141304347826 0.017663043478260868 0.012907608695652174
0 0.6942934782608695 0.8145380434782609 0.017663043478260868 0.012907608695652174
0 0.779891304347826 0.7873641304347826 0.016304347826086956 0.012228260869565218
0 0.6963315217391305 0.7894021739130435 0.017663043478260868 0.01358695652173913
0 0.6046195652173914 0.9741847826086957 0.02309782608695652 0.018342391304347828
0 0.5258152173913043 0.9762228260869565 0.02309782608695652 0.018342391304347828
0 0.5441576086956522 0.984375 0.024456521739130436 0.018342391304347828
0 0.48165760869565216 0.9293478260869565 0.021739130434782608 0.016304347826086956
0 0.45516304347826086 0.8729619565217391 0.019021739130434784 0.014945652173913044
0 0.49796195652173914 0.8573369565217391 0.018342391304347828 0.01358695652173913
0 0.343070652173913 0.876358695652174 0.019021739130434784 0.014266304347826086
0 0.313179347826087 0.7887228260869565 0.015625 0.01154891304347826
0 0.29483695652173914 0.7697010869565217 0.014945652173913044 0.010869565217391304
0 0.18953804347826086 0.7941576086956522 0.017663043478260868 0.012907608695652174
0 0.1480978260869565 0.7737771739130435 0.016304347826086956 0.012228260869565218