0 0.15489130434782608 0.6698369565217391 0.059782608695652176 0.06725543478260869
0 0.24116847826086957 0.5944293478260869 0.06725543478260869 0.05366847826086957
0 0.15828804347826086 0.561141304347826 0.04483695652173913 0.036684782608695655
0 0.33220108695652173 0.5815217391304348 0.05570652173913043 0.04483695652173913
0 0.390625 0.4945652173913043 0.033967391304347824 0.03872282608695652
0 0.036005434782608696 0.4898097826086957 0.04008152173913043 0.03192934782608696
0 0.04076086956521739 0.46467391304347827 0.036684782608695655 0.025815217391304348
0 0.9497282608695652 0.49660326086956524 0.024456521739130436 0.021739130434782608
0 0.9639945652173914 0.47690217391304346 0.022418478260869564 0.01970108695652174
0 0.8539402173913043 0.48029891304347827 0.020380434782608696 0.024456521739130436
0 0.8036684782608695 0.4633152173913043 0.03260869565217391 0.025135869565217392
0 0.7860054347826086 0.483695652173913 0.033967391304347824 0.03192934782608696
0 0.704483695652174 0.4470108695652174 0.03328804347826087 0.029211956521739132
0 0.5985054347826086 0.45652173913043476 0.029211956521739132 0.03192934782608696
0 0.03736413043478261 0.327445652173913 0.024456521739130436 0.019021739130434784
0 0.09103260869565218 0.30434782608695654 0.025135869565217392 0.01970108695652174
0 0.15217391304347827 0.30570652173913043 0.022418478260869564 0.019021739130434784
0 0.109375 0.2717391304347826 0.021739130434782608 0.017663043478260868
0 0.24388586956521738 0.3063858695652174 0.017663043478260868 0.015625
0 0.23845108695652173 0.2235054347826087 0.024456521739130436 0.01970108695652174
0 0.20855978260869565 0.22758152173913043 0.017663043478260868 0.014266304347826086
0 0.3111413043478261 0.21739130434782608 0.022418478260869564 0.019021739130434784
0 0.26766304347826086 0.21467391304347827 0.020380434782608696 0.016983695652173912
0 0.3763586956521739 0.22826086956521738 0.019021739130434784 0.01970108695652174
0 0.453804347826087 0.23233695652173914 0.02377717391304348 0.016304347826086956
0 0.5047554347826086 0.22894021739130435 0.02377717391304348 0.019021739130434784
0 0.4110054347826087 0.30842391304347827 0.02377717391304348 0.019021739130434784
0 0.5360054347826086 0.2955163043478261 0.021739130434782608 0.018342391304347828
0 0.5394021739130435 0.22894021739130435 0.02309782608695652 0.017663043478260868
0 0.59375 0.2235054347826087 0.01970108695652174 0.018342391304347828
0 0.6256793478260869 0.2235054347826087 0.020380434782608696 0.017663043478260868
0 0.7167119565217391 0.23233695652173914 0.01970108695652174 0.016304347826086956
0 0.7860054347826086 0.2955163043478261 0.024456521739130436 0.017663043478260868
0 0.858016304347826 0.29415760869565216 0.02309782608695652 0.017663043478260868
0 0.8947010869565217 0.29279891304347827 0.021739130434782608 0.017663043478260868
0 0.8288043478260869 0.23029891304347827 0.021739130434782608 0.016983695652173912
0 0.9239130434782609 0.41032608695652173 0.017663043478260868 0.022418478260869564
0 0.9157608695652174 0.35122282608695654 0.021739130434782608 0.017663043478260868
0 0.890625 0.3702445652173913 0.02377717391304348 0.019021739130434784
0 0.826766304347826 0.421875 0.02377717391304348 0.020380434782608696
0 0.795516304347826 0.42527173913043476 0.025135869565217392 0.022418478260869564
0 0.421195652173913 0.20176630434782608 0.019021739130434784 0.016304347826086956
0 0.686141304347826 0.9381793478260869 0.07540760869565218 0.050271739130434784
0 0.5985054347826086 0.9001358695652174 0.08220108695652174 0.05502717391304348
0 0.3070652173913043 0.8396739130434783 0.09918478260869565 0.06589673913043478
0 0.26222826086956524 0.6990489130434783 0.08084239130434782 0.05366847826086957
0 0.4048913043478261 0.6005434782608695 0.06589673913043478 0.043478260869565216
0 0.47214673913043476 0.592391304347826 0.06385869565217392 0.042798913043478264
0 0.47554347826086957 0.6460597826086957 0.07269021739130435 0.04823369565217391
0 0.5570652173913043 0.6480978260869565 0.07676630434782608 0.050951086956521736
0 0.5985054347826086 0.5536684782608695 0.05366847826086957 0.036005434782608696
0 0.48097826086956524 0.5258152173913043 0.051630434782608696 0.034646739130434784
0 0.4639945652173913 0.48641304347826086 0.04823369565217391 0.03260869565217391
0 0.2139945652173913 0.4986413043478261 0.049592391304347824 0.03328804347826087
0 0.16304347826086957 0.5047554347826086 0.050271739130434784 0.033967391304347824
0 0.09103260869565218 0.49184782608695654 0.050271739130434784 0.03328804347826087
0 0.022418478260869564 0.5339673913043478 0.04483695652173913 0.03736413043478261
0 0.078125 0.452445652173913 0.04483695652173913 0.030570652173913044
0 0.12092391304347826 0.44972826086956524 0.04483695652173913 0.029891304347826088
0 0.37907608695652173 0.45652173913043476 0.04551630434782609 0.030570652173913044
0 0.828125 0.9266304347826086 0.05570652173913043 0.036684782608695655
0 0.9816576086956522 0.8152173913043478 0.036684782608695655 0.033967391304347824
0 0.8233695652173914 0.8165760869565217 0.050271739130434784 0.033967391304347824
0 0.813858695652174 0.7160326086956522 0.050271739130434784 0.033967391304347824
0 0.829483695652174 0.5176630434782609 0.03328804347826087 0.021739130434782608
0 0.8165760869565217 0.5591032608695652 0.034646739130434784 0.02309782608695652
0 0.890625 0.6542119565217391 0.04619565217391304 0.03125
0 0.8084239130434783 0.6630434782608695 0.02717391304347826 0.017663043478260868
0 0.7758152173913043 0.6460597826086957 0.02717391304347826 0.018342391304347828
0 0.035326086956521736 0.3111413043478261 0.02717391304347826 0.017663043478260868
0 0.22010869565217392 0.46059782608695654 0.04483695652173913 0.029891304347826088
0 0.4483695652173913 0.45720108695652173 0.046875 0.03125
0 0.5835597826086957 0.4110054347826087 0.03328804347826087 0.022418478260869564
0 0.5258152173913043 0.41032608695652173 0.035326086956521736 0.02309782608695652
0 0.20108695652173914 0.30978260869565216 0.025135869565217392 0.016983695652173912
0 0.23505434782608695 0.2112771739130435 0.02377717391304348 0.016304347826086956
0 0.44157608695652173 0.2982336956521739 0.025815217391304348 0.016983695652173912
0 0.48845108695652173 0.2982336956521739 0.025815217391304348 0.016983695652173912
0 0.5801630434782609 0.22554347826086957 0.02309782608695652 0.015625
0 0.7296195652173914 0.28532608695652173 0.024456521739130436 0.016304347826086956
0 0.8648097826086957 0.2235054347826087 0.02309782608695652 0.015625
0 0.84375 0.3858695652173913 0.02717391304347826 0.018342391304347828
0 0.9945652173913043 0.41440217391304346 0.010869565217391304 0.017663043478260868
0 0.10394021739130435 0.18070652173913043 0.02377717391304348 0.015625