0 0.2235054347826087 0.7364130434782609 0.03804347826086957 0.050271739130434784
0 0.501358695652174 0.5421195652173914 0.04619565217391304 0.036005434782608696
0 0.7907608695652174 0.452445652173913 0.03328804347826087 0.029211956521739132
0 0.7418478260869565 0.44497282608695654 0.021059782608695652 0.021739130434782608
0 0.7167119565217391 0.46059782608695654 0.021739130434782608 0.019021739130434784
0 0.7099184782608695 0.4857336956521739 0.026494565217391304 0.025815217391304348
0 0.4938858695652174 0.4626358695652174 0.03804347826086957 0.03192934782608696
0 0.2907608695652174 0.7119565217391305 0.03125 0.028532608695652172
0 0.15217391304347827 0.5421195652173914 0.025815217391304348 0.033967391304347824
0 0.30434782608695654 0.5040760869565217 0.033967391304347824 0.02377717391304348
0 0.18206521739130435 0.47554347826086957 0.030570652173913044 0.026494565217391304
0 0.11345108695652174 0.22554347826086957 0.019021739130434784 0.015625
0 0.1480978260869565 0.26358695652173914 0.015625 0.01358695652173913
0 0.18817934782608695 0.22826086956521738 0.017663043478260868 0.015625
0 0.203125 0.3641304347826087 0.025815217391304348 0.022418478260869564
0 0.11480978260869565 0.3539402173913043 0.025135869565217392 0.021059782608695652
0 0.11684782608695653 0.33967391304347827 0.017663043478260868 0.017663043478260868
0 0.30027173913043476 0.3960597826086957 0.01970108695652174 0.01970108695652174
0 0.26358695652173914 0.36684782608695654 0.025135869565217392 0.020380434782608696
0 0.36277173913043476 0.43546195652173914 0.02717391304347826 0.02309782608695652
0 0.484375 0.4048913043478261 0.021739130434782608 0.021739130434782608
0 0.24048913043478262 0.2758152173913043 0.014945652173913044 0.01154891304347826
0 0.25815217391304346 0.25339673913043476 0.016983695652173912 0.012907608695652174
0 0.22282608695652173 0.22554347826086957 0.017663043478260868 0.015625
0 0.6114130434782609 0.37907608695652173 0.026494565217391304 0.02309782608695652
0 0.7764945652173914 0.40625 0.019021739130434784 0.021059782608695652
0 0.84375 0.3607336956521739 0.02309782608695652 0.020380434782608696
0 0.8009510869565217 0.30434782608695654 0.017663043478260868 0.014945652173913044
0 0.748641304347826 0.30027173913043476 0.019021739130434784 0.015625
0 0.6773097826086957 0.3111413043478261 0.016983695652173912 0.01358695652173913
0 0.8654891304347826 0.2105978260869565 0.015625 0.012907608695652174
0 0.006793478260869565 0.8145380434782609 0.01358695652173913 0.033967391304347824
0 0.04891304347826087 0.7255434782608695 0.04619565217391304 0.03125
0 0.1324728260869565 0.7438858695652174 0.04823369565217391 0.03260869565217391
0 0.26222826086956524 0.7364130434782609 0.046875 0.03125
0 0.5985054347826086 0.7364130434782609 0.04823369565217391 0.03192934782608696
0 0.9626358695652174 0.7894021739130435 0.06589673913043478 0.044157608695652176
0 0.563858695652174 0.6277173913043478 0.03940217391304348 0.026494565217391304
0 0.48641304347826086 0.5699728260869565 0.03736413043478261 0.025135869565217392
0 0.4517663043478261 0.5543478260869565 0.03804347826086957 0.025135869565217392
0 0.40353260869565216 0.6243206521739131 0.043478260869565216 0.029211956521739132
0 0.625 0.48845108695652173 0.03872282608695652 0.025815217391304348
0 0.7751358695652174 0.5020380434782609 0.035326086956521736 0.02377717391304348
0 0.766983695652174 0.6542119565217391 0.05570652173913043 0.036684782608695655
0 0.9823369565217391 0.5543478260869565 0.034646739130434784 0.02309782608695652
0 0.6630434782608695 0.47758152173913043 0.03736413043478261 0.025135869565217392
0 0.23845108695652173 0.6399456521739131 0.043478260869565216 0.028532608695652172
0 0.11345108695652174 0.623641304347826 0.04076086956521739 0.026494565217391304
0 0.043478260869565216 0.576766304347826 0.03940217391304348 0.025815217391304348
0 0.19089673913043478 0.5319293478260869 0.034646739130434784 0.022418478260869564
0 0.25407608695652173 0.49184782608695654 0.035326086956521736 0.02377717391304348
0 0.11684782608695653 0.5448369565217391 0.03328804347826087 0.021739130434782608
0 0.007472826086956522 0.41440217391304346 0.014945652173913044 0.017663043478260868
0 0.06385869565217392 0.38247282608695654 0.026494565217391304 0.017663043478260868
0 0.3654891304347826 0.39266304347826086 0.029211956521739132 0.019021739130434784
0 0.609375 0.4076086956521739 0.027853260869565216 0.018342391304347828
0 0.717391304347826 0.4313858695652174 0.029211956521739132 0.019021739130434784
0 0.8077445652173914 0.41304347826086957 0.027853260869565216 0.018342391304347828
0 0.7914402173913043 0.43546195652173914 0.029211956521739132 0.01970108695652174
0 0.8457880434782609 0.21195652173913043 0.008831521739130434 0.006114130434782609
0 0.6290760869565217 0.25883152173913043 0.018342391304347828 0.012228260869565218
0 0.6032608695652174 0.22826086956521738 0.016304347826086956 0.010869565217391304