0 0.002717391304347826 0.8851902173913043 0.005434782608695652 0.014945652173913044
0 0.019021739130434784 0.8559782608695652 0.025135869565217392 0.014266304347826086
0 0.07744565217391304 0.7581521739130435 0.02309782608695652 0.010190217391304348
0 0.11752717391304347 0.8851902173913043 0.033967391304347824 0.016304347826086956
0 0.16236413043478262 0.8519021739130435 0.028532608695652172 0.014945652173913044
0 0.468070652173913 0.84375 0.03125 0.016983695652173912
0 0.8879076086956522 0.671875 0.015625 0.007472826086956522
0 0.9572010869565217 0.6277173913043478 0.010869565217391304 0.004755434782608696
0 0.654891304347826 0.6311141304347826 0.012907608695652174 0.005434782608695652
0 0.5849184782608695 0.641983695652174 0.014266304347826086 0.006793478260869565
0 0.389945652173913 0.6942934782608695 0.01970108695652174 0.008831521739130434
0 0.36684782608695654 0.7099184782608695 0.016983695652173912 0.007472826086956522
0 0.32065217391304346 0.704483695652174 0.014945652173913044 0.006793478260869565
0 0.32065217391304346 0.6827445652173914 0.018342391304347828 0.008152173913043478
0 0.3111413043478261 0.6569293478260869 0.014945652173913044 0.006793478260869565
0 0.20923913043478262 0.6942934782608695 0.016983695652173912 0.008831521739130434
0 0.4436141304347826 0.6290760869565217 0.012907608695652174 0.006114130434782609
0 0.3607336956521739 0.6229619565217391 0.010869565217391304 0.004755434782608696
0 0.26290760869565216 0.625 0.010869565217391304 0.004755434782608696
0 0.12228260869565218 0.6698369565217391 0.012907608695652174 0.007472826086956522
0 0.0625 0.6521739130434783 0.012228260869565218 0.005434782608695652
0 0.043478260869565216 0.6650815217391305 0.012907608695652174 0.006114130434782609
0 0.010190217391304348 0.6650815217391305 0.012228260869565218 0.005434782608695652
0 0.22758152173913043 0.5862771739130435 0.012228260869565218 0.005434782608695652
0 0.48029891304347827 0.5855978260869565 0.009510869565217392 0.0033967391304347825
0 0.5285326086956522 0.5855978260869565 0.009510869565217392 0.004076086956521739
0 0.6684782608695652 0.6012228260869565 0.009510869565217392 0.004755434782608696
0 0.005434782608695652 0.7466032608695652 0.010869565217391304 0.008831521739130434
0 0.17527173913043478 0.9307065217391305 0.04008152173913043 0.014945652173913044
0 0.27445652173913043 0.8926630434782609 0.03804347826086957 0.014266304347826086
0 0.20991847826086957 0.7737771739130435 0.025815217391304348 0.010190217391304348
0 0.43478260869565216 0.7533967391304348 0.027853260869565216 0.010190217391304348
0 0.5699728260869565 0.8532608695652174 0.034646739130434784 0.012907608695652174
0 0.6868206521739131 0.8410326086956522 0.034646739130434784 0.012907608695652174
0 0.9069293478260869 0.8077445652173914 0.03328804347826087 0.012228260869565218
0 0.8756793478260869 0.654891304347826 0.016304347826086956 0.006114130434782609
0 0.7927989130434783 0.6759510869565217 0.018342391304347828 0.006793478260869565
0 0.6066576086956522 0.6216032608695652 0.01358695652173913 0.005434782608695652
0 0.8913043478260869 0.6372282608695652 0.014945652173913044 0.005434782608695652
0 0.9925271739130435 0.6970108695652174 0.014945652173913044 0.007472826086956522
0 0.7554347826086957 0.6399456521739131 0.014945652173913044 0.005434782608695652
0 0.9239130434782609 0.6270380434782609 0.014266304347826086 0.005434782608695652
0 0.9877717391304348 0.6290760869565217 0.01358695652173913 0.005434782608695652
0 0.7459239130434783 0.6331521739130435 0.014266304347826086 0.005434782608695652
0 0.7323369565217391 0.6304347826086957 0.014266304347826086 0.005434782608695652
0 0.6970108695652174 0.6304347826086957 0.014266304347826086 0.005434782608695652
0 0.6936141304347826 0.6385869565217391 0.014945652173913044 0.005434782608695652
0 0.6494565217391305 0.6426630434782609 0.015625 0.005434782608695652
0 0.5883152173913043 0.6555706521739131 0.017663043478260868 0.006793478260869565
0 0.6209239130434783 0.6582880434782609 0.017663043478260868 0.006793478260869565
0 0.6535326086956522 0.6684782608695652 0.019021739130434784 0.007472826086956522
0 0.5597826086956522 0.7194293478260869 0.01970108695652174 0.007472826086956522
0 0.5163043478260869 0.7092391304347826 0.019021739130434784 0.007472826086956522
0 0.4361413043478261 0.6684782608695652 0.017663043478260868 0.006114130434782609
0 0.3294836956521739 0.7126358695652174 0.01970108695652174 0.007472826086956522
0 0.3491847826086957 0.6786684782608695 0.017663043478260868 0.006793478260869565
0 0.31657608695652173 0.6725543478260869 0.016983695652173912 0.006114130434782609
0 0.3389945652173913 0.65625 0.015625 0.006114130434782609
0 0.24932065217391305 0.7214673913043478 0.021059782608695652 0.008152173913043478
0 0.2452445652173913 0.6385869565217391 0.014945652173913044 0.005434782608695652
0 0.281929347826087 0.6175271739130435 0.012907608695652174 0.005434782608695652
0 0.10529891304347826 0.6725543478260869 0.016304347826086956 0.006114130434782609
0 0.025135869565217392 0.6569293478260869 0.012907608695652174 0.005434782608695652
0 0.012907608695652174 0.6399456521739131 0.012228260869565218 0.004755434782608696
0 0.0020380434782608695 0.5774456521739131 0.004076086956521739 0.005434782608695652
0 0.018342391304347828 0.5930706521739131 0.010190217391304348 0.0033967391304347825
0 0.09103260869565218 0.5930706521739131 0.01154891304347826 0.004076086956521739
0 0.10394021739130435 0.5760869565217391 0.010190217391304348 0.004076086956521739
0 0.1487771739130435 0.5692934782608695 0.010190217391304348 0.0033967391304347825
0 0.20380434782608695 0.5835597826086957 0.01154891304347826 0.004076086956521739
0 0.20923913043478262 0.6046195652173914 0.012228260869565218 0.004755434782608696
0 0.18410326086956522 0.6114130434782609 0.012228260869565218 0.004755434782608696
0 0.16236413043478262 0.6114130434782609 0.012228260869565218 0.004755434782608696
0 0.15625 0.5862771739130435 0.01154891304347826 0.004076086956521739
0 0.13111413043478262 0.5801630434782609 0.010869565217391304 0.004076086956521739
0 0.12364130434782608 0.5726902173913043 0.010869565217391304 0.004076086956521739
0 0.18614130434782608 0.5597826086956522 0.008152173913043478 0.002717391304347826
0 0.1766304347826087 0.561141304347826 0.009510869565217392 0.0033967391304347825
0 0.24388586956521738 0.5828804347826086 0.010869565217391304 0.004076086956521739
0 0.32404891304347827 0.5985054347826086 0.01154891304347826 0.004076086956521739
0 0.25883152173913043 0.6046195652173914 0.012228260869565218 0.004755434782608696
0 0.25407608695652173 0.5910326086956522 0.010869565217391304 0.0033967391304347825
0 0.34578804347826086 0.592391304347826 0.010869565217391304 0.004076086956521739
0 0.32404891304347827 0.5801630434782609 0.008831521739130434 0.0033967391304347825
0 0.3029891304347826 0.5726902173913043 0.007472826086956522 0.002717391304347826
0 0.28940217391304346 0.5577445652173914 0.007472826086956522 0.002717391304347826
0 0.2642663043478261 0.5543478260869565 0.007472826086956522 0.002717391304347826
0 0.39741847826086957 0.5618206521739131 0.007472826086956522 0.002717391304347826
0 0.41847826086956524 0.5631793478260869 0.007472826086956522 0.002717391304347826
0 0.38722826086956524 0.5978260869565217 0.012228260869565218 0.004076086956521739
0 0.40353260869565216 0.5985054347826086 0.012228260869565218 0.004755434782608696
0 0.41915760869565216 0.6005434782608695 0.012228260869565218 0.004755434782608696
0 0.4388586956521739 0.5917119565217391 0.01154891304347826 0.004076086956521739
0 0.4639945652173913 0.5903532608695652 0.009510869565217392 0.0033967391304347825
0 0.4470108695652174 0.5828804347826086 0.010190217391304348 0.0033967391304347825
0 0.4388586956521739 0.5876358695652174 0.010869565217391304 0.004076086956521739
0 0.46467391304347827 0.5855978260869565 0.008831521739130434 0.0033967391304347825
0 0.47146739130434784 0.6154891304347826 0.012228260869565218 0.004755434782608696
0 0.4470108695652174 0.6148097826086957 0.012228260869565218 0.004755434782608696
0 0.391304347826087 0.6134510869565217 0.012907608695652174 0.004755434782608696
0 0.41779891304347827 0.6059782608695652 0.012228260869565218 0.004755434782608696
0 0.6032608695652174 0.5747282608695652 0.007472826086956522 0.002717391304347826
0 0.529891304347826 0.595108695652174 0.010869565217391304 0.004076086956521739
0 0.5081521739130435 0.579483695652174 0.008152173913043478 0.002717391304347826
0 0.6216032608695652 0.5788043478260869 0.008152173913043478 0.002717391304347826
0 0.6086956521739131 0.6154891304347826 0.012907608695652174 0.004755434782608696
0 0.6480978260869565 0.5760869565217391 0.007472826086956522 0.002717391304347826
0 0.6854619565217391 0.5889945652173914 0.010190217391304348 0.0033967391304347825
0 0.6895380434782609 0.5998641304347826 0.01154891304347826 0.004076086956521739
0 0.7540760869565217 0.6032608695652174 0.01154891304347826 0.004755434782608696
0 0.9320652173913043 0.5998641304347826 0.01154891304347826 0.004076086956521739
0 0.7697010869565217 0.5889945652173914 0.009510869565217392 0.0033967391304347825
0 0.7730978260869565 0.6046195652173914 0.01154891304347826 0.004755434782608696
0 0.008152173913043478 0.5346467391304348 0.014945652173913044 0.005434782608695652
0 0.01358695652173913 0.5760869565217391 0.012228260869565218 0.004076086956521739
0 0.11277173913043478 0.5475543478260869 0.010869565217391304 0.004076086956521739
0 0.09035326086956522 0.5441576086956522 0.009510869565217392 0.0033967391304347825
0 0.23369565217391305 0.5495923913043478 0.006793478260869565 0.002717391304347826
0 0.21535326086956522 0.5523097826086957 0.008831521739130434 0.002717391304347826