0 0.16847826086956522 0.5672554347826086 0.12432065217391304 0.10801630434782608
0 0.4891304347826087 0.5101902173913043 0.06317934782608696 0.050951086956521736
0 0.7377717391304348 0.5101902173913043 0.06657608695652174 0.057744565217391304
0 0.7024456521739131 0.4164402173913043 0.03736413043478261 0.03328804347826087
0 0.38315217391304346 0.328804347826087 0.021739130434782608 0.024456521739130436
0 0.5258152173913043 0.26222826086956524 0.025135869565217392 0.022418478260869564
0 0.8362771739130435 0.4232336956521739 0.03328804347826087 0.028532608695652172
0 0.7697010869565217 0.35597826086956524 0.020380434782608696 0.020380434782608696
0 0.7866847826086957 0.3226902173913043 0.021739130434782608 0.019021739130434784
0 0.7595108695652174 0.3063858695652174 0.017663043478260868 0.017663043478260868
0 0.8233695652173914 0.3220108695652174 0.02377717391304348 0.01970108695652174
0 0.8485054347826086 0.33695652173913043 0.025135869565217392 0.022418478260869564
0 0.8994565217391305 0.3233695652173913 0.025135869565217392 0.02309782608695652
0 0.8036684782608695 0.2751358695652174 0.01358695652173913 0.01358695652173913
0 0.953125 0.2642663043478261 0.01154891304347826 0.010869565217391304
0 0.9375 0.2418478260869565 0.01154891304347826 0.010869565217391304
0 0.8858695652173914 0.23573369565217392 0.012228260869565218 0.01154891304347826
0 0.7574728260869565 0.16779891304347827 0.012228260869565218 0.015625
0 0.8165760869565217 0.21807065217391305 0.006793478260869565 0.009510869565217392
0 0.8478260869565217 0.21195652173913043 0.008152173913043478 0.010869565217391304
0 0.8783967391304348 0.20855978260869565 0.008152173913043478 0.008831521739130434
0 0.8926630434782609 0.21331521739130435 0.010190217391304348 0.009510869565217392
0 0.8729619565217391 0.2235054347826087 0.008152173913043478 0.008831521739130434
0 0.967391304347826 0.21535326086956522 0.006793478260869565 0.007472826086956522
0 0.998641304347826 0.21739130434782608 0.002717391304347826 0.008831521739130434
0 0.9375 0.22826086956521738 0.007472826086956522 0.008831521739130434
0 0.3111413043478261 0.7275815217391305 0.35665760869565216 0.296195652173913
0 0.27785326086956524 0.5815217391304348 0.10801630434782608 0.07201086956521739
0 0.46127717391304346 0.5849184782608695 0.10869565217391304 0.07201086956521739
0 0.796875 0.9245923913043478 0.405570652173913 0.15081521739130435
0 0.8858695652173914 0.5774456521739131 0.12296195652173914 0.11820652173913043
0 0.6501358695652174 0.6453804347826086 0.12703804347826086 0.08423913043478261
0 0.375679347826087 0.3423913043478261 0.036684782608695655 0.024456521739130436
0 0.84375 0.31453804347826086 0.024456521739130436 0.016304347826086956
0 0.9660326086956522 0.5346467391304348 0.06793478260869565 0.046875
0 0.9918478260869565 0.26222826086956524 0.01358695652173913 0.009510869565217392
0 0.9585597826086957 0.2391304347826087 0.012228260869565218 0.008152173913043478
0 0.829483695652174 0.22894021739130435 0.012228260869565218 0.008152173913043478
0 0.7785326086956522 0.2547554347826087 0.016983695652173912 0.010869565217391304
0 0.8131793478260869 0.2608695652173913 0.017663043478260868 0.01154891304347826
0 0.8125 0.203125 0.012907608695652174 0.008831521739130434
0 0.8043478260869565 0.2112771739130435 0.012907608695652174 0.008831521739130434
0 0.7961956521739131 0.2078804347826087 0.012907608695652174 0.008831521739130434
0 0.8335597826086957 0.21263586956521738 0.012907608695652174 0.008831521739130434
0 0.8457880434782609 0.19769021739130435 0.01358695652173913 0.009510869565217392
0 0.8308423913043478 0.1956521739130435 0.01358695652173913 0.009510869565217392
0 0.8206521739130435 0.19021739130434784 0.014266304347826086 0.009510869565217392
0 0.8301630434782609 0.19089673913043478 0.014266304347826086 0.009510869565217392
0 0.8165760869565217 0.1827445652173913 0.014945652173913044 0.009510869565217392
0 0.8756793478260869 0.1949728260869565 0.008152173913043478 0.005434782608695652
0 0.8838315217391305 0.20108695652173914 0.008831521739130434 0.006114130434782609
0 0.8987771739130435 0.21263586956521738 0.010190217391304348 0.006793478260869565
0 0.920516304347826 0.2105978260869565 0.010190217391304348 0.006793478260869565
0 0.9266304347826086 0.18342391304347827 0.0020380434782608695 0.001358695652173913
0 0.9952445652173914 0.2112771739130435 0.009510869565217392 0.006793478260869565
0 0.9510869565217391 0.22146739130434784 0.010869565217391304 0.007472826086956522