0 0.6902173913043478 0.9144021739130435 0.02717391304347826 0.010869565217391304
0 0.5434782608695652 0.5631793478260869 0.026494565217391304 0.01154891304347826
0 0.8247282608695652 0.6032608695652174 0.021059782608695652 0.010190217391304348
0 0.9463315217391305 0.4123641304347826 0.01970108695652174 0.008831521739130434
0 0.8675271739130435 0.45108695652173914 0.019021739130434784 0.006793478260869565
0 0.657608695652174 0.39809782608695654 0.019021739130434784 0.007472826086956522
0 0.65625 0.36616847826086957 0.022418478260869564 0.008152173913043478
0 0.9775815217391305 0.3016304347826087 0.01970108695652174 0.008152173913043478
0 0.9089673913043478 0.30570652173913043 0.017663043478260868 0.007472826086956522
0 0.782608695652174 0.2561141304347826 0.020380434782608696 0.008831521739130434
0 0.9952445652173914 0.280570652173913 0.009510869565217392 0.006793478260869565
0 0.8029891304347826 0.28328804347826086 0.017663043478260868 0.006793478260869565
0 0.7697010869565217 0.28464673913043476 0.016983695652173912 0.006793478260869565
0 0.7072010869565217 0.30842391304347827 0.020380434782608696 0.008831521739130434
0 0.6073369565217391 0.264945652173913 0.022418478260869564 0.008152173913043478
0 0.6324728260869565 0.28125 0.021059782608695652 0.008831521739130434
0 0.501358695652174 0.28872282608695654 0.017663043478260868 0.007472826086956522
0 0.438179347826087 0.311820652173913 0.016304347826086956 0.006793478260869565
0 0.3029891304347826 0.34714673913043476 0.021059782608695652 0.008831521739130434
0 0.46127717391304346 0.2561141304347826 0.017663043478260868 0.007472826086956522
0 0.2758152173913043 0.24320652173913043 0.016983695652173912 0.006793478260869565
0 0.12024456521739131 0.31453804347826086 0.016983695652173912 0.007472826086956522
0 0.006793478260869565 0.3376358695652174 0.012228260869565218 0.008831521739130434
0 0.16847826086956522 0.296875 0.01970108695652174 0.008152173913043478
0 0.01358695652173913 0.26154891304347827 0.021059782608695652 0.008152173913043478
0 0.01358695652173913 0.23505434782608695 0.01970108695652174 0.008152173913043478
0 0.058423913043478264 0.20652173913043478 0.014945652173913044 0.006114130434782609
0 0.10461956521739131 0.20176630434782608 0.017663043478260868 0.007472826086956522
0 0.09307065217391304 0.12228260869565218 0.015625 0.006793478260869565
0 0.017663043478260868 0.1324728260869565 0.012907608695652174 0.005434782608695652
0 0.20108695652173914 0.19157608695652173 0.016983695652173912 0.007472826086956522
0 0.31589673913043476 0.203125 0.017663043478260868 0.007472826086956522
0 0.2860054347826087 0.17595108695652173 0.016304347826086956 0.006793478260869565
0 0.3851902173913043 0.19701086956521738 0.016983695652173912 0.008152173913043478
0 0.4273097826086957 0.17391304347826086 0.014945652173913044 0.006114130434782609
0 0.5475543478260869 0.17119565217391305 0.016304347826086956 0.006793478260869565
0 0.48777173913043476 0.22010869565217392 0.016983695652173912 0.006793478260869565
0 0.5414402173913043 0.23301630434782608 0.017663043478260868 0.007472826086956522
0 0.561141304347826 0.13383152173913043 0.014945652173913044 0.005434782608695652
0 0.34714673913043476 0.1324728260869565 0.01358695652173913 0.005434782608695652
0 0.3220108695652174 0.13043478260869565 0.012228260869565218 0.005434782608695652
0 0.26970108695652173 0.12296195652173914 0.014266304347826086 0.006114130434782609
0 0.6820652173913043 0.11141304347826086 0.01358695652173913 0.005434782608695652
0 0.8396739130434783 0.14741847826086957 0.012228260869565218 0.004755434782608696
0 0.8491847826086957 0.19429347826086957 0.015625 0.006793478260869565
0 0.923233695652174 0.20176630434782608 0.017663043478260868 0.006793478260869565
0 0.9510869565217391 0.13654891304347827 0.01358695652173913 0.006114130434782609
0 0.9368206521739131 0.13519021739130435 0.014266304347826086 0.006114130434782609
0 0.8933423913043478 0.12635869565217392 0.015625 0.006793478260869565
0 0.9925271739130435 0.11345108695652174 0.014945652173913044 0.006793478260869565
0 0.9796195652173914 0.07065217391304347 0.015625 0.006114130434782609
0 0.9334239130434783 0.06046195652173913 0.012228260869565218 0.004755434782608696
0 0.9110054347826086 0.07608695652173914 0.014945652173913044 0.006114130434782609
0 0.8206521739130435 0.06861413043478261 0.014266304347826086 0.005434782608695652
0 0.7663043478260869 0.06861413043478261 0.01358695652173913 0.005434782608695652
0 0.7167119565217391 0.036005434782608696 0.01358695652173913 0.005434782608695652
0 0.6745923913043478 0.014266304347826086 0.009510869565217392 0.004076086956521739
0 0.657608695652174 0.04008152173913043 0.010190217391304348 0.004076086956521739
0 0.5862771739130435 0.035326086956521736 0.01154891304347826 0.004755434782608696
0 0.5672554347826086 0.041440217391304345 0.012228260869565218 0.004755434782608696
0 0.5394021739130435 0.05366847826086957 0.012228260869565218 0.005434782608695652
0 0.5883152173913043 0.06453804347826086 0.014266304347826086 0.006114130434782609
0 0.5346467391304348 0.07336956521739131 0.01358695652173913 0.005434782608695652
0 0.49252717391304346 0.08355978260869565 0.012907608695652174 0.005434782608695652
0 0.5217391304347826 0.12364130434782608 0.009510869565217392 0.0033967391304347825
0 0.358695652173913 0.033967391304347824 0.012907608695652174 0.005434782608695652
0 0.24796195652173914 0.07133152173913043 0.014945652173913044 0.006114130434782609
0 0.2452445652173913 0.09103260869565218 0.01358695652173913 0.005434782608695652
0 0.20720108695652173 0.10054347826086957 0.014266304347826086 0.006114130434782609
0 0.11480978260869565 0.10665760869565218 0.01358695652173913 0.006114130434782609
0 0.12228260869565218 0.050951086956521736 0.014945652173913044 0.006793478260869565
0 0.06793478260869565 0.04076086956521739 0.01358695652173913 0.006114130434782609
0 0.042798913043478264 0.046875 0.014945652173913044 0.006114130434782609
0 0.10801630434782608 0.022418478260869564 0.01154891304347826 0.004755434782608696
0 0.717391304347826 0.8023097826086957 0.03192934782608696 0.010190217391304348
0 0.6100543478260869 0.7703804347826086 0.03125 0.010190217391304348
0 0.006114130434782609 0.9191576086956522 0.012228260869565218 0.01154891304347826
0 0.7887228260869565 0.7194293478260869 0.02717391304347826 0.009510869565217392
0 0.7601902173913043 0.748641304347826 0.029891304347826088 0.010190217391304348
0 0.48777173913043476 0.704483695652174 0.027853260869565216 0.009510869565217392
0 0.31657608695652173 0.6677989130434783 0.02717391304347826 0.008831521739130434
0 0.21603260869565216 0.6351902173913043 0.026494565217391304 0.008831521739130434
0 0.9884510869565217 0.5509510869565217 0.022418478260869564 0.008831521739130434
0 0.873641304347826 0.46059782608695654 0.02377717391304348 0.007472826086956522
0 0.8512228260869565 0.38247282608695654 0.021739130434782608 0.006793478260869565
0 0.9565217391304348 0.2982336956521739 0.01970108695652174 0.006793478260869565
0 0.8410326086956522 0.3077445652173913 0.020380434782608696 0.006793478260869565
0 0.8872282608695652 0.27309782608695654 0.021059782608695652 0.006793478260869565
0 0.8586956521739131 0.2513586956521739 0.01970108695652174 0.006793478260869565
0 0.7710597826086957 0.30978260869565216 0.021739130434782608 0.007472826086956522
0 0.7615489130434783 0.23777173913043478 0.020380434782608696 0.006793478260869565
0 0.9402173913043478 0.22282608695652173 0.01970108695652174 0.006793478260869565
0 0.9612771739130435 0.25815217391304346 0.020380434782608696 0.006793478260869565
0 0.5570652173913043 0.25747282608695654 0.020380434782608696 0.006793478260869565
0 0.626358695652174 0.30027173913043476 0.020380434782608696 0.006793478260869565
0 0.4626358695652174 0.3125 0.021739130434782608 0.007472826086956522
0 0.4517663043478261 0.33967391304347827 0.021739130434782608 0.007472826086956522
0 0.30978260869565216 0.343070652173913 0.021059782608695652 0.007472826086956522
0 0.23097826086956522 0.33491847826086957 0.021739130434782608 0.007472826086956522
0 0.296195652173913 0.30095108695652173 0.020380434782608696 0.006793478260869565
0 0.327445652173913 0.2982336956521739 0.021059782608695652 0.006793478260869565
0 0.34103260869565216 0.28328804347826086 0.020380434782608696 0.006793478260869565
0 0.26222826086956524 0.29008152173913043 0.020380434782608696 0.006793478260869565
0 0.40353260869565216 0.2561141304347826 0.01970108695652174 0.006114130434782609
0 0.45720108695652173 0.23641304347826086 0.01970108695652174 0.006793478260869565
0 0.3172554347826087 0.24728260869565216 0.01970108695652174 0.006793478260869565
0 0.1644021739130435 0.33967391304347827 0.021059782608695652 0.006793478260869565
0 0.12228260869565218 0.3423913043478261 0.021059782608695652 0.006793478260869565
0 0.07608695652173914 0.32540760869565216 0.021739130434782608 0.007472826086956522
0 0.004755434782608696 0.3688858695652174 0.008831521739130434 0.006793478260869565
0 0.16983695652173914 0.30842391304347827 0.021059782608695652 0.006793478260869565
0 0.07269021739130435 0.23709239130434784 0.01970108695652174 0.006793478260869565
0 0.04619565217391304 0.250679347826087 0.020380434782608696 0.006793478260869565
0 0.002717391304347826 0.18546195652173914 0.005434782608695652 0.006114130434782609
0 0.057065217391304345 0.1766304347826087 0.017663043478260868 0.006114130434782609
0 0.014945652173913044 0.17730978260869565 0.017663043478260868 0.006114130434782609
0 0.004076086956521739 0.12839673913043478 0.008152173913043478 0.005434782608695652
0 0.266304347826087 0.18682065217391305 0.018342391304347828 0.006114130434782609
0 0.35529891304347827 0.17255434782608695 0.017663043478260868 0.006114130434782609
0 0.32133152173913043 0.1514945652173913 0.016304347826086956 0.005434782608695652
0 0.26222826086956524 0.15557065217391305 0.016983695652173912 0.005434782608695652
0 0.23573369565217392 0.15625 0.017663043478260868 0.006114130434782609
0 0.43546195652173914 0.18817934782608695 0.018342391304347828 0.006114130434782609
0 0.47690217391304346 0.20380434782608695 0.019021739130434784 0.006114130434782609
0 0.452445652173913 0.19701086956521738 0.019021739130434784 0.006114130434782609
0 0.48029891304347827 0.1766304347826087 0.016983695652173912 0.005434782608695652
0 0.4375 0.22894021739130435 0.019021739130434784 0.006114130434782609
0 0.7398097826086957 0.2262228260869565 0.01970108695652174 0.006793478260869565
0 0.5822010869565217 0.1949728260869565 0.018342391304347828 0.006114130434782609
0 0.6372282608695652 0.18410326086956522 0.016983695652173912 0.006114130434782609
0 0.6440217391304348 0.15625 0.015625 0.005434782608695652
0 0.38179347826086957 0.12635869565217392 0.014945652173913044 0.004755434782608696
0 0.6100543478260869 0.12092391304347826 0.014945652173913044 0.005434782608695652
0 0.7710597826086957 0.17391304347826086 0.016983695652173912 0.006114130434782609
0 0.8505434782608695 0.18138586956521738 0.017663043478260868 0.006114130434782609
0 0.8396739130434783 0.1983695652173913 0.01970108695652174 0.006114130434782609
0 0.8104619565217391 0.21195652173913043 0.018342391304347828 0.006114130434782609
0 0.8811141304347826 0.11345108695652174 0.015625 0.005434782608695652
0 0.9769021739130435 0.08967391304347826 0.014945652173913044 0.004755434782608696
0 0.8858695652173914 0.08491847826086957 0.016304347826086956 0.005434782608695652
0 0.8872282608695652 0.059103260869565216 0.014266304347826086 0.004755434782608696
0 0.7751358695652174 0.06385869565217392 0.014266304347826086 0.004755434782608696
0 0.829483695652174 0.057744565217391304 0.014266304347826086 0.004755434782608696
0 0.733016304347826 0.058423913043478264 0.014266304347826086 0.004755434782608696
0 0.7880434782608695 0.044157608695652176 0.01358695652173913 0.004755434782608696
0 0.875 0.022418478260869564 0.010869565217391304 0.004076086956521739
0 0.984375 0.010190217391304348 0.0020380434782608695 0.0006793478260869565
0 0.78125 0.10461956521739131 0.015625 0.005434782608695652
0 0.608016304347826 0.035326086956521736 0.012907608695652174 0.004076086956521739
0 0.5360054347826086 0.04551630434782609 0.012907608695652174 0.004076086956521739
0 0.6385869565217391 0.05502717391304348 0.014266304347826086 0.004755434782608696
0 0.6990489130434783 0.08491847826086957 0.015625 0.004755434782608696
0 0.4476902173913043 0.08355978260869565 0.014266304347826086 0.004755434782608696
0 0.4592391304347826 0.042119565217391304 0.01358695652173913 0.004755434782608696
0 0.48097826086956524 0.052309782608695655 0.01358695652173913 0.004755434782608696
0 0.5597826086956522 0.015625 0.010869565217391304 0.0033967391304347825
0 0.49252717391304346 0.0033967391304347825 0.010190217391304348 0.0033967391304347825
0 0.4592391304347826 0.0020380434782608695 0.009510869565217392 0.0033967391304347825
0 0.6025815217391305 0.0006793478260869565 0.009510869565217392 0.001358695652173913
0 0.47758152173913043 0.029211956521739132 0.012907608695652174 0.004076086956521739
0 0.4116847826086957 0.028532608695652172 0.01358695652173913 0.004755434782608696
0 0.3797554347826087 0.007472826086956522 0.012228260869565218 0.004076086956521739
0 0.3138586956521739 0.012228260869565218 0.01358695652173913 0.004755434782608696
0 0.21535326086956522 0.001358695652173913 0.014945652173913044 0.002717391304347826
0 0.18410326086956522 0.001358695652173913 0.014945652173913044 0.002717391304347826
0 0.3335597826086957 0.030570652173913044 0.014266304347826086 0.004755434782608696
0 0.35258152173913043 0.028532608695652172 0.012907608695652174 0.004076086956521739
0 0.23845108695652173 0.02377717391304348 0.014945652173913044 0.004755434782608696
0 0.40896739130434784 0.03872282608695652 0.01358695652173913 0.004755434782608696
0 0.34714673913043476 0.04823369565217391 0.014266304347826086 0.004755434782608696
0 0.14605978260869565 0.04483695652173913 0.015625 0.005434782608695652
0 0.041440217391304345 0.001358695652173913 0.014266304347826086 0.0020380434782608695
0 0.02377717391304348 0.001358695652173913 0.014266304347826086 0.0020380434782608695
0 0.005434782608695652 0.022418478260869564 0.010869565217391304 0.004076086956521739
0 0.17459239130434784 0.029891304347826088 0.014945652173913044 0.005434782608695652