0 0.7262228260869565 0.4782608695652174 0.03125 0.03125
0 0.7588315217391305 0.47690217391304346 0.03260869565217391 0.03125
0 0.875 0.4830163043478261 0.021059782608695652 0.022418478260869564
0 0.8505434782608695 0.42595108695652173 0.01970108695652174 0.018342391304347828
0 0.8104619565217391 0.41372282608695654 0.019021739130434784 0.020380434782608696
0 0.48777173913043476 0.40625 0.012228260869565218 0.014945652173913044
0 0.22554347826086957 0.37907608695652173 0.012228260869565218 0.014945652173913044
0 0.2758152173913043 0.3498641304347826 0.012228260869565218 0.014945652173913044
0 0.26290760869565216 0.3491847826086957 0.009510869565217392 0.010869565217391304
0 0.24660326086956522 0.34578804347826086 0.008152173913043478 0.010869565217391304
0 0.22826086956521738 0.34782608695652173 0.008152173913043478 0.010869565217391304
0 0.1983695652173913 0.34714673913043476 0.008152173913043478 0.010869565217391304
0 0.0006793478260869565 0.35529891304347827 0.001358695652173913 0.017663043478260868
0 0.39741847826086957 0.39470108695652173 0.014266304347826086 0.021059782608695652
0 0.41372282608695654 0.3498641304347826 0.01154891304347826 0.012228260869565218
0 0.43410326086956524 0.35122282608695654 0.01154891304347826 0.012228260869565218
0 0.6148097826086957 0.344429347826087 0.009510869565217392 0.010869565217391304
0 0.8274456521739131 0.38722826086956524 0.015625 0.020380434782608696
0 0.8654891304347826 0.389945652173913 0.016983695652173912 0.020380434782608696
0 0.8845108695652174 0.3851902173913043 0.019021739130434784 0.020380434782608696
0 0.9069293478260869 0.374320652173913 0.014266304347826086 0.016983695652173912
0 0.9252717391304348 0.3688858695652174 0.014266304347826086 0.017663043478260868
0 0.9225543478260869 0.3532608695652174 0.01154891304347826 0.01358695652173913
0 0.8940217391304348 0.35733695652173914 0.01154891304347826 0.01358695652173913
0 0.7989130434782609 0.35529891304347827 0.01154891304347826 0.01358695652173913
0 0.8777173913043478 0.33967391304347827 0.01154891304347826 0.010869565217391304
0 0.9144021739130435 0.33152173913043476 0.01154891304347826 0.010869565217391304
0 0.907608695652174 0.3233695652173913 0.009510869565217392 0.008152173913043478
0 0.8702445652173914 0.33016304347826086 0.01154891304347826 0.010869565217391304
0 0.8471467391304348 0.33695652173913043 0.01154891304347826 0.012228260869565218
0 0.798233695652174 0.3335597826086957 0.01154891304347826 0.012228260869565218
0 0.23097826086956522 0.7133152173913043 0.03940217391304348 0.035326086956521736
0 0.36209239130434784 0.8899456521739131 0.06385869565217392 0.05570652173913043
0 0.5849184782608695 0.8770380434782609 0.058423913043478264 0.051630434782608696
0 0.05434782608695652 0.5373641304347826 0.03260869565217391 0.028532608695652172
0 0.20448369565217392 0.546875 0.029891304347826088 0.02717391304347826
0 0.16236413043478262 0.43002717391304346 0.021059782608695652 0.01970108695652174
0 0.4014945652173913 0.514266304347826 0.021739130434782608 0.01970108695652174
0 0.41779891304347827 0.4585597826086957 0.01970108695652174 0.016983695652173912
0 0.48777173913043476 0.44497282608695654 0.025815217391304348 0.02309782608695652
0 0.4741847826086957 0.43342391304347827 0.017663043478260868 0.016983695652173912
0 0.34035326086956524 0.41372282608695654 0.019021739130434784 0.017663043478260868
0 0.3125 0.40217391304347827 0.019021739130434784 0.016983695652173912
0 0.39334239130434784 0.436820652173913 0.017663043478260868 0.015625
0 0.3967391304347826 0.422554347826087 0.016983695652173912 0.015625
0 0.38722826086956524 0.39741847826086957 0.016983695652173912 0.01358695652173913
0 0.7961956521739131 0.49592391304347827 0.03125 0.028532608695652172
0 0.8036684782608695 0.47282608695652173 0.027853260869565216 0.025815217391304348
0 0.5679347826086957 0.4232336956521739 0.025135869565217392 0.022418478260869564
0 0.4585597826086957 0.38858695652173914 0.015625 0.01358695652173913
0 0.42595108695652173 0.38315217391304346 0.014266304347826086 0.012907608695652174
0 0.4008152173913043 0.36752717391304346 0.01358695652173913 0.012907608695652174
0 0.4157608695652174 0.36345108695652173 0.012228260869565218 0.012228260869565218
0 0.2703804347826087 0.375679347826087 0.015625 0.012907608695652174
0 0.18206521739130435 0.3858695652173913 0.016983695652173912 0.014945652173913044
0 0.19972826086956522 0.3648097826086957 0.014266304347826086 0.012907608695652174
0 0.18953804347826086 0.36684782608695654 0.014266304347826086 0.012907608695652174
0 0.2418478260869565 0.3580163043478261 0.01358695652173913 0.010869565217391304
0 0.2866847826086957 0.34782608695652173 0.01154891304347826 0.010190217391304348
0 0.21535326086956522 0.34578804347826086 0.01154891304347826 0.010190217391304348
0 0.18614130434782608 0.34714673913043476 0.01154891304347826 0.010190217391304348
0 0.010190217391304348 0.3688858695652174 0.015625 0.01358695652173913
0 0.006114130434782609 0.36277173913043476 0.012228260869565218 0.012907608695652174
0 0.29347826086956524 0.3546195652173913 0.012228260869565218 0.010869565217391304
0 0.390625 0.35122282608695654 0.012228260869565218 0.010869565217391304
0 0.4279891304347826 0.34782608695652173 0.012228260869565218 0.010869565217391304
0 0.46059782608695654 0.3539402173913043 0.012228260869565218 0.010869565217391304
0 0.6270380434782609 0.34646739130434784 0.010190217391304348 0.009510869565217392
0 0.5604619565217391 0.35258152173913043 0.012228260869565218 0.012228260869565218
0 0.5264945652173914 0.3498641304347826 0.01154891304347826 0.009510869565217392
0 0.5523097826086957 0.39741847826086957 0.021059782608695652 0.018342391304347828
0 0.5658967391304348 0.40217391304347827 0.021739130434782608 0.018342391304347828
0 0.610733695652174 0.40421195652173914 0.021739130434782608 0.01970108695652174
0 0.876358695652174 0.3858695652173913 0.017663043478260868 0.016983695652173912
0 0.891983695652174 0.37296195652173914 0.017663043478260868 0.014945652173913044
0 0.9171195652173914 0.36345108695652173 0.015625 0.01358695652173913
0 0.8804347826086957 0.3539402173913043 0.014266304347826086 0.012907608695652174
0 0.8641304347826086 0.35665760869565216 0.015625 0.012907608695652174
0 0.8172554347826086 0.359375 0.015625 0.012907608695652174
0 0.8539402173913043 0.3498641304347826 0.01358695652173913 0.012907608695652174
0 0.8885869565217391 0.31453804347826086 0.008152173913043478 0.007472826086956522
0 0.8702445652173914 0.32472826086956524 0.010190217391304348 0.009510869565217392
0 0.8559782608695652 0.33491847826086957 0.01154891304347826 0.010190217391304348
0 0.860733695652174 0.327445652173913 0.01154891304347826 0.010190217391304348
0 0.8519021739130435 0.32540760869565216 0.010190217391304348 0.010190217391304348
0 0.845108695652174 0.32472826086956524 0.01154891304347826 0.009510869565217392
0 0.8349184782608695 0.3294836956521739 0.01154891304347826 0.009510869565217392
0 0.8349184782608695 0.3342391304347826 0.01154891304347826 0.010869565217391304
0 0.8213315217391305 0.327445652173913 0.010190217391304348 0.010190217391304348
0 0.8043478260869565 0.34578804347826086 0.01358695652173913 0.012228260869565218
0 0.7941576086956522 0.32608695652173914 0.01154891304347826 0.009510869565217392
0 0.798233695652174 0.31589673913043476 0.009510869565217392 0.008152173913043478
0 0.7934782608695652 0.31046195652173914 0.007472826086956522 0.006793478260869565
0 0.8118206521739131 0.30502717391304346 0.005434782608695652 0.005434782608695652
0 0.829483695652174 0.3220108695652174 0.010190217391304348 0.009510869565217392
0 0.8383152173913043 0.32133152173913043 0.010190217391304348 0.009510869565217392
0 0.8464673913043478 0.31453804347826086 0.010190217391304348 0.009510869565217392
0 0.860733695652174 0.313179347826087 0.010190217391304348 0.009510869565217392
0 0.8729619565217391 0.31046195652173914 0.008152173913043478 0.007472826086956522
0 0.8865489130434783 0.32608695652173914 0.010190217391304348 0.009510869565217392
0 0.8783967391304348 0.3186141304347826 0.009510869565217392 0.009510869565217392
0 0.8648097826086957 0.30434782608695654 0.010190217391304348 0.009510869565217392
0 0.858016304347826 0.3063858695652174 0.009510869565217392 0.009510869565217392
0 0.8342391304347826 0.3063858695652174 0.010190217391304348 0.008152173913043478
0 0.8355978260869565 0.297554347826087 0.009510869565217392 0.008152173913043478
0 0.8396739130434783 0.29279891304347827 0.008152173913043478 0.007472826086956522
0 0.8254076086956522 0.2914402173913043 0.009510869565217392 0.007472826086956522
0 0.8315217391304348 0.2921195652173913 0.008152173913043478 0.008152173913043478
0 0.8063858695652174 0.2982336956521739 0.004076086956521739 0.002717391304347826
0 0.795516304347826 0.29415760869565216 0.0020380434782608695 0.0006793478260869565
0 0.8158967391304348 0.2914402173913043 0.008152173913043478 0.007472826086956522
0 0.8233695652173914 0.3179347826086957 0.009510869565217392 0.008152173913043478