0 0.47078804347826086 0.09986413043478261 0.029891304347826088 0.028532608695652172
0 0.5421195652173914 0.09578804347826086 0.02717391304347826 0.029211956521739132
0 0.626358695652174 0.08899456521739131 0.027853260869565216 0.030570652173913044
0 0.6875 0.08695652173913043 0.02717391304347826 0.029211956521739132
0 0.7336956521739131 0.07608695652173914 0.029211956521739132 0.028532608695652172
0 0.8627717391304348 0.10054347826086957 0.02717391304347826 0.03260869565217391
0 0.8913043478260869 0.07201086956521739 0.026494565217391304 0.030570652173913044
0 0.9300271739130435 0.09035326086956522 0.027853260869565216 0.029211956521739132
0 0.9578804347826086 0.078125 0.029891304347826088 0.030570652173913044
0 0.9850543478260869 0.07880434782608696 0.026494565217391304 0.027853260869565216
0 0.19089673913043478 0.35258152173913043 0.026494565217391304 0.029211956521739132
0 0.13043478260869565 0.37703804347826086 0.026494565217391304 0.030570652173913044
0 0.10597826086956522 0.3967391304347826 0.03260869565217391 0.030570652173913044
0 0.058423913043478264 0.4001358695652174 0.028532608695652172 0.03736413043478261
0 0.008831521739130434 0.40217391304347827 0.017663043478260868 0.041440217391304345
0 0.24456521739130435 0.3858695652173913 0.03125 0.04008152173913043
0 0.2873641304347826 0.4110054347826087 0.029891304347826088 0.03804347826086957
0 0.30570652173913043 0.4014945652173913 0.028532608695652172 0.035326086956521736
0 0.3702445652173913 0.3702445652173913 0.029891304347826088 0.029211956521739132
0 0.390625 0.38858695652173914 0.028532608695652172 0.03260869565217391
0 0.3953804347826087 0.41847826086956524 0.03260869565217391 0.030570652173913044
0 0.4476902173913043 0.38654891304347827 0.030570652173913044 0.03940217391304348
0 0.4945652173913043 0.4164402173913043 0.03125 0.033967391304347824
0 0.4938858695652174 0.390625 0.03125 0.033967391304347824
0 0.5101902173913043 0.34646739130434784 0.033967391304347824 0.034646739130434784
0 0.548233695652174 0.38858695652173914 0.03328804347826087 0.036684782608695655
0 0.5855978260869565 0.389945652173913 0.028532608695652172 0.03260869565217391
0 0.6277173913043478 0.4273097826086957 0.034646739130434784 0.042119565217391304
0 0.657608695652174 0.40217391304347827 0.034646739130434784 0.03125
0 0.7092391304347826 0.40896739130434784 0.034646739130434784 0.041440217391304345
0 0.7180706521739131 0.38383152173913043 0.03328804347826087 0.033967391304347824
0 0.7730978260869565 0.3688858695652174 0.036005434782608696 0.03736413043478261
0 0.7139945652173914 0.32608695652173914 0.036005434782608696 0.035326086956521736
0 0.641983695652174 0.3179347826086957 0.03328804347826087 0.030570652173913044
0 0.6012228260869565 0.33152173913043476 0.03192934782608696 0.03125
0 0.75 0.30366847826086957 0.03328804347826087 0.03804347826086957
0 0.8335597826086957 0.3294836956521739 0.034646739130434784 0.03125
0 0.8288043478260869 0.3953804347826087 0.03804347826086957 0.04008152173913043
0 0.8682065217391305 0.35733695652173914 0.03804347826086957 0.034646739130434784
0 0.8885869565217391 0.32065217391304346 0.03125 0.029211956521739132
0 0.9055706521739131 0.36616847826086957 0.03125 0.029211956521739132
0 0.9721467391304348 0.34103260869565216 0.03328804347826087 0.033967391304347824
0 0.985733695652174 0.4422554347826087 0.027853260869565216 0.035326086956521736
0 0.8172554347826086 0.4436141304347826 0.034646739130434784 0.03940217391304348
0 0.8682065217391305 0.49728260869565216 0.027853260869565216 0.03804347826086957
0 0.78125 0.468070652173913 0.036005434782608696 0.04008152173913043
0 0.7391304347826086 0.46671195652173914 0.029211956521739132 0.036005434782608696
0 0.7493206521739131 0.49592391304347827 0.033967391304347824 0.044157608695652176
0 0.8301630434782609 0.5264945652173914 0.03125 0.04008152173913043
0 0.6304347826086957 0.5047554347826086 0.033967391304347824 0.043478260869565216
0 0.5394021739130435 0.48709239130434784 0.03260869565217391 0.03804347826086957
0 0.5067934782608695 0.5054347826086957 0.03328804347826087 0.04619565217391304
0 0.41915760869565216 0.4796195652173913 0.025815217391304348 0.036005434782608696
0 0.3804347826086957 0.5040760869565217 0.03328804347826087 0.041440217391304345
0 0.3654891304347826 0.4578804347826087 0.022418478260869564 0.03260869565217391
0 0.28396739130434784 0.5040760869565217 0.026494565217391304 0.034646739130434784
0 0.22078804347826086 0.4796195652173913 0.03328804347826087 0.03736413043478261
0 0.010869565217391304 0.468070652173913 0.020380434782608696 0.035326086956521736
0 0.07948369565217392 0.49796195652173914 0.036684782608695655 0.033967391304347824
0 0.027853260869565216 0.515625 0.033967391304347824 0.04008152173913043
0 0.15081521739130435 0.515625 0.022418478260869564 0.025135869565217392
0 0.1956521739130435 0.49592391304347827 0.030570652173913044 0.041440217391304345
0 0.027853260869565216 0.5815217391304348 0.03192934782608696 0.034646739130434784
0 0.16032608695652173 0.5842391304347826 0.02717391304347826 0.034646739130434784
0 0.12567934782608695 0.5964673913043478 0.036005434782608696 0.041440217391304345
0 0.28464673913043476 0.5754076086956522 0.036684782608695655 0.04483695652173913
0 0.06929347826086957 0.7072010869565217 0.033967391304347824 0.050951086956521736
0 0.006793478260869565 0.7092391304347826 0.01358695652173913 0.042798913043478264
0 0.11684782608695653 0.8641304347826086 0.030570652173913044 0.04891304347826087
0 0.5101902173913043 0.860733695652174 0.027853260869565216 0.04008152173913043
0 0.4422554347826087 0.7398097826086957 0.030570652173913044 0.04483695652173913
0 0.4232336956521739 0.5604619565217391 0.02377717391304348 0.03940217391304348
0 0.453125 0.5441576086956522 0.026494565217391304 0.041440217391304345
0 0.657608695652174 0.5686141304347826 0.033967391304347824 0.036005434782608696
0 0.5747282608695652 0.6270380434782609 0.026494565217391304 0.041440217391304345
0 0.9008152173913043 0.6447010869565217 0.026494565217391304 0.033967391304347824
0 0.9483695652173914 0.5502717391304348 0.026494565217391304 0.03804347826086957
0 0.7792119565217391 0.08559782608695653 0.030570652173913044 0.02717391304347826
0 0.17595108695652173 0.4001358695652174 0.033967391304347824 0.029891304347826088
0 0.31929347826086957 0.38790760869565216 0.034646739130434784 0.030570652173913044
0 0.5149456521739131 0.40421195652173914 0.036005434782608696 0.03192934782608696
0 0.485054347826087 0.436820652173913 0.036005434782608696 0.03192934782608696
0 0.6025815217391305 0.4110054347826087 0.036005434782608696 0.03260869565217391
0 0.5862771739130435 0.43546195652173914 0.036684782608695655 0.03260869565217391
0 0.701766304347826 0.3695652173913043 0.03804347826086957 0.033967391304347824
0 0.7370923913043478 0.37228260869565216 0.03804347826086957 0.033967391304347824
0 0.9164402173913043 0.39877717391304346 0.036684782608695655 0.03260869565217391
0 0.9721467391304348 0.30978260869565216 0.033967391304347824 0.029891304347826088
0 0.9925271739130435 0.47622282608695654 0.014945652173913044 0.034646739130434784
0 0.9966032608695652 0.5074728260869565 0.006114130434782609 0.035326086956521736
0 0.7900815217391305 0.42595108695652173 0.03872282608695652 0.033967391304347824
0 0.9123641304347826 0.4476902173913043 0.03736413043478261 0.03328804347826087
0 0.8933423913043478 0.4639945652173913 0.03736413043478261 0.03260869565217391
0 0.8634510869565217 0.469429347826087 0.03804347826086957 0.033967391304347824
0 0.8994565217391305 0.49592391304347827 0.03736413043478261 0.033967391304347824
0 0.9334239130434783 0.5033967391304348 0.03804347826086957 0.033967391304347824
0 0.8403532608695652 0.5434782608695652 0.036005434782608696 0.03192934782608696
0 0.7547554347826086 0.5604619565217391 0.03736413043478261 0.033967391304347824
0 0.7207880434782609 0.5631793478260869 0.03736413043478261 0.03328804347826087
0 0.3485054347826087 0.49252717391304346 0.036005434782608696 0.03192934782608696
0 0.3342391304347826 0.48165760869565216 0.033967391304347824 0.029891304347826088
0 0.27445652173913043 0.484375 0.036005434782608696 0.03260869565217391
0 0.06114130434782609 0.46671195652173914 0.033967391304347824 0.029891304347826088
0 0.08763586956521739 0.5217391304347826 0.034646739130434784 0.03125
0 0.057065217391304345 0.6297554347826086 0.036684782608695655 0.03260869565217391
0 0.030570652173913044 0.6433423913043478 0.036684782608695655 0.03260869565217391
0 0.052309782608695655 0.6671195652173914 0.036684782608695655 0.03260869565217391
0 0.06997282608695653 0.6596467391304348 0.036684782608695655 0.03260869565217391
0 0.09714673913043478 0.65625 0.036684782608695655 0.03260869565217391
0 0.16032608695652173 0.6358695652173914 0.04076086956521739 0.036005434782608696
0 0.17391304347826086 0.657608695652174 0.03804347826086957 0.03328804347826087
0 0.24728260869565216 0.6012228260869565 0.03872282608695652 0.033967391304347824
0 0.35733695652173914 0.5509510869565217 0.036684782608695655 0.03260869565217391
0 0.12839673913043478 0.704483695652174 0.03872282608695652 0.033967391304347824
0 0.078125 0.7615489130434783 0.03872282608695652 0.034646739130434784
0 0.13519021739130435 0.7432065217391305 0.03940217391304348 0.034646739130434784
0 0.24660326086956522 0.7493206521739131 0.03872282608695652 0.034646739130434784
0 0.09578804347826086 0.8247282608695652 0.04076086956521739 0.036005434782608696
0 0.019021739130434784 0.8648097826086957 0.03804347826086957 0.036684782608695655
0 0.23709239130434784 0.7921195652173914 0.03872282608695652 0.033967391304347824
0 0.25815217391304346 0.8641304347826086 0.03872282608695652 0.033967391304347824
0 0.27921195652173914 0.8688858695652174 0.03872282608695652 0.033967391304347824
0 0.05570652173913043 0.921875 0.04076086956521739 0.036005434782608696
0 0.21603260869565216 0.9286684782608695 0.03804347826086957 0.033967391304347824
0 0.044157608695652176 0.9911684782608695 0.04076086956521739 0.016983695652173912
0 0.20448369565217392 0.9932065217391305 0.03872282608695652 0.012907608695652174
0 0.313179347826087 0.9476902173913043 0.03804347826086957 0.033967391304347824
0 0.40421195652173914 0.8614130434782609 0.04008152173913043 0.035326086956521736
0 0.45720108695652173 0.860733695652174 0.03872282608695652 0.033967391304347824
0 0.46467391304347827 0.8179347826086957 0.036005434782608696 0.03260869565217391
0 0.2982336956521739 0.7248641304347826 0.04076086956521739 0.036005434782608696
0 0.30842391304347827 0.6270380434782609 0.03804347826086957 0.033967391304347824
0 0.42527173913043476 0.6664402173913043 0.03804347826086957 0.033967391304347824
0 0.42934782608695654 0.6372282608695652 0.03804347826086957 0.033967391304347824
0 0.4633152173913043 0.6331521739130435 0.03804347826086957 0.033967391304347824
0 0.5448369565217391 0.6908967391304348 0.036684782608695655 0.03260869565217391
0 0.5006793478260869 0.5536684782608695 0.036005434782608696 0.03260869565217391
0 0.6161684782608695 0.5618206521739131 0.03804347826086957 0.03328804347826087
0 0.6188858695652174 0.7472826086956522 0.036005434782608696 0.03260869565217391
0 0.545516304347826 0.7690217391304348 0.036005434782608696 0.03192934782608696
0 0.6494565217391305 0.6209239130434783 0.036005434782608696 0.03192934782608696
0 0.7065217391304348 0.6440217391304348 0.033967391304347824 0.029891304347826088
0 0.7466032608695652 0.6195652173913043 0.034646739130434784 0.030570652173913044
0 0.7601902173913043 0.6630434782608695 0.033967391304347824 0.029211956521739132
0 0.7425271739130435 0.7377717391304348 0.036005434782608696 0.03260869565217391
0 0.6793478260869565 0.8016304347826086 0.035326086956521736 0.03125
0 0.6311141304347826 0.8620923913043478 0.035326086956521736 0.03125
0 0.7608695652173914 0.873641304347826 0.035326086956521736 0.03125
0 0.6086956521739131 0.9605978260869565 0.04008152173913043 0.035326086956521736
0 0.49252717391304346 0.8967391304347826 0.03872282608695652 0.034646739130434784
0 0.8023097826086957 0.9823369565217391 0.036684782608695655 0.03260869565217391
0 0.9891304347826086 0.9341032608695652 0.021739130434782608 0.03125
0 0.9748641304347826 0.9796195652173914 0.035326086956521736 0.030570652173913044
0 0.9904891304347826 0.9008152173913043 0.018342391304347828 0.03125
0 0.8614130434782609 0.8240489130434783 0.033967391304347824 0.030570652173913044
0 0.9551630434782609 0.7900815217391305 0.04823369565217391 0.042798913043478264
0 0.8804347826086957 0.78125 0.02717391304347826 0.024456521739130436
0 0.8586956521739131 0.6908967391304348 0.029891304347826088 0.026494565217391304
0 0.8974184782608695 0.6997282608695652 0.03125 0.027853260869565216
0 0.9538043478260869 0.7010869565217391 0.03328804347826087 0.029211956521739132
0 0.8627717391304348 0.6725543478260869 0.030570652173913044 0.027853260869565216
0 0.8634510869565217 0.6535326086956522 0.03192934782608696 0.028532608695652172
0 0.9089673913043478 0.6175271739130435 0.034646739130434784 0.030570652173913044
0 0.7921195652173914 0.6222826086956522 0.03328804347826087 0.029891304347826088
0 0.842391304347826 0.5917119565217391 0.033967391304347824 0.029891304347826088
0 0.9925271739130435 0.6881793478260869 0.014945652173913044 0.03125
0 0.9456521739130435 0.65625 0.033967391304347824 0.030570652173913044
0 0.9402173913043478 0.5944293478260869 0.036005434782608696 0.03260869565217391
0 0.9898097826086957 0.592391304347826 0.020380434782608696 0.03260869565217391
0 0.9769021739130435 0.576766304347826 0.036684782608695655 0.03260869565217391
0 0.920516304347826 0.5591032608695652 0.036005434782608696 0.03192934782608696