0 0.8417119565217391 0.5108695652173914 0.015625 0.02309782608695652
0 0.7194293478260869 0.501358695652174 0.017663043478260868 0.02309782608695652
0 0.4014945652173913 0.5 0.012907608695652174 0.01970108695652174
0 0.11345108695652174 0.49252717391304346 0.012907608695652174 0.01970108695652174
0 0.6052989130434783 0.4945652173913043 0.017663043478260868 0.02309782608695652
0 0.9680706521739131 0.5033967391304348 0.017663043478260868 0.024456521739130436
0 0.545516304347826 0.4891304347826087 0.015625 0.021059782608695652
0 0.654891304347826 0.4904891304347826 0.017663043478260868 0.021059782608695652
0 0.25747282608695654 0.47554347826086957 0.012907608695652174 0.017663043478260868
0 0.028532608695652172 0.49320652173913043 0.01154891304347826 0.017663043478260868
0 0.7629076086956522 0.48845108695652173 0.015625 0.02309782608695652
0 0.49728260869565216 0.483695652173913 0.017663043478260868 0.024456521739130436
0 0.13790760869565216 0.4796195652173913 0.01154891304347826 0.017663043478260868
0 0.3451086956521739 0.49184782608695654 0.012907608695652174 0.01970108695652174
0 0.998641304347826 0.48029891304347827 0.002717391304347826 0.01970108695652174
0 0.9741847826086957 0.43002717391304346 0.01154891304347826 0.017663043478260868
0 0.9877717391304348 0.4741847826086957 0.015625 0.01970108695652174
0 0.9565217391304348 0.4626358695652174 0.01154891304347826 0.017663043478260868
0 0.9524456521739131 0.4748641304347826 0.012907608695652174 0.017663043478260868
0 0.9422554347826086 0.48641304347826086 0.01154891304347826 0.017663043478260868
0 0.9266304347826086 0.4741847826086957 0.012907608695652174 0.017663043478260868
0 0.9116847826086957 0.4673913043478261 0.012907608695652174 0.01970108695652174
0 0.8987771739130435 0.4701086956521739 0.012907608695652174 0.01970108695652174
0 0.8457880434782609 0.421195652173913 0.01154891304347826 0.017663043478260868
0 0.8485054347826086 0.45652173913043476 0.017663043478260868 0.024456521739130436
0 0.8444293478260869 0.47554347826086957 0.015625 0.01970108695652174
0 0.8165760869565217 0.4592391304347826 0.017663043478260868 0.02309782608695652
0 0.8057065217391305 0.47214673913043476 0.012907608695652174 0.01970108695652174
0 0.7364130434782609 0.4789402173913043 0.015625 0.024456521739130436
0 0.7092391304347826 0.4796195652173913 0.012907608695652174 0.01970108695652174
0 0.7004076086956522 0.46603260869565216 0.012907608695652174 0.01970108695652174
0 0.6881793478260869 0.468070652173913 0.012907608695652174 0.01970108695652174
0 0.6800271739130435 0.4578804347826087 0.012907608695652174 0.017663043478260868
0 0.6535326086956522 0.47214673913043476 0.012907608695652174 0.01970108695652174
0 0.6372282608695652 0.47690217391304346 0.015625 0.02309782608695652
0 0.626358695652174 0.46059782608695654 0.012907608695652174 0.01970108695652174
0 0.6052989130434783 0.47622282608695654 0.015625 0.01970108695652174
0 0.5876358695652174 0.4673913043478261 0.015625 0.024456521739130436
0 0.5441576086956522 0.4626358695652174 0.012907608695652174 0.017663043478260868
0 0.5502717391304348 0.4673913043478261 0.012907608695652174 0.01970108695652174
0 0.5088315217391305 0.46603260869565216 0.015625 0.02309782608695652
0 0.47146739130434784 0.4633152173913043 0.012907608695652174 0.017663043478260868
0 0.20380434782608695 0.48709239130434784 0.012907608695652174 0.014945652173913044
0 0.2873641304347826 0.47690217391304346 0.01154891304347826 0.014945652173913044
0 0.3070652173913043 0.483695652173913 0.015625 0.02309782608695652
0 0.3383152173913043 0.46875 0.012907608695652174 0.017663043478260868
0 0.3648097826086957 0.4796195652173913 0.012907608695652174 0.01970108695652174
0 0.3797554347826087 0.4673913043478261 0.01154891304347826 0.014945652173913044
0 0.38722826086956524 0.4578804347826087 0.01154891304347826 0.014945652173913044
0 0.41915760869565216 0.46467391304347827 0.01154891304347826 0.017663043478260868
0 0.4476902173913043 0.4796195652173913 0.015625 0.01970108695652174
0 0.4517663043478261 0.4701086956521739 0.015625 0.01970108695652174
0 0.46059782608695654 0.4585597826086957 0.01154891304347826 0.014945652173913044
0 0.5101902173913043 0.4585597826086957 0.017663043478260868 0.02309782608695652
0 0.1949728260869565 0.4741847826086957 0.01154891304347826 0.017663043478260868
0 0.16508152173913043 0.48641304347826086 0.01154891304347826 0.014945652173913044
0 0.07133152173913043 0.48097826086956524 0.012907608695652174 0.017663043478260868
0 0.9959239130434783 0.40964673913043476 0.008152173913043478 0.017663043478260868
0 0.9938858695652174 0.41915760869565216 0.01154891304347826 0.017663043478260868
0 0.9932065217391305 0.40285326086956524 0.012907608695652174 0.017663043478260868
0 0.985733695652174 0.40828804347826086 0.015625 0.017663043478260868
0 0.9762228260869565 0.41779891304347827 0.015625 0.017663043478260868
0 0.9572010869565217 0.4171195652173913 0.015625 0.017663043478260868
0 0.9572010869565217 0.405570652173913 0.015625 0.017663043478260868
0 0.970108695652174 0.4673913043478261 0.015625 0.016304347826086956
0 0.9334239130434783 0.41915760869565216 0.014266304347826086 0.014945652173913044
0 0.9395380434782609 0.41032608695652173 0.012907608695652174 0.014945652173913044
0 0.9225543478260869 0.41032608695652173 0.012907608695652174 0.014945652173913044
0 0.9130434782608695 0.421195652173913 0.014266304347826086 0.014945652173913044
0 0.8974184782608695 0.41779891304347827 0.014266304347826086 0.017663043478260868
0 0.8675271739130435 0.421195652173913 0.015625 0.017663043478260868
0 0.8199728260869565 0.4232336956521739 0.015625 0.016304347826086956
0 0.7758152173913043 0.4585597826086957 0.019021739130434784 0.021059782608695652
0 0.7404891304347826 0.46875 0.015625 0.016304347826086956
0 0.45040760869565216 0.4544836956521739 0.014266304347826086 0.016304347826086956
0 0.501358695652174 0.4748641304347826 0.017663043478260868 0.01970108695652174