0 0.5373641304347826 0.5067934782608695 0.020380434782608696 0.025815217391304348
0 0.23709239130434784 0.5040760869565217 0.020380434782608696 0.025815217391304348
0 0.32133152173913043 0.483695652173913 0.015625 0.01970108695652174
0 0.10394021739130435 0.499320652173913 0.020380434782608696 0.025815217391304348
0 0.050271739130434784 0.49184782608695654 0.015625 0.02309782608695652
0 0.296195652173913 0.4945652173913043 0.015625 0.024456521739130436
0 0.16236413043478262 0.48709239130434784 0.015625 0.02309782608695652
0 0.3811141304347826 0.5115489130434783 0.015625 0.021059782608695652
0 0.8980978260869565 0.4986413043478261 0.015625 0.01970108695652174
0 0.9096467391304348 0.4891304347826087 0.015625 0.02309782608695652
0 0.9103260869565217 0.4748641304347826 0.017663043478260868 0.025815217391304348
0 0.9225543478260869 0.47690217391304346 0.021739130434782608 0.03125
0 0.9504076086956522 0.453804347826087 0.017663043478260868 0.02309782608695652
0 0.9578804347826086 0.45516304347826086 0.015625 0.02309782608695652
0 0.9667119565217391 0.4476902173913043 0.015625 0.02309782608695652
0 0.9524456521739131 0.4266304347826087 0.020380434782608696 0.024456521739130436
0 0.9483695652173914 0.41508152173913043 0.017663043478260868 0.024456521739130436
0 0.9538043478260869 0.41032608695652173 0.015625 0.02309782608695652
0 0.9653532608695652 0.4123641304347826 0.012907608695652174 0.01970108695652174
0 0.96875 0.41847826086956524 0.012907608695652174 0.02309782608695652
0 0.9789402173913043 0.40285326086956524 0.017663043478260868 0.024456521739130436
0 0.9945652173913043 0.4001358695652174 0.010869565217391304 0.025815217391304348
0 0.9042119565217391 0.4008152173913043 0.012907608695652174 0.017663043478260868
0 0.8940217391304348 0.4014945652173913 0.012907608695652174 0.01970108695652174
0 0.8851902173913043 0.4164402173913043 0.015625 0.01970108695652174
0 0.858016304347826 0.41032608695652173 0.012907608695652174 0.01970108695652174
0 0.8036684782608695 0.41440217391304346 0.03328804347826087 0.044157608695652176
0 0.8165760869565217 0.4626358695652174 0.01154891304347826 0.017663043478260868
0 0.8063858695652174 0.46467391304347827 0.017663043478260868 0.024456521739130436
0 0.7995923913043478 0.47146739130434784 0.015625 0.02309782608695652
0 0.7690217391304348 0.483695652173913 0.01154891304347826 0.017663043478260868
0 0.7160326086956522 0.5033967391304348 0.017663043478260868 0.024456521739130436
0 0.7038043478260869 0.5129076086956522 0.015625 0.021059782608695652
0 0.6929347826086957 0.45516304347826086 0.012907608695652174 0.01970108695652174
0 0.6875 0.47146739130434784 0.012907608695652174 0.01970108695652174
0 0.671875 0.46059782608695654 0.012907608695652174 0.017663043478260868
0 0.639266304347826 0.48029891304347827 0.012907608695652174 0.01970108695652174
0 0.6154891304347826 0.48097826086956524 0.012907608695652174 0.01970108695652174
0 0.5828804347826086 0.4796195652173913 0.015625 0.017663043478260868
0 0.5754076086956522 0.48845108695652173 0.015625 0.024456521739130436
0 0.5577445652173914 0.4945652173913043 0.012907608695652174 0.021059782608695652
0 0.5461956521739131 0.468070652173913 0.01154891304347826 0.017663043478260868
0 0.5264945652173914 0.4796195652173913 0.012907608695652174 0.017663043478260868
0 0.5088315217391305 0.483695652173913 0.015625 0.02309782608695652
0 0.49184782608695654 0.48641304347826086 0.012907608695652174 0.01970108695652174
0 0.406929347826087 0.4748641304347826 0.01154891304347826 0.017663043478260868
0 0.36141304347826086 0.468070652173913 0.015625 0.01970108695652174
0 0.296195652173913 0.468070652173913 0.012907608695652174 0.01970108695652174
0 0.31589673913043476 0.46671195652173914 0.012907608695652174 0.01970108695652174
0 0.23505434782608695 0.4701086956521739 0.015625 0.02309782608695652
0 0.14266304347826086 0.4741847826086957 0.012907608695652174 0.01970108695652174
0 0.12567934782608695 0.485054347826087 0.017663043478260868 0.024456521739130436
0 0.11209239130434782 0.47214673913043476 0.012907608695652174 0.017663043478260868
0 0.03125 0.47690217391304346 0.012907608695652174 0.017663043478260868
0 0.004755434782608696 0.4796195652173913 0.009510869565217392 0.019021739130434784
0 0.2914402173913043 0.42527173913043476 0.012907608695652174 0.01970108695652174
0 0.050271739130434784 0.42866847826086957 0.015625 0.01970108695652174
0 0.024456521739130436 0.4110054347826087 0.012907608695652174 0.01970108695652174
0 0.010190217391304348 0.42527173913043476 0.015625 0.02309782608695652
0 0.26902173913043476 0.5006793478260869 0.019021739130434784 0.021059782608695652
0 0.8804347826086957 0.5074728260869565 0.020380434782608696 0.02309782608695652
0 0.9259510869565217 0.46603260869565216 0.020380434782608696 0.02309782608695652
0 0.9449728260869565 0.4626358695652174 0.020380434782608696 0.02309782608695652
0 0.9755434782608695 0.39809782608695654 0.019021739130434784 0.021059782608695652
0 0.8804347826086957 0.4171195652173913 0.020380434782608696 0.02309782608695652
0 0.8743206521739131 0.4171195652173913 0.021739130434782608 0.02309782608695652
0 0.8648097826086957 0.40625 0.019021739130434784 0.021059782608695652
0 0.8586956521739131 0.4164402173913043 0.019021739130434784 0.021059782608695652
0 0.8383152173913043 0.41304347826086957 0.019021739130434784 0.021059782608695652
0 0.8322010869565217 0.40896739130434784 0.020380434782608696 0.02309782608695652
0 0.8233695652173914 0.4001358695652174 0.020380434782608696 0.021059782608695652
0 0.8118206521739131 0.4110054347826087 0.021739130434782608 0.024456521739130436
0 0.7975543478260869 0.41440217391304346 0.021739130434782608 0.024456521739130436
0 0.7764945652173914 0.4164402173913043 0.025815217391304348 0.03125
0 0.7690217391304348 0.4171195652173913 0.027853260869565216 0.029211956521739132
0 0.8240489130434783 0.4585597826086957 0.019021739130434784 0.021059782608695652
0 0.7900815217391305 0.468070652173913 0.020380434782608696 0.02309782608695652
0 0.7805706521739131 0.47146739130434784 0.021739130434782608 0.02309782608695652
0 0.7785326086956522 0.47622282608695654 0.020380434782608696 0.02309782608695652
0 0.7615489130434783 0.47146739130434784 0.021739130434782608 0.02309782608695652
0 0.7493206521739131 0.4789402173913043 0.017663043478260868 0.01970108695652174
0 0.7404891304347826 0.48845108695652173 0.017663043478260868 0.01970108695652174
0 0.734375 0.4891304347826087 0.017663043478260868 0.01970108695652174
0 0.7269021739130435 0.483695652173913 0.015625 0.01970108695652174
0 0.7180706521739131 0.48845108695652173 0.015625 0.01970108695652174
0 0.7194293478260869 0.49660326086956524 0.017663043478260868 0.01970108695652174
0 0.6243206521739131 0.47690217391304346 0.015625 0.017663043478260868
0 0.6331521739130435 0.4701086956521739 0.014266304347826086 0.017663043478260868
0 0.608016304347826 0.48641304347826086 0.017663043478260868 0.017663043478260868
0 0.595108695652174 0.4796195652173913 0.015625 0.017663043478260868
0 0.5903532608695652 0.46059782608695654 0.010190217391304348 0.01154891304347826
0 0.5720108695652174 0.46467391304347827 0.01154891304347826 0.012907608695652174
0 0.5699728260869565 0.45652173913043476 0.008831521739130434 0.009510869565217392
0 0.5543478260869565 0.46603260869565216 0.01154891304347826 0.012907608695652174
0 0.5353260869565217 0.47622282608695654 0.014266304347826086 0.016304347826086956
0 0.7574728260869565 0.39809782608695654 0.029211956521739132 0.03260869565217391
0 0.7506793478260869 0.40625 0.04076086956521739 0.04551630434782609
0 0.7452445652173914 0.4110054347826087 0.03940217391304348 0.044157608695652176
0 0.7350543478260869 0.41440217391304346 0.03192934782608696 0.036005434782608696
0 0.7214673913043478 0.41508152173913043 0.029211956521739132 0.03260869565217391
0 0.703125 0.41779891304347827 0.01154891304347826 0.012907608695652174
0 0.703125 0.4014945652173913 0.010190217391304348 0.01154891304347826
0 0.6834239130434783 0.4014945652173913 0.008831521739130434 0.009510869565217392
0 0.673233695652174 0.405570652173913 0.010190217391304348 0.009510869565217392
0 0.673233695652174 0.41779891304347827 0.010190217391304348 0.01154891304347826
0 0.6691576086956522 0.421875 0.01154891304347826 0.012907608695652174
0 0.6521739130434783 0.40625 0.01154891304347826 0.012907608695652174
0 0.6304347826086957 0.41032608695652173 0.010190217391304348 0.01154891304347826
0 0.6277173913043478 0.40828804347826086 0.008831521739130434 0.01154891304347826
0 0.6134510869565217 0.4110054347826087 0.010190217391304348 0.01154891304347826
0 0.6073369565217391 0.405570652173913 0.007472826086956522 0.008152173913043478
0 0.6005434782608695 0.41915760869565216 0.007472826086956522 0.008152173913043478
0 0.595108695652174 0.4171195652173913 0.007472826086956522 0.008152173913043478
0 0.5828804347826086 0.40625 0.015625 0.017663043478260868
0 0.5842391304347826 0.41032608695652173 0.015625 0.017663043478260868
0 0.5584239130434783 0.40625 0.012907608695652174 0.014945652173913044
0 0.5414402173913043 0.4110054347826087 0.012907608695652174 0.014945652173913044
0 0.5292119565217391 0.41032608695652173 0.004076086956521739 0.004755434782608696
0 0.5264945652173914 0.40285326086956524 0.012907608695652174 0.014945652173913044
0 0.5108695652173914 0.4110054347826087 0.015625 0.016304347826086956
0 0.5027173913043478 0.40285326086956524 0.014266304347826086 0.016304347826086956
0 0.49796195652173914 0.40964673913043476 0.014266304347826086 0.017663043478260868
0 0.48845108695652173 0.40285326086956524 0.04076086956521739 0.04551630434782609
0 0.5033967391304348 0.47690217391304346 0.014266304347826086 0.016304347826086956
0 0.4796195652173913 0.4748641304347826 0.014266304347826086 0.014945652173913044
0 0.4735054347826087 0.4904891304347826 0.015625 0.01970108695652174
0 0.44497282608695654 0.4904891304347826 0.017663043478260868 0.01970108695652174
0 0.40625 0.4945652173913043 0.017663043478260868 0.01970108695652174
0 0.45040760869565216 0.46059782608695654 0.01154891304347826 0.014945652173913044
0 0.44089673913043476 0.46467391304347827 0.012907608695652174 0.014945652173913044
0 0.4320652173913043 0.46603260869565216 0.014266304347826086 0.014945652173913044
0 0.41779891304347827 0.468070652173913 0.015625 0.017663043478260868
0 0.37907608695652173 0.46671195652173914 0.015625 0.017663043478260868
0 0.34646739130434784 0.47554347826086957 0.017663043478260868 0.01970108695652174
0 0.34578804347826086 0.46059782608695654 0.015625 0.017663043478260868
0 0.3389945652173913 0.4592391304347826 0.015625 0.016304347826086956
0 0.27241847826086957 0.46467391304347827 0.017663043478260868 0.017663043478260868
0 0.20720108695652173 0.4748641304347826 0.017663043478260868 0.01970108695652174
0 0.10054347826086957 0.4633152173913043 0.015625 0.017663043478260868
0 0.08355978260869565 0.4633152173913043 0.015625 0.017663043478260868
0 0.47214673913043476 0.421195652173913 0.006114130434782609 0.004755434782608696
0 0.46059782608695654 0.42459239130434784 0.006114130434782609 0.006793478260869565
0 0.44565217391304346 0.4266304347826087 0.010190217391304348 0.01154891304347826
0 0.41915760869565216 0.42934782608695654 0.01154891304347826 0.014945652173913044
0 0.4483695652173913 0.405570652173913 0.006114130434782609 0.006793478260869565
0 0.4327445652173913 0.406929347826087 0.007472826086956522 0.009510869565217392
0 0.44157608695652173 0.4014945652173913 0.004076086956521739 0.006793478260869565
0 0.4266304347826087 0.40285326086956524 0.010190217391304348 0.01154891304347826
0 0.40353260869565216 0.41032608695652173 0.012907608695652174 0.016304347826086956
0 0.40421195652173914 0.41508152173913043 0.014266304347826086 0.016304347826086956
0 0.4171195652173913 0.41372282608695654 0.01154891304347826 0.012907608695652174
0 0.3845108695652174 0.41508152173913043 0.012907608695652174 0.016304347826086956
0 0.391304347826087 0.421195652173913 0.014266304347826086 0.016304347826086956
0 0.3736413043478261 0.41779891304347827 0.014266304347826086 0.016304347826086956
0 0.37228260869565216 0.4110054347826087 0.014266304347826086 0.016304347826086956
0 0.36141304347826086 0.42459239130434784 0.014266304347826086 0.016304347826086956
0 0.360054347826087 0.40896739130434784 0.012907608695652174 0.016304347826086956
0 0.35665760869565216 0.41032608695652173 0.014266304347826086 0.016304347826086956
0 0.3498641304347826 0.41915760869565216 0.014266304347826086 0.016304347826086956
0 0.34035326086956524 0.41032608695652173 0.014266304347826086 0.016304347826086956
0 0.33559782608695654 0.41508152173913043 0.012907608695652174 0.016304347826086956
0 0.32404891304347827 0.41304347826086957 0.012907608695652174 0.016304347826086956
0 0.32133152173913043 0.40828804347826086 0.012907608695652174 0.016304347826086956
0 0.30570652173913043 0.41304347826086957 0.01154891304347826 0.014945652173913044
0 0.2907608695652174 0.4110054347826087 0.012907608695652174 0.012907608695652174
0 0.28464673913043476 0.4110054347826087 0.012907608695652174 0.012907608695652174
0 0.2717391304347826 0.41847826086956524 0.012907608695652174 0.012907608695652174
0 0.2601902173913043 0.4110054347826087 0.012907608695652174 0.014945652173913044
0 0.2642663043478261 0.40964673913043476 0.012907608695652174 0.014945652173913044
0 0.24728260869565216 0.40625 0.012907608695652174 0.012907608695652174
0 0.2418478260869565 0.40964673913043476 0.01154891304347826 0.014945652173913044
0 0.23233695652173914 0.40964673913043476 0.012907608695652174 0.014945652173913044
0 0.2269021739130435 0.41779891304347827 0.012907608695652174 0.014945652173913044
0 0.21942934782608695 0.406929347826087 0.010190217391304348 0.012907608695652174
0 0.20720108695652173 0.41440217391304346 0.01154891304347826 0.012907608695652174
0 0.19769021739130435 0.41847826086956524 0.012907608695652174 0.012907608695652174
0 0.18070652173913043 0.4171195652173913 0.01154891304347826 0.012907608695652174
0 0.17323369565217392 0.41915760869565216 0.012907608695652174 0.014945652173913044
0 0.1487771739130435 0.41304347826086957 0.010190217391304348 0.01154891304347826
0 0.1487771739130435 0.4205163043478261 0.01154891304347826 0.012907608695652174
0 0.13654891304347827 0.4164402173913043 0.012907608695652174 0.014945652173913044
0 0.13994565217391305 0.4008152173913043 0.012907608695652174 0.016304347826086956
0 0.13383152173913043 0.4014945652173913 0.012907608695652174 0.014945652173913044
0 0.12228260869565218 0.40828804347826086 0.012907608695652174 0.016304347826086956
0 0.10869565217391304 0.40828804347826086 0.014266304347826086 0.016304347826086956
0 0.09035326086956522 0.41304347826086957 0.015625 0.017663043478260868
0 0.08695652173913043 0.40285326086956524 0.015625 0.017663043478260868
0 0.07608695652173914 0.4171195652173913 0.015625 0.016304347826086956
0 0.07404891304347826 0.40964673913043476 0.014266304347826086 0.017663043478260868
0 0.059103260869565216 0.40896739130434784 0.014266304347826086 0.016304347826086956
0 0.049592391304347824 0.4110054347826087 0.015625 0.017663043478260868
0 0.004076086956521739 0.40964673913043476 0.008152173913043478 0.017663043478260868
0 0.0020380434782608695 0.41915760869565216 0.004076086956521739 0.017663043478260868
0 0.0020380434782608695 0.40285326086956524 0.004076086956521739 0.017663043478260868