0 0.8369565217391305 0.9402173913043478 0.009510869565217392 0.008152173913043478
0 0.8057065217391305 0.873641304347826 0.008831521739130434 0.006793478260869565
0 0.5149456521739131 0.8716032608695652 0.006793478260869565 0.006114130434782609
0 0.5822010869565217 0.8342391304347826 0.005434782608695652 0.004755434782608696
0 0.45108695652173914 0.6474184782608695 0.004076086956521739 0.004755434782608696
0 0.436820652173913 0.6447010869565217 0.004076086956521739 0.004755434782608696
0 0.31589673913043476 0.6569293478260869 0.004755434782608696 0.004755434782608696
0 0.297554347826087 0.6644021739130435 0.004755434782608696 0.0033967391304347825
0 0.2866847826086957 0.6745923913043478 0.004755434782608696 0.0033967391304347825
0 0.28125 0.6813858695652174 0.004755434782608696 0.0033967391304347825
0 0.26358695652173914 0.6827445652173914 0.005434782608695652 0.004755434782608696
0 0.25203804347826086 0.671875 0.004755434782608696 0.0033967391304347825
0 0.22894021739130435 0.6779891304347826 0.004755434782608696 0.0033967391304347825
0 0.21739130434782608 0.6453804347826086 0.004076086956521739 0.0033967391304347825
0 0.22554347826086957 0.6358695652173914 0.004076086956521739 0.0033967391304347825
0 0.19157608695652173 0.6480978260869565 0.004076086956521739 0.0033967391304347825
0 0.19089673913043478 0.6881793478260869 0.005434782608695652 0.004755434782608696
0 0.18138586956521738 0.6936141304347826 0.005434782608695652 0.004755434782608696
0 0.15353260869565216 0.6542119565217391 0.004755434782608696 0.0033967391304347825
0 0.14402173913043478 0.6596467391304348 0.004755434782608696 0.0033967391304347825
0 0.11209239130434782 0.6066576086956522 0.004076086956521739 0.0033967391304347825
0 0.13790760869565216 0.6025815217391305 0.004076086956521739 0.0033967391304347825
0 0.059103260869565216 0.6521739130434783 0.004755434782608696 0.004755434782608696
0 0.01154891304347826 0.5516304347826086 0.004076086956521739 0.0033967391304347825
0 0.01154891304347826 0.5760869565217391 0.004755434782608696 0.0033967391304347825
0 0.018342391304347828 0.5808423913043478 0.005434782608695652 0.004755434782608696
0 0.010869565217391304 0.5896739130434783 0.005434782608695652 0.004755434782608696
0 0.035326086956521736 0.5754076086956522 0.004755434782608696 0.0033967391304347825
0 0.049592391304347824 0.5774456521739131 0.004755434782608696 0.0033967391304347825
0 0.06589673913043478 0.5720108695652174 0.005434782608695652 0.004755434782608696
0 0.2703804347826087 0.5822010869565217 0.004076086956521739 0.0033967391304347825
0 0.422554347826087 0.5733695652173914 0.004755434782608696 0.004755434782608696
0 0.84375 0.9728260869565217 0.010190217391304348 0.006793478260869565
0 0.8661684782608695 0.9660326086956522 0.009510869565217392 0.006793478260869565
0 0.8804347826086957 0.9612771739130435 0.009510869565217392 0.006793478260869565
0 0.9198369565217391 0.9572010869565217 0.010190217391304348 0.006793478260869565
0 0.8532608695652174 0.9368206521739131 0.009510869565217392 0.006793478260869565
0 0.765625 0.8858695652173914 0.008831521739130434 0.005434782608695652
0 0.7941576086956522 0.907608695652174 0.009510869565217392 0.006114130434782609
0 0.7927989130434783 0.9239130434782609 0.009510869565217392 0.006114130434782609
0 0.751358695652174 0.923233695652174 0.009510869565217392 0.006793478260869565
0 0.7737771739130435 0.9293478260869565 0.009510869565217392 0.006114130434782609
0 0.7038043478260869 0.875 0.008831521739130434 0.005434782608695652
0 0.7038043478260869 0.9504076086956522 0.009510869565217392 0.006793478260869565
0 0.7710597826086957 0.9660326086956522 0.009510869565217392 0.006793478260869565
0 0.8057065217391305 0.9660326086956522 0.009510869565217392 0.006793478260869565
0 0.701766304347826 0.8824728260869565 0.009510869565217392 0.006114130434782609
0 0.6426630434782609 0.8457880434782609 0.008152173913043478 0.005434782608695652
0 0.6311141304347826 0.8498641304347826 0.008831521739130434 0.005434782608695652
0 0.5910326086956522 0.8498641304347826 0.008831521739130434 0.005434782608695652
0 0.5828804347826086 0.8614130434782609 0.008831521739130434 0.005434782608695652
0 0.5020380434782609 0.876358695652174 0.008831521739130434 0.005434782608695652
0 0.5869565217391305 0.9442934782608695 0.009510869565217392 0.006793478260869565
0 0.595108695652174 0.9069293478260869 0.009510869565217392 0.006114130434782609
0 0.5692934782608695 0.9001358695652174 0.009510869565217392 0.006114130434782609
0 0.5896739130434783 0.8913043478260869 0.009510869565217392 0.006114130434782609
0 0.6739130434782609 0.9096467391304348 0.009510869565217392 0.006114130434782609
0 0.6501358695652174 0.8987771739130435 0.009510869565217392 0.006114130434782609
0 0.6671195652173914 0.967391304347826 0.009510869565217392 0.006793478260869565
0 0.751358695652174 0.970108695652174 0.009510869565217392 0.006793478260869565
0 0.40421195652173914 0.8634510869565217 0.007472826086956522 0.004755434782608696
0 0.3702445652173913 0.7404891304347826 0.006114130434782609 0.004076086956521739
0 0.39266304347826086 0.7411684782608695 0.006114130434782609 0.0033967391304347825
0 0.3858695652173913 0.734375 0.006114130434782609 0.004076086956521739
0 0.4110054347826087 0.7316576086956522 0.006114130434782609 0.0033967391304347825
0 0.44021739130434784 0.7520380434782609 0.006114130434782609 0.004076086956521739
0 0.4205163043478261 0.7533967391304348 0.006114130434782609 0.004755434782608696
0 0.43478260869565216 0.7785326086956522 0.006114130434782609 0.004076086956521739
0 0.4639945652173913 0.7717391304347826 0.006793478260869565 0.004076086956521739
0 0.4313858695652174 0.8023097826086957 0.006793478260869565 0.004755434782608696
0 0.4633152173913043 0.7927989130434783 0.006793478260869565 0.004755434782608696
0 0.46875 0.8192934782608695 0.006793478260869565 0.004755434782608696
0 0.42459239130434784 0.8165760869565217 0.006793478260869565 0.004755434782608696
0 0.36277173913043476 0.8152173913043478 0.006793478260869565 0.004755434782608696
0 0.5217391304347826 0.8097826086956522 0.007472826086956522 0.004755434782608696
0 0.5346467391304348 0.7961956521739131 0.007472826086956522 0.004755434782608696
0 0.5421195652173914 0.7975543478260869 0.006793478260869565 0.004755434782608696
0 0.5461956521739131 0.7934782608695652 0.006793478260869565 0.004755434782608696
0 0.5319293478260869 0.8131793478260869 0.007472826086956522 0.004755434782608696
0 0.5889945652173914 0.813858695652174 0.008152173913043478 0.005434782608695652
0 0.5917119565217391 0.828125 0.008831521739130434 0.005434782608695652
0 0.5815217391304348 0.7927989130434783 0.008152173913043478 0.004755434782608696
0 0.5835597826086957 0.7676630434782609 0.006793478260869565 0.004755434782608696
0 0.8342391304347826 0.6161684782608695 0.004755434782608696 0.0033967391304347825
0 0.6324728260869565 0.6324728260869565 0.005434782608695652 0.0033967391304347825
0 0.24320652173913043 0.6766304347826086 0.005434782608695652 0.0033967391304347825
0 0.18478260869565216 0.7153532608695652 0.006793478260869565 0.004755434782608696
0 0.19089673913043478 0.7105978260869565 0.006793478260869565 0.004755434782608696
0 0.15828804347826086 0.6256793478260869 0.004755434782608696 0.0033967391304347825
0 0.109375 0.6209239130434783 0.004755434782608696 0.0033967391304347825
0 0.12092391304347826 0.6148097826086957 0.005434782608695652 0.0033967391304347825
0 0.017663043478260868 0.6154891304347826 0.006114130434782609 0.004076086956521739
0 0.004755434782608696 0.5557065217391305 0.004755434782608696 0.0033967391304347825
0 0.025815217391304348 0.5475543478260869 0.004755434782608696 0.0033967391304347825
0 0.021059782608695652 0.5658967391304348 0.004755434782608696 0.0033967391304347825
0 0.03328804347826087 0.561141304347826 0.005434782608695652 0.0033967391304347825
0 0.06657608695652174 0.576766304347826 0.005434782608695652 0.0033967391304347825
0 0.07201086956521739 0.5441576086956522 0.004755434782608696 0.0033967391304347825
0 0.059103260869565216 0.5285326086956522 0.004076086956521739 0.002717391304347826
0 0.08152173913043478 0.579483695652174 0.005434782608695652 0.0033967391304347825
0 0.09714673913043478 0.5652173913043478 0.005434782608695652 0.0033967391304347825
0 0.1487771739130435 0.5577445652173914 0.005434782608695652 0.0033967391304347825
0 0.15760869565217392 0.561141304347826 0.005434782608695652 0.0033967391304347825
0 0.1800271739130435 0.5631793478260869 0.005434782608695652 0.0033967391304347825
0 0.18410326086956522 0.5706521739130435 0.004755434782608696 0.0033967391304347825
0 0.1644021739130435 0.5889945652173914 0.004755434782608696 0.0033967391304347825
0 0.2296195652173913 0.563858695652174 0.004755434782608696 0.0033967391304347825
0 0.23777173913043478 0.5740489130434783 0.004076086956521739 0.002717391304347826
0 0.280570652173913 0.5876358695652174 0.004076086956521739 0.002717391304347826
0 0.32404891304347827 0.5869565217391305 0.004755434782608696 0.0033967391304347825
0 0.3451086956521739 0.5686141304347826 0.005434782608695652 0.0033967391304347825
0 0.34646739130434784 0.5754076086956522 0.004755434782608696 0.0033967391304347825
0 0.3851902173913043 0.5774456521739131 0.004755434782608696 0.0033967391304347825
0 0.37703804347826086 0.5842391304347826 0.005434782608695652 0.0033967391304347825
0 0.3641304347826087 0.5869565217391305 0.004755434782608696 0.0033967391304347825
0 0.43002717391304346 0.5720108695652174 0.005434782608695652 0.0033967391304347825
0 0.46535326086956524 0.5360054347826086 0.004755434782608696 0.0033967391304347825
0 0.5584239130434783 0.548233695652174 0.005434782608695652 0.0033967391304347825
0 0.563858695652174 0.5584239130434783 0.005434782608695652 0.0033967391304347825
0 0.5801630434782609 0.561141304347826 0.005434782608695652 0.0033967391304347825
0 0.5353260869565217 0.546875 0.004755434782608696 0.0033967391304347825
0 0.5183423913043478 0.546875 0.005434782608695652 0.0033967391304347825
0 0.6317934782608695 0.5591032608695652 0.004755434782608696 0.0033967391304347825
0 0.6447010869565217 0.5631793478260869 0.004755434782608696 0.0033967391304347825
0 0.6521739130434783 0.5631793478260869 0.004755434782608696 0.0033967391304347825
0 0.654891304347826 0.5421195652173914 0.005434782608695652 0.0033967391304347825
0 0.7771739130434783 0.5733695652173914 0.004076086956521739 0.002717391304347826
0 0.7629076086956522 0.5502717391304348 0.004076086956521739 0.002717391304347826
0 0.7105978260869565 0.561141304347826 0.004755434782608696 0.0033967391304347825
0 0.7805706521739131 0.5394021739130435 0.004076086956521739 0.002717391304347826
0 0.84375 0.5305706521739131 0.0033967391304347825 0.002717391304347826
0 0.8573369565217391 0.5380434782608695 0.004076086956521739 0.002717391304347826
0 0.27921195652173914 0.2866847826086957 0.005434782608695652 0.0033967391304347825
0 0.2866847826086957 0.281929347826087 0.005434782608695652 0.004076086956521739
0 0.2921195652173913 0.28328804347826086 0.005434782608695652 0.0033967391304347825
0 0.3063858695652174 0.281929347826087 0.005434782608695652 0.0033967391304347825
0 0.41032608695652173 0.2798913043478261 0.006793478260869565 0.004755434782608696
0 0.4014945652173913 0.2798913043478261 0.006793478260869565 0.004076086956521739
0 0.389945652173913 0.27921195652173914 0.006114130434782609 0.004076086956521739
0 0.5645380434782609 0.30910326086956524 0.0033967391304347825 0.002717391304347826
0 0.5910326086956522 0.30502717391304346 0.004076086956521739 0.0033967391304347825
0 0.5822010869565217 0.30910326086956524 0.004755434782608696 0.0033967391304347825
0 0.6501358695652174 0.3125 0.004755434782608696 0.0033967391304347825
0 0.6603260869565217 0.3125 0.004755434782608696 0.0033967391304347825
0 0.6671195652173914 0.3111413043478261 0.004076086956521739 0.0033967391304347825
0 0.6773097826086957 0.3111413043478261 0.004076086956521739 0.002717391304347826
0 0.7085597826086957 0.31453804347826086 0.004755434782608696 0.0033967391304347825
0 0.7207880434782609 0.313179347826087 0.004076086956521739 0.0033967391304347825
0 0.7194293478260869 0.3179347826086957 0.004076086956521739 0.0033967391304347825
0 0.7323369565217391 0.32540760869565216 0.004755434782608696 0.0033967391304347825
0 0.7078804347826086 0.2608695652173913 0.004755434782608696 0.0033967391304347825
0 0.7133152173913043 0.2642663043478261 0.004076086956521739 0.002717391304347826
0 0.8546195652173914 0.33627717391304346 0.004755434782608696 0.0033967391304347825
0 0.8661684782608695 0.33695652173913043 0.004755434782608696 0.0033967391304347825
0 0.9619565217391305 0.24660326086956522 0.004076086956521739 0.002717391304347826
0 0.9707880434782609 0.24660326086956522 0.004755434782608696 0.002717391304347826
0 0.9870923913043478 0.24728260869565216 0.004076086956521739 0.0033967391304347825