0 0.359375 0.7296195652173914 0.02309782608695652 0.01970108695652174
0 0.12092391304347826 0.7126358695652174 0.021059782608695652 0.016983695652173912
0 0.0020380434782608695 0.548233695652174 0.004076086956521739 0.008152173913043478
0 0.008152173913043478 0.5543478260869565 0.008831521739130434 0.007472826086956522
0 0.002717391304347826 0.5618206521739131 0.004755434782608696 0.008831521739130434
0 0.01358695652173913 0.5754076086956522 0.010190217391304348 0.008152173913043478
0 0.002717391304347826 0.5964673913043478 0.005434782608695652 0.008152173913043478
0 0.006114130434782609 0.640625 0.010869565217391304 0.01154891304347826
0 0.044157608695652176 0.5475543478260869 0.010190217391304348 0.008152173913043478
0 0.03804347826086957 0.5584239130434783 0.010190217391304348 0.008152173913043478
0 0.04619565217391304 0.5652173913043478 0.010869565217391304 0.008831521739130434
0 0.057065217391304345 0.5998641304347826 0.012907608695652174 0.010190217391304348
0 0.058423913043478264 0.6154891304347826 0.012228260869565218 0.01154891304347826
0 0.08355978260869565 0.6365489130434783 0.014266304347826086 0.012907608695652174
0 0.08423913043478261 0.5380434782608695 0.008831521739130434 0.007472826086956522
0 0.07404891304347826 0.5557065217391305 0.010869565217391304 0.008831521739130434
0 0.09103260869565218 0.5849184782608695 0.012907608695652174 0.009510869565217392
0 0.09782608695652174 0.6025815217391305 0.012907608695652174 0.01154891304347826
0 0.12635869565217392 0.6195652173913043 0.016304347826086956 0.012907608695652174
0 0.12092391304347826 0.5414402173913043 0.008152173913043478 0.007472826086956522
0 0.10869565217391304 0.5516304347826086 0.008831521739130434 0.007472826086956522
0 0.12907608695652173 0.5543478260869565 0.010190217391304348 0.008152173913043478
0 0.13654891304347827 0.5686141304347826 0.010869565217391304 0.009510869565217392
0 0.1671195652173913 0.6039402173913043 0.012907608695652174 0.010190217391304348
0 0.1956521739130435 0.6209239130434783 0.012907608695652174 0.01154891304347826
0 0.13994565217391305 0.5339673913043478 0.006793478260869565 0.006114130434782609
0 0.14334239130434784 0.5394021739130435 0.008831521739130434 0.006793478260869565
0 0.15557065217391305 0.5448369565217391 0.010190217391304348 0.008152173913043478
0 0.16644021739130435 0.5577445652173914 0.010190217391304348 0.008152173913043478
0 0.17866847826086957 0.5706521739130435 0.010869565217391304 0.009510869565217392
0 0.18342391304347827 0.5421195652173914 0.006793478260869565 0.006793478260869565
0 0.18546195652173914 0.548233695652174 0.006793478260869565 0.007472826086956522
0 0.23233695652173914 0.5495923913043478 0.010190217391304348 0.008831521739130434
0 0.234375 0.5740489130434783 0.010190217391304348 0.009510869565217392
0 0.23709239130434784 0.6025815217391305 0.012228260869565218 0.01154891304347826
0 0.265625 0.6297554347826086 0.014945652173913044 0.012228260869565218
0 0.3233695652173913 0.6664402173913043 0.016304347826086956 0.01358695652173913
0 0.25883152173913043 0.5631793478260869 0.010190217391304348 0.008831521739130434
0 0.2547554347826087 0.5400815217391305 0.008831521739130434 0.008152173913043478
0 0.2826086956521739 0.5509510869565217 0.010190217391304348 0.008152173913043478
0 0.30570652173913043 0.5407608695652174 0.008831521739130434 0.007472826086956522
0 0.34782608695652173 0.5421195652173914 0.010190217391304348 0.008152173913043478
0 0.33084239130434784 0.5523097826086957 0.010190217391304348 0.008152173913043478
0 0.28532608695652173 0.5754076086956522 0.010190217391304348 0.009510869565217392
0 0.30027173913043476 0.6066576086956522 0.014945652173913044 0.012228260869565218
0 0.327445652173913 0.592391304347826 0.014266304347826086 0.010869565217391304
0 0.3485054347826087 0.578125 0.012228260869565218 0.009510869565217392
0 0.36820652173913043 0.5652173913043478 0.012228260869565218 0.010190217391304348
0 0.38179347826086957 0.5543478260869565 0.010190217391304348 0.008152173913043478
0 0.391304347826087 0.546875 0.010190217391304348 0.008152173913043478
0 0.36820652173913043 0.5332880434782609 0.008831521739130434 0.008152173913043478
0 0.3804347826086957 0.5271739130434783 0.007472826086956522 0.006114130434782609
0 0.405570652173913 0.532608695652174 0.010190217391304348 0.008152173913043478
0 0.4279891304347826 0.5258152173913043 0.008831521739130434 0.007472826086956522
0 0.43478260869565216 0.5210597826086957 0.006793478260869565 0.006793478260869565
0 0.4735054347826087 0.5217391304347826 0.008152173913043478 0.006793478260869565
0 0.5183423913043478 0.5217391304347826 0.007472826086956522 0.006793478260869565
0 0.5441576086956522 0.4938858695652174 0.006114130434782609 0.005434782608695652
0 0.5679347826086957 0.49592391304347827 0.006114130434782609 0.004076086956521739
0 0.5692934782608695 0.5122282608695652 0.008152173913043478 0.006793478260869565
0 0.5597826086956522 0.5230978260869565 0.006793478260869565 0.006793478260869565
0 0.563858695652174 0.5292119565217391 0.010190217391304348 0.007472826086956522
0 0.5570652173913043 0.5461956521739131 0.010869565217391304 0.008152173913043478
0 0.5570652173913043 0.5672554347826086 0.010869565217391304 0.008831521739130434
0 0.5536684782608695 0.5801630434782609 0.012907608695652174 0.01154891304347826
0 0.5489130434782609 0.6168478260869565 0.016304347826086956 0.01358695652173913
0 0.5400815217391305 0.6487771739130435 0.016983695652173912 0.01358695652173913
0 0.45108695652173914 0.6433423913043478 0.014266304347826086 0.012228260869565218
0 0.453804347826087 0.6148097826086957 0.015625 0.012907608695652174
0 0.47282608695652173 0.5774456521739131 0.012228260869565218 0.009510869565217392
0 0.49252717391304346 0.5557065217391305 0.010190217391304348 0.008152173913043478
0 0.4952445652173913 0.5475543478260869 0.010190217391304348 0.008152173913043478
0 0.5040760869565217 0.5387228260869565 0.010190217391304348 0.006793478260869565
0 0.5088315217391305 0.5305706521739131 0.010190217391304348 0.008152173913043478
0 0.46875 0.5271739130434783 0.008831521739130434 0.007472826086956522
0 0.45040760869565216 0.5360054347826086 0.008831521739130434 0.007472826086956522
0 0.44633152173913043 0.5448369565217391 0.010190217391304348 0.008831521739130434
0 0.4375 0.5543478260869565 0.010869565217391304 0.008152173913043478
0 0.3967391304347826 0.5917119565217391 0.014266304347826086 0.010869565217391304
0 0.37092391304347827 0.6114130434782609 0.016304347826086956 0.012228260869565218
0 0.35529891304347827 0.6338315217391305 0.016983695652173912 0.01358695652173913
0 0.6066576086956522 0.4952445652173913 0.004755434782608696 0.004076086956521739
0 0.6134510869565217 0.49728260869565216 0.006114130434782609 0.005434782608695652
0 0.6073369565217391 0.5033967391304348 0.006793478260869565 0.005434782608695652
0 0.6134510869565217 0.5061141304347826 0.008152173913043478 0.006793478260869565
0 0.610733695652174 0.5224184782608695 0.006793478260869565 0.005434782608695652
0 0.6188858695652174 0.5387228260869565 0.007472826086956522 0.006114130434782609
0 0.6175271739130435 0.5550271739130435 0.010869565217391304 0.008831521739130434
0 0.625 0.5692934782608695 0.012228260869565218 0.010190217391304348
0 0.6290760869565217 0.5835597826086957 0.012907608695652174 0.01154891304347826
0 0.6277173913043478 0.6019021739130435 0.014266304347826086 0.01154891304347826
0 0.640625 0.6270380434782609 0.016304347826086956 0.01358695652173913
0 0.6453804347826086 0.6467391304347826 0.019021739130434784 0.014266304347826086
0 0.6433423913043478 0.48641304347826086 0.004755434782608696 0.004076086956521739
0 0.65625 0.4986413043478261 0.004755434782608696 0.004076086956521739
0 0.6542119565217391 0.5101902173913043 0.006114130434782609 0.004755434782608696
0 0.6616847826086957 0.5224184782608695 0.007472826086956522 0.006114130434782609
0 0.6691576086956522 0.529891304347826 0.010190217391304348 0.007472826086956522
0 0.6739130434782609 0.5380434782608695 0.008831521739130434 0.008152173913043478
0 0.6834239130434783 0.5448369565217391 0.010190217391304348 0.008831521739130434
0 0.6922554347826086 0.5604619565217391 0.012228260869565218 0.009510869565217392
0 0.7038043478260869 0.5699728260869565 0.012907608695652174 0.010190217391304348
0 0.71875 0.5842391304347826 0.012907608695652174 0.010190217391304348
0 0.7255434782608695 0.6039402173913043 0.014945652173913044 0.012228260869565218
0 0.7438858695652174 0.6229619565217391 0.017663043478260868 0.014266304347826086
0 0.6759510869565217 0.484375 0.006114130434782609 0.005434782608695652
0 0.6868206521739131 0.4898097826086957 0.006114130434782609 0.005434782608695652
0 0.6949728260869565 0.49252717391304346 0.004076086956521739 0.004076086956521739
0 0.6922554347826086 0.49660326086956524 0.004755434782608696 0.004076086956521739
0 0.704483695652174 0.5115489130434783 0.006793478260869565 0.005434782608695652
0 0.7160326086956522 0.5224184782608695 0.007472826086956522 0.006793478260869565
0 0.7316576086956522 0.529891304347826 0.007472826086956522 0.007472826086956522
0 0.7561141304347826 0.5475543478260869 0.010190217391304348 0.008831521739130434
0 0.7690217391304348 0.5577445652173914 0.010190217391304348 0.010190217391304348
0 0.7839673913043478 0.5726902173913043 0.012907608695652174 0.010869565217391304
0 0.8063858695652174 0.5869565217391305 0.014266304347826086 0.010190217391304348
0 0.8355978260869565 0.6039402173913043 0.016983695652173912 0.012907608695652174
0 0.7282608695652174 0.48845108695652173 0.004755434782608696 0.004076086956521739
0 0.7282608695652174 0.4945652173913043 0.004755434782608696 0.004076086956521739
0 0.7567934782608695 0.5163043478260869 0.006793478260869565 0.006114130434782609
0 0.7771739130434783 0.5230978260869565 0.008152173913043478 0.007472826086956522
0 0.7839673913043478 0.5305706521739131 0.008831521739130434 0.008152173913043478
0 0.8016304347826086 0.5380434782608695 0.010869565217391304 0.008152173913043478
0 0.8240489130434783 0.546875 0.010869565217391304 0.010190217391304348
0 0.8464673913043478 0.5591032608695652 0.012907608695652174 0.01154891304347826
0 0.7527173913043478 0.48233695652173914 0.006114130434782609 0.005434782608695652
0 0.7615489130434783 0.4891304347826087 0.006793478260869565 0.006114130434782609
0 0.78125 0.5006793478260869 0.006793478260869565 0.005434782608695652
0 0.7948369565217391 0.5061141304347826 0.006114130434782609 0.005434782608695652
0 0.8036684782608695 0.5122282608695652 0.007472826086956522 0.006793478260869565
0 0.8192934782608695 0.516983695652174 0.008152173913043478 0.006793478260869565
0 0.8349184782608695 0.5210597826086957 0.010190217391304348 0.008152173913043478
0 0.8057065217391305 0.49116847826086957 0.004755434782608696 0.004076086956521739
0 0.8179347826086957 0.49728260869565216 0.006793478260869565 0.005434782608695652
0 0.8315217391304348 0.5006793478260869 0.006793478260869565 0.006114130434782609
0 0.8444293478260869 0.5061141304347826 0.008152173913043478 0.006793478260869565
0 0.8682065217391305 0.5760869565217391 0.012228260869565218 0.010869565217391304
0 0.9082880434782609 0.5876358695652174 0.014266304347826086 0.012907608695652174
0 0.9524456521739131 0.6052989130434783 0.014945652173913044 0.014945652173913044
0 0.9925271739130435 0.6358695652173914 0.014945652173913044 0.016304347826086956
0 0.8614130434782609 0.5101902173913043 0.008152173913043478 0.006793478260869565
0 0.8770380434782609 0.5149456521739131 0.008152173913043478 0.007472826086956522
0 0.8967391304347826 0.5217391304347826 0.010190217391304348 0.008152173913043478
0 0.9259510869565217 0.529891304347826 0.010190217391304348 0.009510869565217392
0 0.9558423913043478 0.5380434782608695 0.012228260869565218 0.010190217391304348
0 0.9911684782608695 0.5475543478260869 0.012907608695652174 0.01154891304347826
0 0.96875 0.5740489130434783 0.014266304347826086 0.01154891304347826
0 0.9442934782608695 0.563858695652174 0.012907608695652174 0.010190217391304348
0 0.9116847826086957 0.5489130434782609 0.012228260869565218 0.010190217391304348
0 0.8797554347826086 0.5353260869565217 0.010869565217391304 0.008831521739130434
0 0.8539402173913043 0.5305706521739131 0.010190217391304348 0.009510869565217392
0 0.8722826086956522 0.6297554347826086 0.017663043478260868 0.014945652173913044
0 0.8396739130434783 0.485054347826087 0.004755434782608696 0.005434782608695652
0 0.8552989130434783 0.49116847826086957 0.006114130434782609 0.005434782608695652
0 0.8709239130434783 0.4945652173913043 0.007472826086956522 0.006793478260869565
0 0.8851902173913043 0.5006793478260869 0.008152173913043478 0.006793478260869565
0 0.9008152173913043 0.5054347826086957 0.007472826086956522 0.006793478260869565
0 0.923233695652174 0.5081521739130435 0.008831521739130434 0.008152173913043478
0 0.9422554347826086 0.5122282608695652 0.010190217391304348 0.008831521739130434
0 0.967391304347826 0.515625 0.010190217391304348 0.009510869565217392
0 0.9972826086956522 0.532608695652174 0.005434782608695652 0.010190217391304348
0 0.9599184782608695 0.5027173913043478 0.008152173913043478 0.007472826086956522
0 0.936141304347826 0.4986413043478261 0.007472826086956522 0.006793478260869565
0 0.9028532608695652 0.4898097826086957 0.006793478260869565 0.006793478260869565
0 0.8879076086956522 0.48777173913043476 0.004755434782608696 0.005434782608695652
0 0.873641304347826 0.4830163043478261 0.006114130434782609 0.005434782608695652
0 0.8974184782608695 0.47758152173913043 0.006114130434782609 0.005434782608695652
0 0.9164402173913043 0.483695652173913 0.006114130434782609 0.005434782608695652
0 0.9490489130434783 0.4904891304347826 0.008152173913043478 0.007472826086956522
0 0.967391304347826 0.4938858695652174 0.007472826086956522 0.006793478260869565
0 0.9911684782608695 0.4952445652173913 0.008152173913043478 0.008152173913043478
0 0.9816576086956522 0.48709239130434784 0.007472826086956522 0.006793478260869565
0 0.96875 0.4782608695652174 0.006114130434782609 0.005434782608695652
0 0.9592391304347826 0.4796195652173913 0.006114130434782609 0.006114130434782609
0 0.9422554347826086 0.4796195652173913 0.006114130434782609 0.005434782608695652
0 0.9585597826086957 0.704483695652174 0.02717391304347826 0.022418478260869564
0 0.796875 0.6983695652173914 0.021059782608695652 0.018342391304347828
0 0.7771739130434783 0.65625 0.016304347826086956 0.015625
0 0.670516304347826 0.6841032608695652 0.021059782608695652 0.016983695652173912
0 0.6800271739130435 0.7683423913043478 0.02717391304347826 0.022418478260869564
0 0.5353260869565217 0.6752717391304348 0.017663043478260868 0.015625
0 0.4232336956521739 0.6677989130434783 0.018342391304347828 0.015625
0 0.13790760869565216 0.8165760869565217 0.030570652173913044 0.020380434782608696
0 0.25815217391304346 0.876358695652174 0.033967391304347824 0.022418478260869564
0 0.6297554347826086 0.9327445652173914 0.03940217391304348 0.026494565217391304
0 0.004076086956521739 0.6086956521739131 0.008152173913043478 0.008152173913043478
0 0.051630434782608696 0.5760869565217391 0.012907608695652174 0.008152173913043478
0 0.07676630434782608 0.5448369565217391 0.010190217391304348 0.006793478260869565
0 0.09375 0.5686141304347826 0.012228260869565218 0.008152173913043478
0 0.14741847826086957 0.640625 0.016304347826086956 0.01154891304347826
0 0.14605978260869565 0.5889945652173914 0.01358695652173913 0.009510869565217392
0 0.17051630434782608 0.532608695652174 0.008152173913043478 0.005434782608695652
0 0.2608695652173913 0.5876358695652174 0.01358695652173913 0.008831521739130434
0 0.24728260869565216 0.6528532608695652 0.018342391304347828 0.012228260869565218
0 0.24796195652173914 0.5217391304347826 0.008152173913043478 0.005434782608695652
0 0.29959239130434784 0.5149456521739131 0.007472826086956522 0.005434782608695652
0 0.28125 0.5197010869565217 0.010190217391304348 0.006793478260869565
0 0.28396739130434784 0.5360054347826086 0.010190217391304348 0.007472826086956522
0 0.3267663043478261 0.5339673913043478 0.009510869565217392 0.006114130434782609
0 0.33627717391304346 0.529891304347826 0.009510869565217392 0.006114130434782609
0 0.30910326086956524 0.5645380434782609 0.012228260869565218 0.008152173913043478
0 0.39266304347826086 0.5237771739130435 0.009510869565217392 0.006114130434782609
0 0.48165760869565216 0.5176630434782609 0.008831521739130434 0.006114130434782609
0 0.5271739130434783 0.5163043478260869 0.008831521739130434 0.006114130434782609
0 0.5828804347826086 0.48777173913043476 0.006114130434782609 0.0033967391304347825
0 0.5733695652173914 0.5 0.006793478260869565 0.004755434782608696
0 0.5645380434782609 0.5040760869565217 0.007472826086956522 0.005434782608695652
0 0.5699728260869565 0.5081521739130435 0.008152173913043478 0.005434782608695652
0 0.5570652173913043 0.5353260869565217 0.010190217391304348 0.006793478260869565
0 0.5516304347826086 0.5536684782608695 0.012228260869565218 0.008152173913043478
0 0.5495923913043478 0.595108695652174 0.015625 0.010190217391304348
0 0.46875 0.592391304347826 0.014945652173913044 0.009510869565217392
0 0.49320652173913043 0.5631793478260869 0.012228260869565218 0.008152173913043478
0 0.43002717391304346 0.5652173913043478 0.012907608695652174 0.008831521739130434
0 0.4110054347826087 0.5747282608695652 0.012907608695652174 0.008831521739130434
0 0.6141304347826086 0.4830163043478261 0.004076086956521739 0.002717391304347826
0 0.608016304347826 0.48845108695652173 0.006114130434782609 0.0033967391304347825
0 0.6161684782608695 0.4952445652173913 0.006114130434782609 0.004076086956521739
0 0.6141304347826086 0.5122282608695652 0.007472826086956522 0.005434782608695652
0 0.6120923913043478 0.515625 0.007472826086956522 0.005434782608695652
0 0.6182065217391305 0.5292119565217391 0.009510869565217392 0.006114130434782609
0 0.6168478260869565 0.5434782608695652 0.010869565217391304 0.006793478260869565
0 0.6433423913043478 0.4891304347826087 0.006793478260869565 0.004076086956521739
0 0.6508152173913043 0.49252717391304346 0.006114130434782609 0.004076086956521739
0 0.65625 0.5027173913043478 0.006793478260869565 0.004076086956521739
0 0.6582880434782609 0.515625 0.007472826086956522 0.005434782608695652
0 0.6807065217391305 0.48777173913043476 0.005434782608695652 0.004076086956521739
0 0.6976902173913043 0.5020380434782609 0.006793478260869565 0.004755434782608696
0 0.7099184782608695 0.5149456521739131 0.007472826086956522 0.005434782608695652
0 0.7404891304347826 0.5380434782608695 0.010869565217391304 0.006793478260869565
0 0.7133152173913043 0.485054347826087 0.006114130434782609 0.004076086956521739
0 0.7194293478260869 0.48709239130434784 0.006114130434782609 0.004076086956521739
0 0.7364130434782609 0.5006793478260869 0.006793478260869565 0.004755434782608696
0 0.7445652173913043 0.5074728260869565 0.007472826086956522 0.005434782608695652
0 0.75 0.5108695652173914 0.008152173913043478 0.005434782608695652
0 0.7751358695652174 0.49660326086956524 0.006793478260869565 0.004755434782608696
0 0.9870923913043478 0.5081521739130435 0.010869565217391304 0.006793478260869565
0 0.921875 0.49728260869565216 0.008831521739130434 0.006114130434782609
0 0.9354619565217391 0.485054347826087 0.007472826086956522 0.005434782608695652