0 0.10869565217391304 0.595108695652174 0.05366847826086957 0.044157608695652176
0 0.59375 0.7601902173913043 0.05434782608695652 0.046875
0 0.673233695652174 0.6569293478260869 0.051630434782608696 0.04891304347826087
0 0.7710597826086957 0.7635869565217391 0.057744565217391304 0.04891304347826087
0 0.6752717391304348 0.5210597826086957 0.04891304347826087 0.044157608695652176
0 0.8539402173913043 0.49796195652173914 0.04891304347826087 0.04755434782608696
0 0.9864130434782609 0.5135869565217391 0.02717391304347826 0.043478260869565216
0 0.7737771739130435 0.5027173913043478 0.050271739130434784 0.04619565217391304
0 0.35054347826086957 0.5957880434782609 0.04891304347826087 0.042798913043478264
0 0.9347826086956522 0.4830163043478261 0.05366847826086957 0.050951086956521736
0 0.23777173913043478 0.5998641304347826 0.050271739130434784 0.04076086956521739
0 0.8661684782608695 0.6596467391304348 0.04891304347826087 0.044157608695652176
0 0.578125 0.6542119565217391 0.051630434782608696 0.04076086956521739
0 0.5822010869565217 0.5135869565217391 0.04891304347826087 0.043478260869565216
0 0.31453804347826086 0.7221467391304348 0.05570652173913043 0.049592391304347824
0 0.7690217391304348 0.6514945652173914 0.051630434782608696 0.046875
0 0.49320652173913043 0.670516304347826 0.046875 0.03804347826086957
0 0.9395380434782609 0.6596467391304348 0.050271739130434784 0.04619565217391304
0 0.29415760869565216 0.5991847826086957 0.051630434782608696 0.03736413043478261
0 0.46059782608695654 0.529891304347826 0.046875 0.04008152173913043
0 0.45108695652173914 0.7255434782608695 0.05366847826086957 0.043478260869565216
0 0.17051630434782608 0.7282608695652174 0.057744565217391304 0.05298913043478261
0 0.42391304347826086 0.6535326086956522 0.046875 0.044157608695652176
0 0.7316576086956522 0.4986413043478261 0.051630434782608696 0.04619565217391304
0 0.5108695652173914 0.5264945652173914 0.04483695652173913 0.043478260869565216
0 0.5332880434782609 0.7119565217391305 0.04483695652173913 0.034646739130434784
0 0.623641304347826 0.501358695652174 0.04891304347826087 0.043478260869565216
0 0.9762228260869565 0.48845108695652173 0.046875 0.046875
0 0.5427989130434783 0.5061141304347826 0.04551630434782609 0.04008152173913043
0 0.6644021739130435 0.4938858695652174 0.04483695652173913 0.034646739130434784