0 0.49184782608695654 0.8131793478260869 0.03736413043478261 0.034646739130434784
0 0.31046195652173914 0.608016304347826 0.025135869565217392 0.022418478260869564
0 0.078125 0.48165760869565216 0.021739130434782608 0.021059782608695652
0 0.025135869565217392 0.5006793478260869 0.019021739130434784 0.016983695652173912
0 0.8308423913043478 0.7248641304347826 0.036005434782608696 0.03125
0 0.12703804347826086 0.8036684782608695 0.027853260869565216 0.029211956521739132
0 0.33627717391304346 0.6875 0.027853260869565216 0.025815217391304348
0 0.4938858695652174 0.4945652173913043 0.025135869565217392 0.021059782608695652
0 0.058423913043478264 0.4171195652173913 0.016983695652173912 0.016983695652173912
0 0.008152173913043478 0.3389945652173913 0.012228260869565218 0.010190217391304348
0 0.016983695652173912 0.22010869565217392 0.014266304347826086 0.01358695652173913
0 0.12160326086956522 0.32540760869565216 0.012228260869565218 0.01358695652173913
0 0.046875 0.313179347826087 0.012228260869565218 0.012228260869565218
0 0.036005434782608696 0.20855978260869565 0.010869565217391304 0.008831521739130434
0 0.13451086956521738 0.3423913043478261 0.016983695652173912 0.016983695652173912
0 0.04076086956521739 0.38654891304347827 0.016983695652173912 0.016983695652173912
0 0.25747282608695654 0.5067934782608695 0.016983695652173912 0.017663043478260868
0 0.22486413043478262 0.8063858695652174 0.03736413043478261 0.027853260869565216
0 0.38858695652173914 0.8430706521739131 0.04076086956521739 0.029211956521739132
0 0.8675271739130435 0.7697010869565217 0.03736413043478261 0.02717391304347826
0 0.6963315217391305 0.8926630434782609 0.042119565217391304 0.030570652173913044
0 0.5597826086956522 0.5101902173913043 0.026494565217391304 0.019021739130434784
0 0.1671195652173913 0.41508152173913043 0.020380434782608696 0.014266304347826086
0 0.281929347826087 0.5190217391304348 0.025135869565217392 0.017663043478260868
0 0.21263586956521738 0.3654891304347826 0.019021739130434784 0.01358695652173913
0 0.07948369565217392 0.20380434782608695 0.012228260869565218 0.008831521739130434
0 0.5088315217391305 0.49116847826086957 0.025135869565217392 0.017663043478260868
0 0.13451086956521738 0.38179347826086957 0.019021739130434784 0.01358695652173913
0 0.010869565217391304 0.26222826086956524 0.015625 0.010190217391304348
0 0.020380434782608696 0.2418478260869565 0.014266304347826086 0.010190217391304348
0 0.31046195652173914 0.8485054347826086 0.04076086956521739 0.029211956521739132