0 0.0020380434782608695 0.5597826086956522 0.004076086956521739 0.03260869565217391
0 0.006793478260869565 0.5319293478260869 0.01358695652173913 0.02377717391304348
0 0.006114130434782609 0.48709239130434784 0.012228260869565218 0.016983695652173912
0 0.001358695652173913 0.41304347826086957 0.002717391304347826 0.014266304347826086
0 0.22758152173913043 0.5720108695652174 0.028532608695652172 0.029211956521739132
0 0.22826086956521738 0.5271739130434783 0.017663043478260868 0.019021739130434784
0 0.19972826086956522 0.49728260869565216 0.01970108695652174 0.020380434782608696
0 0.19021739130434784 0.5733695652173914 0.02717391304347826 0.029891304347826088
0 0.16304347826086957 0.5597826086956522 0.021059782608695652 0.025135869565217392
0 0.13043478260869565 0.5604619565217391 0.027853260869565216 0.029211956521739132
0 0.10665760869565218 0.579483695652174 0.029891304347826088 0.029891304347826088
0 0.06385869565217392 0.5631793478260869 0.028532608695652172 0.029891304347826088
0 0.03940217391304348 0.5726902173913043 0.025135869565217392 0.027853260869565216
0 0.059782608695652176 0.5163043478260869 0.021059782608695652 0.021739130434782608
0 0.09578804347826086 0.5285326086956522 0.02377717391304348 0.026494565217391304
0 0.033967391304347824 0.5081521739130435 0.02309782608695652 0.02377717391304348
0 0.1480978260869565 0.5054347826086957 0.020380434782608696 0.021739130434782608
0 0.16576086956521738 0.5115489130434783 0.01970108695652174 0.020380434782608696
0 0.12771739130434784 0.49592391304347827 0.016304347826086956 0.020380434782608696
0 0.10258152173913043 0.4898097826086957 0.018342391304347828 0.017663043478260868
0 0.029891304347826088 0.4857336956521739 0.015625 0.016304347826086956
0 0.14402173913043478 0.45720108695652173 0.012907608695652174 0.014266304347826086
0 0.2608695652173913 0.4327445652173913 0.01154891304347826 0.01358695652173913
0 0.2669836956521739 0.42866847826086957 0.01154891304347826 0.014945652173913044
0 0.2764945652173913 0.4327445652173913 0.010869565217391304 0.012907608695652174
0 0.297554347826087 0.4279891304347826 0.01154891304347826 0.01358695652173913
0 0.3376358695652174 0.406929347826087 0.01154891304347826 0.01358695652173913
0 0.34646739130434784 0.43070652173913043 0.01154891304347826 0.01358695652173913
0 0.3919836956521739 0.41508152173913043 0.010869565217391304 0.01154891304347826
0 0.4048913043478261 0.4327445652173913 0.012228260869565218 0.014945652173913044
0 0.47690217391304346 0.45108695652173914 0.016983695652173912 0.018342391304347828
0 0.4110054347826087 0.4232336956521739 0.01154891304347826 0.012907608695652174
0 0.44021739130434784 0.5726902173913043 0.027853260869565216 0.029211956521739132
0 0.390625 0.5584239130434783 0.016304347826086956 0.019021739130434784
0 0.34171195652173914 0.546875 0.025135869565217392 0.026494565217391304
0 0.27377717391304346 0.4891304347826087 0.016304347826086956 0.017663043478260868
0 0.29279891304347827 0.48641304347826086 0.016983695652173912 0.018342391304347828
0 0.5591032608695652 0.4436141304347826 0.012228260869565218 0.016304347826086956
0 0.6134510869565217 0.42527173913043476 0.010190217391304348 0.01358695652173913
0 0.6222826086956522 0.44021739130434784 0.010869565217391304 0.012228260869565218
0 0.5971467391304348 0.46127717391304346 0.01358695652173913 0.015625
0 0.592391304347826 0.48165760869565216 0.015625 0.017663043478260868
0 0.6182065217391305 0.5108695652173914 0.01970108695652174 0.020380434782608696
0 0.6807065217391305 0.5346467391304348 0.021059782608695652 0.028532608695652172
0 0.9762228260869565 0.47146739130434784 0.01970108695652174 0.03125
0 0.022418478260869564 0.5258152173913043 0.022418478260869564 0.024456521739130436
0 0.007472826086956522 0.5067934782608695 0.014945652173913044 0.018342391304347828
0 0.001358695652173913 0.484375 0.0020380434782608695 0.015625
0 0.01154891304347826 0.40896739130434784 0.008831521739130434 0.007472826086956522
0 0.029211956521739132 0.405570652173913 0.008831521739130434 0.008152173913043478
0 0.21875 0.5407608695652174 0.025135869565217392 0.022418478260869564
0 0.25339673913043476 0.5264945652173914 0.02377717391304348 0.021059782608695652
0 0.21603260869565216 0.4741847826086957 0.016983695652173912 0.014945652173913044
0 0.203125 0.484375 0.018342391304347828 0.016304347826086956
0 0.07201086956521739 0.529891304347826 0.025815217391304348 0.02309782608695652
0 0.10258152173913043 0.5115489130434783 0.022418478260869564 0.020380434782608696
0 0.11480978260869565 0.5095108695652174 0.022418478260869564 0.01970108695652174
0 0.07540760869565218 0.5101902173913043 0.021739130434782608 0.01970108695652174
0 0.1637228260869565 0.5278532608695652 0.02377717391304348 0.021059782608695652
0 0.18885869565217392 0.5394021739130435 0.025135869565217392 0.022418478260869564
0 0.09782608695652174 0.4789402173913043 0.016983695652173912 0.014945652173913044
0 0.10597826086956522 0.47554347826086957 0.016304347826086956 0.014266304347826086
0 0.10529891304347826 0.46535326086956524 0.014266304347826086 0.012907608695652174
0 0.08899456521739131 0.46875 0.014945652173913044 0.01358695652173913
0 0.08152173913043478 0.46127717391304346 0.012907608695652174 0.01154891304347826
0 0.05570652173913043 0.469429347826087 0.01358695652173913 0.012228260869565218
0 0.04755434782608696 0.4904891304347826 0.017663043478260868 0.015625
0 0.021059782608695652 0.48777173913043476 0.018342391304347828 0.016304347826086956
0 0.035326086956521736 0.49252717391304346 0.018342391304347828 0.016304347826086956
0 0.250679347826087 0.4327445652173913 0.014266304347826086 0.012907608695652174
0 0.2425271739130435 0.421875 0.012907608695652174 0.01154891304347826
0 0.22214673913043478 0.42459239130434784 0.012228260869565218 0.010869565217391304
0 0.2139945652173913 0.40964673913043476 0.010190217391304348 0.008831521739130434
0 0.1875 0.4205163043478261 0.01154891304347826 0.010190217391304348
0 0.16983695652173914 0.40625 0.008831521739130434 0.007472826086956522
0 0.15896739130434784 0.41915760869565216 0.01154891304347826 0.010190217391304348
0 0.15421195652173914 0.40217391304347827 0.008152173913043478 0.007472826086956522
0 0.17527173913043478 0.40896739130434784 0.009510869565217392 0.008152173913043478
0 0.20991847826086957 0.421875 0.01154891304347826 0.010190217391304348
0 0.12635869565217392 0.45720108695652173 0.012907608695652174 0.01154891304347826
0 0.1610054347826087 0.45991847826086957 0.016304347826086956 0.014945652173913044
0 0.17391304347826086 0.46059782608695654 0.016304347826086956 0.014945652173913044
0 0.17255434782608695 0.4741847826086957 0.017663043478260868 0.015625
0 0.24456521739130435 0.4327445652173913 0.014266304347826086 0.012907608695652174
0 0.28804347826086957 0.43002717391304346 0.01358695652173913 0.012228260869565218
0 0.27309782608695654 0.40828804347826086 0.01154891304347826 0.010190217391304348
0 0.24932065217391305 0.40625 0.01154891304347826 0.010190217391304348
0 0.2955163043478261 0.40964673913043476 0.01154891304347826 0.010190217391304348
0 0.30570652173913043 0.4375 0.014266304347826086 0.012907608695652174
0 0.3389945652173913 0.4205163043478261 0.012907608695652174 0.01154891304347826
0 0.3111413043478261 0.40217391304347827 0.012228260869565218 0.010869565217391304
0 0.3607336956521739 0.4232336956521739 0.012907608695652174 0.01154891304347826
0 0.3851902173913043 0.4279891304347826 0.01358695652173913 0.012907608695652174
0 0.3532608695652174 0.44565217391304346 0.014945652173913044 0.01358695652173913
0 0.49592391304347827 0.468070652173913 0.016983695652173912 0.014945652173913044
0 0.45584239130434784 0.4164402173913043 0.012907608695652174 0.01154891304347826
0 0.421195652173913 0.452445652173913 0.014945652173913044 0.01358695652173913
0 0.41304347826086957 0.47078804347826086 0.017663043478260868 0.015625
0 0.3967391304347826 0.468070652173913 0.016304347826086956 0.014266304347826086
0 0.44633152173913043 0.45040760869565216 0.014945652173913044 0.01358695652173913
0 0.4375 0.43953804347826086 0.015625 0.014266304347826086
0 0.436820652173913 0.453125 0.015625 0.01358695652173913
0 0.3763586956521739 0.563858695652174 0.026494565217391304 0.02309782608695652
0 0.36684782608695654 0.5855978260869565 0.027853260869565216 0.025135869565217392
0 0.32065217391304346 0.5645380434782609 0.02717391304347826 0.024456521739130436
0 0.29891304347826086 0.5271739130434783 0.022418478260869564 0.020380434782608696
0 0.29415760869565216 0.5366847826086957 0.024456521739130436 0.021739130434782608
0 0.2921195652173913 0.5516304347826086 0.025135869565217392 0.022418478260869564
0 0.2758152173913043 0.46535326086956524 0.016304347826086956 0.014266304347826086
0 0.3023097826086957 0.47078804347826086 0.016983695652173912 0.014945652173913044
0 0.5203804347826086 0.4436141304347826 0.014945652173913044 0.012907608695652174
0 0.5067934782608695 0.452445652173913 0.015625 0.014266304347826086
0 0.515625 0.4585597826086957 0.016304347826086956 0.014266304347826086
0 0.5305706521739131 0.46467391304347827 0.016983695652173912 0.014945652173913044
0 0.5366847826086957 0.45040760869565216 0.015625 0.014266304347826086
0 0.5509510869565217 0.46195652173913043 0.016304347826086956 0.014945652173913044
0 0.5400815217391305 0.42459239130434784 0.012228260869565218 0.010869565217391304
0 0.5577445652173914 0.42934782608695654 0.012907608695652174 0.01154891304347826
0 0.641983695652174 0.42595108695652173 0.01154891304347826 0.010190217391304348
0 0.5930706521739131 0.4279891304347826 0.01154891304347826 0.010190217391304348
0 0.5801630434782609 0.45991847826086957 0.016304347826086956 0.014945652173913044
0 0.5706521739130435 0.45720108695652173 0.016304347826086956 0.014945652173913044
0 0.576766304347826 0.4741847826086957 0.018342391304347828 0.016304347826086956
0 0.5944293478260869 0.47282608695652173 0.018342391304347828 0.016304347826086956
0 0.6100543478260869 0.469429347826087 0.017663043478260868 0.015625
0 0.623641304347826 0.49252717391304346 0.020380434782608696 0.018342391304347828
0 0.5726902173913043 0.5020380434782609 0.021739130434782608 0.019021739130434784
0 0.701766304347826 0.5543478260869565 0.026494565217391304 0.02309782608695652
0 0.7425271739130435 0.5129076086956522 0.02309782608695652 0.021059782608695652
0 0.7024456521739131 0.514266304347826 0.022418478260869564 0.020380434782608696
0 0.6358695652173914 0.4891304347826087 0.020380434782608696 0.017663043478260868
0 0.9694293478260869 0.4592391304347826 0.017663043478260868 0.015625
0 0.9551630434782609 0.45584239130434784 0.016983695652173912 0.014945652173913044
0 0.9463315217391305 0.44089673913043476 0.014945652173913044 0.01358695652173913
0 0.920516304347826 0.5190217391304348 0.024456521739130436 0.021739130434782608
0 0.8695652173913043 0.5149456521739131 0.02309782608695652 0.021059782608695652
0 0.8172554347826086 0.5135869565217391 0.02377717391304348 0.021059782608695652
0 0.7758152173913043 0.5244565217391305 0.024456521739130436 0.022418478260869564
0 0.7860054347826086 0.5149456521739131 0.02377717391304348 0.021059782608695652
0 0.7411684782608695 0.5292119565217391 0.025135869565217392 0.022418478260869564
0 0.8009510869565217 0.5849184782608695 0.029891304347826088 0.026494565217391304
0 0.07608695652173914 0.5176630434782609 0.02309782608695652 0.021059782608695652
0 0.17730978260869565 0.5258152173913043 0.02309782608695652 0.021059782608695652
0 0.1766304347826087 0.4952445652173913 0.01970108695652174 0.016983695652173912