0 0.5394021739130435 0.4904891304347826 0.03736413043478261 0.04551630434782609
0 0.6467391304347826 0.4741847826086957 0.03260869565217391 0.035326086956521736
0 0.6936141304347826 0.5944293478260869 0.06657608695652174 0.059103260869565216
0 0.7771739130434783 0.5020380434782609 0.04891304347826087 0.05366847826086957
0 0.7635869565217391 0.45652173913043476 0.035326086956521736 0.041440217391304345
0 0.9144021739130435 0.4898097826086957 0.03260869565217391 0.03125
0 0.9103260869565217 0.46467391304347827 0.016983695652173912 0.018342391304347828
0 0.9612771739130435 0.469429347826087 0.02377717391304348 0.025135869565217392
0 0.18614130434782608 0.6983695652173914 0.10326086956521739 0.13451086956521738
0 0.6270380434782609 0.6786684782608695 0.07608695652173914 0.07608695652173914
0 0.5957880434782609 0.5991847826086957 0.08152173913043478 0.07608695652173914
0 0.8002717391304348 0.48165760869565216 0.03736413043478261 0.03328804347826087
0 0.8559782608695652 0.6127717391304348 0.07404891304347826 0.09442934782608696
0 0.9870923913043478 0.6501358695652174 0.025815217391304348 0.08016304347826086
0 0.9966032608695652 0.4483695652173913 0.006114130434782609 0.012907608695652174