0 0.07948369565217392 0.5129076086956522 0.033967391304347824 0.042798913043478264
0 0.10801630434782608 0.578125 0.03125 0.03192934782608696
0 0.1324728260869565 0.5380434782608695 0.029891304347826088 0.036684782608695655
0 0.11413043478260869 0.4986413043478261 0.03192934782608696 0.04076086956521739
0 0.17595108695652173 0.4422554347826087 0.025135869565217392 0.033967391304347824
0 0.19904891304347827 0.43410326086956524 0.050271739130434784 0.06453804347826086
0 0.09850543478260869 0.5176630434782609 0.022418478260869564 0.030570652173913044
0 0.38790760869565216 0.4701086956521739 0.036684782608695655 0.04619565217391304
0 0.4001358695652174 0.5095108695652174 0.033967391304347824 0.04551630434782609
0 0.4313858695652174 0.4796195652173913 0.03328804347826087 0.04551630434782609
0 0.4476902173913043 0.5176630434782609 0.03940217391304348 0.049592391304347824
0 0.998641304347826 0.42934782608695654 0.002717391304347826 0.04755434782608696
0 0.9932065217391305 0.4429347826086957 0.012907608695652174 0.04823369565217391
0 0.4945652173913043 0.4938858695652174 0.03804347826086957 0.04551630434782609
0 0.5095108695652174 0.5258152173913043 0.03804347826086957 0.04823369565217391
0 0.5373641304347826 0.49592391304347827 0.028532608695652172 0.035326086956521736
0 0.5577445652173914 0.49116847826086957 0.03125 0.04483695652173913
0 0.578125 0.49592391304347827 0.035326086956521736 0.049592391304347824
0 0.6073369565217391 0.5197010869565217 0.03125 0.049592391304347824
0 0.6331521739130435 0.5217391304347826 0.027853260869565216 0.04619565217391304
0 0.6433423913043478 0.47282608695652173 0.035326086956521736 0.049592391304347824
0 0.6542119565217391 0.4891304347826087 0.029211956521739132 0.042798913043478264
0 0.6657608695652174 0.5190217391304348 0.03804347826086957 0.051630434782608696
0 0.6854619565217391 0.4748641304347826 0.035326086956521736 0.04483695652173913
0 0.703125 0.5176630434782609 0.03125 0.042798913043478264
0 0.7235054347826086 0.5414402173913043 0.033967391304347824 0.042798913043478264
0 0.7432065217391305 0.5217391304347826 0.041440217391304345 0.049592391304347824
0 0.7690217391304348 0.4517663043478261 0.04008152173913043 0.05638586956521739
0 0.8131793478260869 0.5258152173913043 0.03804347826086957 0.049592391304347824
0 0.842391304347826 0.5258152173913043 0.036684782608695655 0.03940217391304348
0 0.9177989130434783 0.5230978260869565 0.036684782608695655 0.049592391304347824
0 0.9313858695652174 0.4938858695652174 0.035326086956521736 0.05434782608695652
0 0.8220108695652174 0.45108695652173914 0.029211956521739132 0.03260869565217391
0 0.7533967391304348 0.4741847826086957 0.033967391304347824 0.04076086956521739
0 0.7241847826086957 0.47622282608695654 0.029211956521739132 0.03940217391304348
0 0.5366847826086957 0.47758152173913043 0.027853260869565216 0.033967391304347824
0 0.9150815217391305 0.483695652173913 0.03125 0.049592391304347824
0 0.9966032608695652 0.48165760869565216 0.006793478260869565 0.05298913043478261
0 0.7873641304347826 0.5828804347826086 0.036684782608695655 0.033967391304347824
0 0.8247282608695652 0.4789402173913043 0.03125 0.036684782608695655
0 0.3702445652173913 0.5366847826086957 0.036005434782608696 0.03804347826086957
0 0.3546195652173913 0.48165760869565216 0.02309782608695652 0.028532608695652172
0 0.501358695652174 0.46127717391304346 0.027853260869565216 0.03260869565217391
0 0.7167119565217391 0.45516304347826086 0.02309782608695652 0.030570652173913044
0 0.9014945652173914 0.5760869565217391 0.03736413043478261 0.03804347826086957
0 0.35054347826086957 0.5427989130434783 0.04076086956521739 0.042119565217391304
0 0.2642663043478261 0.5074728260869565 0.036005434782608696 0.036684782608695655
0 0.9110054347826086 0.45991847826086957 0.036684782608695655 0.03736413043478261
0 0.5550271739130435 0.45720108695652173 0.028532608695652172 0.029891304347826088