0 0.04755434782608696 0.26358695652173914 0.06657608695652174 0.06114130434782609
0 0.01358695652173913 0.22146739130434784 0.02717391304347826 0.051630434782608696
0 0.5652173913043478 0.65625 0.18885869565217392 0.15013586956521738
0 0.3125 0.38179347826086957 0.12432065217391304 0.10054347826086957
0 0.12635869565217392 0.3138586956521739 0.09171195652173914 0.07880434782608696
0 0.08899456521739131 0.11616847826086957 0.012228260869565218 0.010869565217391304
0 0.10733695652173914 0.11820652173913043 0.010190217391304348 0.009510869565217392
0 0.12703804347826086 0.11752717391304347 0.014266304347826086 0.015625
0 0.36141304347826086 0.20108695652173914 0.030570652173913044 0.034646739130434784
0 0.7323369565217391 0.15285326086956522 0.016304347826086956 0.014266304347826086
0 0.47282608695652173 0.3491847826086957 0.13043478260869565 0.08695652173913043
0 0.6413043478260869 0.33559782608695654 0.12567934782608695 0.08355978260869565
0 0.49592391304347827 0.2758152173913043 0.09442934782608696 0.0625
0 0.4273097826086957 0.29008152173913043 0.09850543478260869 0.06589673913043478
0 0.34646739130434784 0.26154891304347827 0.08899456521739131 0.059782608695652176
0 0.27853260869565216 0.24864130434782608 0.08491847826086957 0.05638586956521739
0 0.16032608695652173 0.21807065217391305 0.06589673913043478 0.044157608695652176
0 0.004755434782608696 0.13926630434782608 0.008831521739130434 0.018342391304347828
0 0.07744565217391304 0.11277173913043478 0.015625 0.010190217391304348
0 0.13858695652173914 0.12092391304347826 0.014945652173913044 0.010190217391304348
0 0.171875 0.11413043478260869 0.015625 0.010190217391304348
0 0.28872282608695654 0.13722826086956522 0.024456521739130436 0.016304347826086956
0 0.46467391304347827 0.21739130434782608 0.07201086956521739 0.04823369565217391
0 0.811141304347826 0.46059782608695654 0.1637228260869565 0.109375
0 0.6433423913043478 0.22554347826086957 0.07540760869565218 0.050271739130434784
0 0.748641304347826 0.140625 0.018342391304347828 0.012228260869565218