0 0.8525815217391305 0.23505434782608695 0.29415760869565216 0.18885869565217392
0 0.5495923913043478 0.34171195652173914 0.11956521739130435 0.051630434782608696
0 0.3539402173913043 0.37907608695652173 0.08288043478260869 0.03736413043478261
0 0.19021739130434784 0.39877717391304346 0.06114130434782609 0.036005434782608696
0 0.23165760869565216 0.35665760869565216 0.20720108695652173 0.06929347826086957
0 0.08084239130434782 0.35529891304347827 0.16168478260869565 0.07065217391304347
0 0.8519021739130435 0.34646739130434784 0.23165760869565216 0.078125
0 0.6467391304347826 0.34171195652173914 0.24660326086956522 0.08288043478260869
0 0.22758152173913043 0.25815217391304346 0.3953804347826087 0.1324728260869565
0 0.7262228260869565 0.360054347826087 0.1983695652173913 0.06657608695652174
0 0.9116847826086957 0.3607336956521739 0.1766304347826087 0.06589673913043478