0 0.3063858695652174 0.5550271739130435 0.06453804347826086 0.057065217391304345
0 0.15625 0.5387228260869565 0.07201086956521739 0.05570652173913043
0 0.4266304347826087 0.5706521739130435 0.06657608695652174 0.05298913043478261
0 0.7927989130434783 0.20991847826086957 0.12432065217391304 0.1297554347826087
0 0.033967391304347824 0.49660326086956524 0.06793478260869565 0.06385869565217392
0 0.9680706521739131 0.6514945652173914 0.043478260869565216 0.036684782608695655
0 0.21331521739130435 0.5448369565217391 0.052309782608695655 0.04823369565217391
0 0.34578804347826086 0.5876358695652174 0.05434782608695652 0.043478260869565216
0 0.07540760869565218 0.532608695652174 0.059103260869565216 0.05434782608695652
0 0.5339673913043478 0.5903532608695652 0.04551630434782609 0.04619565217391304
0 0.5244565217391305 0.5876358695652174 0.059782608695652176 0.04483695652173913
0 0.4313858695652174 0.6168478260869565 0.050271739130434784 0.03804347826086957
0 0.45991847826086957 0.5998641304347826 0.05502717391304348 0.041440217391304345
0 0.5285326086956522 0.5713315217391305 0.0625 0.046875