0 0.20040760869565216 0.6066576086956522 0.029891304347826088 0.019021739130434784
0 0.07065217391304347 0.41372282608695654 0.016304347826086956 0.008831521739130434
0 0.3125 0.6474184782608695 0.030570652173913044 0.019021739130434784
0 0.4898097826086957 0.8220108695652174 0.035326086956521736 0.02717391304347826
0 0.2764945652173913 0.5849184782608695 0.03125 0.019021739130434784
0 0.34171195652173914 0.7805706521739131 0.050271739130434784 0.02377717391304348
0 0.11684782608695653 0.639266304347826 0.03736413043478261 0.016983695652173912
0 0.09510869565217392 0.49728260869565216 0.025135869565217392 0.01154891304347826
0 0.12771739130434784 0.47282608695652173 0.022418478260869564 0.010869565217391304
0 0.18478260869565216 0.49116847826086957 0.024456521739130436 0.01154891304347826
0 0.14470108695652173 0.5210597826086957 0.02717391304347826 0.012907608695652174
0 0.021059782608695652 0.670516304347826 0.03804347826086957 0.017663043478260868
0 0.18817934782608695 0.40625 0.014266304347826086 0.006793478260869565
0 0.0033967391304347825 0.24048913043478262 0.006114130434782609 0.006114130434782609
0 0.0033967391304347825 0.24660326086956522 0.006793478260869565 0.006793478260869565
0 0.02309782608695652 0.23845108695652173 0.012228260869565218 0.006114130434782609
0 0.08831521739130435 0.34375 0.005434782608695652 0.002717391304347826
0 0.21739130434782608 0.3532608695652174 0.017663043478260868 0.008152173913043478
0 0.25883152173913043 0.374320652173913 0.007472826086956522 0.0033967391304347825
0 0.27853260869565216 0.45108695652173914 0.01970108695652174 0.009510869565217392