0 0.7622282608695652 0.90625 0.021059782608695652 0.027853260869565216
0 0.6542119565217391 0.8817934782608695 0.021059782608695652 0.02377717391304348
0 0.42527173913043476 0.8695652173913043 0.021059782608695652 0.021059782608695652
0 0.5081521739130435 0.8620923913043478 0.025135869565217392 0.027853260869565216
0 0.4938858695652174 0.7479619565217391 0.016983695652173912 0.016983695652173912
0 0.6385869565217391 0.6501358695652174 0.015625 0.016983695652173912
0 0.7112771739130435 0.641983695652174 0.016983695652173912 0.016983695652173912
0 0.5033967391304348 0.5563858695652174 0.012228260869565218 0.01358695652173913
0 0.5346467391304348 0.5027173913043478 0.009510869565217392 0.012907608695652174
0 0.5122282608695652 0.4891304347826087 0.008152173913043478 0.008152173913043478
0 0.45516304347826086 0.4673913043478261 0.009510869565217392 0.010190217391304348
0 0.5271739130434783 0.452445652173913 0.007472826086956522 0.007472826086956522
0 0.6148097826086957 0.46127717391304346 0.007472826086956522 0.007472826086956522
0 0.6304347826086957 0.45584239130434784 0.007472826086956522 0.007472826086956522
0 0.6956521739130435 0.48165760869565216 0.01154891304347826 0.012907608695652174
0 0.6752717391304348 0.44089673913043476 0.008152173913043478 0.008152173913043478
0 0.71875 0.3858695652173913 0.007472826086956522 0.008152173913043478
0 0.6779891304347826 0.34646739130434784 0.008152173913043478 0.010190217391304348
0 0.6059782608695652 0.327445652173913 0.004076086956521739 0.006793478260869565
0 0.5896739130434783 0.3267663043478261 0.004076086956521739 0.004755434782608696
0 0.48233695652173914 0.31589673913043476 0.005434782608695652 0.006793478260869565
0 0.4741847826086957 0.3267663043478261 0.005434782608695652 0.004755434782608696
0 0.4945652173913043 0.3546195652173913 0.004076086956521739 0.006793478260869565
0 0.5394021739130435 0.38179347826086957 0.005434782608695652 0.006793478260869565
0 0.5550271739130435 0.3858695652173913 0.005434782608695652 0.007472826086956522
0 0.47282608695652173 0.3654891304347826 0.005434782608695652 0.006793478260869565
0 0.44157608695652173 0.40217391304347827 0.005434782608695652 0.006793478260869565
0 0.4320652173913043 0.3845108695652174 0.005434782608695652 0.006793478260869565
0 0.4164402173913043 0.37771739130434784 0.007472826086956522 0.007472826086956522
0 0.39809782608695654 0.37160326086956524 0.007472826086956522 0.007472826086956522
0 0.37092391304347827 0.38722826086956524 0.007472826086956522 0.008152173913043478
0 0.3498641304347826 0.3580163043478261 0.005434782608695652 0.007472826086956522
0 0.38654891304347827 0.3342391304347826 0.005434782608695652 0.006793478260869565
0 0.3220108695652174 0.3580163043478261 0.005434782608695652 0.006793478260869565
0 0.3335597826086957 0.389945652173913 0.008152173913043478 0.010190217391304348
0 0.3220108695652174 0.421195652173913 0.007472826086956522 0.008152173913043478
0 0.35597826086956524 0.48165760869565216 0.009510869565217392 0.010190217391304348
0 0.39470108695652173 0.5427989130434783 0.009510869565217392 0.010190217391304348
0 0.328125 0.5516304347826086 0.008152173913043478 0.010190217391304348
0 0.2907608695652174 0.6351902173913043 0.012228260869565218 0.01358695652173913
0 0.30434782608695654 0.5584239130434783 0.008152173913043478 0.010190217391304348
0 0.18953804347826086 0.5 0.009510869565217392 0.010190217391304348
0 0.15013586956521738 0.47758152173913043 0.008152173913043478 0.010190217391304348
0 0.20516304347826086 0.49184782608695654 0.009510869565217392 0.010869565217391304
0 0.2418478260869565 0.49728260869565216 0.009510869565217392 0.010190217391304348
0 0.26766304347826086 0.49796195652173914 0.009510869565217392 0.012907608695652174
0 0.24048913043478262 0.42391304347826086 0.005434782608695652 0.007472826086956522
0 0.20516304347826086 0.4205163043478261 0.007472826086956522 0.007472826086956522
0 0.19904891304347827 0.32608695652173914 0.005434782608695652 0.006793478260869565
0 0.20176630434782608 0.31453804347826086 0.005434782608695652 0.006793478260869565
0 0.09918478260869565 0.280570652173913 0.005434782608695652 0.006793478260869565
0 0.3654891304347826 0.3029891304347826 0.005434782608695652 0.006793478260869565
0 0.35190217391304346 0.30095108695652173 0.005434782608695652 0.006793478260869565
0 0.2982336956521739 0.29008152173913043 0.005434782608695652 0.004755434782608696
0 0.3070652173913043 0.28328804347826086 0.004076086956521739 0.004755434782608696
0 0.06114130434782609 0.33967391304347827 0.005434782608695652 0.006793478260869565
0 0.04823369565217391 0.27785326086956524 0.005434782608695652 0.006793478260869565
0 0.06114130434782609 0.53125 0.01154891304347826 0.012228260869565218
0 0.08152173913043478 0.499320652173913 0.008152173913043478 0.008152173913043478
0 0.08967391304347826 0.53125 0.009510869565217392 0.010869565217391304
0 0.9341032608695652 0.9592391304347826 0.02717391304347826 0.02377717391304348
0 0.7846467391304348 0.9714673913043478 0.02717391304347826 0.02377717391304348
0 0.8355978260869565 0.8960597826086957 0.025135869565217392 0.022418478260869564
0 0.733016304347826 0.9408967391304348 0.02717391304347826 0.02377717391304348
0 0.7085597826086957 0.8308423913043478 0.02309782608695652 0.020380434782608696
0 0.5991847826086957 0.8872282608695652 0.025135869565217392 0.022418478260869564
0 0.5190217391304348 0.954483695652174 0.02717391304347826 0.02377717391304348
0 0.4320652173913043 0.983016304347826 0.02717391304347826 0.02377717391304348
0 0.5903532608695652 0.7758152173913043 0.021059782608695652 0.018342391304347828
0 0.5822010869565217 0.7119565217391305 0.019021739130434784 0.016983695652173912
0 0.7072010869565217 0.766983695652174 0.021059782608695652 0.018342391304347828
0 0.8648097826086957 0.7778532608695652 0.02309782608695652 0.020380434782608696
0 0.921875 0.7574728260869565 0.021059782608695652 0.018342391304347828
0 0.717391304347826 0.6915760869565217 0.019021739130434784 0.016983695652173912
0 0.6365489130434783 0.6956521739130435 0.019021739130434784 0.016983695652173912
0 0.8471467391304348 0.59375 0.014266304347826086 0.012907608695652174
0 0.8186141304347826 0.5896739130434783 0.014266304347826086 0.012907608695652174
0 0.6148097826086957 0.6120923913043478 0.016983695652173912 0.014945652173913044
0 0.595108695652174 0.6589673913043478 0.016983695652173912 0.014945652173913044
0 0.48029891304347827 0.6854619565217391 0.019021739130434784 0.016983695652173912
0 0.453125 0.6582880434782609 0.014266304347826086 0.012907608695652174
0 0.47622282608695654 0.6324728260869565 0.014266304347826086 0.012907608695652174
0 0.43002717391304346 0.6148097826086957 0.014266304347826086 0.012907608695652174
0 0.46535326086956524 0.5461956521739131 0.012228260869565218 0.010869565217391304
0 0.49796195652173914 0.576766304347826 0.014266304347826086 0.012907608695652174
0 0.5258152173913043 0.5720108695652174 0.014266304347826086 0.012907608695652174
0 0.626358695652174 0.5529891304347826 0.014266304347826086 0.012907608695652174
0 0.6596467391304348 0.5380434782608695 0.012228260869565218 0.010869565217391304
0 0.6698369565217391 0.532608695652174 0.012228260869565218 0.010869565217391304
0 0.6039402173913043 0.5278532608695652 0.012228260869565218 0.010869565217391304
0 0.5095108695652174 0.5027173913043478 0.010190217391304348 0.009510869565217392
0 0.4857336956521739 0.47690217391304346 0.010190217391304348 0.009510869565217392
0 0.5815217391304348 0.452445652173913 0.008152173913043478 0.007472826086956522
0 0.5998641304347826 0.4517663043478261 0.008152173913043478 0.007472826086956522
0 0.6487771739130435 0.4673913043478261 0.010190217391304348 0.009510869565217392
0 0.671875 0.452445652173913 0.008152173913043478 0.007472826086956522
0 0.6752717391304348 0.47622282608695654 0.010190217391304348 0.009510869565217392
0 0.7153532608695652 0.41508152173913043 0.008152173913043478 0.007472826086956522
0 0.7133152173913043 0.375 0.008152173913043478 0.007472826086956522
0 0.6997282608695652 0.389945652173913 0.008152173913043478 0.007472826086956522
0 0.6949728260869565 0.37228260869565216 0.008152173913043478 0.007472826086956522
0 0.6800271739130435 0.38247282608695654 0.008152173913043478 0.007472826086956522
0 0.6331521739130435 0.374320652173913 0.008152173913043478 0.007472826086956522
0 0.7133152173913043 0.33695652173913043 0.006114130434782609 0.005434782608695652
0 0.701766304347826 0.33627717391304346 0.006114130434782609 0.005434782608695652
0 0.6956521739130435 0.313179347826087 0.006114130434782609 0.005434782608695652
0 0.703125 0.30570652173913043 0.006114130434782609 0.005434782608695652
0 0.6739130434782609 0.30910326086956524 0.006114130434782609 0.005434782608695652
0 0.6820652173913043 0.296195652173913 0.006114130434782609 0.005434782608695652
0 0.6834239130434783 0.2710597826086957 0.004076086956521739 0.0033967391304347825
0 0.6929347826086957 0.27241847826086957 0.006114130434782609 0.005434782608695652
0 0.6637228260869565 0.26970108695652173 0.004076086956521739 0.0033967391304347825
0 0.6582880434782609 0.29415760869565216 0.004076086956521739 0.0033967391304347825
0 0.6521739130434783 0.2826086956521739 0.004076086956521739 0.0033967391304347825
0 0.640625 0.2826086956521739 0.004076086956521739 0.0033967391304347825
0 0.639266304347826 0.28804347826086957 0.006114130434782609 0.005434782608695652
0 0.6311141304347826 0.28396739130434784 0.004076086956521739 0.0033967391304347825
0 0.625 0.28804347826086957 0.006114130434782609 0.005434782608695652
0 0.6603260869565217 0.32404891304347827 0.006114130434782609 0.005434782608695652
0 0.735733695652174 0.296195652173913 0.004076086956521739 0.0033967391304347825
0 0.751358695652174 0.30910326086956524 0.004076086956521739 0.0033967391304347825
0 0.7622282608695652 0.30095108695652173 0.004076086956521739 0.0033967391304347825
0 0.751358695652174 0.29891304347826086 0.004076086956521739 0.0033967391304347825
0 0.9762228260869565 0.3077445652173913 0.006114130434782609 0.005434782608695652
0 0.9605978260869565 0.32065217391304346 0.006114130434782609 0.005434782608695652
0 0.9456521739130435 0.31929347826086957 0.006114130434782609 0.005434782608695652
0 0.9354619565217391 0.3172554347826087 0.006114130434782609 0.005434782608695652
0 0.9273097826086957 0.311820652173913 0.006114130434782609 0.005434782608695652
0 0.9198369565217391 0.313179347826087 0.006114130434782609 0.005434782608695652
0 0.90625 0.29347826086956524 0.006114130434782609 0.005434782608695652
0 0.8845108695652174 0.30027173913043476 0.006114130434782609 0.005434782608695652
0 0.8831521739130435 0.2955163043478261 0.006114130434782609 0.005434782608695652
0 0.8947010869565217 0.3220108695652174 0.006114130434782609 0.005434782608695652
0 0.8872282608695652 0.31929347826086957 0.006114130434782609 0.005434782608695652
0 0.8770380434782609 0.30910326086956524 0.006114130434782609 0.005434782608695652
0 0.858016304347826 0.3063858695652174 0.006114130434782609 0.005434782608695652
0 0.842391304347826 0.30434782608695654 0.006114130434782609 0.005434782608695652
0 0.8220108695652174 0.30910326086956524 0.006114130434782609 0.005434782608695652
0 0.8165760869565217 0.28396739130434784 0.004076086956521739 0.0033967391304347825
0 0.8091032608695652 0.28396739130434784 0.004076086956521739 0.0033967391304347825
0 0.7737771739130435 0.29415760869565216 0.004076086956521739 0.0033967391304347825
0 0.5760869565217391 0.30095108695652173 0.006114130434782609 0.005434782608695652
0 0.5529891304347826 0.2955163043478261 0.004076086956521739 0.0033967391304347825
0 0.5448369565217391 0.28804347826086957 0.004076086956521739 0.0033967391304347825
0 0.5604619565217391 0.2826086956521739 0.004076086956521739 0.0033967391304347825
0 0.5957880434782609 0.34171195652173914 0.006114130434782609 0.005434782608695652
0 0.5414402173913043 0.32065217391304346 0.006114130434782609 0.005434782608695652
0 0.5217391304347826 0.32472826086956524 0.006114130434782609 0.005434782608695652
0 0.5061141304347826 0.280570652173913 0.004076086956521739 0.0033967391304347825
0 0.5033967391304348 0.28396739130434784 0.004076086956521739 0.0033967391304347825
0 0.501358695652174 0.27241847826086957 0.004076086956521739 0.0033967391304347825
0 0.49592391304347827 0.265625 0.004076086956521739 0.0033967391304347825
0 0.49796195652173914 0.26290760869565216 0.004076086956521739 0.0033967391304347825
0 0.47690217391304346 0.2703804347826087 0.006114130434782609 0.005434782608695652
0 0.49184782608695654 0.31657608695652173 0.006114130434782609 0.005434782608695652
0 0.48845108695652173 0.3423913043478261 0.006114130434782609 0.005434782608695652
0 0.5033967391304348 0.35529891304347827 0.006114130434782609 0.005434782608695652
0 0.5278532608695652 0.38179347826086957 0.006114130434782609 0.005434782608695652
0 0.46127717391304346 0.37703804347826086 0.006114130434782609 0.005434782608695652
0 0.4701086956521739 0.3539402173913043 0.006114130434782609 0.005434782608695652
0 0.41032608695652173 0.39470108695652173 0.006114130434782609 0.005434782608695652
0 0.40828804347826086 0.3389945652173913 0.006114130434782609 0.005434782608695652
0 0.31046195652173914 0.36141304347826086 0.008152173913043478 0.007472826086956522
0 0.34578804347826086 0.4585597826086957 0.010190217391304348 0.009510869565217392
0 0.3763586956521739 0.4898097826086957 0.010190217391304348 0.009510869565217392
0 0.3919836956521739 0.45720108695652173 0.010190217391304348 0.009510869565217392
0 0.34714673913043476 0.5400815217391305 0.010190217391304348 0.009510869565217392
0 0.375 0.6841032608695652 0.016983695652173912 0.014945652173913044
0 0.125 0.6637228260869565 0.014266304347826086 0.012907608695652174
0 0.23641304347826086 0.5964673913043478 0.012228260869565218 0.010869565217391304
0 0.2269021739130435 0.5631793478260869 0.012228260869565218 0.010869565217391304
0 0.2554347826086957 0.5516304347826086 0.012228260869565218 0.010869565217391304
0 0.15828804347826086 0.5407608695652174 0.012228260869565218 0.010869565217391304
0 0.19157608695652173 0.5258152173913043 0.010190217391304348 0.009510869565217392
0 0.15285326086956522 0.4945652173913043 0.010190217391304348 0.009510869565217392
0 0.11956521739130435 0.5047554347826086 0.010190217391304348 0.009510869565217392
0 0.3023097826086957 0.4830163043478261 0.010190217391304348 0.009510869565217392
0 0.27377717391304346 0.453804347826087 0.010190217391304348 0.009510869565217392
0 0.26766304347826086 0.46195652173913043 0.010190217391304348 0.009510869565217392
0 0.3029891304347826 0.4388586956521739 0.010190217391304348 0.009510869565217392
0 0.29347826086956524 0.43070652173913043 0.008152173913043478 0.007472826086956522
0 0.19293478260869565 0.43070652173913043 0.008152173913043478 0.007472826086956522
0 0.15489130434782608 0.42866847826086957 0.008152173913043478 0.007472826086956522
0 0.11956521739130435 0.42391304347826086 0.008152173913043478 0.007472826086956522
0 0.13926630434782608 0.40285326086956524 0.008152173913043478 0.007472826086956522
0 0.15760869565217392 0.3960597826086957 0.008152173913043478 0.007472826086956522
0 0.25339673913043476 0.36209239130434784 0.006114130434782609 0.005434782608695652
0 0.2269021739130435 0.35190217391304346 0.006114130434782609 0.005434782608695652
0 0.23777173913043478 0.3342391304347826 0.006114130434782609 0.005434782608695652
0 0.21535326086956522 0.3342391304347826 0.006114130434782609 0.005434782608695652
0 0.125 0.35258152173913043 0.006114130434782609 0.005434782608695652
0 0.109375 0.34714673913043476 0.006114130434782609 0.005434782608695652
0 0.09986413043478261 0.3498641304347826 0.006114130434782609 0.005434782608695652
0 0.10801630434782608 0.33084239130434784 0.006114130434782609 0.005434782608695652
0 0.13858695652173914 0.3294836956521739 0.006114130434782609 0.005434782608695652
0 0.15489130434782608 0.327445652173913 0.006114130434782609 0.005434782608695652
0 0.17730978260869565 0.327445652173913 0.006114130434782609 0.005434782608695652
0 0.18138586956521738 0.3029891304347826 0.006114130434782609 0.005434782608695652
0 0.19089673913043478 0.30910326086956524 0.006114130434782609 0.005434782608695652
0 0.20108695652173914 0.30027173913043476 0.006114130434782609 0.005434782608695652
0 0.17730978260869565 0.27853260869565216 0.006114130434782609 0.005434782608695652
0 0.16644021739130435 0.2798913043478261 0.006114130434782609 0.005434782608695652
0 0.16983695652173914 0.28532608695652173 0.006114130434782609 0.005434782608695652
0 0.1875 0.28872282608695654 0.006114130434782609 0.005434782608695652
0 0.16644021739130435 0.29891304347826086 0.006114130434782609 0.005434782608695652
0 0.1637228260869565 0.29415760869565216 0.006114130434782609 0.005434782608695652
0 0.15489130434782608 0.2982336956521739 0.006114130434782609 0.005434782608695652
0 0.140625 0.2914402173913043 0.006114130434782609 0.005434782608695652
0 0.13043478260869565 0.2955163043478261 0.006114130434782609 0.005434782608695652
0 0.12364130434782608 0.2982336956521739 0.006114130434782609 0.005434782608695652
0 0.11752717391304347 0.2914402173913043 0.006114130434782609 0.005434782608695652
0 0.12364130434782608 0.28872282608695654 0.006114130434782609 0.005434782608695652
0 0.125 0.28532608695652173 0.006114130434782609 0.005434782608695652
0 0.11480978260869565 0.28396739130434784 0.006114130434782609 0.005434782608695652
0 0.10394021739130435 0.29008152173913043 0.006114130434782609 0.005434782608695652
0 0.09782608695652174 0.2907608695652174 0.006114130434782609 0.005434782608695652
0 0.37839673913043476 0.32472826086956524 0.006114130434782609 0.005434782608695652
0 0.3688858695652174 0.32404891304347827 0.006114130434782609 0.005434782608695652
0 0.3063858695652174 0.2955163043478261 0.006114130434782609 0.005434782608695652
0 0.30502717391304346 0.30095108695652173 0.006114130434782609 0.005434782608695652
0 0.28464673913043476 0.30910326086956524 0.006114130434782609 0.005434782608695652
0 0.2826086956521739 0.28396739130434784 0.006114130434782609 0.005434782608695652
0 0.3138586956521739 0.2601902173913043 0.006114130434782609 0.005434782608695652
0 0.2866847826086957 0.25679347826086957 0.004076086956521739 0.0033967391304347825
0 0.2798913043478261 0.25 0.004076086956521739 0.0033967391304347825
0 0.2717391304347826 0.25815217391304346 0.004076086956521739 0.0033967391304347825
0 0.26766304347826086 0.25339673913043476 0.004076086956521739 0.0033967391304347825
0 0.2758152173913043 0.26358695652173914 0.006114130434782609 0.005434782608695652
0 0.28464673913043476 0.26834239130434784 0.006114130434782609 0.005434782608695652
0 0.2642663043478261 0.264945652173913 0.006114130434782609 0.005434782608695652
0 0.2595108695652174 0.2554347826086957 0.004076086956521739 0.0033967391304347825
0 0.24864130434782608 0.2608695652173913 0.006114130434782609 0.005434782608695652
0 0.26766304347826086 0.24728260869565216 0.004076086956521739 0.0033967391304347825
0 0.26358695652173914 0.24660326086956522 0.004076086956521739 0.0033967391304347825
0 0.2554347826086957 0.25203804347826086 0.004076086956521739 0.0033967391304347825
0 0.24592391304347827 0.24320652173913043 0.006114130434782609 0.005434782608695652
0 0.2262228260869565 0.24320652173913043 0.006114130434782609 0.005434782608695652
0 0.18410326086956522 0.23641304347826086 0.006114130434782609 0.005434782608695652
0 0.1793478260869565 0.23505434782608695 0.006114130434782609 0.005434782608695652
0 0.18546195652173914 0.24932065217391305 0.006114130434782609 0.005434782608695652
0 0.21263586956521738 0.26970108695652173 0.006114130434782609 0.005434782608695652
0 0.22418478260869565 0.25815217391304346 0.006114130434782609 0.005434782608695652
0 0.22010869565217392 0.25747282608695654 0.006114130434782609 0.005434782608695652
0 0.2269021739130435 0.25203804347826086 0.006114130434782609 0.005434782608695652
0 0.21535326086956522 0.25203804347826086 0.006114130434782609 0.005434782608695652
0 0.20652173913043478 0.2547554347826087 0.006114130434782609 0.005434782608695652
0 0.20176630434782608 0.25 0.006114130434782609 0.005434782608695652
0 0.21263586956521738 0.25815217391304346 0.006114130434782609 0.005434782608695652
0 0.19904891304347827 0.24456521739130435 0.006114130434782609 0.005434782608695652
0 0.15013586956521738 0.265625 0.006114130434782609 0.005434782608695652
0 0.13654891304347827 0.25815217391304346 0.006114130434782609 0.005434782608695652
0 0.12296195652173914 0.2554347826086957 0.006114130434782609 0.005434782608695652
0 0.11888586956521739 0.2554347826086957 0.006114130434782609 0.005434782608695652
0 0.10529891304347826 0.25 0.006114130434782609 0.005434782608695652
0 0.09918478260869565 0.25 0.006114130434782609 0.005434782608695652
0 0.09782608695652174 0.2601902173913043 0.006114130434782609 0.005434782608695652
0 0.13519021739130435 0.2758152173913043 0.006114130434782609 0.005434782608695652
0 0.2873641304347826 0.15217391304347827 0.004076086956521739 0.0033967391304347825
0 0.26358695652173914 0.15081521739130435 0.004076086956521739 0.0033967391304347825
0 0.2595108695652174 0.15285326086956522 0.004076086956521739 0.0033967391304347825
0 0.24048913043478262 0.15013586956521738 0.004076086956521739 0.0033967391304347825
0 0.22010869565217392 0.1487771739130435 0.004076086956521739 0.0033967391304347825
0 0.20720108695652173 0.1487771739130435 0.004076086956521739 0.0033967391304347825
0 0.13858695652173914 0.1480978260869565 0.004076086956521739 0.0033967391304347825
0 0.08831521739130435 0.3294836956521739 0.006114130434782609 0.005434782608695652
0 0.050951086956521736 0.3267663043478261 0.006114130434782609 0.005434782608695652
0 0.07608695652173914 0.28532608695652173 0.006114130434782609 0.005434782608695652
0 0.06114130434782609 0.2595108695652174 0.006114130434782609 0.005434782608695652
0 0.04551630434782609 0.25679347826086957 0.006114130434782609 0.005434782608695652
0 0.03940217391304348 0.25203804347826086 0.006114130434782609 0.005434782608695652
0 0.034646739130434784 0.25203804347826086 0.006114130434782609 0.005434782608695652
0 0.019021739130434784 0.25271739130434784 0.006114130434782609 0.005434782608695652
0 0.012228260869565218 0.25339673913043476 0.006114130434782609 0.005434782608695652
0 0.0033967391304347825 0.24796195652173914 0.006114130434782609 0.005434782608695652
0 0.01358695652173913 0.24320652173913043 0.006114130434782609 0.005434782608695652
0 0.021059782608695652 0.23980978260869565 0.006114130434782609 0.005434782608695652
0 0.041440217391304345 0.26358695652173914 0.006114130434782609 0.005434782608695652
0 0.03260869565217391 0.264945652173913 0.006114130434782609 0.005434782608695652
0 0.06589673913043478 0.27785326086956524 0.006114130434782609 0.005434782608695652
0 0.035326086956521736 0.28532608695652173 0.006114130434782609 0.005434782608695652
0 0.03736413043478261 0.2798913043478261 0.006114130434782609 0.005434782608695652
0 0.059103260869565216 0.2710597826086957 0.006114130434782609 0.005434782608695652
0 0.016983695652173912 0.2955163043478261 0.006114130434782609 0.005434782608695652
0 0.0033967391304347825 0.27377717391304346 0.006114130434782609 0.005434782608695652
0 0.007472826086956522 0.41847826086956524 0.008152173913043478 0.007472826086956522
0 0.04823369565217391 0.45720108695652173 0.010190217391304348 0.009510869565217392
0 0.01970108695652174 0.4952445652173913 0.010190217391304348 0.009510869565217392
0 0.9239130434782609 0.16779891304347827 0.014266304347826086 0.012907608695652174
0 0.920516304347826 0.16847826086956522 0.014266304347826086 0.012907608695652174
0 0.904891304347826 0.16576086956521738 0.014266304347826086 0.012907608695652174