0 0.001358695652173913 0.49660326086956524 0.002717391304347826 0.1800271739130435
0 0.07744565217391304 0.5679347826086957 0.15489130434782608 0.15828804347826086
0 0.20516304347826086 0.5869565217391305 0.13790760869565216 0.13858695652173914
0 0.35733695652173914 0.5319293478260869 0.2105978260869565 0.1800271739130435
0 0.625 0.5319293478260869 0.234375 0.19633152173913043
0 0.5502717391304348 0.3186141304347826 0.16983695652173914 0.13111413043478262
0 0.6773097826086957 0.23301630434782608 0.14334239130434784 0.11413043478260869
0 0.7452445652173914 0.23641304347826086 0.08559782608695653 0.07269021739130435
0 0.5550271739130435 0.2269021739130435 0.10529891304347826 0.08152173913043478
0 0.39266304347826086 0.22146739130434784 0.09578804347826086 0.08152173913043478
0 0.23980978260869565 0.2452445652173913 0.11820652173913043 0.09918478260869565
0 0.20991847826086957 0.1766304347826087 0.06725543478260869 0.0625
0 0.32472826086956524 0.17527173913043478 0.06317934782608696 0.050271739130434784
0 0.04755434782608696 0.3233695652173913 0.09035326086956522 0.08084239130434782
0 0.025135869565217392 0.3695652173913043 0.050271739130434784 0.10054347826086957
0 0.04483695652173913 0.421195652173913 0.08899456521739131 0.10597826086956522
0 0.13519021739130435 0.27309782608695654 0.10394021739130435 0.08967391304347826
0 0.3451086956521739 0.41915760869565216 0.11820652173913043 0.08491847826086957
0 0.06521739130434782 0.14673913043478262 0.08288043478260869 0.07540760869565218
0 0.03260869565217391 0.2751358695652174 0.059103260869565216 0.06046195652173913
0 0.47758152173913043 0.18138586956521738 0.07065217391304347 0.046875
0 0.020380434782608696 0.2513586956521739 0.04008152173913043 0.07065217391304347