0 0.5135869565217391 0.8865489130434783 0.14605978260869565 0.13858695652173914
0 0.6154891304347826 0.8383152173913043 0.125 0.12092391304347826
0 0.6752717391304348 0.7119565217391305 0.11548913043478261 0.11277173913043478
0 0.779891304347826 0.6582880434782609 0.09986413043478261 0.09375
0 0.8043478260869565 0.5563858695652174 0.09239130434782608 0.08831521739130435
0 0.8980978260869565 0.48845108695652173 0.09239130434782608 0.08695652173913043
0 0.9402173913043478 0.44157608695652173 0.07608695652173914 0.06997282608695653
0 0.9735054347826086 0.40353260869565216 0.05298913043478261 0.07472826086956522
0 0.08220108695652174 0.6005434782608695 0.09578804347826086 0.09307065217391304
0 0.2078804347826087 0.5135869565217391 0.08559782608695653 0.08220108695652174
0 0.30978260869565216 0.48097826086956524 0.08423913043478261 0.07269021739130435
0 0.5054347826086957 0.3580163043478261 0.06589673913043478 0.0625
0 0.5672554347826086 0.3376358695652174 0.059103260869565216 0.05638586956521739
0 0.6229619565217391 0.3179347826086957 0.05638586956521739 0.05298913043478261
0 0.733016304347826 0.2547554347826087 0.05298913043478261 0.04619565217391304
0 0.6508152173913043 0.28804347826086957 0.05638586956521739 0.050951086956521736
0 0.8213315217391305 0.21535326086956522 0.04823369565217391 0.04483695652173913
0 0.8525815217391305 0.1827445652173913 0.04483695652173913 0.042119565217391304
0 0.8831521739130435 0.1875 0.04076086956521739 0.03804347826086957
0 0.9327445652173914 0.15353260869565216 0.03328804347826087 0.03328804347826087
0 0.9585597826086957 0.14470108695652173 0.03328804347826087 0.035326086956521736
0 0.9945652173913043 0.13654891304347827 0.010190217391304348 0.03328804347826087
0 0.09986413043478261 0.33016304347826086 0.059103260869565216 0.057065217391304345
0 0.017663043478260868 0.33695652173913043 0.035326086956521736 0.06385869565217392
0 0.1956521739130435 0.28396739130434784 0.059103260869565216 0.05638586956521739
0 0.29415760869565216 0.26766304347826086 0.05502717391304348 0.05366847826086957
0 0.3186141304347826 0.24864130434782608 0.050951086956521736 0.050951086956521736
0 0.3763586956521739 0.2262228260869565 0.04483695652173913 0.04483695652173913
0 0.452445652173913 0.20652173913043478 0.04483695652173913 0.041440217391304345
0 0.4952445652173913 0.20923913043478262 0.043478260869565216 0.041440217391304345
0 0.9103260869565217 0.18885869565217392 0.03328804347826087 0.030570652173913044
0 0.016304347826086956 0.22078804347826086 0.03260869565217391 0.04619565217391304
0 0.057744565217391304 0.21875 0.04483695652173913 0.042119565217391304
0 0.13043478260869565 0.20176630434782608 0.043478260869565216 0.042798913043478264
0 0.90625 0.06182065217391304 0.019021739130434784 0.021739130434782608
0 0.889266304347826 0.07472826086956522 0.01970108695652174 0.02309782608695652
0 0.8716032608695652 0.08220108695652174 0.01970108695652174 0.02309782608695652
0 0.923233695652174 0.06385869565217392 0.015625 0.019021739130434784
0 0.9436141304347826 0.05434782608695652 0.016983695652173912 0.021059782608695652
0 0.9802989130434783 0.04551630434782609 0.015625 0.021059782608695652
0 0.9408967391304348 0.010869565217391304 0.016983695652173912 0.019021739130434784
0 0.9110054347826086 0.02309782608695652 0.012228260869565218 0.016983695652173912
0 0.8967391304347826 0.021739130434782608 0.014266304347826086 0.016983695652173912
0 0.8702445652173914 0.04008152173913043 0.016983695652173912 0.017663043478260868
0 0.8274456521739131 0.04891304347826087 0.016983695652173912 0.021059782608695652
0 0.8206521739130435 0.050951086956521736 0.016983695652173912 0.021059782608695652
0 0.7948369565217391 0.05366847826086957 0.019021739130434784 0.019021739130434784
0 0.779891304347826 0.052309782608695655 0.016983695652173912 0.017663043478260868
0 0.7364130434782609 0.057744565217391304 0.015625 0.019021739130434784
0 0.798233695652174 0.09307065217391304 0.02377717391304348 0.02717391304347826
0 0.829483695652174 0.09714673913043478 0.02377717391304348 0.025135869565217392
0 0.7846467391304348 0.10326086956521739 0.02309782608695652 0.027853260869565216
0 0.765625 0.10597826086956522 0.029211956521739132 0.030570652173913044
0 0.7289402173913043 0.11956521739130435 0.029211956521739132 0.030570652173913044
0 0.6895380434782609 0.12703804347826086 0.03328804347826087 0.03125
0 0.6956521739130435 0.08491847826086957 0.02377717391304348 0.024456521739130436
0 0.8362771739130435 0.009510869565217392 0.014266304347826086 0.014945652173913044
0 0.7914402173913043 0.01358695652173913 0.012228260869565218 0.014945652173913044
0 0.7649456521739131 0.008152173913043478 0.014266304347826086 0.015625
0 0.7479619565217391 0.019021739130434784 0.015625 0.016983695652173912
0 0.7262228260869565 0.02309782608695652 0.015625 0.017663043478260868
0 0.6983695652173914 0.029891304347826088 0.014266304347826086 0.015625
0 0.6650815217391305 0.036005434782608696 0.015625 0.016983695652173912
0 0.6949728260869565 0.06861413043478261 0.021059782608695652 0.024456521739130436
0 0.7112771739130435 0.06657608695652174 0.01970108695652174 0.02309782608695652
0 0.6542119565217391 0.07336956521739131 0.02309782608695652 0.024456521739130436
0 0.639266304347826 0.09035326086956522 0.02309782608695652 0.024456521739130436
0 0.6046195652173914 0.08152173913043478 0.02309782608695652 0.02309782608695652
0 0.595108695652174 0.10461956521739131 0.02717391304347826 0.024456521739130436
0 0.561141304347826 0.10597826086956522 0.02377717391304348 0.025135869565217392
0 0.5591032608695652 0.07201086956521739 0.01970108695652174 0.021059782608695652
0 0.5475543478260869 0.10394021739130435 0.02717391304347826 0.027853260869565216
0 0.4986413043478261 0.11073369565217392 0.029211956521739132 0.027853260869565216
0 0.46127717391304346 0.12296195652173914 0.029211956521739132 0.02717391304347826
0 0.4361413043478261 0.13043478260869565 0.029211956521739132 0.027853260869565216
0 0.6528532608695652 0.1453804347826087 0.03328804347826087 0.035326086956521736
0 0.6025815217391305 0.15760869565217392 0.03328804347826087 0.03328804347826087
0 0.5584239130434783 0.15557065217391305 0.03260869565217391 0.029891304347826088
0 0.5475543478260869 0.18070652173913043 0.041440217391304345 0.03872282608695652
0 0.515625 0.19157608695652173 0.03940217391304348 0.036005434782608696
0 0.36141304347826086 0.16032608695652173 0.03328804347826087 0.030570652173913044
0 0.3267663043478261 0.1637228260869565 0.035326086956521736 0.03328804347826087
0 0.26970108695652173 0.17323369565217392 0.036684782608695655 0.036005434782608696
0 0.22418478260869565 0.17119565217391305 0.03940217391304348 0.03872282608695652
0 0.19089673913043478 0.20516304347826086 0.03736413043478261 0.036005434782608696
0 0.24456521739130435 0.11684782608695653 0.03125 0.029891304347826088
0 0.20584239130434784 0.13519021739130435 0.029211956521739132 0.02717391304347826
0 0.40896739130434784 0.13926630434782608 0.03260869565217391 0.030570652173913044
0 0.021059782608695652 0.15421195652173914 0.035326086956521736 0.03328804347826087
0 0.06521739130434782 0.14402173913043478 0.03260869565217391 0.03260869565217391
0 0.12160326086956522 0.13043478260869565 0.03328804347826087 0.035326086956521736
0 0.1800271739130435 0.13519021739130435 0.029211956521739132 0.029891304347826088
0 0.004755434782608696 0.03260869565217391 0.009510869565217392 0.019021739130434784
0 0.012907608695652174 0.050951086956521736 0.021059782608695652 0.021059782608695652
0 0.010190217391304348 0.07336956521739131 0.020380434782608696 0.02717391304347826
0 0.012228260869565218 0.10394021739130435 0.02377717391304348 0.025135869565217392
0 0.06521739130434782 0.09782608695652174 0.029211956521739132 0.027853260869565216
0 0.10597826086956522 0.09103260869565218 0.02717391304347826 0.027853260869565216
0 0.06929347826086957 0.058423913043478264 0.025135869565217392 0.024456521739130436
0 0.03872282608695652 0.03872282608695652 0.019021739130434784 0.019021739130434784
0 0.03872282608695652 0.022418478260869564 0.015625 0.015625
0 0.08627717391304347 0.04008152173913043 0.016983695652173912 0.017663043478260868
0 0.11413043478260869 0.036005434782608696 0.019021739130434784 0.020380434782608696
0 0.14605978260869565 0.033967391304347824 0.015625 0.016983695652173912
0 0.17391304347826086 0.05298913043478261 0.01970108695652174 0.020380434782608696
0 0.19904891304347827 0.02717391304347826 0.015625 0.014945652173913044
0 0.18070652173913043 0.009510869565217392 0.015625 0.014266304347826086
0 0.20448369565217392 0.008152173913043478 0.014266304347826086 0.014266304347826086
0 0.23029891304347827 0.04551630434782609 0.019021739130434784 0.020380434782608696
0 0.24660326086956522 0.057744565217391304 0.021059782608695652 0.021739130434782608
0 0.2601902173913043 0.042798913043478264 0.016983695652173912 0.016983695652173912
0 0.2764945652173913 0.07948369565217392 0.025135869565217392 0.027853260869565216
0 0.22826086956521738 0.07676630434782608 0.02309782608695652 0.02309782608695652
0 0.20652173913043478 0.07880434782608696 0.02309782608695652 0.025135869565217392
0 0.1644021739130435 0.08627717391304347 0.02377717391304348 0.025135869565217392
0 0.1480978260869565 0.07065217391304347 0.021059782608695652 0.021059782608695652
0 0.13383152173913043 0.09239130434782608 0.025135869565217392 0.025135869565217392
0 0.31453804347826086 0.078125 0.029211956521739132 0.027853260869565216
0 0.34171195652173914 0.05570652173913043 0.021059782608695652 0.020380434782608696
0 0.3172554347826087 0.058423913043478264 0.019021739130434784 0.019021739130434784
0 0.28396739130434784 0.035326086956521736 0.015625 0.017663043478260868
0 0.3111413043478261 0.034646739130434784 0.014266304347826086 0.015625
0 0.328125 0.029891304347826088 0.014266304347826086 0.015625
0 0.2866847826086957 0.014945652173913044 0.012228260869565218 0.014945652173913044
0 0.26766304347826086 0.021739130434782608 0.012228260869565218 0.014266304347826086
0 0.25339673913043476 0.01970108695652174 0.014266304347826086 0.015625
0 0.37160326086956524 0.04551630434782609 0.016983695652173912 0.017663043478260868
0 0.40625 0.04551630434782609 0.016983695652173912 0.017663043478260868
0 0.4273097826086957 0.04891304347826087 0.015625 0.015625
0 0.42595108695652173 0.07404891304347826 0.021059782608695652 0.021739130434782608
0 0.3804347826086957 0.08763586956521739 0.025135869565217392 0.026494565217391304
0 0.4388586956521739 0.07676630434782608 0.01970108695652174 0.021739130434782608
0 0.4633152173913043 0.07269021739130435 0.02309782608695652 0.021739130434782608
0 0.4857336956521739 0.06657608695652174 0.02309782608695652 0.02309782608695652
0 0.4517663043478261 0.043478260869565216 0.016983695652173912 0.017663043478260868
0 0.4673913043478261 0.036005434782608696 0.015625 0.016983695652173912
0 0.44972826086956524 0.018342391304347828 0.012228260869565218 0.014266304347826086
0 0.4585597826086957 0.004076086956521739 0.012228260869565218 0.008152173913043478
0 0.5033967391304348 0.01358695652173913 0.012228260869565218 0.012228260869565218
0 0.5258152173913043 0.029891304347826088 0.012228260869565218 0.015625
0 0.5101902173913043 0.034646739130434784 0.014266304347826086 0.017663043478260868
0 0.4952445652173913 0.03804347826086957 0.012228260869565218 0.016983695652173912
0 0.5101902173913043 0.06929347826086957 0.01970108695652174 0.021059782608695652
0 0.6385869565217391 0.036684782608695655 0.015625 0.016983695652173912
0 0.5679347826086957 0.019021739130434784 0.014266304347826086 0.015625
0 0.5536684782608695 0.03260869565217391 0.012228260869565218 0.014945652173913044
0 0.5679347826086957 0.05366847826086957 0.019021739130434784 0.020380434782608696
0 0.5849184782608695 0.04891304347826087 0.016983695652173912 0.017663043478260868
0 0.6019021739130435 0.04551630434782609 0.014266304347826086 0.019021739130434784
0 0.6154891304347826 0.042798913043478264 0.015625 0.019021739130434784
0 0.008831521739130434 0.6385869565217391 0.017663043478260868 0.08967391304347826
0 0.3892663043478261 0.4110054347826087 0.08016304347826086 0.06046195652173913
0 0.45584239130434784 0.3804347826086957 0.07404891304347826 0.05638586956521739
0 0.6908967391304348 0.26902173913043476 0.057065217391304345 0.042119565217391304
0 0.7601902173913043 0.21875 0.052309782608695655 0.03872282608695652
0 0.9116847826086957 0.17323369565217392 0.041440217391304345 0.03125
0 0.9918478260869565 0.12092391304347826 0.015625 0.024456521739130436
0 0.9836956521739131 0.3811141304347826 0.03260869565217391 0.06046195652173913
0 0.9898097826086957 0.3491847826086957 0.01970108695652174 0.05638586956521739
0 0.40217391304347827 0.22486413043478262 0.050951086956521736 0.03736413043478261
0 0.8491847826086957 0.19157608695652173 0.04551630434782609 0.034646739130434784
0 0.9612771739130435 0.051630434782608696 0.021059782608695652 0.015625
0 0.9904891304347826 0.04891304347826087 0.019021739130434784 0.015625
0 0.9938858695652174 0.042798913043478264 0.012228260869565218 0.015625
0 0.9667119565217391 0.01154891304347826 0.019021739130434784 0.01358695652173913
0 0.9741847826086957 0.008152173913043478 0.017663043478260868 0.01358695652173913
0 0.9816576086956522 0.004755434782608696 0.017663043478260868 0.009510869565217392
0 0.9904891304347826 0.004755434782608696 0.017663043478260868 0.009510869565217392
0 0.9938858695652174 0.002717391304347826 0.012228260869565218 0.005434782608695652
0 0.951766304347826 0.008831521739130434 0.017663043478260868 0.01358695652173913
0 0.9286684782608695 0.017663043478260868 0.019021739130434784 0.014266304347826086
0 0.889266304347826 0.030570652173913044 0.01970108695652174 0.014945652173913044
0 0.8811141304347826 0.034646739130434784 0.019021739130434784 0.014266304347826086
0 0.84375 0.04551630434782609 0.021059782608695652 0.015625
0 0.8342391304347826 0.046875 0.021059782608695652 0.015625
0 0.8145380434782609 0.03872282608695652 0.01970108695652174 0.014945652173913044
0 0.7554347826086957 0.04755434782608696 0.021059782608695652 0.014945652173913044
0 0.873641304347826 0.004755434782608696 0.016983695652173912 0.009510869565217392
0 0.8532608695652174 0.004755434782608696 0.016304347826086956 0.009510869565217392
0 0.8444293478260869 0.006793478260869565 0.015625 0.01154891304347826
0 0.8226902173913043 0.007472826086956522 0.016983695652173912 0.01154891304347826
0 0.8627717391304348 0.0033967391304347825 0.016983695652173912 0.006114130434782609
0 0.8145380434782609 0.016983695652173912 0.017663043478260868 0.01358695652173913
0 0.6800271739130435 0.035326086956521736 0.019021739130434784 0.014266304347826086
0 0.6779891304347826 0.014266304347826086 0.014266304347826086 0.01154891304347826
0 0.6528532608695652 0.01358695652173913 0.012228260869565218 0.009510869565217392
0 0.6413043478260869 0.01358695652173913 0.016983695652173912 0.01358695652173913
0 0.7214673913043478 0.06385869565217392 0.02377717391304348 0.017663043478260868
0 0.0006793478260869565 0.004076086956521739 0.001358695652173913 0.008152173913043478
0 0.008152173913043478 0.016304347826086956 0.015625 0.01358695652173913
0 0.059782608695652176 0.036684782608695655 0.021739130434782608 0.015625
0 0.05502717391304348 0.01970108695652174 0.016983695652173912 0.012228260869565218
0 0.036005434782608696 0.001358695652173913 0.012228260869565218 0.002717391304347826
0 0.09442934782608696 0.02309782608695652 0.017663043478260868 0.01358695652173913
0 0.10054347826086957 0.010869565217391304 0.01358695652173913 0.010190217391304348
0 0.10190217391304347 0.004755434782608696 0.012228260869565218 0.009510869565217392
0 0.12364130434782608 0.020380434782608696 0.017663043478260868 0.012228260869565218
0 0.13043478260869565 0.006114130434782609 0.015625 0.01154891304347826
0 0.15081521739130435 0.0033967391304347825 0.01358695652173913 0.006114130434782609
0 0.15625 0.015625 0.016983695652173912 0.012228260869565218
0 0.19361413043478262 0.001358695652173913 0.012228260869565218 0.002717391304347826
0 0.22418478260869565 0.009510869565217392 0.014266304347826086 0.01154891304347826
0 0.22010869565217392 0.0020380434782608695 0.01358695652173913 0.004076086956521739
0 0.2262228260869565 0.027853260869565216 0.019021739130434784 0.014266304347826086
0 0.32540760869565216 0.06861413043478261 0.027853260869565216 0.020380434782608696
0 0.2751358695652174 0.06317934782608696 0.02717391304347826 0.01970108695652174
0 0.30502717391304346 0.016304347826086956 0.014266304347826086 0.01154891304347826
0 0.25815217391304346 0.004755434782608696 0.01358695652173913 0.009510869565217392
0 0.27785326086956524 0.0033967391304347825 0.014266304347826086 0.006793478260869565
0 0.296195652173913 0.0033967391304347825 0.01358695652173913 0.006114130434782609
0 0.31589673913043476 0.0020380434782608695 0.012228260869565218 0.004076086956521739
0 0.33152173913043476 0.01358695652173913 0.01358695652173913 0.010869565217391304
0 0.35122282608695654 0.010869565217391304 0.01358695652173913 0.010190217391304348
0 0.34103260869565216 0.0020380434782608695 0.010869565217391304 0.004076086956521739
0 0.3546195652173913 0.001358695652173913 0.010190217391304348 0.0020380434782608695
0 0.37160326086956524 0.0020380434782608695 0.012228260869565218 0.004076086956521739
0 0.36820652173913043 0.008831521739130434 0.01154891304347826 0.008831521739130434
0 0.3919836956521739 0.008831521739130434 0.01358695652173913 0.010190217391304348
0 0.39402173913043476 0.0020380434782608695 0.01358695652173913 0.004076086956521739
0 0.40964673913043476 0.0020380434782608695 0.012228260869565218 0.004076086956521739
0 0.4157608695652174 0.008831521739130434 0.014266304347826086 0.010190217391304348
0 0.4076086956521739 0.026494565217391304 0.016983695652173912 0.012228260869565218
0 0.36684782608695654 0.025135869565217392 0.015625 0.01154891304347826
0 0.43342391304347827 0.018342391304347828 0.014266304347826086 0.01154891304347826
0 0.4279891304347826 0.004076086956521739 0.01358695652173913 0.008152173913043478
0 0.4422554347826087 0.0033967391304347825 0.01358695652173913 0.006793478260869565
0 0.47214673913043476 0.0020380434782608695 0.012228260869565218 0.004076086956521739
0 0.49320652173913043 0.0020380434782608695 0.01358695652173913 0.004076086956521739
0 0.5088315217391305 0.0020380434782608695 0.01358695652173913 0.004076086956521739
0 0.5203804347826086 0.01358695652173913 0.015625 0.010869565217391304
0 0.483695652173913 0.029211956521739132 0.016983695652173912 0.012228260869565218
0 0.6032608695652174 0.022418478260869564 0.016983695652173912 0.01154891304347826
0 0.5944293478260869 0.027853260869565216 0.016983695652173912 0.012228260869565218
0 0.5726902173913043 0.006793478260869565 0.012228260869565218 0.009510869565217392
0 0.576766304347826 0.0020380434782608695 0.01154891304347826 0.004076086956521739
0 0.6066576086956522 0.0020380434782608695 0.012228260869565218 0.004076086956521739
0 0.6216032608695652 0.0033967391304347825 0.01358695652173913 0.006793478260869565
0 0.6345108695652174 0.0033967391304347825 0.01358695652173913 0.006114130434782609
0 0.7078804347826086 0.008152173913043478 0.016983695652173912 0.012228260869565218
0 0.7214673913043478 0.004755434782608696 0.016304347826086956 0.009510869565217392
0 0.7377717391304348 0.0033967391304347825 0.016983695652173912 0.006114130434782609
0 0.6834239130434783 0.0020380434782608695 0.01358695652173913 0.004076086956521739
0 0.6997282608695652 0.0033967391304347825 0.015625 0.006793478260869565
0 0.7479619565217391 0.001358695652173913 0.017663043478260868 0.002717391304347826