0 0.6209239130434783 0.45720108695652173 0.06657608695652174 0.05366847826086957
0 0.47078804347826086 0.46059782608695654 0.06589673913043478 0.05570652173913043
0 0.029211956521739132 0.452445652173913 0.058423913043478264 0.05570652173913043
0 0.29891304347826086 0.4470108695652174 0.06317934782608696 0.058423913043478264
0 0.03328804347826087 0.6698369565217391 0.059782608695652176 0.058423913043478264
0 0.406929347826087 0.45584239130434784 0.06317934782608696 0.05570652173913043
0 0.14741847826086957 0.44497282608695654 0.06453804347826086 0.058423913043478264
0 0.15760869565217392 0.6725543478260869 0.0625 0.06046195652173913
0 0.3539402173913043 0.6555706521739131 0.059782608695652176 0.06046195652173913
0 0.421875 0.6270380434782609 0.06317934782608696 0.06046195652173913
0 0.7724184782608695 0.452445652173913 0.06589673913043478 0.05366847826086957
0 0.23573369565217392 0.6141304347826086 0.057065217391304345 0.05366847826086957
0 0.22214673913043478 0.4741847826086957 0.059103260869565216 0.052309782608695655
0 0.044157608695652176 0.6216032608695652 0.057065217391304345 0.05570652173913043