0 0.07065217391304347 0.5658967391304348 0.140625 0.15896739130434784
0 0.23505434782608695 0.5190217391304348 0.043478260869565216 0.03872282608695652
0 0.09646739130434782 0.5197010869565217 0.042119565217391304 0.03328804347826087
0 0.8158967391304348 0.5400815217391305 0.042119565217391304 0.034646739130434784
0 0.3580163043478261 0.5251358695652174 0.02309782608695652 0.020380434782608696
0 0.14130434782608695 0.5163043478260869 0.028532608695652172 0.024456521739130436
0 0.11888586956521739 0.5176630434782609 0.029211956521739132 0.026494565217391304
0 0.4789402173913043 0.5353260869565217 0.02309782608695652 0.019021739130434784
0 0.38247282608695654 0.53125 0.018342391304347828 0.019021739130434784
0 0.16236413043478262 0.5210597826086957 0.016983695652173912 0.014266304347826086
0 0.20448369565217392 0.5264945652173914 0.016983695652173912 0.016983695652173912
0 0.4578804347826087 0.529891304347826 0.015625 0.016983695652173912
0 0.24728260869565216 0.6311141304347826 0.21195652173913043 0.14130434782608695
0 0.27785326086956524 0.5563858695652174 0.050951086956521736 0.033967391304347824
0 0.16236413043478262 0.545516304347826 0.09646739130434782 0.06453804347826086
0 0.40964673913043476 0.5502717391304348 0.03260869565217391 0.021739130434782608
0 0.31997282608695654 0.5224184782608695 0.02717391304347826 0.018342391304347828
0 0.7710597826086957 0.5095108695652174 0.007472826086956522 0.004755434782608696
0 0.8702445652173914 0.545516304347826 0.03328804347826087 0.022418478260869564
0 0.5278532608695652 0.5292119565217391 0.027853260869565216 0.018342391304347828
0 0.9721467391304348 0.5360054347826086 0.036005434782608696 0.02377717391304348
0 0.9211956521739131 0.5332880434782609 0.036005434782608696 0.024456521739130436
0 0.022418478260869564 0.5203804347826086 0.015625 0.010869565217391304
0 0.17119565217391305 0.5129076086956522 0.04891304347826087 0.03260869565217391
0 0.18885869565217392 0.5190217391304348 0.025815217391304348 0.016983695652173912
0 0.3498641304347826 0.5149456521739131 0.025815217391304348 0.016983695652173912
0 0.4429347826086957 0.5305706521739131 0.029211956521739132 0.019021739130434784
0 0.6467391304347826 0.5346467391304348 0.03260869565217391 0.021739130434782608
0 0.8342391304347826 0.5292119565217391 0.028532608695652172 0.019021739130434784
0 0.8322010869565217 0.5190217391304348 0.018342391304347828 0.012228260869565218
0 0.8206521739130435 0.5217391304347826 0.021739130434782608 0.014266304347826086
0 0.8641304347826086 0.5251358695652174 0.03804347826086957 0.025135869565217392