0 0.8410326086956522 0.5475543478260869 0.04755434782608696 0.04619565217391304
0 0.7846467391304348 0.5135869565217391 0.028532608695652172 0.02377717391304348
0 0.46603260869565216 0.5197010869565217 0.04483695652173913 0.042119565217391304
0 0.05502717391304348 0.5319293478260869 0.018342391304347828 0.025135869565217392
0 0.04008152173913043 0.5631793478260869 0.029211956521739132 0.01970108695652174
0 0.1800271739130435 0.5197010869565217 0.033967391304347824 0.022418478260869564
0 0.10258152173913043 0.5176630434782609 0.03328804347826087 0.022418478260869564
0 0.654891304347826 0.5529891304347826 0.17119565217391305 0.14402173913043478
0 0.970108695652174 0.5197010869565217 0.033967391304347824 0.022418478260869564
0 0.875 0.5197010869565217 0.034646739130434784 0.022418478260869564
0 0.7663043478260869 0.5373641304347826 0.03940217391304348 0.025815217391304348
0 0.8063858695652174 0.5258152173913043 0.036005434782608696 0.024456521739130436
0 0.41508152173913043 0.515625 0.03260869565217391 0.021739130434782608
0 0.5163043478260869 0.5692934782608695 0.046875 0.03125
0 0.46127717391304346 0.5733695652173914 0.04755434782608696 0.03192934782608696
0 0.5 0.5197010869565217 0.034646739130434784 0.022418478260869564
0 0.24864130434782608 0.5203804347826086 0.034646739130434784 0.022418478260869564
0 0.31453804347826086 0.5061141304347826 0.029891304347826088 0.01970108695652174
0 0.4945652173913043 0.5726902173913043 0.04755434782608696 0.03192934782608696
0 0.9110054347826086 0.5190217391304348 0.033967391304347824 0.022418478260869564
0 0.765625 0.5217391304347826 0.034646739130434784 0.02309782608695652