0 0.5407608695652174 0.7296195652173914 0.10665760869565218 0.10733695652173914
0 0.9551630434782609 0.6589673913043478 0.07880434782608696 0.05570652173913043
0 0.8417119565217391 0.6922554347826086 0.035326086956521736 0.025135869565217392
0 0.6677989130434783 0.6331521739130435 0.03125 0.025815217391304348
0 0.6582880434782609 0.609375 0.033967391304347824 0.025815217391304348
0 0.985733695652174 0.5985054347826086 0.016983695652173912 0.026494565217391304
0 0.6195652173913043 0.6012228260869565 0.012907608695652174 0.012228260869565218
0 0.5801630434782609 0.6012228260869565 0.015625 0.014945652173913044
0 0.5081521739130435 0.6012228260869565 0.012228260869565218 0.010190217391304348
0 0.48709239130434784 0.6175271739130435 0.014945652173913044 0.012228260869565218
0 0.46127717391304346 0.608016304347826 0.01154891304347826 0.009510869565217392
0 0.453125 0.6032608695652174 0.009510869565217392 0.008831521739130434
0 0.43478260869565216 0.6005434782608695 0.012228260869565218 0.010869565217391304
0 0.4205163043478261 0.6059782608695652 0.012907608695652174 0.010869565217391304
0 0.532608695652174 0.595108695652174 0.01154891304347826 0.010869565217391304
0 0.22826086956521738 0.6073369565217391 0.010190217391304348 0.009510869565217392
0 0.21807065217391305 0.6012228260869565 0.01154891304347826 0.009510869565217392
0 0.1983695652173913 0.6019021739130435 0.008831521739130434 0.007472826086956522
0 0.19701086956521738 0.6100543478260869 0.010190217391304348 0.008831521739130434
0 0.1827445652173913 0.6052989130434783 0.012228260869565218 0.009510869565217392
0 0.4171195652173913 0.5910326086956522 0.010190217391304348 0.008831521739130434
0 0.44565217391304346 0.5876358695652174 0.008831521739130434 0.006793478260869565
0 0.6012228260869565 0.5896739130434783 0.012228260869565218 0.010190217391304348
0 0.11277173913043478 0.704483695652174 0.025135869565217392 0.02377717391304348
0 0.20652173913043478 0.8226902173913043 0.13111413043478262 0.08763586956521739
0 0.8355978260869565 0.6372282608695652 0.042119565217391304 0.027853260869565216
0 0.7567934782608695 0.610733695652174 0.029211956521739132 0.01970108695652174
0 0.703125 0.6134510869565217 0.02309782608695652 0.015625
0 0.7839673913043478 0.6012228260869565 0.025135869565217392 0.016304347826086956
0 0.891983695652174 0.610733695652174 0.029891304347826088 0.01970108695652174
0 0.5597826086956522 0.6168478260869565 0.024456521739130436 0.015625
0 0.4952445652173913 0.6671195652173914 0.01970108695652174 0.01358695652173913
0 0.5217391304347826 0.6100543478260869 0.014945652173913044 0.010190217391304348
0 0.45584239130434784 0.6338315217391305 0.017663043478260868 0.012228260869565218
0 0.5217391304347826 0.5964673913043478 0.01358695652173913 0.008831521739130434
0 0.5529891304347826 0.595108695652174 0.014266304347826086 0.008831521739130434
0 0.6447010869565217 0.5971467391304348 0.014266304347826086 0.009510869565217392
0 0.5427989130434783 0.6385869565217391 0.016304347826086956 0.01154891304347826
0 0.39741847826086957 0.6161684782608695 0.015625 0.010190217391304348
0 0.36684782608695654 0.5971467391304348 0.01154891304347826 0.007472826086956522
0 0.33220108695652173 0.5971467391304348 0.01154891304347826 0.007472826086956522
0 0.234375 0.6535326086956522 0.021739130434782608 0.014945652173913044
0 0.22758152173913043 0.5991847826086957 0.01154891304347826 0.007472826086956522
0 0.2078804347826087 0.5998641304347826 0.010869565217391304 0.007472826086956522
0 0.1793478260869565 0.5985054347826086 0.010190217391304348 0.007472826086956522
0 0.15489130434782608 0.6052989130434783 0.012228260869565218 0.008152173913043478
0 0.28872282608695654 0.6019021739130435 0.012228260869565218 0.008152173913043478
0 0.296195652173913 0.5957880434782609 0.012228260869565218 0.007472826086956522
0 0.3763586956521739 0.6025815217391305 0.012907608695652174 0.008831521739130434
0 0.4008152173913043 0.5957880434782609 0.01154891304347826 0.007472826086956522
0 0.07540760869565218 0.6345108695652174 0.017663043478260868 0.012228260869565218
0 0.14198369565217392 0.6114130434782609 0.012228260869565218 0.008152173913043478
0 0.11888586956521739 0.6032608695652174 0.009510869565217392 0.006114130434782609
0 0.005434782608695652 0.5054347826086957 0.009510869565217392 0.006114130434782609
0 0.06725543478260869 0.5033967391304348 0.012907608695652174 0.008831521739130434
0 0.07880434782608696 0.5040760869565217 0.012907608695652174 0.008831521739130434
0 0.04483695652173913 0.5027173913043478 0.01358695652173913 0.008831521739130434
0 0.03804347826086957 0.5006793478260869 0.008152173913043478 0.006114130434782609
0 0.03260869565217391 0.5033967391304348 0.008152173913043478 0.006114130434782609
0 0.1324728260869565 0.5054347826086957 0.009510869565217392 0.006114130434782609
0 0.13722826086956522 0.5054347826086957 0.008831521739130434 0.006114130434782609
0 0.15625 0.5006793478260869 0.006114130434782609 0.004076086956521739
0 0.17323369565217392 0.5047554347826086 0.006793478260869565 0.004755434782608696
0 0.18478260869565216 0.5027173913043478 0.006793478260869565 0.004076086956521739
0 0.19157608695652173 0.501358695652174 0.006793478260869565 0.004755434782608696
0 0.2112771739130435 0.5006793478260869 0.006114130434782609 0.004076086956521739
0 0.22486413043478262 0.5033967391304348 0.006793478260869565 0.004755434782608696
0 0.23369565217391305 0.5040760869565217 0.006114130434782609 0.004755434782608696
0 0.24388586956521738 0.5027173913043478 0.006793478260869565 0.004076086956521739
0 0.2717391304347826 0.5054347826086957 0.006793478260869565 0.004755434782608696
0 0.2758152173913043 0.5027173913043478 0.006793478260869565 0.004076086956521739
0 0.26358695652173914 0.5047554347826086 0.006793478260869565 0.004755434782608696
0 0.28464673913043476 0.5883152173913043 0.01154891304347826 0.007472826086956522
0 0.2758152173913043 0.5896739130434783 0.01154891304347826 0.007472826086956522
0 0.266304347826087 0.5910326086956522 0.01154891304347826 0.007472826086956522
0 0.21942934782608695 0.5903532608695652 0.007472826086956522 0.004755434782608696
0 0.23709239130434784 0.5903532608695652 0.01154891304347826 0.007472826086956522
0 0.23029891304347827 0.5903532608695652 0.01154891304347826 0.007472826086956522
0 0.25883152173913043 0.592391304347826 0.012228260869565218 0.007472826086956522
0 0.30842391304347827 0.5889945652173914 0.01154891304347826 0.007472826086956522
0 0.3138586956521739 0.5896739130434783 0.010190217391304348 0.007472826086956522
0 0.29415760869565216 0.5910326086956522 0.01154891304347826 0.007472826086956522
0 0.35665760869565216 0.59375 0.010869565217391304 0.007472826086956522
0 0.3491847826086957 0.5903532608695652 0.010190217391304348 0.007472826086956522
0 0.343070652173913 0.5917119565217391 0.010869565217391304 0.007472826086956522
0 0.360054347826087 0.5869565217391305 0.008831521739130434 0.006114130434782609
0 0.3804347826086957 0.5889945652173914 0.009510869565217392 0.006793478260869565
0 0.3858695652173913 0.5889945652173914 0.010190217391304348 0.006793478260869565
0 0.44429347826086957 0.592391304347826 0.010869565217391304 0.007472826086956522
0 0.47214673913043476 0.592391304347826 0.010190217391304348 0.007472826086956522
0 0.46059782608695654 0.5944293478260869 0.010869565217391304 0.007472826086956522
0 0.4388586956521739 0.5842391304347826 0.008152173913043478 0.005434782608695652
0 0.5557065217391305 0.49252717391304346 0.015625 0.010869565217391304
0 0.90625 0.5978260869565217 0.02309782608695652 0.015625
0 0.860733695652174 0.592391304347826 0.018342391304347828 0.012228260869565218
0 0.8322010869565217 0.6059782608695652 0.027853260869565216 0.018342391304347828
0 0.84375 0.6012228260869565 0.025135869565217392 0.016304347826086956
0 0.8057065217391305 0.5815217391304348 0.010869565217391304 0.007472826086956522
0 0.8614130434782609 0.5862771739130435 0.012907608695652174 0.008831521739130434
0 0.7316576086956522 0.5957880434782609 0.018342391304347828 0.012228260869565218
0 0.6976902173913043 0.5828804347826086 0.036684782608695655 0.02377717391304348
0 0.6046195652173914 0.6039402173913043 0.019021739130434784 0.012907608695652174
0 0.5760869565217391 0.5991847826086957 0.016304347826086956 0.010190217391304348
0 0.4952445652173913 0.6052989130434783 0.01358695652173913 0.008831521739130434
0 0.328804347826087 0.5883152173913043 0.009510869565217392 0.006114130434782609
0 0.32608695652173914 0.5849184782608695 0.009510869565217392 0.006114130434782609
0 0.15217391304347827 0.5957880434782609 0.008152173913043478 0.006114130434782609
0 0.171875 0.592391304347826 0.008152173913043478 0.005434782608695652
0 0.20923913043478262 0.5917119565217391 0.007472826086956522 0.005434782608695652
0 0.1827445652173913 0.5930706521739131 0.008152173913043478 0.005434782608695652
0 0.6399456521739131 0.4952445652173913 0.01358695652173913 0.008831521739130434
0 0.5529891304347826 0.49592391304347827 0.01358695652173913 0.008831521739130434
0 0.5292119565217391 0.49660326086956524 0.01358695652173913 0.008831521739130434
0 0.5244565217391305 0.49796195652173914 0.01358695652173913 0.009510869565217392