0 0.32133152173913043 0.26766304347826086 0.021739130434782608 0.025135869565217392
0 0.34782608695652173 0.25883152173913043 0.01970108695652174 0.02377717391304348
0 0.38247282608695654 0.29279891304347827 0.021739130434782608 0.02377717391304348
0 0.406929347826087 0.26766304347826086 0.021059782608695652 0.021739130434782608
0 0.4205163043478261 0.311820652173913 0.021059782608695652 0.02309782608695652
0 0.4986413043478261 0.2642663043478261 0.021059782608695652 0.02377717391304348
0 0.5027173913043478 0.31997282608695654 0.01970108695652174 0.02309782608695652
0 0.4639945652173913 0.343070652173913 0.021739130434782608 0.02377717391304348
0 0.514266304347826 0.3702445652173913 0.021059782608695652 0.02309782608695652
0 0.546875 0.3491847826086957 0.021059782608695652 0.021739130434782608
0 0.5631793478260869 0.297554347826087 0.021059782608695652 0.022418478260869564
0 0.5631793478260869 0.39809782608695654 0.02377717391304348 0.025135869565217392
0 0.5964673913043478 0.37092391304347827 0.021739130434782608 0.022418478260869564
0 0.6399456521739131 0.34782608695652173 0.021059782608695652 0.02377717391304348
0 0.6059782608695652 0.3138586956521739 0.021059782608695652 0.02377717391304348
0 0.625 0.29347826086956524 0.021739130434782608 0.022418478260869564
0 0.609375 0.27377717391304346 0.017663043478260868 0.019021739130434784
0 0.5754076086956522 0.2717391304347826 0.021739130434782608 0.02377717391304348
0 0.6793478260869565 0.328125 0.021059782608695652 0.022418478260869564
0 0.7248641304347826 0.35733695652173914 0.021739130434782608 0.02377717391304348
0 0.7139945652173914 0.38315217391304346 0.021059782608695652 0.02377717391304348
0 0.7805706521739131 0.38858695652173914 0.019021739130434784 0.021059782608695652
0 0.7601902173913043 0.4014945652173913 0.022418478260869564 0.02377717391304348
0 0.6379076086956522 0.39945652173913043 0.02309782608695652 0.024456521739130436
0 0.6032608695652174 0.4375 0.021059782608695652 0.02309782608695652
0 0.6582880434782609 0.46127717391304346 0.021739130434782608 0.024456521739130436
0 0.7119565217391305 0.4904891304347826 0.021059782608695652 0.02377717391304348
0 0.6963315217391305 0.438179347826087 0.02309782608695652 0.026494565217391304
0 0.7554347826086957 0.4673913043478261 0.01970108695652174 0.022418478260869564
0 0.8790760869565217 0.44021739130434784 0.019021739130434784 0.021059782608695652
0 0.9089673913043478 0.4945652173913043 0.022418478260869564 0.022418478260869564
0 0.9252717391304348 0.4633152173913043 0.016983695652173912 0.020380434782608696
0 0.7364130434782609 0.26970108695652173 0.019021739130434784 0.021739130434782608
0 0.9945652173913043 0.27241847826086957 0.010190217391304348 0.02377717391304348
0 0.029211956521739132 0.6786684782608695 0.027853260869565216 0.033967391304347824
0 0.008152173913043478 0.6854619565217391 0.015625 0.029891304347826088
0 0.10733695652173914 0.7092391304347826 0.043478260869565216 0.043478260869565216
0 0.15217391304347827 0.7004076086956522 0.03940217391304348 0.042119565217391304
0 0.17798913043478262 0.6875 0.034646739130434784 0.036005434782608696
0 0.21671195652173914 0.7072010869565217 0.03940217391304348 0.041440217391304345
0 0.30095108695652173 0.6508152173913043 0.025815217391304348 0.030570652173913044
0 0.32608695652173914 0.6766304347826086 0.025135869565217392 0.02717391304347826
0 0.36141304347826086 0.6929347826086957 0.03736413043478261 0.03804347826086957
0 0.3797554347826087 0.6820652173913043 0.027853260869565216 0.033967391304347824
0 0.41440217391304346 0.7078804347826086 0.041440217391304345 0.04008152173913043
0 0.469429347826087 0.6902173913043478 0.03872282608695652 0.042798913043478264
0 0.47146739130434784 0.6474184782608695 0.025135869565217392 0.02717391304347826
0 0.5339673913043478 0.6902173913043478 0.036684782608695655 0.03872282608695652
0 0.6657608695652174 0.688858695652174 0.04008152173913043 0.043478260869565216
0 0.7065217391304348 0.688858695652174 0.03872282608695652 0.041440217391304345
0 0.733016304347826 0.6949728260869565 0.03125 0.036005434782608696
0 0.7764945652173914 0.6467391304347826 0.022418478260869564 0.027853260869565216
0 0.8260869565217391 0.6603260869565217 0.02717391304347826 0.03125
0 0.8525815217391305 0.6895380434782609 0.026494565217391304 0.03125
0 0.8865489130434783 0.6841032608695652 0.03260869565217391 0.035326086956521736
0 0.9381793478260869 0.6936141304347826 0.042798913043478264 0.042119565217391304
0 0.9483695652173914 0.6725543478260869 0.024456521739130436 0.027853260869565216
0 0.9972826086956522 0.6684782608695652 0.005434782608695652 0.029891304347826088
0 0.4626358695652174 0.28872282608695654 0.024456521739130436 0.01970108695652174
0 0.8783967391304348 0.2717391304347826 0.02309782608695652 0.018342391304347828
0 0.7411684782608695 0.5197010869565217 0.025815217391304348 0.021059782608695652
0 0.006114130434782609 0.6970108695652174 0.012228260869565218 0.03260869565217391
0 0.5788043478260869 0.6793478260869565 0.03872282608695652 0.03125
0 0.6358695652173914 0.6596467391304348 0.03192934782608696 0.026494565217391304