0 0.09171195652173914 0.5563858695652174 0.02309782608695652 0.026494565217391304
0 0.0020380434782608695 0.2717391304347826 0.004076086956521739 0.024456521739130436
0 0.057065217391304345 0.3953804347826087 0.012228260869565218 0.019021739130434784
0 0.027853260869565216 0.6847826086956522 0.025135869565217392 0.03192934782608696
0 0.009510869565217392 0.6684782608695652 0.019021739130434784 0.029891304347826088
0 0.05434782608695652 0.688858695652174 0.026494565217391304 0.033967391304347824
0 0.08491847826086957 0.6908967391304348 0.025135869565217392 0.033967391304347824
0 0.11209239130434782 0.6813858695652174 0.03872282608695652 0.043478260869565216
0 0.06793478260869565 0.6990489130434783 0.027853260869565216 0.034646739130434784
0 0.13722826086956522 0.6800271739130435 0.033967391304347824 0.04076086956521739
0 0.1983695652173913 0.6902173913043478 0.024456521739130436 0.028532608695652172
0 0.1793478260869565 0.6555706521739131 0.016304347826086956 0.022418478260869564
0 0.22758152173913043 0.6875 0.028532608695652172 0.029211956521739132
0 0.25679347826086957 0.6847826086956522 0.03260869565217391 0.03192934782608696
0 0.2425271739130435 0.7058423913043478 0.022418478260869564 0.027853260869565216
0 0.29959239130434784 0.6711956521739131 0.03736413043478261 0.03940217391304348
0 0.32404891304347827 0.6779891304347826 0.022418478260869564 0.029891304347826088
0 0.34171195652173914 0.5604619565217391 0.022418478260869564 0.026494565217391304
0 0.4110054347826087 0.6915760869565217 0.03260869565217391 0.034646739130434784
0 0.49796195652173914 0.6908967391304348 0.03872282608695652 0.041440217391304345
0 0.5346467391304348 0.6875 0.028532608695652172 0.03260869565217391
0 0.5774456521739131 0.6902173913043478 0.030570652173913044 0.033967391304347824
0 0.6535326086956522 0.6854619565217391 0.02377717391304348 0.030570652173913044
0 0.701766304347826 0.6868206521739131 0.03260869565217391 0.034646739130434784
0 0.7309782608695652 0.6745923913043478 0.03872282608695652 0.04008152173913043
0 0.7703804347826086 0.6569293478260869 0.028532608695652172 0.036005434782608696
0 0.8349184782608695 0.6902173913043478 0.029211956521739132 0.03125
0 0.8573369565217391 0.6908967391304348 0.033967391304347824 0.036684782608695655
0 0.9164402173913043 0.6902173913043478 0.03736413043478261 0.03872282608695652
0 0.8315217391304348 0.4048913043478261 0.020380434782608696 0.02377717391304348
0 0.5421195652173914 0.40217391304347827 0.01358695652173913 0.020380434782608696
0 0.052309782608695655 0.5373641304347826 0.02717391304347826 0.021739130434782608
0 0.3389945652173913 0.6766304347826086 0.03328804347826087 0.026494565217391304
0 0.46467391304347827 0.6773097826086957 0.036005434782608696 0.029211956521739132
0 0.4313858695652174 0.6875 0.03736413043478261 0.029891304347826088
0 0.6677989130434783 0.6875 0.036684782608695655 0.029891304347826088
0 0.7296195652173914 0.563858695652174 0.03192934782608696 0.025815217391304348
0 0.9918478260869565 0.6841032608695652 0.015625 0.029891304347826088