0 0.9646739130434783 0.5869565217391305 0.06997282608695653 0.06589673913043478
0 0.042119565217391304 0.31521739130434784 0.021739130434782608 0.018342391304347828
0 0.025135869565217392 0.3063858695652174 0.019021739130434784 0.016983695652173912
0 0.09171195652173914 0.35054347826086957 0.02377717391304348 0.021059782608695652
0 0.05502717391304348 0.3648097826086957 0.02309782608695652 0.017663043478260868
0 0.11345108695652174 0.35733695652173914 0.02377717391304348 0.020380434782608696
0 0.16508152173913043 0.3607336956521739 0.024456521739130436 0.021059782608695652
0 0.15081521739130435 0.3179347826086957 0.025135869565217392 0.021059782608695652
0 0.12635869565217392 0.3172554347826087 0.021059782608695652 0.016983695652173912
0 0.14334239130434784 0.297554347826087 0.017663043478260868 0.01358695652173913
0 0.24728260869565216 0.3654891304347826 0.026494565217391304 0.024456521739130436
0 0.20040760869565216 0.3648097826086957 0.025815217391304348 0.022418478260869564
0 0.20108695652173914 0.29415760869565216 0.017663043478260868 0.015625
0 0.25883152173913043 0.3063858695652174 0.021059782608695652 0.015625
0 0.28396739130434784 0.32065217391304346 0.022418478260869564 0.01970108695652174
0 0.30978260869565216 0.3342391304347826 0.026494565217391304 0.021059782608695652
0 0.3539402173913043 0.3294836956521739 0.03125 0.025815217391304348
0 0.34782608695652173 0.29347826086956524 0.021739130434782608 0.01970108695652174
0 0.39266304347826086 0.32540760869565216 0.030570652173913044 0.02717391304347826
0 0.4205163043478261 0.3070652173913043 0.022418478260869564 0.01970108695652174
0 0.3125 0.41847826086956524 0.029891304347826088 0.026494565217391304
0 0.4578804347826087 0.35122282608695654 0.034646739130434784 0.028532608695652172
0 0.5040760869565217 0.3376358695652174 0.024456521739130436 0.02377717391304348
0 0.5040760869565217 0.29891304347826086 0.025135869565217392 0.021739130434782608
0 0.545516304347826 0.33016304347826086 0.025135869565217392 0.024456521739130436
0 0.5822010869565217 0.31657608695652173 0.03125 0.025815217391304348
0 0.5740489130434783 0.34782608695652173 0.036684782608695655 0.03192934782608696
0 0.4626358695652174 0.4116847826086957 0.02717391304347826 0.025815217391304348
0 0.6521739130434783 0.3294836956521739 0.027853260869565216 0.029891304347826088
0 0.608016304347826 0.3226902173913043 0.025135869565217392 0.02377717391304348
0 0.6766304347826086 0.3294836956521739 0.027853260869565216 0.028532608695652172
0 0.6800271739130435 0.4116847826086957 0.028532608695652172 0.03328804347826087
0 0.6800271739130435 0.4388586956521739 0.03804347826086957 0.034646739130434784
0 0.8960597826086957 0.33220108695652173 0.044157608695652176 0.035326086956521736
0 0.828125 0.35733695652173914 0.036684782608695655 0.036684782608695655
0 0.8879076086956522 0.28804347826086957 0.041440217391304345 0.03328804347826087
0 0.9809782608695652 0.3607336956521739 0.03804347826086957 0.036684782608695655
0 0.7941576086956522 0.4361413043478261 0.04076086956521739 0.03736413043478261
0 0.9103260869565217 0.6508152173913043 0.12296195652173914 0.12228260869565218
0 0.8505434782608695 0.609375 0.10190217391304347 0.06997282608695653
0 0.6671195652173914 0.6399456521739131 0.11684782608695653 0.08220108695652174
0 0.548233695652174 0.6691576086956522 0.12567934782608695 0.08355978260869565
0 0.42934782608695654 0.5998641304347826 0.12024456521739131 0.10190217391304347
0 0.281929347826087 0.641983695652174 0.078125 0.05434782608695652
0 0.17866847826086957 0.6684782608695652 0.11413043478260869 0.12567934782608695
0 0.08355978260869565 0.6644021739130435 0.12907608695652173 0.08627717391304347
0 0.052309782608695655 0.3029891304347826 0.02309782608695652 0.015625
0 0.09171195652173914 0.29279891304347827 0.020380434782608696 0.01358695652173913
0 0.15081521739130435 0.3532608695652174 0.027853260869565216 0.018342391304347828
0 0.18885869565217392 0.328125 0.024456521739130436 0.016983695652173912
0 0.19021739130434784 0.31521739130434784 0.02309782608695652 0.015625
0 0.328804347826087 0.328804347826087 0.029211956521739132 0.01970108695652174
0 0.44157608695652173 0.39266304347826086 0.034646739130434784 0.02309782608695652
0 0.5081521739130435 0.40625 0.036005434782608696 0.02377717391304348
0 0.5597826086956522 0.41983695652173914 0.03940217391304348 0.025815217391304348
0 0.6052989130434783 0.41779891304347827 0.03872282608695652 0.025815217391304348
0 0.8600543478260869 0.358695652173913 0.043478260869565216 0.028532608695652172