0 0.53125 0.7832880434782609 0.021059782608695652 0.008831521739130434
0 0.4952445652173913 0.7792119565217391 0.021739130434782608 0.008831521739130434
0 0.09103260869565218 0.8186141304347826 0.021059782608695652 0.008831521739130434
0 0.0020380434782608695 0.7758152173913043 0.004076086956521739 0.005434782608695652
0 0.08967391304347826 0.7764945652173914 0.01154891304347826 0.004755434782608696
0 0.035326086956521736 0.7758152173913043 0.01358695652173913 0.007472826086956522
0 0.10258152173913043 0.7737771739130435 0.009510869565217392 0.004755434782608696
0 0.16983695652173914 0.782608695652174 0.021059782608695652 0.01154891304347826
0 0.21942934782608695 0.7785326086956522 0.010869565217391304 0.005434782608695652
0 0.28532608695652173 0.7778532608695652 0.014945652173913044 0.006793478260869565
0 0.33627717391304346 0.7730978260869565 0.015625 0.006793478260869565
0 0.10529891304347826 0.7377717391304348 0.008152173913043478 0.0033967391304347825
0 0.5434782608695652 0.7730978260869565 0.018342391304347828 0.006114130434782609
0 0.46603260869565216 0.7819293478260869 0.021739130434782608 0.007472826086956522
0 0.43478260869565216 0.7792119565217391 0.019021739130434784 0.006114130434782609
0 0.06046195652173913 0.779891304347826 0.01970108695652174 0.006114130434782609
0 0.11548913043478261 0.7737771739130435 0.016304347826086956 0.005434782608695652
0 0.18953804347826086 0.779891304347826 0.017663043478260868 0.006114130434782609
0 0.22758152173913043 0.7880434782608695 0.01970108695652174 0.006114130434782609
0 0.2608695652173913 0.7744565217391305 0.016983695652173912 0.005434782608695652
0 0.2982336956521739 0.7934782608695652 0.021739130434782608 0.007472826086956522
0 0.3226902173913043 0.7764945652173914 0.016304347826086956 0.005434782608695652
0 0.3029891304347826 0.7785326086956522 0.017663043478260868 0.006114130434782609
0 0.4008152173913043 0.7744565217391305 0.01358695652173913 0.004755434782608696
0 0.3967391304347826 0.7785326086956522 0.018342391304347828 0.006114130434782609
0 0.37907608695652173 0.7819293478260869 0.021739130434782608 0.007472826086956522
0 0.359375 0.7771739130434783 0.017663043478260868 0.005434782608695652
0 0.06929347826086957 0.7452445652173914 0.006114130434782609 0.0020380434782608695
0 0.01970108695652174 0.7452445652173914 0.004076086956521739 0.001358695652173913
0 0.07948369565217392 0.704483695652174 0.0033967391304347825 0.001358695652173913
0 0.06114130434782609 0.7058423913043478 0.006114130434782609 0.0020380434782608695
0 0.052309782608695655 0.703125 0.008831521739130434 0.002717391304347826
0 0.021739130434782608 0.704483695652174 0.008831521739130434 0.002717391304347826
0 0.13043478260869565 0.7758152173913043 0.016983695652173912 0.005434782608695652
0 0.19904891304347827 0.7860054347826086 0.018342391304347828 0.006114130434782609
0 0.20720108695652173 0.7880434782608695 0.019021739130434784 0.006793478260869565
0 0.2105978260869565 0.7792119565217391 0.017663043478260868 0.006114130434782609
0 0.04483695652173913 0.7737771739130435 0.016304347826086956 0.005434782608695652
0 0.0006793478260869565 0.7425271739130435 0.001358695652173913 0.001358695652173913
0 0.23165760869565216 0.7092391304347826 0.004755434782608696 0.001358695652173913