0 0.405570652173913 0.623641304347826 0.006793478260869565 0.004755434782608696
0 0.4701086956521739 0.6365489130434783 0.010869565217391304 0.008831521739130434
0 0.6936141304347826 0.6290760869565217 0.006793478260869565 0.006114130434782609
0 0.6963315217391305 0.6474184782608695 0.01154891304347826 0.009510869565217392
0 0.9211956521739131 0.6379076086956522 0.008831521739130434 0.007472826086956522
0 0.9245923913043478 0.6460597826086957 0.010190217391304348 0.010190217391304348
0 0.9341032608695652 0.6440217391304348 0.010190217391304348 0.009510869565217392
0 0.8940217391304348 0.6508152173913043 0.01358695652173913 0.010869565217391304
0 0.9191576086956522 0.670516304347826 0.01970108695652174 0.017663043478260868
0 0.936141304347826 0.6691576086956522 0.017663043478260868 0.014945652173913044
0 0.9408967391304348 0.6963315217391305 0.025135869565217392 0.02717391304347826
0 0.9836956521739131 0.7608695652173914 0.03260869565217391 0.06453804347826086
0 0.8362771739130435 0.6929347826086957 0.02717391304347826 0.029891304347826088
0 0.8016304347826086 0.6603260869565217 0.016304347826086956 0.01358695652173913
0 0.7235054347826086 0.6542119565217391 0.014945652173913044 0.014945652173913044
0 0.7764945652173914 0.6711956521739131 0.015625 0.014945652173913044
0 0.765625 0.6813858695652174 0.026494565217391304 0.026494565217391304
0 0.8967391304347826 0.6915760869565217 0.026494565217391304 0.028532608695652172
0 0.9123641304347826 0.7146739130434783 0.03736413043478261 0.036684782608695655
0 0.9028532608695652 0.7452445652173914 0.052309782608695655 0.04755434782608696
0 0.9796195652173914 0.6453804347826086 0.016304347826086956 0.015625
0 0.876358695652174 0.671875 0.024456521739130436 0.022418478260869564
0 0.6365489130434783 0.6847826086956522 0.03328804347826087 0.027853260869565216
0 0.5822010869565217 0.6671195652173914 0.020380434782608696 0.016304347826086956
0 0.5944293478260869 0.6480978260869565 0.012907608695652174 0.010190217391304348
0 0.5319293478260869 0.6521739130434783 0.016304347826086956 0.01358695652173913
0 0.5122282608695652 0.6650815217391305 0.022418478260869564 0.019021739130434784
0 0.6779891304347826 0.6786684782608695 0.02377717391304348 0.019021739130434784
0 0.5604619565217391 0.7398097826086957 0.04619565217391304 0.04755434782608696
0 0.5203804347826086 0.7323369565217391 0.042798913043478264 0.052309782608695655
0 0.5135869565217391 0.7051630434782609 0.028532608695652172 0.029211956521739132
0 0.48097826086956524 0.6820652173913043 0.021739130434782608 0.018342391304347828
0 0.4735054347826087 0.6956521739130435 0.03192934782608696 0.026494565217391304
0 0.41983695652173914 0.7078804347826086 0.057065217391304345 0.04619565217391304
0 0.44972826086956524 0.673233695652174 0.016304347826086956 0.01358695652173913
0 0.4375 0.6623641304347826 0.025135869565217392 0.020380434782608696
0 0.4157608695652174 0.6508152173913043 0.01154891304347826 0.010190217391304348
0 0.26766304347826086 0.6691576086956522 0.03125 0.029211956521739132
0 0.29279891304347827 0.6664402173913043 0.025815217391304348 0.024456521739130436
0 0.3539402173913043 0.6494565217391305 0.01358695652173913 0.01154891304347826
0 0.3063858695652174 0.6786684782608695 0.026494565217391304 0.022418478260869564
0 0.28872282608695654 0.6854619565217391 0.025815217391304348 0.021739130434782608
0 0.3023097826086957 0.7085597826086957 0.033967391304347824 0.029891304347826088
0 0.27377717391304346 0.7153532608695652 0.029211956521739132 0.029891304347826088
0 0.2547554347826087 0.7139945652173914 0.03125 0.030570652173913044
0 0.22758152173913043 0.6949728260869565 0.028532608695652172 0.02377717391304348
0 0.20448369565217392 0.6936141304347826 0.03328804347826087 0.02717391304347826
0 0.20244565217391305 0.6637228260869565 0.02717391304347826 0.02377717391304348
0 0.21603260869565216 0.6596467391304348 0.01970108695652174 0.016304347826086956
0 0.24116847826086957 0.6596467391304348 0.014945652173913044 0.01358695652173913
0 0.18410326086956522 0.6467391304347826 0.018342391304347828 0.014945652173913044
0 0.22010869565217392 0.7289402173913043 0.07201086956521739 0.05502717391304348
0 0.2391304347826087 0.7472826086956522 0.042798913043478264 0.04619565217391304
0 0.28396739130434784 0.7588315217391305 0.033967391304347824 0.029891304347826088
0 0.3736413043478261 0.7391304347826086 0.042119565217391304 0.042119565217391304
0 0.35258152173913043 0.688858695652174 0.035326086956521736 0.030570652173913044
0 0.37160326086956524 0.6759510869565217 0.026494565217391304 0.022418478260869564
0 0.030570652173913044 0.6868206521739131 0.035326086956521736 0.028532608695652172
0 0.06589673913043478 0.670516304347826 0.03804347826086957 0.029891304347826088
0 0.021059782608695652 0.657608695652174 0.01970108695652174 0.017663043478260868
0 0.10054347826086957 0.6610054347826086 0.014945652173913044 0.01358695652173913
0 0.13451086956521738 0.6868206521739131 0.03328804347826087 0.029211956521739132
0 0.12771739130434784 0.670516304347826 0.026494565217391304 0.021059782608695652
0 0.15081521739130435 0.6684782608695652 0.028532608695652172 0.024456521739130436
0 0.140625 0.7207880434782609 0.057065217391304345 0.044157608695652176
0 0.13790760869565216 0.7961956521739131 0.11345108695652174 0.08763586956521739
0 0.20448369565217392 0.7880434782608695 0.06929347826086957 0.059103260869565216
0 0.014266304347826086 0.7425271739130435 0.024456521739130436 0.050271739130434784
0 0.33627717391304346 0.8172554347826086 0.06861413043478261 0.08627717391304347
0 0.40421195652173914 0.7737771739130435 0.051630434782608696 0.04755434782608696
0 0.8716032608695652 0.921875 0.12228260869565218 0.11413043478260869
0 0.7574728260869565 0.7866847826086957 0.22146739130434784 0.1800271739130435
0 0.32133152173913043 0.671875 0.01970108695652174 0.016304347826086956
0 0.2764945652173913 0.6256793478260869 0.008831521739130434 0.004755434782608696
0 0.281929347826087 0.6222826086956522 0.006793478260869565 0.004755434782608696
0 0.2873641304347826 0.626358695652174 0.007472826086956522 0.004755434782608696
0 0.29008152173913043 0.6209239130434783 0.006793478260869565 0.004755434782608696
0 0.2955163043478261 0.6195652173913043 0.006793478260869565 0.004755434782608696
0 0.3016304347826087 0.6222826086956522 0.006793478260869565 0.004755434782608696
0 0.31997282608695654 0.6216032608695652 0.006793478260869565 0.004755434782608696
0 0.32404891304347827 0.6270380434782609 0.007472826086956522 0.004755434782608696
0 0.3383152173913043 0.6222826086956522 0.006793478260869565 0.004755434782608696
0 0.33967391304347827 0.6168478260869565 0.006114130434782609 0.004076086956521739
0 0.26766304347826086 0.6209239130434783 0.006793478260869565 0.004755434782608696
0 0.266304347826087 0.6256793478260869 0.007472826086956522 0.004755434782608696
0 0.25271739130434784 0.6209239130434783 0.006793478260869565 0.004755434782608696
0 0.24592391304347827 0.6202445652173914 0.006793478260869565 0.004755434782608696
0 0.25 0.6290760869565217 0.007472826086956522 0.004755434782608696
0 0.23301630434782608 0.6243206521739131 0.007472826086956522 0.004755434782608696
0 0.2296195652173913 0.6209239130434783 0.006793478260869565 0.004755434782608696
0 0.22554347826086957 0.6195652173913043 0.006114130434782609 0.004755434782608696
0 0.20516304347826086 0.6202445652173914 0.005434782608695652 0.004755434782608696
0 0.20923913043478262 0.6222826086956522 0.006793478260869565 0.004755434782608696
0 0.19769021739130435 0.6161684782608695 0.006114130434782609 0.004076086956521739
0 0.19293478260869565 0.6202445652173914 0.006793478260869565 0.004755434782608696
0 0.19701086956521738 0.6229619565217391 0.006793478260869565 0.004755434782608696
0 0.18342391304347827 0.6222826086956522 0.007472826086956522 0.004755434782608696
0 0.1800271739130435 0.6209239130434783 0.006793478260869565 0.004755434782608696
0 0.1637228260869565 0.6182065217391305 0.006793478260869565 0.004755434782608696
0 0.15692934782608695 0.6182065217391305 0.006114130434782609 0.004755434782608696
0 0.1514945652173913 0.6168478260869565 0.006793478260869565 0.004076086956521739
0 0.13451086956521738 0.6148097826086957 0.029211956521739132 0.019021739130434784
0 0.1297554347826087 0.6243206521739131 0.02717391304347826 0.018342391304347828
0 0.12432065217391304 0.6148097826086957 0.029211956521739132 0.019021739130434784
0 0.11413043478260869 0.6148097826086957 0.029211956521739132 0.019021739130434784
0 0.10597826086956522 0.6195652173913043 0.017663043478260868 0.012228260869565218
0 0.09714673913043478 0.6229619565217391 0.017663043478260868 0.01154891304347826
0 0.08152173913043478 0.6168478260869565 0.017663043478260868 0.01154891304347826
0 0.07269021739130435 0.6209239130434783 0.017663043478260868 0.01154891304347826
0 0.05434782608695652 0.6216032608695652 0.021739130434782608 0.014945652173913044
0 0.04823369565217391 0.6209239130434783 0.022418478260869564 0.014945652173913044
0 0.05638586956521739 0.6175271739130435 0.042798913043478264 0.028532608695652172
0 0.03872282608695652 0.6202445652173914 0.022418478260869564 0.014945652173913044
0 0.033967391304347824 0.6209239130434783 0.022418478260869564 0.014945652173913044
0 0.026494565217391304 0.6202445652173914 0.022418478260869564 0.014945652173913044
0 0.021059782608695652 0.6175271739130435 0.022418478260869564 0.014945652173913044
0 0.012907608695652174 0.6202445652173914 0.022418478260869564 0.014945652173913044
0 0.002717391304347826 0.623641304347826 0.0020380434782608695 0.001358695652173913
0 0.35190217391304346 0.6182065217391305 0.006114130434782609 0.004076086956521739
0 0.35529891304347827 0.6222826086956522 0.007472826086956522 0.004755434782608696
0 0.3498641304347826 0.6324728260869565 0.007472826086956522 0.005434782608695652
0 0.34714673913043476 0.6351902173913043 0.008152173913043478 0.004755434782608696
0 0.3607336956521739 0.6311141304347826 0.007472826086956522 0.004755434782608696
0 0.36277173913043476 0.625 0.006793478260869565 0.004755434782608696
0 0.36752717391304346 0.6216032608695652 0.006793478260869565 0.004755434782608696
0 0.374320652173913 0.6216032608695652 0.006793478260869565 0.004755434782608696
0 0.38247282608695654 0.625 0.007472826086956522 0.004755434782608696
0 0.40285326086956524 0.6209239130434783 0.006793478260869565 0.004755434782608696
0 0.4279891304347826 0.6209239130434783 0.006793478260869565 0.004755434782608696
0 0.4123641304347826 0.6311141304347826 0.007472826086956522 0.004755434782608696
0 0.44429347826086957 0.6209239130434783 0.006793478260869565 0.004755434782608696
0 0.4517663043478261 0.6182065217391305 0.008831521739130434 0.006114130434782609
0 0.4375 0.6202445652173914 0.006114130434782609 0.004755434782608696
0 0.436820652173913 0.6216032608695652 0.006793478260869565 0.004755434782608696
0 0.4320652173913043 0.6351902173913043 0.008152173913043478 0.005434782608695652
0 0.4320652173913043 0.6324728260869565 0.007472826086956522 0.004755434782608696
0 0.42459239130434784 0.6290760869565217 0.007472826086956522 0.004755434782608696
0 0.4205163043478261 0.625 0.007472826086956522 0.004755434782608696
0 0.4673913043478261 0.6222826086956522 0.004076086956521739 0.002717391304347826
0 0.4796195652173913 0.6222826086956522 0.004755434782608696 0.002717391304347826
0 0.4673913043478261 0.6256793478260869 0.007472826086956522 0.004755434782608696
0 0.4592391304347826 0.6270380434782609 0.008831521739130434 0.005434782608695652
0 0.47282608695652173 0.6277173913043478 0.009510869565217392 0.006114130434782609
0 0.48777173913043476 0.6229619565217391 0.005434782608695652 0.0033967391304347825
0 0.49184782608695654 0.623641304347826 0.006114130434782609 0.004076086956521739
0 0.49728260869565216 0.623641304347826 0.006114130434782609 0.004076086956521739
0 0.515625 0.6216032608695652 0.018342391304347828 0.012228260869565218
0 0.5176630434782609 0.625 0.004755434782608696 0.0033967391304347825
0 0.5095108695652174 0.623641304347826 0.0020380434782608695 0.001358695652173913
0 0.5040760869565217 0.625 0.0033967391304347825 0.0020380434782608695
0 0.5006793478260869 0.6277173913043478 0.006793478260869565 0.004755434782608696
0 0.48709239130434784 0.6270380434782609 0.008831521739130434 0.005434782608695652
0 0.48233695652173914 0.6270380434782609 0.008831521739130434 0.006114130434782609
0 0.5271739130434783 0.6209239130434783 0.019021739130434784 0.012228260869565218
0 0.5230978260869565 0.625 0.004755434782608696 0.0033967391304347825
0 0.5285326086956522 0.625 0.006114130434782609 0.004076086956521739
0 0.53125 0.626358695652174 0.006114130434782609 0.004076086956521739
0 0.5380434782608695 0.6277173913043478 0.007472826086956522 0.004755434782608696
0 0.545516304347826 0.6277173913043478 0.008152173913043478 0.005434782608695652
0 0.5557065217391305 0.625 0.002717391304347826 0.0020380434782608695
0 0.561141304347826 0.6188858695652174 0.01358695652173913 0.009510869565217392
0 0.5665760869565217 0.6216032608695652 0.01358695652173913 0.008831521739130434
0 0.5754076086956522 0.6188858695652174 0.01358695652173913 0.009510869565217392
0 0.5883152173913043 0.6222826086956522 0.01358695652173913 0.009510869565217392
0 0.578125 0.6256793478260869 0.01358695652173913 0.009510869565217392
0 0.5618206521739131 0.6297554347826086 0.01358695652173913 0.009510869565217392
0 0.5224184782608695 0.6351902173913043 0.004755434782608696 0.002717391304347826
0 0.515625 0.6311141304347826 0.009510869565217392 0.006793478260869565
0 0.5135869565217391 0.6331521739130435 0.010869565217391304 0.007472826086956522
0 0.4830163043478261 0.6351902173913043 0.012907608695652174 0.008831521739130434
0 0.48845108695652173 0.6338315217391305 0.012228260869565218 0.008152173913043478
0 0.46671195652173914 0.6324728260869565 0.01154891304347826 0.007472826086956522
0 0.44497282608695654 0.6413043478260869 0.008152173913043478 0.005434782608695652
0 0.42459239130434784 0.639266304347826 0.008831521739130434 0.005434782608695652
0 0.42595108695652173 0.6351902173913043 0.008152173913043478 0.004755434782608696
0 0.4633152173913043 0.6358695652173914 0.012907608695652174 0.008831521739130434
0 0.5475543478260869 0.6345108695652174 0.0020380434782608695 0.001358695652173913
0 0.5353260869565217 0.6331521739130435 0.010190217391304348 0.006793478260869565
0 0.5774456521739131 0.6304347826086957 0.01358695652173913 0.008831521739130434
0 0.5788043478260869 0.6358695652173914 0.006114130434782609 0.004076086956521739
0 0.5930706521739131 0.6317934782608695 0.01358695652173913 0.008831521739130434
0 0.592391304347826 0.626358695652174 0.01358695652173913 0.009510869565217392
0 0.5584239130434783 0.6358695652173914 0.008152173913043478 0.005434782608695652
0 0.5706521739130435 0.6379076086956522 0.009510869565217392 0.006793478260869565
0 0.595108695652174 0.6222826086956522 0.01358695652173913 0.008831521739130434
0 0.5985054347826086 0.6229619565217391 0.01358695652173913 0.008831521739130434
0 0.6032608695652174 0.6229619565217391 0.01358695652173913 0.008831521739130434
0 0.6066576086956522 0.6243206521739131 0.01358695652173913 0.009510869565217392
0 0.6134510869565217 0.6222826086956522 0.01358695652173913 0.008831521739130434
0 0.6100543478260869 0.6256793478260869 0.01358695652173913 0.008831521739130434
0 0.5876358695652174 0.6324728260869565 0.01358695652173913 0.008831521739130434
0 0.5808423913043478 0.6324728260869565 0.01358695652173913 0.008831521739130434
0 0.5754076086956522 0.6324728260869565 0.01358695652173913 0.009510869565217392
0 0.5706521739130435 0.6324728260869565 0.004755434782608696 0.0033967391304347825
0 0.5672554347826086 0.6324728260869565 0.002717391304347826 0.001358695652173913
0 0.6243206521739131 0.6222826086956522 0.004755434782608696 0.0033967391304347825
0 0.6317934782608695 0.6216032608695652 0.004755434782608696 0.0033967391304347825
0 0.6487771739130435 0.6229619565217391 0.006114130434782609 0.0033967391304347825
0 0.6528532608695652 0.6229619565217391 0.006114130434782609 0.0033967391304347825
0 0.670516304347826 0.625 0.0033967391304347825 0.0020380434782608695
0 0.6800271739130435 0.6243206521739131 0.0020380434782608695 0.001358695652173913
0 0.6929347826086957 0.6222826086956522 0.005434782608695652 0.004076086956521739
0 0.6902173913043478 0.6311141304347826 0.006114130434782609 0.004076086956521739
0 0.6963315217391305 0.6324728260869565 0.006793478260869565 0.004076086956521739
0 0.6997282608695652 0.6277173913043478 0.0033967391304347825 0.0020380434782608695
0 0.7072010869565217 0.6304347826086957 0.006114130434782609 0.004076086956521739
0 0.7105978260869565 0.6311141304347826 0.006114130434782609 0.004076086956521739
0 0.6807065217391305 0.6283967391304348 0.0020380434782608695 0.001358695652173913
0 0.6752717391304348 0.6304347826086957 0.0033967391304347825 0.0020380434782608695
0 0.6596467391304348 0.6270380434782609 0.006793478260869565 0.004755434782608696
0 0.6494565217391305 0.6297554347826086 0.0006793478260869565 0.0006793478260869565
0 0.6433423913043478 0.626358695652174 0.006793478260869565 0.004755434782608696
0 0.6324728260869565 0.626358695652174 0.006114130434782609 0.004755434782608696
0 0.6270380434782609 0.6277173913043478 0.0033967391304347825 0.0020380434782608695
0 0.6019021739130435 0.6338315217391305 0.01358695652173913 0.008831521739130434
0 0.5876358695652174 0.6413043478260869 0.01154891304347826 0.007472826086956522
0 0.5828804347826086 0.6460597826086957 0.014266304347826086 0.009510869565217392
0 0.6161684782608695 0.6358695652173914 0.004076086956521739 0.002717391304347826
0 0.6243206521739131 0.6365489130434783 0.0033967391304347825 0.0020380434782608695
0 0.6351902173913043 0.6297554347826086 0.0020380434782608695 0.001358695652173913
0 0.6426630434782609 0.6297554347826086 0.002717391304347826 0.001358695652173913
0 0.6915760869565217 0.6413043478260869 0.009510869565217392 0.006793478260869565
0 0.6637228260869565 0.6385869565217391 0.006114130434782609 0.004076086956521739
0 0.6480978260869565 0.6324728260869565 0.006114130434782609 0.004076086956521739
0 0.6317934782608695 0.6385869565217391 0.006793478260869565 0.004755434782608696
0 0.639266304347826 0.6379076086956522 0.006793478260869565 0.004755434782608696
0 0.7479619565217391 0.626358695652174 0.006114130434782609 0.004755434782608696
0 0.7269021739130435 0.625 0.006114130434782609 0.004076086956521739
0 0.7384510869565217 0.626358695652174 0.006793478260869565 0.004755434782608696
0 0.7432065217391305 0.6338315217391305 0.001358695652173913 0.0006793478260869565
0 0.7370923913043478 0.6345108695652174 0.0033967391304347825 0.002717391304347826
0 0.75 0.6399456521739131 0.008152173913043478 0.006114130434782609
0 0.7533967391304348 0.6324728260869565 0.009510869565217392 0.006793478260869565
0 0.7663043478260869 0.625 0.006114130434782609 0.004076086956521739
0 0.7839673913043478 0.623641304347826 0.006114130434782609 0.004755434782608696
0 0.7724184782608695 0.6311141304347826 0.009510869565217392 0.006793478260869565
0 0.7676630434782609 0.6290760869565217 0.008152173913043478 0.005434782608695652
0 0.8206521739130435 0.6283967391304348 0.009510869565217392 0.006793478260869565
0 0.7934782608695652 0.6277173913043478 0.016304347826086956 0.010869565217391304
0 0.7887228260869565 0.6331521739130435 0.0020380434782608695 0.001358695652173913
0 0.8016304347826086 0.6317934782608695 0.016983695652173912 0.010869565217391304
0 0.8355978260869565 0.6311141304347826 0.004076086956521739 0.0033967391304347825
0 0.7846467391304348 0.6039402173913043 0.014945652173913044 0.010190217391304348
0 0.7764945652173914 0.6039402173913043 0.017663043478260868 0.012228260869565218
0 0.7567934782608695 0.608016304347826 0.008152173913043478 0.005434782608695652
0 0.7038043478260869 0.6059782608695652 0.008152173913043478 0.005434782608695652
0 0.6997282608695652 0.6059782608695652 0.008152173913043478 0.005434782608695652
0 0.6936141304347826 0.6052989130434783 0.008152173913043478 0.005434782608695652
0 0.7221467391304348 0.6032608695652174 0.008152173913043478 0.005434782608695652
0 0.7663043478260869 0.6066576086956522 0.008152173913043478 0.005434782608695652
0 0.7880434782608695 0.6127717391304348 0.014945652173913044 0.010190217391304348
0 0.8118206521739131 0.6086956521739131 0.004755434782608696 0.002717391304347826
0 0.8308423913043478 0.6059782608695652 0.018342391304347828 0.012228260869565218
0 0.8641304347826086 0.6141304347826086 0.014266304347826086 0.010190217391304348
0 0.8552989130434783 0.6154891304347826 0.014266304347826086 0.010190217391304348
0 0.8858695652173914 0.6154891304347826 0.009510869565217392 0.006793478260869565
0 0.8913043478260869 0.6168478260869565 0.009510869565217392 0.006793478260869565
0 0.8858695652173914 0.6209239130434783 0.014266304347826086 0.009510869565217392
0 0.90625 0.6120923913043478 0.009510869565217392 0.006793478260869565
0 0.9021739130434783 0.6141304347826086 0.009510869565217392 0.006114130434782609
0 0.9252717391304348 0.6114130434782609 0.009510869565217392 0.006114130434782609
0 0.9470108695652174 0.6100543478260869 0.009510869565217392 0.006114130434782609
0 0.9436141304347826 0.6114130434782609 0.009510869565217392 0.006793478260869565
0 0.9599184782608695 0.6134510869565217 0.01970108695652174 0.012907608695652174
0 0.953125 0.6161684782608695 0.012228260869565218 0.007472826086956522
0 0.9714673913043478 0.6066576086956522 0.01970108695652174 0.012907608695652174
0 0.9850543478260869 0.6114130434782609 0.01970108695652174 0.012907608695652174
0 0.9952445652173914 0.6073369565217391 0.009510869565217392 0.012907608695652174
0 0.9945652173913043 0.6311141304347826 0.006793478260869565 0.004076086956521739
0 0.9898097826086957 0.6345108695652174 0.008831521739130434 0.006114130434782609
0 0.9850543478260869 0.6277173913043478 0.002717391304347826 0.0020380434782608695
0 0.9782608695652174 0.6311141304347826 0.006114130434782609 0.004076086956521739
0 0.9775815217391305 0.6379076086956522 0.010190217391304348 0.006793478260869565
0 0.9639945652173914 0.6283967391304348 0.0033967391304347825 0.002717391304347826
0 0.9572010869565217 0.6283967391304348 0.006114130434782609 0.004076086956521739
0 0.9538043478260869 0.6324728260869565 0.008831521739130434 0.006114130434782609
0 0.9266304347826086 0.6290760869565217 0.006114130434782609 0.004076086956521739
0 0.9103260869565217 0.6283967391304348 0.005434782608695652 0.0033967391304347825
0 0.9069293478260869 0.6297554347826086 0.006114130434782609 0.004755434782608696
0 0.8974184782608695 0.6283967391304348 0.009510869565217392 0.006793478260869565
0 0.8947010869565217 0.623641304347826 0.009510869565217392 0.006793478260869565
0 0.9123641304347826 0.6338315217391305 0.006793478260869565 0.004755434782608696
0 0.9436141304347826 0.6324728260869565 0.008831521739130434 0.006114130434782609
0 0.9483695652173914 0.6277173913043478 0.005434782608695652 0.0033967391304347825
0 0.9014945652173914 0.6345108695652174 0.006793478260869565 0.004755434782608696
0 0.8783967391304348 0.6297554347826086 0.014945652173913044 0.010190217391304348
0 0.873641304347826 0.6304347826086957 0.014266304347826086 0.010190217391304348
0 0.8682065217391305 0.6317934782608695 0.002717391304347826 0.0020380434782608695
0 0.8695652173913043 0.639266304347826 0.007472826086956522 0.004755434782608696
0 0.8790760869565217 0.6379076086956522 0.001358695652173913 0.001358695652173913
0 0.8845108695652174 0.6453804347826086 0.01154891304347826 0.007472826086956522
0 0.8682065217391305 0.6514945652173914 0.015625 0.010190217391304348
0 0.8519021739130435 0.6256793478260869 0.014266304347826086 0.010190217391304348
0 0.8464673913043478 0.6243206521739131 0.014945652173913044 0.010190217391304348
0 0.8620923913043478 0.639266304347826 0.007472826086956522 0.004755434782608696
0 0.8525815217391305 0.6372282608695652 0.006114130434782609 0.0033967391304347825
0 0.8362771739130435 0.6433423913043478 0.008152173913043478 0.006114130434782609
0 0.8050271739130435 0.6426630434782609 0.017663043478260868 0.01154891304347826
0 0.7921195652173914 0.639266304347826 0.008152173913043478 0.004755434782608696
0 0.7832880434782609 0.6345108695652174 0.0020380434782608695 0.001358695652173913
0 0.7601902173913043 0.6324728260869565 0.009510869565217392 0.006114130434782609
0 0.7635869565217391 0.6372282608695652 0.004755434782608696 0.0033967391304347825
0 0.7119565217391305 0.640625 0.008152173913043478 0.005434782608695652
0 0.9925271739130435 0.6413043478260869 0.012228260869565218 0.008152173913043478
0 0.9565217391304348 0.639266304347826 0.010190217391304348 0.006793478260869565
0 0.9646739130434783 0.640625 0.01154891304347826 0.007472826086956522
0 0.983016304347826 0.6610054347826086 0.020380434782608696 0.012907608695652174
0 0.9558423913043478 0.6610054347826086 0.01970108695652174 0.012907608695652174
0 0.970108695652174 0.6664402173913043 0.021739130434782608 0.014945652173913044
0 0.9966032608695652 0.6820652173913043 0.006114130434782609 0.017663043478260868
0 0.8077445652173914 0.6902173913043478 0.03260869565217391 0.021739130434782608
0 0.8444293478260869 0.6623641304347826 0.020380434782608696 0.012907608695652174
0 0.8322010869565217 0.657608695652174 0.017663043478260868 0.012228260869565218
0 0.7683423913043478 0.6460597826086957 0.012907608695652174 0.008831521739130434
0 0.7466032608695652 0.6623641304347826 0.021739130434782608 0.014266304347826086
0 0.7391304347826086 0.6847826086956522 0.029211956521739132 0.019021739130434784
0 0.7547554347826086 0.7058423913043478 0.036684782608695655 0.024456521739130436
0 0.8777173913043478 0.7126358695652174 0.044157608695652176 0.029211956521739132
0 0.907608695652174 0.6535326086956522 0.016983695652173912 0.01154891304347826
0 0.8947010869565217 0.6739130434782609 0.025135869565217392 0.016983695652173912
0 0.6168478260869565 0.6725543478260869 0.02717391304347826 0.018342391304347828
0 0.5991847826086957 0.6480978260869565 0.016304347826086956 0.010869565217391304
0 0.6202445652173914 0.6535326086956522 0.019021739130434784 0.012228260869565218
0 0.6752717391304348 0.6508152173913043 0.016304347826086956 0.010869565217391304
0 0.6739130434782609 0.639266304347826 0.007472826086956522 0.004755434782608696
0 0.499320652173913 0.6582880434782609 0.021739130434782608 0.014266304347826086
0 0.4904891304347826 0.6535326086956522 0.018342391304347828 0.012228260869565218
0 0.47690217391304346 0.6467391304347826 0.014945652173913044 0.010190217391304348
0 0.532608695652174 0.6773097826086957 0.026494565217391304 0.018342391304347828
0 0.5658967391304348 0.686141304347826 0.033967391304347824 0.022418478260869564
0 0.5910326086956522 0.6820652173913043 0.03260869565217391 0.021739130434782608
0 0.5930706521739131 0.703125 0.041440217391304345 0.027853260869565216
0 0.6983695652173914 0.7058423913043478 0.036684782608695655 0.024456521739130436
0 0.7038043478260869 0.6881793478260869 0.03192934782608696 0.021059782608695652
0 0.4517663043478261 0.6807065217391305 0.036684782608695655 0.024456521739130436
0 0.41440217391304346 0.6807065217391305 0.03328804347826087 0.022418478260869564
0 0.3070652173913043 0.6277173913043478 0.007472826086956522 0.004755434782608696
0 0.327445652173913 0.6630434782608695 0.025135869565217392 0.016304347826086956
0 0.1827445652173913 0.6793478260869565 0.03192934782608696 0.021059782608695652
0 0.3851902173913043 0.7065217391304348 0.04483695652173913 0.029891304347826088
0 0.358695652173913 0.6684782608695652 0.025815217391304348 0.017663043478260868
0 0.3953804347826087 0.6603260869565217 0.022418478260869564 0.014945652173913044
0 0.3797554347826087 0.657608695652174 0.021739130434782608 0.01358695652173913
0 0.029891304347826088 0.6338315217391305 0.007472826086956522 0.004755434782608696
0 0.01970108695652174 0.6304347826086957 0.022418478260869564 0.014945652173913044
0 0.050271739130434784 0.6304347826086957 0.022418478260869564 0.014945652173913044
0 0.042798913043478264 0.626358695652174 0.022418478260869564 0.014945652173913044
0 0.07133152173913043 0.6487771739130435 0.017663043478260868 0.010869565217391304
0 0.06385869565217392 0.6630434782608695 0.02309782608695652 0.015625
0 0.08967391304347826 0.6929347826086957 0.04483695652173913 0.029211956521739132
0 0.21942934782608695 0.6644021739130435 0.02717391304347826 0.017663043478260868
0 0.21195652173913043 0.654891304347826 0.02309782608695652 0.015625
0 0.17255434782608695 0.6338315217391305 0.008152173913043478 0.005434782608695652
0 0.15557065217391305 0.6283967391304348 0.007472826086956522 0.004755434782608696
0 0.042119565217391304 0.7921195652173914 0.08355978260869565 0.06521739130434782
0 0.10529891304347826 0.9538043478260869 0.14741847826086957 0.09239130434782608
0 0.36752717391304346 0.7832880434782609 0.07065217391304347 0.046875
0 0.546875 0.8817934782608695 0.2139945652173913 0.14198369565217392
0 0.6542119565217391 0.6535326086956522 0.017663043478260868 0.012228260869565218
0 0.6379076086956522 0.6460597826086957 0.014266304347826086 0.009510869565217392