0 0.0020380434782608695 0.8457880434782609 0.004076086956521739 0.04076086956521739
0 0.19021739130434784 0.6786684782608695 0.02377717391304348 0.020380434782608696
0 0.0033967391304347825 0.5835597826086957 0.006114130434782609 0.012907608695652174
0 0.48777173913043476 0.5591032608695652 0.014266304347826086 0.010869565217391304
0 0.5536684782608695 0.6059782608695652 0.015625 0.012228260869565218
0 0.3892663043478261 0.5652173913043478 0.012228260869565218 0.009510869565217392
0 0.35665760869565216 0.5550271739130435 0.015625 0.012907608695652174
0 0.3138586956521739 0.5502717391304348 0.009510869565217392 0.008152173913043478
0 0.4904891304347826 0.501358695652174 0.009510869565217392 0.006793478260869565
0 0.47214673913043476 0.48641304347826086 0.007472826086956522 0.006114130434782609
0 0.24456521739130435 0.46467391304347827 0.009510869565217392 0.007472826086956522
0 0.24728260869565216 0.44565217391304346 0.014945652173913044 0.008152173913043478
0 0.26358695652173914 0.46127717391304346 0.010869565217391304 0.007472826086956522
0 0.27309782608695654 0.4320652173913043 0.01358695652173913 0.008831521739130434
0 0.22758152173913043 0.45108695652173914 0.016983695652173912 0.010869565217391304
0 0.2601902173913043 0.41372282608695654 0.019021739130434784 0.010869565217391304
0 0.32472826086956524 0.4375 0.018342391304347828 0.012228260869565218
0 0.010190217391304348 0.49728260869565216 0.014266304347826086 0.009510869565217392
0 0.3383152173913043 0.5448369565217391 0.01358695652173913 0.008831521739130434
0 0.3294836956521739 0.5210597826086957 0.014266304347826086 0.008831521739130434
0 0.35597826086956524 0.5319293478260869 0.01358695652173913 0.008831521739130434
0 0.26766304347826086 0.5339673913043478 0.01358695652173913 0.009510869565217392
0 0.25339673913043476 0.515625 0.014266304347826086 0.009510869565217392
0 0.5135869565217391 0.5040760869565217 0.01358695652173913 0.009510869565217392
0 0.5237771739130435 0.5020380434782609 0.014266304347826086 0.009510869565217392
0 0.4891304347826087 0.49252717391304346 0.014266304347826086 0.008831521739130434
0 0.42527173913043476 0.4830163043478261 0.012907608695652174 0.008831521739130434
0 0.40964673913043476 0.4830163043478261 0.01358695652173913 0.008831521739130434
0 0.11277173913043478 0.5067934782608695 0.014266304347826086 0.009510869565217392
0 0.004755434782608696 0.49592391304347827 0.009510869565217392 0.009510869565217392
0 0.15421195652173914 0.4673913043478261 0.01358695652173913 0.009510869565217392
0 0.17866847826086957 0.468070652173913 0.01358695652173913 0.009510869565217392
0 0.18682065217391305 0.48165760869565216 0.012907608695652174 0.008831521739130434
0 0.20448369565217392 0.47690217391304346 0.01358695652173913 0.008831521739130434
0 0.234375 0.47214673913043476 0.014266304347826086 0.008831521739130434
0 0.19089673913043478 0.4470108695652174 0.014945652173913044 0.009510869565217392
0 0.20720108695652173 0.4483695652173913 0.014945652173913044 0.009510869565217392
0 0.43002717391304346 0.46535326086956524 0.01358695652173913 0.008831521739130434
0 0.4157608695652174 0.46535326086956524 0.01358695652173913 0.008831521739130434
0 0.37228260869565216 0.48165760869565216 0.012907608695652174 0.008831521739130434
0 0.32404891304347827 0.48845108695652173 0.014266304347826086 0.009510869565217392
0 0.264945652173913 0.4945652173913043 0.012228260869565218 0.008831521739130434
0 0.26358695652173914 0.4830163043478261 0.012907608695652174 0.008831521739130434
0 0.34035326086956524 0.45516304347826086 0.012907608695652174 0.008831521739130434
0 0.35122282608695654 0.45720108695652173 0.012907608695652174 0.008831521739130434
0 0.31453804347826086 0.45720108695652173 0.014945652173913044 0.009510869565217392
0 0.29008152173913043 0.453125 0.014945652173913044 0.009510869565217392
0 0.2112771739130435 0.468070652173913 0.014266304347826086 0.009510869565217392
0 0.4470108695652174 0.44972826086956524 0.01358695652173913 0.008831521739130434
0 0.38654891304347827 0.453125 0.01358695652173913 0.008831521739130434
0 0.40896739130434784 0.4578804347826087 0.012907608695652174 0.008831521739130434
0 0.3702445652173913 0.44633152173913043 0.014945652173913044 0.009510869565217392
0 0.41304347826086957 0.4320652173913043 0.015625 0.010190217391304348
0 0.41372282608695654 0.4320652173913043 0.015625 0.010190217391304348
0 0.453125 0.43478260869565216 0.014945652173913044 0.009510869565217392
0 0.32404891304347827 0.4470108695652174 0.014945652173913044 0.009510869565217392
0 0.25747282608695654 0.4320652173913043 0.015625 0.010190217391304348
0 0.21875 0.44157608695652173 0.014945652173913044 0.009510869565217392
0 0.21875 0.44157608695652173 0.014945652173913044 0.009510869565217392
0 0.24048913043478262 0.43070652173913043 0.015625 0.010190217391304348
0 0.33967391304347827 0.4266304347826087 0.016304347826086956 0.010869565217391304
0 0.374320652173913 0.422554347826087 0.016983695652173912 0.01154891304347826
0 0.39402173913043476 0.41779891304347827 0.016304347826086956 0.010869565217391304
0 0.40625 0.4171195652173913 0.016304347826086956 0.010869565217391304
0 0.33627717391304346 0.436820652173913 0.015625 0.010190217391304348
0 0.3138586956521739 0.4388586956521739 0.015625 0.009510869565217392
0 0.28804347826086957 0.43342391304347827 0.015625 0.010190217391304348
0 0.4232336956521739 0.4171195652173913 0.016304347826086956 0.010869565217391304
0 0.48709239130434784 0.4110054347826087 0.014945652173913044 0.009510869565217392
0 0.485054347826087 0.3953804347826087 0.015625 0.010190217391304348
0 0.485054347826087 0.3953804347826087 0.015625 0.010190217391304348