0 0.845108695652174 0.5067934782608695 0.09375 0.09239130434782608
0 0.5801630434782609 0.47146739130434784 0.08016304347826086 0.07608695652173914
0 0.7751358695652174 0.35665760869565216 0.06385869565217392 0.05570652173913043
0 0.45652173913043476 0.41983695652173914 0.06657608695652174 0.05298913043478261
0 0.29891304347826086 0.44157608695652173 0.06657608695652174 0.058423913043478264
0 0.20244565217391305 0.41032608695652173 0.06114130434782609 0.05638586956521739
0 0.28804347826086957 0.360054347826087 0.05298913043478261 0.046875
0 0.9898097826086957 0.21467391304347827 0.010869565217391304 0.01154891304347826
0 0.9592391304347826 0.20652173913043478 0.007472826086956522 0.006793478260869565
0 0.9483695652173914 0.21195652173913043 0.008152173913043478 0.008152173913043478
0 0.9402173913043478 0.21263586956521738 0.008152173913043478 0.008152173913043478
0 0.9273097826086957 0.21535326086956522 0.008152173913043478 0.007472826086956522
0 0.9198369565217391 0.21195652173913043 0.008152173913043478 0.008152173913043478
0 0.9442934782608695 0.22078804347826086 0.008152173913043478 0.008152173913043478
0 0.9728260869565217 0.2139945652173913 0.007472826086956522 0.008152173913043478
0 0.9816576086956522 0.21942934782608695 0.008831521739130434 0.008831521739130434
0 0.9001358695652174 0.20855978260869565 0.008152173913043478 0.008152173913043478
0 0.8709239130434783 0.1949728260869565 0.007472826086956522 0.007472826086956522
0 0.8586956521739131 0.20923913043478262 0.006793478260869565 0.006114130434782609
0 0.845108695652174 0.21195652173913043 0.006793478260869565 0.006793478260869565
0 0.8389945652173914 0.20244565217391305 0.005434782608695652 0.005434782608695652
0 0.8206521739130435 0.20448369565217392 0.006793478260869565 0.006793478260869565
0 0.829483695652174 0.20584239130434784 0.005434782608695652 0.006114130434782609
0 0.8029891304347826 0.18817934782608695 0.006793478260869565 0.006114130434782609
0 0.7941576086956522 0.20040760869565216 0.006793478260869565 0.006114130434782609
0 0.7744565217391305 0.19701086956521738 0.006793478260869565 0.006793478260869565
0 0.7533967391304348 0.20584239130434784 0.006114130434782609 0.006114130434782609
0 0.7472826086956522 0.203125 0.006793478260869565 0.006114130434782609
0 0.7316576086956522 0.19769021739130435 0.006793478260869565 0.006114130434782609
0 0.7228260869565217 0.19429347826086957 0.006793478260869565 0.006793478260869565
0 0.7302989130434783 0.18885869565217392 0.006114130434782609 0.006114130434782609
0 0.6487771739130435 0.20108695652173914 0.006793478260869565 0.006114130434782609
0 0.641983695652174 0.20516304347826086 0.006114130434782609 0.006114130434782609
0 0.7065217391304348 0.20244565217391305 0.006114130434782609 0.006114130434782609
0 0.7126358695652174 0.19904891304347827 0.005434782608695652 0.005434782608695652
0 0.5509510869565217 0.23097826086956522 0.017663043478260868 0.016304347826086956
0 0.6188858695652174 0.1766304347826087 0.005434782608695652 0.005434782608695652
0 0.5944293478260869 0.18953804347826086 0.005434782608695652 0.005434782608695652
0 0.5754076086956522 0.19769021739130435 0.005434782608695652 0.005434782608695652
0 0.5101902173913043 0.18478260869565216 0.004755434782608696 0.004755434782608696
0 0.37160326086956524 0.2235054347826087 0.016983695652173912 0.016304347826086956
0 0.32133152173913043 0.23845108695652173 0.017663043478260868 0.016304347826086956
0 0.29279891304347827 0.23505434782608695 0.020380434782608696 0.020380434782608696
0 0.2764945652173913 0.22214673913043478 0.016304347826086956 0.015625
0 0.2595108695652174 0.22418478260869565 0.014945652173913044 0.01358695652173913
0 0.250679347826087 0.1983695652173913 0.010869565217391304 0.009510869565217392
0 0.2235054347826087 0.21467391304347827 0.01358695652173913 0.01358695652173913
0 0.17255434782608695 0.20176630434782608 0.012228260869565218 0.01154891304347826
0 0.19769021739130435 0.1983695652173913 0.009510869565217392 0.008831521739130434
0 0.16847826086956522 0.2418478260869565 0.016983695652173912 0.019021739130434784
0 0.15013586956521738 0.23709239130434784 0.018342391304347828 0.017663043478260868
0 0.13179347826086957 0.23097826086956522 0.016304347826086956 0.014266304347826086
0 0.1297554347826087 0.21875 0.014945652173913044 0.012907608695652174
0 0.13926630434782608 0.20448369565217392 0.008152173913043478 0.008152173913043478
0 0.1480978260869565 0.20380434782608695 0.009510869565217392 0.008831521739130434
0 0.15964673913043478 0.20516304347826086 0.010869565217391304 0.010190217391304348
0 0.09714673913043478 0.20108695652173914 0.009510869565217392 0.008831521739130434
0 0.10326086956521739 0.20855978260869565 0.009510869565217392 0.010190217391304348
0 0.08967391304347826 0.21467391304347827 0.012907608695652174 0.012228260869565218
0 0.07404891304347826 0.20584239130434784 0.012228260869565218 0.010869565217391304
0 0.05502717391304348 0.20176630434782608 0.010869565217391304 0.010190217391304348
0 0.04551630434782609 0.1956521739130435 0.009510869565217392 0.009510869565217392
0 0.03872282608695652 0.19293478260869565 0.009510869565217392 0.008831521739130434
0 0.025135869565217392 0.18885869565217392 0.006793478260869565 0.006793478260869565
0 0.22146739130434784 0.36616847826086957 0.050951086956521736 0.04076086956521739
0 0.14402173913043478 0.35190217391304346 0.043478260869565216 0.041440217391304345
0 0.10394021739130435 0.33016304347826086 0.036005434782608696 0.03260869565217391
0 0.11548913043478261 0.37839673913043476 0.04755434782608696 0.041440217391304345
0 0.3179347826086957 0.2860054347826087 0.028532608695652172 0.026494565217391304
0 0.5726902173913043 0.2860054347826087 0.035326086956521736 0.03192934782608696
0 0.6012228260869565 0.3498641304347826 0.051630434782608696 0.042119565217391304
0 0.6494565217391305 0.28396739130434784 0.03192934782608696 0.027853260869565216
0 0.8349184782608695 0.2139945652173913 0.006793478260869565 0.007472826086956522
0 0.020380434782608696 0.9082880434782609 0.04076086956521739 0.09714673913043478
0 0.9816576086956522 0.19429347826086957 0.006793478260869565 0.005434782608695652
0 0.9972826086956522 0.20720108695652173 0.005434782608695652 0.006793478260869565
0 0.9864130434782609 0.2105978260869565 0.008831521739130434 0.006793478260869565
0 0.9789402173913043 0.20652173913043478 0.008831521739130434 0.006793478260869565
0 0.9130434782608695 0.21603260869565216 0.009510869565217392 0.006793478260869565
0 0.9626358695652174 0.21535326086956522 0.009510869565217392 0.007472826086956522
0 0.9755434782608695 0.21875 0.010869565217391304 0.008152173913043478
0 0.954483695652174 0.21331521739130435 0.009510869565217392 0.006793478260869565
0 0.9558423913043478 0.2235054347826087 0.010869565217391304 0.008152173913043478
0 0.907608695652174 0.203125 0.008831521739130434 0.006793478260869565
0 0.8967391304347826 0.20176630434782608 0.008831521739130434 0.006114130434782609
0 0.9014945652173914 0.19701086956521738 0.008152173913043478 0.006114130434782609
0 0.8811141304347826 0.20176630434782608 0.008152173913043478 0.006114130434782609
0 0.8586956521739131 0.18885869565217392 0.007472826086956522 0.005434782608695652
0 0.8158967391304348 0.2105978260869565 0.007472826086956522 0.005434782608695652
0 0.8091032608695652 0.19701086956521738 0.007472826086956522 0.005434782608695652
0 0.8199728260869565 0.19701086956521738 0.006793478260869565 0.005434782608695652
0 0.7832880434782609 0.19701086956521738 0.007472826086956522 0.005434782608695652
0 0.7839673913043478 0.20516304347826086 0.007472826086956522 0.005434782608695652
0 0.765625 0.20584239130434784 0.007472826086956522 0.005434782608695652
0 0.7567934782608695 0.20516304347826086 0.007472826086956522 0.005434782608695652
0 0.7398097826086957 0.1956521739130435 0.007472826086956522 0.005434782608695652
0 0.7302989130434783 0.19361413043478262 0.007472826086956522 0.005434782608695652
0 0.6644021739130435 0.20176630434782608 0.007472826086956522 0.005434782608695652
0 0.6324728260869565 0.1983695652173913 0.006793478260869565 0.004755434782608696
0 0.6385869565217391 0.19633152173913043 0.006793478260869565 0.005434782608695652
0 0.6365489130434783 0.19089673913043478 0.006793478260869565 0.004755434782608696
0 0.6501358695652174 0.1922554347826087 0.006793478260869565 0.004755434782608696
0 0.6447010869565217 0.18885869565217392 0.006793478260869565 0.004755434782608696
0 0.6501358695652174 0.18546195652173914 0.006114130434782609 0.004755434782608696
0 0.6447010869565217 0.1827445652173913 0.006114130434782609 0.004755434782608696
0 0.654891304347826 0.18206521739130435 0.006114130434782609 0.004755434782608696
0 0.6671195652173914 0.18342391304347827 0.006793478260869565 0.004755434782608696
0 0.6671195652173914 0.1875 0.006793478260869565 0.004755434782608696
0 0.6800271739130435 0.18070652173913043 0.006793478260869565 0.004755434782608696
0 0.6270380434782609 0.2078804347826087 0.01154891304347826 0.008831521739130434
0 0.7085597826086957 0.19769021739130435 0.007472826086956522 0.005434782608695652
0 0.7214673913043478 0.20176630434782608 0.007472826086956522 0.005434782608695652
0 0.717391304347826 0.19293478260869565 0.007472826086956522 0.005434782608695652
0 0.6997282608695652 0.20923913043478262 0.007472826086956522 0.005434782608695652
0 0.7432065217391305 0.21195652173913043 0.007472826086956522 0.005434782608695652
0 0.6324728260869565 0.1793478260869565 0.006114130434782609 0.004755434782608696
0 0.6345108695652174 0.18410326086956522 0.006114130434782609 0.004755434782608696
0 0.6229619565217391 0.18885869565217392 0.0033967391304347825 0.002717391304347826
0 0.5441576086956522 0.19429347826086957 0.006793478260869565 0.005434782608695652
0 0.5319293478260869 0.18885869565217392 0.005434782608695652 0.004076086956521739
0 0.5278532608695652 0.1875 0.004076086956521739 0.0033967391304347825
0 0.5251358695652174 0.18206521739130435 0.002717391304347826 0.0020380434782608695
0 0.5543478260869565 0.18342391304347827 0.0020380434782608695 0.001358695652173913
0 0.5631793478260869 0.18138586956521738 0.001358695652173913 0.0006793478260869565
0 0.5862771739130435 0.18070652173913043 0.006114130434782609 0.004755434782608696
0 0.6243206521739131 0.1983695652173913 0.008152173913043478 0.006114130434782609
0 0.6229619565217391 0.1956521739130435 0.006793478260869565 0.005434782608695652
0 0.6168478260869565 0.19021739130434784 0.004755434782608696 0.0033967391304347825
0 0.6066576086956522 0.19157608695652173 0.006114130434782609 0.004755434782608696
0 0.5964673913043478 0.19769021739130435 0.008831521739130434 0.006793478260869565
0 0.5917119565217391 0.19633152173913043 0.008152173913043478 0.006114130434782609
0 0.5883152173913043 0.20040760869565216 0.01154891304347826 0.008831521739130434
0 0.5842391304347826 0.19701086956521738 0.009510869565217392 0.007472826086956522
0 0.5706521739130435 0.19633152173913043 0.008831521739130434 0.006793478260869565
0 0.5645380434782609 0.1922554347826087 0.005434782608695652 0.004076086956521739
0 0.5957880434782609 0.2078804347826087 0.015625 0.01154891304347826
0 0.6134510869565217 0.19972826086956522 0.008831521739130434 0.006793478260869565
0 0.5822010869565217 0.18885869565217392 0.005434782608695652 0.004076086956521739
0 0.5754076086956522 0.19089673913043478 0.0033967391304347825 0.0020380434782608695
0 0.5570652173913043 0.1922554347826087 0.004755434782608696 0.0033967391304347825
0 0.5394021739130435 0.18478260869565216 0.0020380434782608695 0.001358695652173913
0 0.5434782608695652 0.18885869565217392 0.005434782608695652 0.0033967391304347825
0 0.5203804347826086 0.17595108695652173 0.004755434782608696 0.0033967391304347825
0 0.5183423913043478 0.18885869565217392 0.005434782608695652 0.004076086956521739
0 0.5020380434782609 0.1766304347826087 0.004755434782608696 0.0033967391304347825
0 0.5047554347826086 0.18885869565217392 0.005434782608695652 0.004755434782608696
0 0.5509510869565217 0.18953804347826086 0.006114130434782609 0.004755434782608696
0 0.546875 0.18478260869565216 0.0020380434782608695 0.0020380434782608695
0 0.4014945652173913 0.18478260869565216 0.005434782608695652 0.004076086956521739
0 0.3532608695652174 0.1827445652173913 0.0033967391304347825 0.0020380434782608695
0 0.43478260869565216 0.19021739130434784 0.006114130434782609 0.004076086956521739
0 0.4633152173913043 0.17595108695652173 0.005434782608695652 0.004076086956521739
0 0.47622282608695654 0.17527173913043478 0.004755434782608696 0.0033967391304347825
0 0.469429347826087 0.17051630434782608 0.004755434782608696 0.0033967391304347825
0 0.483695652173913 0.17459239130434784 0.004755434782608696 0.0033967391304347825
0 0.4001358695652174 0.1766304347826087 0.01970108695652174 0.014266304347826086
0 0.4048913043478261 0.17866847826086957 0.0020380434782608695 0.001358695652173913
0 0.41304347826086957 0.1827445652173913 0.004755434782608696 0.0033967391304347825
0 0.4232336956521739 0.17866847826086957 0.001358695652173913 0.0006793478260869565
0 0.4320652173913043 0.1800271739130435 0.0033967391304347825 0.002717391304347826
0 0.44021739130434784 0.1800271739130435 0.001358695652173913 0.001358695652173913
0 0.45516304347826086 0.17527173913043478 0.005434782608695652 0.004076086956521739
0 0.44972826086956524 0.1766304347826087 0.005434782608695652 0.004076086956521739
0 0.49660326086956524 0.18817934782608695 0.005434782608695652 0.004076086956521739
0 0.4830163043478261 0.1875 0.005434782608695652 0.004076086956521739
0 0.48845108695652173 0.18342391304347827 0.004076086956521739 0.002717391304347826
0 0.47758152173913043 0.18885869565217392 0.0033967391304347825 0.002717391304347826
0 0.422554347826087 0.18546195652173914 0.006793478260869565 0.004755434782608696
0 0.42934782608695654 0.18546195652173914 0.0020380434782608695 0.001358695652173913
0 0.44021739130434784 0.18614130434782608 0.0020380434782608695 0.0020380434782608695
0 0.44429347826086957 0.18478260869565216 0.004755434782608696 0.0033967391304347825
0 0.45108695652173914 0.18953804347826086 0.007472826086956522 0.005434782608695652
0 0.44157608695652173 0.18885869565217392 0.004755434782608696 0.0033967391304347825
0 0.46467391304347827 0.19021739130434784 0.004076086956521739 0.002717391304347826
0 0.4578804347826087 0.19089673913043478 0.004755434782608696 0.0033967391304347825
0 0.47078804347826086 0.18953804347826086 0.0020380434782608695 0.001358695652173913
0 0.47146739130434784 0.18478260869565216 0.002717391304347826 0.0020380434782608695
0 0.4782608695652174 0.18410326086956522 0.002717391304347826 0.0020380434782608695
0 0.483695652173913 0.18342391304347827 0.0020380434782608695 0.001358695652173913
0 0.4735054347826087 0.18138586956521738 0.001358695652173913 0.001358695652173913
0 0.453125 0.1827445652173913 0.002717391304347826 0.0020380434782608695
0 0.4585597826086957 0.18342391304347827 0.004076086956521739 0.002717391304347826
0 0.46603260869565216 0.1827445652173913 0.004076086956521739 0.002717391304347826
0 0.46535326086956524 0.1793478260869565 0.0006793478260869565 0.0006793478260869565
0 0.41983695652173914 0.1875 0.0033967391304347825 0.002717391304347826
0 0.4076086956521739 0.18478260869565216 0.005434782608695652 0.004076086956521739
0 0.41440217391304346 0.1875 0.004755434782608696 0.004076086956521739
0 0.41508152173913043 0.18546195652173914 0.0020380434782608695 0.001358695652173913
0 0.46467391304347827 0.18614130434782608 0.006114130434782609 0.004755434782608696
0 0.41032608695652173 0.18138586956521738 0.0020380434782608695 0.001358695652173913
0 0.4164402173913043 0.1800271739130435 0.0033967391304347825 0.0020380434782608695
0 0.4205163043478261 0.18206521739130435 0.004076086956521739 0.0033967391304347825
0 0.4273097826086957 0.1800271739130435 0.0033967391304347825 0.002717391304347826
0 0.4266304347826087 0.18953804347826086 0.005434782608695652 0.004076086956521739
0 0.13994565217391305 0.18953804347826086 0.006793478260869565 0.005434782608695652
0 0.09239130434782608 0.1793478260869565 0.007472826086956522 0.005434782608695652
0 0.06929347826086957 0.20516304347826086 0.012228260869565218 0.008831521739130434
0 0.020380434782608696 0.19429347826086957 0.009510869565217392 0.007472826086956522
0 0.029891304347826088 0.18885869565217392 0.008831521739130434 0.006793478260869565
0 0.03328804347826087 0.19293478260869565 0.009510869565217392 0.007472826086956522
0 0.034646739130434784 0.19701086956521738 0.010869565217391304 0.008152173913043478
0 0.001358695652173913 0.16576086956521738 0.002717391304347826 0.006114130434782609
0 0.001358695652173913 0.16847826086956522 0.002717391304347826 0.005434782608695652
0 0.0033967391304347825 0.16779891304347827 0.006793478260869565 0.006114130434782609
0 0.004076086956521739 0.16576086956521738 0.008152173913043478 0.006114130434782609
0 0.004755434782608696 0.16779891304347827 0.007472826086956522 0.006114130434782609
0 0.30842391304347827 0.1800271739130435 0.01154891304347826 0.008831521739130434
0 0.2798913043478261 0.17866847826086957 0.0033967391304347825 0.002717391304347826
0 0.22758152173913043 0.17391304347826086 0.0020380434782608695 0.0020380434782608695
0 0.14470108695652173 0.2798913043478261 0.030570652173913044 0.022418478260869564
0 0.3220108695652174 0.1800271739130435 0.006114130434782609 0.004755434782608696
0 0.33084239130434784 0.18070652173913043 0.001358695652173913 0.001358695652173913
0 0.30095108695652173 0.17866847826086957 0.004076086956521739 0.002717391304347826
0 0.31521739130434784 0.1800271739130435 0.005434782608695652 0.004076086956521739
0 0.31929347826086957 0.1766304347826087 0.004076086956521739 0.002717391304347826
0 0.32472826086956524 0.17798913043478262 0.004076086956521739 0.0033967391304347825
0 0.328804347826087 0.17798913043478262 0.004755434782608696 0.0033967391304347825
0 0.327445652173913 0.18070652173913043 0.006114130434782609 0.004755434782608696
0 0.33627717391304346 0.18138586956521738 0.002717391304347826 0.0020380434782608695
0 0.33559782608695654 0.17866847826086957 0.006793478260869565 0.005434782608695652
0 0.3328804347826087 0.17595108695652173 0.002717391304347826 0.0020380434782608695
0 0.33967391304347827 0.1793478260869565 0.007472826086956522 0.005434782608695652
0 0.3451086956521739 0.18138586956521738 0.002717391304347826 0.0020380434782608695
0 0.34578804347826086 0.17866847826086957 0.006793478260869565 0.005434782608695652
0 0.3532608695652174 0.17595108695652173 0.005434782608695652 0.004076086956521739
0 0.35665760869565216 0.17866847826086957 0.006793478260869565 0.004755434782608696
0 0.36277173913043476 0.18478260869565216 0.0033967391304347825 0.0020380434782608695
0 0.358695652173913 0.18410326086956522 0.0020380434782608695 0.001358695652173913
0 0.3695652173913043 0.1875 0.004076086956521739 0.0033967391304347825
0 0.37296195652173914 0.18478260869565216 0.004755434782608696 0.004076086956521739
0 0.37228260869565216 0.18070652173913043 0.007472826086956522 0.005434782608695652
0 0.37160326086956524 0.17798913043478262 0.006793478260869565 0.004755434782608696
0 0.3763586956521739 0.1766304347826087 0.006114130434782609 0.004755434782608696
0 0.3811141304347826 0.18070652173913043 0.001358695652173913 0.0006793478260869565
0 0.3811141304347826 0.18410326086956522 0.004755434782608696 0.0033967391304347825
0 0.389945652173913 0.18614130434782608 0.001358695652173913 0.001358695652173913
0 0.38722826086956524 0.18206521739130435 0.0020380434782608695 0.001358695652173913
0 0.38858695652173914 0.18410326086956522 0.004755434782608696 0.0033967391304347825
0 0.39402173913043476 0.18070652173913043 0.0006793478260869565 0.0006793478260869565
0 0.39402173913043476 0.18410326086956522 0.004755434782608696 0.0033967391304347825
0 0.3960597826086957 0.18885869565217392 0.005434782608695652 0.004076086956521739
0 0.3077445652173913 0.17595108695652173 0.01154891304347826 0.008831521739130434
0 0.311820652173913 0.17595108695652173 0.001358695652173913 0.0006793478260869565
0 0.296875 0.17527173913043478 0.01154891304347826 0.008152173913043478
0 0.29279891304347827 0.1800271739130435 0.004755434782608696 0.0033967391304347825
0 0.26358695652173914 0.17595108695652173 0.01154891304347826 0.008831521739130434
0 0.26970108695652173 0.17459239130434784 0.01154891304347826 0.008831521739130434
0 0.265625 0.171875 0.01154891304347826 0.008831521739130434
0 0.2561141304347826 0.17527173913043478 0.004755434782608696 0.0033967391304347825
0 0.25339673913043476 0.17323369565217392 0.01154891304347826 0.008831521739130434
0 0.25883152173913043 0.17798913043478262 0.002717391304347826 0.0020380434782608695
0 0.2608695652173913 0.17730978260869565 0.0020380434782608695 0.001358695652173913
0 0.2717391304347826 0.17866847826086957 0.0033967391304347825 0.002717391304347826
0 0.27445652173913043 0.17459239130434784 0.01154891304347826 0.008831521739130434
0 0.19021739130434784 0.17391304347826086 0.012907608695652174 0.009510869565217392
0 0.15217391304347827 0.17255434782608695 0.015625 0.01154891304347826
0 0.17391304347826086 0.16508152173913043 0.017663043478260868 0.012907608695652174
0 0.19021739130434784 0.1671195652173913 0.01358695652173913 0.010190217391304348
0 0.11413043478260869 0.17051630434782608 0.006114130434782609 0.004755434782608696
0 0.11005434782608696 0.16983695652173914 0.006114130434782609 0.004755434782608696
0 0.10326086956521739 0.16915760869565216 0.0033967391304347825 0.0020380434782608695
0 0.09375 0.16779891304347827 0.004755434782608696 0.0033967391304347825
0 0.24660326086956522 0.1766304347826087 0.002717391304347826 0.0020380434782608695
0 0.2425271739130435 0.17323369565217392 0.016983695652173912 0.012228260869565218
0 0.23709239130434784 0.17391304347826086 0.004076086956521739 0.002717391304347826
0 0.23505434782608695 0.17323369565217392 0.0033967391304347825 0.0020380434782608695
0 0.23301630434782608 0.171875 0.001358695652173913 0.001358695652173913
0 0.23505434782608695 0.17527173913043478 0.004755434782608696 0.0033967391304347825
0 0.2235054347826087 0.17527173913043478 0.0033967391304347825 0.002717391304347826
0 0.22010869565217392 0.17730978260869565 0.0033967391304347825 0.0020380434782608695
0 0.21603260869565216 0.17595108695652173 0.0020380434782608695 0.001358695652173913
0 0.21467391304347827 0.171875 0.017663043478260868 0.012907608695652174
0 0.21942934782608695 0.16983695652173914 0.017663043478260868 0.012907608695652174
0 0.21739130434782608 0.17323369565217392 0.001358695652173913 0.001358695652173913
0 0.24320652173913043 0.1793478260869565 0.002717391304347826 0.001358695652173913
0 0.23573369565217392 0.1793478260869565 0.002717391304347826 0.001358695652173913
0 0.20720108695652173 0.17391304347826086 0.001358695652173913 0.001358695652173913
0 0.20720108695652173 0.17255434782608695 0.01154891304347826 0.008152173913043478
0 0.203125 0.17051630434782608 0.01154891304347826 0.008152173913043478
0 0.20176630434782608 0.17255434782608695 0.01154891304347826 0.008152173913043478
0 0.20108695652173914 0.17391304347826086 0.001358695652173913 0.001358695652173913
0 0.19429347826086957 0.17323369565217392 0.012907608695652174 0.009510869565217392
0 0.1956521739130435 0.17119565217391305 0.01154891304347826 0.008152173913043478
0 0.1949728260869565 0.17527173913043478 0.002717391304347826 0.0020380434782608695
0 0.18342391304347827 0.17323369565217392 0.016304347826086956 0.012228260869565218
0 0.18682065217391305 0.17323369565217392 0.016304347826086956 0.012228260869565218
0 0.17866847826086957 0.17459239130434784 0.0020380434782608695 0.001358695652173913
0 0.1827445652173913 0.17595108695652173 0.0033967391304347825 0.0020380434782608695
0 0.17527173913043478 0.17391304347826086 0.016304347826086956 0.012228260869565218
0 0.17119565217391305 0.17391304347826086 0.016304347826086956 0.012228260869565218
0 0.16983695652173914 0.171875 0.016983695652173912 0.012228260869565218
0 0.16779891304347827 0.17051630434782608 0.016983695652173912 0.012228260869565218
0 0.16508152173913043 0.16983695652173914 0.016983695652173912 0.012228260869565218
0 0.15760869565217392 0.17051630434782608 0.016983695652173912 0.012228260869565218
0 0.16168478260869565 0.17255434782608695 0.016983695652173912 0.012228260869565218
0 0.1637228260869565 0.17391304347826086 0.016304347826086956 0.012228260869565218
0 0.16644021739130435 0.1766304347826087 0.016304347826086956 0.01154891304347826
0 0.16644021739130435 0.17391304347826086 0.016304347826086956 0.012228260869565218
0 0.15828804347826086 0.17323369565217392 0.016304347826086956 0.012228260869565218
0 0.15421195652173914 0.16915760869565216 0.016304347826086956 0.012228260869565218
0 0.15217391304347827 0.16915760869565216 0.016304347826086956 0.012228260869565218
0 0.15081521739130435 0.17051630434782608 0.014266304347826086 0.010190217391304348
0 0.14741847826086957 0.16983695652173914 0.014266304347826086 0.010190217391304348
0 0.14673913043478262 0.16847826086956522 0.014266304347826086 0.010190217391304348
0 0.14334239130434784 0.16847826086956522 0.014266304347826086 0.010190217391304348
0 0.14130434782608695 0.16915760869565216 0.014266304347826086 0.010190217391304348
0 0.13858695652173914 0.16915760869565216 0.016983695652173912 0.012228260869565218
0 0.13654891304347827 0.17051630434782608 0.016304347826086956 0.012228260869565218
0 0.13926630434782608 0.171875 0.016304347826086956 0.012228260869565218
0 0.14266304347826086 0.171875 0.01358695652173913 0.010190217391304348
0 0.14673913043478262 0.17255434782608695 0.01358695652173913 0.010190217391304348
0 0.17527173913043478 0.17051630434782608 0.016983695652173912 0.012228260869565218
0 0.17459239130434784 0.16915760869565216 0.016983695652173912 0.012907608695652174
0 0.171875 0.17051630434782608 0.016983695652173912 0.012228260869565218
0 0.01970108695652174 0.18885869565217392 0.008831521739130434 0.006793478260869565
0 0.030570652173913044 0.18546195652173914 0.007472826086956522 0.006114130434782609
0 0.04076086956521739 0.18614130434782608 0.008152173913043478 0.006114130434782609
0 0.09782608695652174 0.16847826086956522 0.004076086956521739 0.0033967391304347825
0 0.10190217391304347 0.16779891304347827 0.0020380434782608695 0.001358695652173913
0 0.10461956521739131 0.16644021739130435 0.005434782608695652 0.004076086956521739
0 0.09850543478260869 0.16576086956521738 0.0033967391304347825 0.002717391304347826
0 0.09442934782608696 0.16576086956521738 0.004076086956521739 0.002717391304347826
0 0.09171195652173914 0.16576086956521738 0.0033967391304347825 0.002717391304347826
0 0.10190217391304347 0.16508152173913043 0.004755434782608696 0.0033967391304347825
0 0.10326086956521739 0.1644021739130435 0.004755434782608696 0.0033967391304347825
0 0.11073369565217392 0.16508152173913043 0.004755434782608696 0.0033967391304347825
0 0.10733695652173914 0.16779891304347827 0.005434782608695652 0.004076086956521739
0 0.11005434782608696 0.1671195652173913 0.005434782608695652 0.004076086956521739
0 0.11480978260869565 0.16508152173913043 0.004076086956521739 0.0033967391304347825
0 0.11480978260869565 0.1671195652173913 0.005434782608695652 0.004076086956521739
0 0.11616847826086957 0.16915760869565216 0.005434782608695652 0.004076086956521739
0 0.11684782608695653 0.1671195652173913 0.002717391304347826 0.0020380434782608695
0 0.12160326086956522 0.16576086956521738 0.016304347826086956 0.012228260869565218
0 0.12228260869565218 0.16983695652173914 0.016304347826086956 0.012228260869565218
0 0.12228260869565218 0.17391304347826086 0.016304347826086956 0.012228260869565218
0 0.1297554347826087 0.171875 0.016304347826086956 0.012228260869565218
0 0.1297554347826087 0.16915760869565216 0.016304347826086956 0.012228260869565218
0 0.11752717391304347 0.17323369565217392 0.006114130434782609 0.004755434782608696
0 0.11820652173913043 0.16983695652173914 0.005434782608695652 0.004076086956521739
0 0.09103260869565218 0.1671195652173913 0.0033967391304347825 0.002717391304347826
0 0.11277173913043478 0.16779891304347827 0.005434782608695652 0.004755434782608696
0 0.18682065217391305 0.17119565217391305 0.016983695652173912 0.012228260869565218
0 0.1331521739130435 0.16983695652173914 0.016304347826086956 0.012228260869565218
0 0.13383152173913043 0.17323369565217392 0.015625 0.01154891304347826
0 0.20923913043478262 0.17730978260869565 0.0033967391304347825 0.0020380434782608695
0 0.2112771739130435 0.17391304347826086 0.016983695652173912 0.012228260869565218
0 0.13519021739130435 0.16779891304347827 0.016983695652173912 0.012228260869565218
0 0.11888586956521739 0.16779891304347827 0.0033967391304347825 0.0020380434782608695
0 0.23777173913043478 0.17730978260869565 0.001358695652173913 0.001358695652173913
0 0.26222826086956524 0.16779891304347827 0.01154891304347826 0.008831521739130434
0 0.26970108695652173 0.1766304347826087 0.0006793478260869565 0.0006793478260869565
0 0.2669836956521739 0.17595108695652173 0.01154891304347826 0.008831521739130434
0 0.26970108695652173 0.17255434782608695 0.01154891304347826 0.008831521739130434
0 0.2608695652173913 0.17323369565217392 0.01154891304347826 0.008831521739130434
0 0.2595108695652174 0.17527173913043478 0.01154891304347826 0.008152173913043478
0 0.250679347826087 0.17595108695652173 0.0020380434782608695 0.001358695652173913
0 0.2907608695652174 0.17595108695652173 0.01154891304347826 0.008831521739130434
0 0.2873641304347826 0.17391304347826086 0.01154891304347826 0.008831521739130434
0 0.27853260869565216 0.17527173913043478 0.01154891304347826 0.008831521739130434
0 0.3797554347826087 0.17866847826086957 0.006793478260869565 0.005434782608695652
0 0.3845108695652174 0.18546195652173914 0.006114130434782609 0.004755434782608696
0 0.6671195652173914 0.20584239130434784 0.007472826086956522 0.005434782608695652
0 0.9667119565217391 0.2078804347826087 0.008831521739130434 0.006793478260869565
0 0.9972826086956522 0.19972826086956522 0.005434782608695652 0.005434782608695652