0 0.11345108695652174 0.7533967391304348 0.06521739130434782 0.06385869565217392
0 0.45108695652173914 0.4110054347826087 0.046875 0.043478260869565216
0 0.04551630434782609 0.4857336956521739 0.04619565217391304 0.042119565217391304
0 0.0020380434782608695 0.6915760869565217 0.004076086956521739 0.05366847826086957
0 0.41983695652173914 0.7479619565217391 0.06453804347826086 0.057744565217391304
0 0.5523097826086957 0.47554347826086957 0.05434782608695652 0.04755434782608696
0 0.033967391304347824 0.5570652173913043 0.050951086956521736 0.04551630434782609
0 0.2982336956521739 0.41779891304347827 0.04483695652173913 0.044157608695652176
0 0.13926630434782608 0.5489130434782609 0.058423913043478264 0.049592391304347824
0 0.2425271739130435 0.6997282608695652 0.059103260869565216 0.04823369565217391
0 0.05638586956521739 0.639266304347826 0.05502717391304348 0.049592391304347824
0 0.5346467391304348 0.7099184782608695 0.057744565217391304 0.05638586956521739
0 0.7092391304347826 0.7445652173913043 0.06725543478260869 0.06182065217391304
0 0.37092391304347827 0.6983695652173914 0.058423913043478264 0.05570652173913043
0 0.25407608695652173 0.5679347826086957 0.059782608695652176 0.04483695652173913
0 0.22078804347826086 0.6270380434782609 0.06046195652173913 0.04823369565217391
0 0.6365489130434783 0.49252717391304346 0.057744565217391304 0.052309782608695655
0 0.5509510869565217 0.47622282608695654 0.057065217391304345 0.042798913043478264