0 0.5285326086956522 0.6650815217391305 0.13179347826086957 0.08763586956521739
0 0.47622282608695654 0.6297554347826086 0.10054347826086957 0.06725543478260869
0 0.657608695652174 0.6501358695652174 0.11956521739130435 0.07948369565217392
0 0.006114130434782609 0.5985054347826086 0.01154891304347826 0.04551630434782609
0 0.08491847826086957 0.6331521739130435 0.10394021739130435 0.06929347826086957
0 0.13858695652173914 0.6256793478260869 0.09646739130434782 0.06453804347826086
0 0.35258152173913043 0.6542119565217391 0.12296195652173914 0.08220108695652174
0 0.40353260869565216 0.6209239130434783 0.09103260869565218 0.06046195652173913
0 0.7588315217391305 0.6317934782608695 0.10258152173913043 0.06861413043478261
0 0.9028532608695652 0.7010869565217391 0.17391304347826086 0.13790760869565216
0 0.9463315217391305 0.5978260869565217 0.06793478260869565 0.04551630434782609
0 0.6331521739130435 0.6141304347826086 0.07608695652173914 0.050951086956521736