0 0.11956521739130435 0.27309782608695654 0.01154891304347826 0.014945652173913044
0 0.09578804347826086 0.5101902173913043 0.050951086956521736 0.058423913043478264
0 0.15760869565217392 0.35733695652173914 0.014266304347826086 0.02377717391304348
0 0.19972826086956522 0.5108695652173914 0.04483695652173913 0.05298913043478261
0 0.48097826086956524 0.38179347826086957 0.050951086956521736 0.043478260869565216
0 0.5740489130434783 0.4388586956521739 0.046875 0.06114130434782609
0 0.5760869565217391 0.22146739130434784 0.021059782608695652 0.021059782608695652
0 0.6012228260869565 0.20923913043478262 0.014266304347826086 0.014945652173913044
0 0.6012228260869565 0.19361413043478262 0.01154891304347826 0.012907608695652174
0 0.33016304347826086 0.18953804347826086 0.009510869565217392 0.010869565217391304
0 0.30095108695652173 0.17798913043478262 0.008152173913043478 0.010190217391304348
0 0.29347826086956524 0.1827445652173913 0.009510869565217392 0.010869565217391304
0 0.28464673913043476 0.19089673913043478 0.008152173913043478 0.010190217391304348
0 0.24864130434782608 0.19089673913043478 0.01154891304347826 0.012907608695652174
0 0.19972826086956522 0.18138586956521738 0.009510869565217392 0.010869565217391304
0 0.15013586956521738 0.16236413043478262 0.008152173913043478 0.010869565217391304
0 0.01970108695652174 0.22146739130434784 0.014266304347826086 0.01358695652173913
0 0.7907608695652174 0.29891304347826086 0.02377717391304348 0.03125
0 0.8783967391304348 0.3451086956521739 0.03260869565217391 0.03804347826086957
0 0.8104619565217391 0.27717391304347827 0.03940217391304348 0.041440217391304345
0 0.8627717391304348 0.2758152173913043 0.016983695652173912 0.021059782608695652
0 0.8648097826086957 0.2554347826086957 0.012228260869565218 0.017663043478260868
0 0.8811141304347826 0.24728260869565216 0.014266304347826086 0.020380434782608696
0 0.953125 0.23641304347826086 0.01154891304347826 0.016983695652173912
0 0.9972826086956522 0.2452445652173913 0.005434782608695652 0.016983695652173912
0 0.9021739130434783 0.20244565217391305 0.009510869565217392 0.010869565217391304
0 0.7377717391304348 0.20584239130434784 0.012228260869565218 0.016983695652173912
0 0.7010869565217391 0.24048913043478262 0.02309782608695652 0.022418478260869564
0 0.6677989130434783 0.23233695652173914 0.019021739130434784 0.020380434782608696
0 0.6936141304347826 0.26358695652173914 0.02377717391304348 0.028532608695652172
0 0.32472826086956524 0.8519021739130435 0.12160326086956522 0.10733695652173914
0 0.059103260869565216 0.30570652173913043 0.03125 0.027853260869565216
0 0.03328804347826087 0.38179347826086957 0.03940217391304348 0.035326086956521736
0 0.22418478260869565 0.35122282608695654 0.03736413043478261 0.03328804347826087
0 0.32065217391304346 0.43546195652173914 0.04823369565217391 0.042798913043478264
0 0.3335597826086957 0.375679347826087 0.03940217391304348 0.035326086956521736
0 0.3654891304347826 0.30027173913043476 0.03125 0.027853260869565216
0 0.6467391304347826 0.4048913043478261 0.050271739130434784 0.044157608695652176
0 0.5991847826086957 0.3797554347826087 0.04823369565217391 0.042798913043478264
0 0.6623641304347826 0.3491847826086957 0.043478260869565216 0.03872282608695652
0 0.6114130434782609 0.3172554347826087 0.03940217391304348 0.035326086956521736
0 0.5801630434782609 0.30366847826086957 0.03736413043478261 0.03328804347826087
0 0.6440217391304348 0.3172554347826087 0.03125 0.027853260869565216
0 0.6582880434782609 0.2873641304347826 0.02717391304347826 0.02377717391304348
0 0.6114130434782609 0.26222826086956524 0.025135869565217392 0.022418478260869564
0 0.5822010869565217 0.2425271739130435 0.025135869565217392 0.022418478260869564
0 0.36277173913043476 0.18342391304347827 0.012228260869565218 0.010869565217391304
0 0.3294836956521739 0.20244565217391305 0.012228260869565218 0.010869565217391304
0 0.29279891304347827 0.20448369565217392 0.012228260869565218 0.010869565217391304
0 0.22214673913043478 0.19361413043478262 0.010190217391304348 0.009510869565217392
0 0.02717391304347826 0.27785326086956524 0.02717391304347826 0.02377717391304348
0 0.01970108695652174 0.28804347826086957 0.029211956521739132 0.025815217391304348
0 0.26154891304347827 0.34646739130434784 0.019021739130434784 0.016983695652173912
0 0.3220108695652174 0.2608695652173913 0.014266304347826086 0.012907608695652174
0 0.35529891304347827 0.2601902173913043 0.03125 0.027853260869565216
0 0.28940217391304346 0.2669836956521739 0.014266304347826086 0.012907608695652174
0 0.2269021739130435 0.27717391304347827 0.014266304347826086 0.012907608695652174
0 0.23097826086956522 0.22418478260869565 0.012228260869565218 0.010869565217391304
0 0.7832880434782609 0.31657608695652173 0.03328804347826087 0.029891304347826088
0 0.8002717391304348 0.35122282608695654 0.03940217391304348 0.035326086956521736
0 0.8376358695652174 0.3389945652173913 0.03736413043478261 0.03328804347826087
0 0.8675271739130435 0.42595108695652173 0.050271739130434784 0.044157608695652176
0 0.9626358695652174 0.3389945652173913 0.035326086956521736 0.03125
0 0.9952445652173914 0.5529891304347826 0.009510869565217392 0.08491847826086957
0 0.7989130434782609 0.2296195652173913 0.019021739130434784 0.016983695652173912
0 0.8987771739130435 0.2452445652173913 0.019021739130434784 0.016983695652173912
0 0.9769021739130435 0.24320652173913043 0.016983695652173912 0.014945652173913044
0 0.9959239130434783 0.2826086956521739 0.008152173913043478 0.019021739130434784
0 0.9721467391304348 0.20720108695652173 0.010190217391304348 0.009510869565217392
0 0.967391304347826 0.21671195652173914 0.012228260869565218 0.010869565217391304
0 0.9572010869565217 0.20923913043478262 0.010190217391304348 0.009510869565217392
0 0.9293478260869565 0.21263586956521738 0.010190217391304348 0.009510869565217392
0 0.9116847826086957 0.21603260869565216 0.012228260869565218 0.010869565217391304
0 0.8729619565217391 0.21467391304347827 0.006114130434782609 0.005434782608695652
0 0.7771739130434783 0.20244565217391305 0.010190217391304348 0.009510869565217392
0 0.7112771739130435 0.19633152173913043 0.010190217391304348 0.009510869565217392
0 0.6956521739130435 0.19633152173913043 0.010190217391304348 0.009510869565217392
0 0.6834239130434783 0.19633152173913043 0.010190217391304348 0.009510869565217392
0 0.7241847826086957 0.22146739130434784 0.021059782608695652 0.018342391304347828
0 0.717391304347826 0.23301630434782608 0.02309782608695652 0.020380434782608696
0 0.686141304347826 0.234375 0.025135869565217392 0.022418478260869564
0 0.9735054347826086 0.6936141304347826 0.05298913043478261 0.10190217391304347