0 0.610733695652174 0.39809782608695654 0.01154891304347826 0.012228260869565218
0 0.6542119565217391 0.40217391304347827 0.014266304347826086 0.016983695652173912
0 0.6521739130434783 0.390625 0.012228260869565218 0.012228260869565218
0 0.4904891304347826 0.4123641304347826 0.01154891304347826 0.01358695652173913
0 0.47214673913043476 0.328804347826087 0.007472826086956522 0.007472826086956522
0 0.49796195652173914 0.327445652173913 0.007472826086956522 0.007472826086956522
0 0.19904891304347827 0.20991847826086957 0.008152173913043478 0.007472826086956522
0 0.016983695652173912 0.28396739130434784 0.004076086956521739 0.0033967391304347825
0 0.07065217391304347 0.29415760869565216 0.004076086956521739 0.0033967391304347825
0 0.09578804347826086 0.2955163043478261 0.004076086956521739 0.0033967391304347825
0 0.03736413043478261 0.30366847826086957 0.006114130434782609 0.005434782608695652
0 0.171875 0.2907608695652174 0.004076086956521739 0.0033967391304347825
0 0.17730978260869565 0.30434782608695654 0.006114130434782609 0.005434782608695652
0 0.23233695652173914 0.30910326086956524 0.006114130434782609 0.005434782608695652
0 0.24388586956521738 0.3063858695652174 0.006114130434782609 0.005434782608695652
0 0.48777173913043476 0.13179347826086957 0.008152173913043478 0.007472826086956522
0 0.44565217391304346 0.13519021739130435 0.008152173913043478 0.007472826086956522
0 0.5190217391304348 0.12771739130434784 0.008152173913043478 0.007472826086956522
0 0.5529891304347826 0.12839673913043478 0.008152173913043478 0.007472826086956522
0 0.5862771739130435 0.1297554347826087 0.008152173913043478 0.007472826086956522
0 0.6664402173913043 0.13043478260869565 0.008152173913043478 0.007472826086956522
0 0.6759510869565217 0.12771739130434784 0.008152173913043478 0.007472826086956522
0 0.7479619565217391 0.13451086956521738 0.012228260869565218 0.010869565217391304
0 0.766983695652174 0.1358695652173913 0.012228260869565218 0.010869565217391304
0 0.798233695652174 0.1358695652173913 0.006114130434782609 0.005434782608695652
0 0.8396739130434783 0.1358695652173913 0.006114130434782609 0.005434782608695652
0 0.8532608695652174 0.13722826086956522 0.005434782608695652 0.005434782608695652
0 0.860733695652174 0.13790760869565216 0.005434782608695652 0.004755434782608696
0 0.873641304347826 0.14266304347826086 0.004076086956521739 0.004755434782608696
0 0.9157608695652174 0.14470108695652173 0.004076086956521739 0.0033967391304347825
0 0.9320652173913043 0.13994565217391305 0.004076086956521739 0.0033967391304347825
0 0.9497282608695652 0.140625 0.004076086956521739 0.0033967391304347825
0 0.970108695652174 0.14266304347826086 0.004076086956521739 0.0033967391304347825
0 0.9823369565217391 0.14266304347826086 0.004076086956521739 0.0033967391304347825
0 0.9884510869565217 0.14266304347826086 0.004076086956521739 0.0033967391304347825
0 0.6603260869565217 0.389945652173913 0.012228260869565218 0.010869565217391304
0 0.545516304347826 0.4436141304347826 0.014266304347826086 0.012907608695652174
0 0.5434782608695652 0.3294836956521739 0.008152173913043478 0.007472826086956522
0 0.5366847826086957 0.327445652173913 0.008152173913043478 0.007472826086956522
0 0.5570652173913043 0.33152173913043476 0.008152173913043478 0.007472826086956522
0 0.5760869565217391 0.33084239130434784 0.008152173913043478 0.007472826086956522
0 0.5855978260869565 0.33152173913043476 0.008152173913043478 0.007472826086956522
0 0.6039402173913043 0.3294836956521739 0.008152173913043478 0.007472826086956522
0 0.41032608695652173 0.29415760869565216 0.004076086956521739 0.0033967391304347825
0 0.3763586956521739 0.30095108695652173 0.006114130434782609 0.005434782608695652
0 0.7438858695652174 0.29415760869565216 0.004076086956521739 0.0033967391304347825