0 0.06997282608695653 0.38179347826086957 0.015625 0.014945652173913044
0 0.008831521739130434 0.5040760869565217 0.017663043478260868 0.015625
0 0.06114130434782609 0.6596467391304348 0.021059782608695652 0.03125
0 0.09307065217391304 0.641983695652174 0.02309782608695652 0.029211956521739132
0 0.07472826086956522 0.6161684782608695 0.025815217391304348 0.024456521739130436
0 0.09442934782608696 0.6120923913043478 0.025135869565217392 0.02717391304347826
0 0.02309782608695652 0.6005434782608695 0.016304347826086956 0.021739130434782608
0 0.18614130434782608 0.6277173913043478 0.029211956521739132 0.03328804347826087
0 0.12364130434782608 0.6086956521739131 0.028532608695652172 0.027853260869565216
0 0.21671195652173914 0.6202445652173914 0.027853260869565216 0.030570652173913044
0 0.25339673913043476 0.6175271739130435 0.034646739130434784 0.03260869565217391
0 0.28940217391304346 0.6209239130434783 0.025815217391304348 0.024456521739130436
0 0.29959239130434784 0.5998641304347826 0.021059782608695652 0.021739130434782608
0 0.30910326086956524 0.5618206521739131 0.022418478260869564 0.02309782608695652
0 0.08763586956521739 0.3804347826086957 0.016304347826086956 0.016983695652173912
0 0.1324728260869565 0.3654891304347826 0.019021739130434784 0.017663043478260868
0 0.15964673913043478 0.36209239130434784 0.018342391304347828 0.018342391304347828
0 0.39402173913043476 0.5319293478260869 0.010190217391304348 0.010190217391304348
0 0.38383152173913043 0.5400815217391305 0.010190217391304348 0.009510869565217392
0 0.3539402173913043 0.6066576086956522 0.029891304347826088 0.02717391304347826
0 0.40896739130434784 0.5720108695652174 0.017663043478260868 0.015625
0 0.40217391304347827 0.5849184782608695 0.021059782608695652 0.017663043478260868
0 0.44633152173913043 0.5978260869565217 0.027853260869565216 0.02309782608695652
0 0.45516304347826086 0.6134510869565217 0.036684782608695655 0.029211956521739132
0 0.4544836956521739 0.5495923913043478 0.017663043478260868 0.017663043478260868
0 0.44429347826086957 0.5692934782608695 0.019021739130434784 0.01970108695652174
0 0.43002717391304346 0.5699728260869565 0.019021739130434784 0.018342391304347828
0 0.501358695652174 0.5665760869565217 0.019021739130434784 0.020380434782608696
0 0.5135869565217391 0.5224184782608695 0.010869565217391304 0.010190217391304348
0 0.5597826086956522 0.5237771739130435 0.009510869565217392 0.008152173913043478
0 0.5292119565217391 0.5713315217391305 0.019021739130434784 0.019021739130434784
0 0.5441576086956522 0.563858695652174 0.015625 0.019021739130434784
0 0.5529891304347826 0.5557065217391305 0.016304347826086956 0.015625
0 0.5713315217391305 0.5461956521739131 0.017663043478260868 0.016983695652173912
0 0.5706521739130435 0.5733695652173914 0.021059782608695652 0.021739130434782608
0 0.5380434782608695 0.6052989130434783 0.03260869565217391 0.03192934782608696
0 0.4205163043478261 0.6535326086956522 0.03872282608695652 0.03940217391304348
0 0.44157608695652173 0.7269021739130435 0.06317934782608696 0.06657608695652174
0 0.5720108695652174 0.6365489130434783 0.034646739130434784 0.04891304347826087
0 0.7635869565217391 0.7934782608695652 0.05570652173913043 0.08831521739130435
0 0.7540760869565217 0.6881793478260869 0.0625 0.05570652173913043
0 0.6277173913043478 0.6297554347826086 0.033967391304347824 0.042119565217391304
0 0.6752717391304348 0.6141304347826086 0.03872282608695652 0.041440217391304345
0 0.7934782608695652 0.6345108695652174 0.04008152173913043 0.04483695652173913
0 0.7085597826086957 0.6005434782608695 0.029211956521739132 0.029211956521739132
0 0.6875 0.5760869565217391 0.021059782608695652 0.021739130434782608
0 0.7336956521739131 0.5230978260869565 0.012228260869565218 0.010869565217391304
0 0.6487771739130435 0.5224184782608695 0.008152173913043478 0.008152173913043478
0 0.5801630434782609 0.5197010869565217 0.008831521739130434 0.007472826086956522
0 0.6086956521739131 0.5441576086956522 0.020380434782608696 0.020380434782608696
0 0.7520380434782609 0.5115489130434783 0.006793478260869565 0.006793478260869565
0 0.7697010869565217 0.5101902173913043 0.008152173913043478 0.008152173913043478
0 0.7921195652173914 0.532608695652174 0.019021739130434784 0.014945652173913044
0 0.8192934782608695 0.532608695652174 0.01358695652173913 0.012228260869565218
0 0.8519021739130435 0.5380434782608695 0.016304347826086956 0.016983695652173912
0 0.8845108695652174 0.5414402173913043 0.021059782608695652 0.01970108695652174
0 0.8933423913043478 0.5339673913043478 0.016304347826086956 0.015625
0 0.9633152173913043 0.578125 0.034646739130434784 0.034646739130434784
0 0.9558423913043478 0.5278532608695652 0.016304347826086956 0.012907608695652174
0 0.9408967391304348 0.6202445652173914 0.042119565217391304 0.03736413043478261
0 0.8519021739130435 0.6644021739130435 0.057744565217391304 0.04551630434782609
0 0.8444293478260869 0.7146739130434783 0.041440217391304345 0.050271739130434784
0 0.9001358695652174 0.6942934782608695 0.10122282608695653 0.09375
0 0.03125 0.6555706521739131 0.03328804347826087 0.025135869565217392
0 0.010869565217391304 0.625 0.021739130434782608 0.021739130434782608
0 0.24116847826086957 0.7010869565217391 0.03940217391304348 0.029211956521739132
0 0.11684782608695653 0.6813858695652174 0.033967391304347824 0.025135869565217392
0 0.11956521739130435 0.6569293478260869 0.03260869565217391 0.024456521739130436
0 0.009510869565217392 0.5930706521739131 0.018342391304347828 0.01970108695652174
0 0.17255434782608695 0.6086956521739131 0.03260869565217391 0.02377717391304348
0 0.19701086956521738 0.6127717391304348 0.030570652173913044 0.02309782608695652
0 0.22554347826086957 0.6127717391304348 0.03192934782608696 0.02377717391304348
0 0.23369565217391305 0.6596467391304348 0.036005434782608696 0.02717391304347826
0 0.30095108695652173 0.640625 0.03804347826086957 0.029211956521739132
0 0.11277173913043478 0.374320652173913 0.01970108695652174 0.014945652173913044
0 0.17255434782608695 0.36277173913043476 0.019021739130434784 0.014945652173913044
0 0.43002717391304346 0.49660326086956524 0.014266304347826086 0.010190217391304348
0 0.36141304347826086 0.5441576086956522 0.01358695652173913 0.010190217391304348
0 0.3498641304347826 0.5516304347826086 0.016304347826086956 0.012907608695652174
0 0.34646739130434784 0.5903532608695652 0.025135869565217392 0.019021739130434784
0 0.34375 0.6202445652173914 0.034646739130434784 0.025815217391304348
0 0.42595108695652173 0.5855978260869565 0.026494565217391304 0.01970108695652174
0 0.4171195652173913 0.5971467391304348 0.029211956521739132 0.022418478260869564
0 0.48165760869565216 0.5244565217391305 0.01154891304347826 0.008831521739130434
0 0.5217391304347826 0.5604619565217391 0.021059782608695652 0.015625
0 0.5434782608695652 0.5489130434782609 0.018342391304347828 0.01358695652173913
0 0.5115489130434783 0.5910326086956522 0.029891304347826088 0.022418478260869564
0 0.37228260869565216 0.6684782608695652 0.05502717391304348 0.04076086956521739
0 0.4429347826086957 0.6834239130434783 0.059782608695652176 0.04483695652173913
0 0.47690217391304346 0.6413043478260869 0.042798913043478264 0.03192934782608696
0 0.49116847826086957 0.6202445652173914 0.03804347826086957 0.028532608695652172
0 0.5047554347826086 0.8260869565217391 0.08695652173913043 0.06521739130434782
0 0.6372282608695652 0.9490489130434783 0.11480978260869565 0.08559782608695653
0 0.6168478260869565 0.7771739130434783 0.07948369565217392 0.059782608695652176
0 0.7112771739130435 0.6243206521739131 0.04619565217391304 0.034646739130434784
0 0.7554347826086957 0.6100543478260869 0.043478260869565216 0.03260869565217391
0 0.7051630434782609 0.5692934782608695 0.029211956521739132 0.021739130434782608
0 0.7146739130434783 0.5618206521739131 0.02717391304347826 0.020380434782608696
0 0.7221467391304348 0.5529891304347826 0.021739130434782608 0.016304347826086956
0 0.6820652173913043 0.5292119565217391 0.014945652173913044 0.01154891304347826
0 0.6379076086956522 0.5421195652173914 0.017663043478260868 0.012907608695652174
0 0.7764945652173914 0.5210597826086957 0.01358695652173913 0.010190217391304348
0 0.8274456521739131 0.5040760869565217 0.014945652173913044 0.01154891304347826
0 0.8125 0.5217391304347826 0.01358695652173913 0.010190217391304348
0 0.890625 0.5536684782608695 0.02717391304347826 0.020380434782608696
0 0.9932065217391305 0.5346467391304348 0.01358695652173913 0.014266304347826086
0 0.845108695652174 0.5930706521739131 0.03804347826086957 0.028532608695652172
0 0.8614130434782609 0.5808423913043478 0.034646739130434784 0.026494565217391304
0 0.811141304347826 0.6120923913043478 0.04483695652173913 0.033967391304347824
0 0.873641304347826 0.6209239130434783 0.04619565217391304 0.034646739130434784
0 0.9225543478260869 0.6120923913043478 0.044157608695652176 0.03328804347826087