0 0.6297554347826086 0.3226902173913043 0.021739130434782608 0.022418478260869564
0 0.06453804347826086 0.6032608695652174 0.01154891304347826 0.012228260869565218
0 0.03940217391304348 0.6086956521739131 0.014945652173913044 0.014945652173913044
0 0.06046195652173913 0.6188858695652174 0.017663043478260868 0.015625
0 0.08016304347826086 0.608016304347826 0.015625 0.014266304347826086
0 0.08423913043478261 0.6175271739130435 0.017663043478260868 0.015625
0 0.25203804347826086 0.5801630434782609 0.010869565217391304 0.010190217391304348
0 0.27445652173913043 0.5774456521739131 0.010869565217391304 0.010190217391304348
0 0.29279891304347827 0.5842391304347826 0.01154891304347826 0.01154891304347826
0 0.31453804347826086 0.5876358695652174 0.014945652173913044 0.01358695652173913
0 0.31589673913043476 0.6066576086956522 0.014945652173913044 0.014945652173913044
0 0.2669836956521739 0.6073369565217391 0.017663043478260868 0.015625
0 0.2561141304347826 0.6222826086956522 0.016304347826086956 0.015625
0 0.19972826086956522 0.6168478260869565 0.016304347826086956 0.015625
0 0.20584239130434784 0.6025815217391305 0.01358695652173913 0.014266304347826086
0 0.15217391304347827 0.6154891304347826 0.014945652173913044 0.015625
0 0.12160326086956522 0.6182065217391305 0.012228260869565218 0.012907608695652174
0 0.005434782608695652 0.626358695652174 0.010869565217391304 0.015625
0 0.32065217391304346 0.6480978260869565 0.016304347826086956 0.015625
0 0.21807065217391305 0.845108695652174 0.0625 0.06997282608695653
0 0.5475543478260869 0.6834239130434783 0.02309782608695652 0.029891304347826088
0 0.3342391304347826 0.6440217391304348 0.015625 0.014266304347826086
0 0.35258152173913043 0.6052989130434783 0.016304347826086956 0.015625
0 0.3376358695652174 0.5910326086956522 0.012228260869565218 0.012228260869565218
0 0.34171195652173914 0.579483695652174 0.01154891304347826 0.010190217391304348
0 0.36209239130434784 0.5957880434782609 0.012907608695652174 0.01358695652173913
0 0.37703804347826086 0.6046195652173914 0.014945652173913044 0.014945652173913044
0 0.3858695652173913 0.5978260869565217 0.012907608695652174 0.012228260869565218
0 0.39809782608695654 0.5957880434782609 0.012228260869565218 0.012228260869565218
0 0.41440217391304346 0.6059782608695652 0.012228260869565218 0.01154891304347826
0 0.4320652173913043 0.5930706521739131 0.017663043478260868 0.015625
0 0.44633152173913043 0.6046195652173914 0.014945652173913044 0.015625
0 0.406929347826087 0.5740489130434783 0.012228260869565218 0.012228260869565218
0 0.38858695652173914 0.5855978260869565 0.01154891304347826 0.01154891304347826
0 0.6216032608695652 0.6385869565217391 0.01970108695652174 0.029211956521739132
0 0.7771739130434783 0.6698369565217391 0.033967391304347824 0.029891304347826088
0 0.8199728260869565 0.6596467391304348 0.021739130434782608 0.025135869565217392
0 0.9993206521739131 0.5033967391304348 0.001358695652173913 0.014945652173913044
0 0.9565217391304348 0.5163043478260869 0.018342391304347828 0.015625
0 0.8811141304347826 0.5101902173913043 0.01970108695652174 0.016983695652173912
0 0.8322010869565217 0.5040760869565217 0.021059782608695652 0.021739130434782608
0 0.876358695652174 0.6677989130434783 0.029211956521739132 0.035326086956521736
0 0.5957880434782609 0.3423913043478261 0.026494565217391304 0.01970108695652174
0 0.5740489130434783 0.3376358695652174 0.026494565217391304 0.01970108695652174
0 0.2112771739130435 0.5855978260869565 0.01358695652173913 0.010190217391304348
0 0.24116847826086957 0.5849184782608695 0.01358695652173913 0.010190217391304348
0 0.29959239130434784 0.5998641304347826 0.016983695652173912 0.012907608695652174
0 0.13451086956521738 0.6175271739130435 0.017663043478260868 0.01358695652173913
0 0.2982336956521739 0.6447010869565217 0.018342391304347828 0.01358695652173913
0 0.29347826086956524 0.6983695652173914 0.018342391304347828 0.01358695652173913
0 0.06453804347826086 0.7384510869565217 0.027853260869565216 0.021739130434782608
0 0.012907608695652174 0.7554347826086957 0.025135869565217392 0.04483695652173913
0 0.48641304347826086 0.8335597826086957 0.07133152173913043 0.05366847826086957
0 0.5563858695652174 0.8016304347826086 0.04619565217391304 0.035326086956521736
0 0.3919836956521739 0.7690217391304348 0.06046195652173913 0.04483695652173913
0 0.41032608695652173 0.7255434782608695 0.03125 0.02309782608695652
0 0.46059782608695654 0.7323369565217391 0.030570652173913044 0.02309782608695652
0 0.3580163043478261 0.6841032608695652 0.019021739130434784 0.014266304347826086
0 0.4830163043478261 0.6664402173913043 0.027853260869565216 0.021059782608695652
0 0.6963315217391305 0.7377717391304348 0.041440217391304345 0.03125
0 0.5876358695652174 0.688858695652174 0.03328804347826087 0.025135869565217392
0 0.5917119565217391 0.625 0.02377717391304348 0.017663043478260868
0 0.734375 0.6766304347826086 0.03192934782608696 0.02377717391304348
0 0.7758152173913043 0.6990489130434783 0.03328804347826087 0.025135869565217392
0 0.6922554347826086 0.31521739130434784 0.021739130434782608 0.016304347826086956
0 0.9273097826086957 0.5074728260869565 0.021739130434782608 0.016304347826086956
0 0.90625 0.6766304347826086 0.033967391304347824 0.025135869565217392
0 0.9279891304347826 0.6324728260869565 0.029891304347826088 0.022418478260869564
0 0.9408967391304348 0.6514945652173914 0.03125 0.02309782608695652
0 0.9211956521739131 0.6453804347826086 0.030570652173913044 0.02309782608695652
0 0.8288043478260869 0.7506793478260869 0.04008152173913043 0.029891304347826088
0 0.9959239130434783 0.625 0.008152173913043478 0.021739130434782608
0 0.9959239130434783 0.5930706521739131 0.008152173913043478 0.01970108695652174
0 0.9150815217391305 0.6759510869565217 0.033967391304347824 0.025135869565217392
0 0.9191576086956522 0.6698369565217391 0.03328804347826087 0.025135869565217392