0 0.845108695652174 0.7452445652173914 0.036005434782608696 0.03260869565217391
0 0.7160326086956522 0.7506793478260869 0.03192934782608696 0.03125
0 0.6229619565217391 0.84375 0.028532608695652172 0.024456521739130436
0 0.6331521739130435 0.8226902173913043 0.026494565217391304 0.02377717391304348
0 0.6596467391304348 0.8308423913043478 0.022418478260869564 0.021739130434782608
0 0.5706521739130435 0.8505434782608695 0.025135869565217392 0.021059782608695652
0 0.5557065217391305 0.8254076086956522 0.028532608695652172 0.02377717391304348
0 0.5692934782608695 0.8226902173913043 0.022418478260869564 0.021739130434782608
0 0.5788043478260869 0.8104619565217391 0.024456521739130436 0.021739130434782608
0 0.5264945652173914 0.8165760869565217 0.021739130434782608 0.021059782608695652
0 0.5074728260869565 0.8050271739130435 0.017663043478260868 0.018342391304347828
0 0.4891304347826087 0.8152173913043478 0.020380434782608696 0.018342391304347828
0 0.4945652173913043 0.8328804347826086 0.021739130434782608 0.019021739130434784
0 0.49796195652173914 0.8505434782608695 0.029211956521739132 0.028532608695652172
0 0.4470108695652174 0.8213315217391305 0.022418478260869564 0.021059782608695652
0 0.37703804347826086 0.7751358695652174 0.029211956521739132 0.02717391304347826
0 0.07133152173913043 0.7126358695652174 0.042119565217391304 0.03736413043478261
0 0.07133152173913043 0.6725543478260869 0.021739130434782608 0.018342391304347828
0 0.08423913043478261 0.6535326086956522 0.017663043478260868 0.014945652173913044
0 0.005434782608695652 0.6684782608695652 0.010869565217391304 0.019021739130434784
0 0.01154891304347826 0.6487771739130435 0.016983695652173912 0.018342391304347828
0 0.020380434782608696 0.6277173913043478 0.019021739130434784 0.016983695652173912
0 0.07744565217391304 0.6304347826086957 0.016983695652173912 0.016304347826086956
0 0.12432065217391304 0.6752717391304348 0.021739130434782608 0.01970108695652174
0 0.14266304347826086 0.6290760869565217 0.017663043478260868 0.016304347826086956
0 0.14470108695652173 0.6066576086956522 0.017663043478260868 0.01358695652173913
0 0.18070652173913043 0.6338315217391305 0.014945652173913044 0.01358695652173913
0 0.24388586956521738 0.6243206521739131 0.019021739130434784 0.016983695652173912
0 0.21331521739130435 0.7058423913043478 0.017663043478260868 0.01358695652173913
0 0.20855978260869565 0.7235054347826086 0.020380434782608696 0.018342391304347828
0 0.22486413043478262 0.6786684782608695 0.016983695652173912 0.016304347826086956
0 0.24592391304347827 0.7296195652173914 0.017663043478260868 0.016304347826086956
0 0.2452445652173913 0.7527173913043478 0.021739130434782608 0.018342391304347828
0 0.35597826086956524 0.7065217391304348 0.017663043478260868 0.019021739130434784
0 0.3186141304347826 0.7255434782608695 0.021739130434782608 0.019021739130434784
0 0.3226902173913043 0.6766304347826086 0.017663043478260868 0.014945652173913044
0 0.3702445652173913 0.6773097826086957 0.017663043478260868 0.016983695652173912
0 0.38315217391304346 0.6297554347826086 0.019021739130434784 0.016304347826086956
0 0.3383152173913043 0.6290760869565217 0.017663043478260868 0.016983695652173912
0 0.43546195652173914 0.6277173913043478 0.017663043478260868 0.016304347826086956
0 0.43410326086956524 0.6834239130434783 0.019021739130434784 0.014945652173913044
0 0.47690217391304346 0.6569293478260869 0.017663043478260868 0.01358695652173913
0 0.46671195652173914 0.6773097826086957 0.019021739130434784 0.01358695652173913
0 0.47758152173913043 0.6324728260869565 0.014945652173913044 0.014945652173913044
0 0.483695652173913 0.6086956521739131 0.016983695652173912 0.016304347826086956
0 0.2669836956521739 0.6779891304347826 0.016983695652173912 0.016983695652173912
0 0.265625 0.7004076086956522 0.017663043478260868 0.014945652173913044
0 0.3383152173913043 0.7527173913043478 0.022418478260869564 0.021059782608695652
0 0.3063858695652174 0.751358695652174 0.021739130434782608 0.019021739130434784
0 0.40353260869565216 0.7452445652173914 0.019021739130434784 0.01970108695652174
0 0.44429347826086957 0.7493206521739131 0.017663043478260868 0.018342391304347828
0 0.452445652173913 0.7235054347826086 0.019021739130434784 0.016983695652173912
0 0.41983695652173914 0.6970108695652174 0.017663043478260868 0.016983695652173912
0 0.5135869565217391 0.6990489130434783 0.016983695652173912 0.016983695652173912
0 0.49728260869565216 0.7255434782608695 0.017663043478260868 0.016983695652173912
0 0.5251358695652174 0.673233695652174 0.016983695652173912 0.014945652173913044
0 0.5190217391304348 0.6501358695652174 0.016983695652173912 0.014945652173913044
0 0.5278532608695652 0.6345108695652174 0.017663043478260868 0.014945652173913044
0 0.5400815217391305 0.6148097826086957 0.017663043478260868 0.01358695652173913
0 0.5591032608695652 0.6807065217391305 0.017663043478260868 0.014945652173913044
0 0.5740489130434783 0.6297554347826086 0.017663043478260868 0.016304347826086956
0 0.5713315217391305 0.6555706521739131 0.017663043478260868 0.01358695652173913
0 0.421875 0.7737771739130435 0.022418478260869564 0.021059782608695652
0 0.5414402173913043 0.7758152173913043 0.019021739130434784 0.018342391304347828
0 0.40421195652173914 0.5726902173913043 0.019021739130434784 0.016983695652173912
0 0.45516304347826086 0.5917119565217391 0.016983695652173912 0.01358695652173913
0 0.34782608695652173 0.5944293478260869 0.014945652173913044 0.012907608695652174
0 0.29279891304347827 0.5896739130434783 0.016983695652173912 0.014945652173913044
0 0.26290760869565216 0.5889945652173914 0.016983695652173912 0.01358695652173913
0 0.24728260869565216 0.6046195652173914 0.016983695652173912 0.014945652173913044
0 0.19972826086956522 0.5910326086956522 0.016983695652173912 0.012907608695652174
0 0.20855978260869565 0.5720108695652174 0.014945652173913044 0.014945652173913044
0 0.19972826086956522 0.5536684782608695 0.014945652173913044 0.01358695652173913
0 0.2235054347826087 0.5502717391304348 0.014945652173913044 0.01358695652173913
0 0.26970108695652173 0.5699728260869565 0.017663043478260868 0.014945652173913044
0 0.3063858695652174 0.5713315217391305 0.016983695652173912 0.014945652173913044
0 0.30842391304347827 0.5550271739130435 0.016983695652173912 0.014945652173913044
0 0.343070652173913 0.5557065217391305 0.016983695652173912 0.012907608695652174
0 0.3267663043478261 0.5353260869565217 0.016983695652173912 0.01358695652173913
0 0.35122282608695654 0.5360054347826086 0.016983695652173912 0.012907608695652174
0 0.36141304347826086 0.5699728260869565 0.017663043478260868 0.016304347826086956
0 0.390625 0.5516304347826086 0.016983695652173912 0.014945652173913044
0 0.4048913043478261 0.5407608695652174 0.016983695652173912 0.01358695652173913
0 0.42866847826086957 0.5516304347826086 0.014945652173913044 0.01358695652173913
0 0.43953804347826086 0.5366847826086957 0.014945652173913044 0.012228260869565218
0 0.45652173913043476 0.5706521739130435 0.016983695652173912 0.01358695652173913
0 0.5054347826086957 0.5720108695652174 0.016983695652173912 0.014945652173913044
0 0.4796195652173913 0.5502717391304348 0.012907608695652174 0.012907608695652174
0 0.5101902173913043 0.5557065217391305 0.014945652173913044 0.014945652173913044
0 0.5591032608695652 0.5604619565217391 0.016983695652173912 0.01358695652173913
0 0.5115489130434783 0.532608695652174 0.014945652173913044 0.01358695652173913
0 0.561141304347826 0.5414402173913043 0.014266304347826086 0.012907608695652174
0 0.5373641304347826 0.5190217391304348 0.014945652173913044 0.012907608695652174
0 0.514266304347826 0.5067934782608695 0.014945652173913044 0.012907608695652174
0 0.44633152173913043 0.484375 0.014945652173913044 0.01358695652173913
0 0.422554347826087 0.4952445652173913 0.016983695652173912 0.01358695652173913
0 0.421875 0.484375 0.014266304347826086 0.012228260869565218
0 0.391304347826087 0.499320652173913 0.019021739130434784 0.016983695652173912
0 0.3648097826086957 0.5190217391304348 0.014945652173913044 0.012228260869565218
0 0.405570652173913 0.5149456521739131 0.014945652173913044 0.01358695652173913
0 0.343070652173913 0.48641304347826086 0.014266304347826086 0.01358695652173913
0 0.2955163043478261 0.5176630434782609 0.014945652173913044 0.012228260869565218
0 0.30027173913043476 0.48845108695652173 0.014945652173913044 0.012907608695652174
0 0.24592391304347827 0.48233695652173914 0.014945652173913044 0.01358695652173913
0 0.25271739130434784 0.49728260869565216 0.014945652173913044 0.012228260869565218
0 0.25339673913043476 0.5319293478260869 0.014266304347826086 0.012907608695652174
0 0.24388586956521738 0.5101902173913043 0.014945652173913044 0.012228260869565218
0 0.11684782608695653 0.5509510869565217 0.016983695652173912 0.01358695652173913
0 0.15964673913043478 0.5536684782608695 0.014945652173913044 0.01358695652173913
0 0.14266304347826086 0.5822010869565217 0.014945652173913044 0.014945652173913044
0 0.10326086956521739 0.5713315217391305 0.019021739130434784 0.016304347826086956
0 0.09510869565217392 0.5944293478260869 0.016983695652173912 0.014945652173913044
0 0.041440217391304345 0.5842391304347826 0.017663043478260868 0.016304347826086956
0 0.06521739130434782 0.5733695652173914 0.014266304347826086 0.012907608695652174
0 0.012907608695652174 0.5672554347826086 0.016983695652173912 0.014945652173913044
0 0.010190217391304348 0.595108695652174 0.012907608695652174 0.01358695652173913
0 0.016304347826086956 0.5495923913043478 0.014266304347826086 0.012228260869565218
0 0.04891304347826087 0.545516304347826 0.019021739130434784 0.018342391304347828
0 0.06657608695652174 0.5285326086956522 0.016983695652173912 0.01358695652173913
0 0.11888586956521739 0.5339673913043478 0.014945652173913044 0.012907608695652174
0 0.14470108695652173 0.5122282608695652 0.016983695652173912 0.01358695652173913
0 0.15964673913043478 0.5054347826086957 0.014945652173913044 0.012907608695652174
0 0.12092391304347826 0.4938858695652174 0.016983695652173912 0.014945652173913044
0 0.08491847826086957 0.48641304347826086 0.014945652173913044 0.01358695652173913
0 0.04551630434782609 0.48029891304347827 0.014945652173913044 0.01358695652173913
0 0.19361413043478262 0.516983695652174 0.016983695652173912 0.014945652173913044
0 0.1610054347826087 0.483695652173913 0.016983695652173912 0.014945652173913044
0 0.2078804347826087 0.4748641304347826 0.014266304347826086 0.01358695652173913
0 0.12432065217391304 0.47690217391304346 0.014945652173913044 0.01358695652173913
0 0.08695652173913043 0.46535326086956524 0.016983695652173912 0.014945652173913044
0 0.09375 0.44972826086956524 0.016983695652173912 0.01358695652173913
0 0.050951086956521736 0.44904891304347827 0.014945652173913044 0.01358695652173913
0 0.09782608695652174 0.4266304347826087 0.016983695652173912 0.01358695652173913
0 0.1358695652173913 0.4388586956521739 0.014945652173913044 0.012228260869565218
0 0.22146739130434784 0.44904891304347827 0.016983695652173912 0.01358695652173913
0 0.16779891304347827 0.44565217391304346 0.014266304347826086 0.012228260869565218
0 0.27785326086956524 0.4483695652173913 0.019021739130434784 0.016983695652173912
0 0.3919836956521739 0.4422554347826087 0.014266304347826086 0.012907608695652174
0 0.48165760869565216 0.4633152173913043 0.012228260869565218 0.012228260869565218
0 0.46127717391304346 0.4633152173913043 0.014945652173913044 0.01358695652173913
0 0.41304347826086957 0.44633152173913043 0.01154891304347826 0.010869565217391304
0 0.3845108695652174 0.48165760869565216 0.014945652173913044 0.012907608695652174
0 0.3485054347826087 0.46875 0.014266304347826086 0.012907608695652174
0 0.297554347826087 0.46603260869565216 0.014945652173913044 0.012907608695652174
0 0.5183423913043478 0.45040760869565216 0.016983695652173912 0.014945652173913044
0 0.5380434782608695 0.45040760869565216 0.016983695652173912 0.01358695652173913
0 0.75 0.7255434782608695 0.021739130434782608 0.021059782608695652
0 0.8036684782608695 0.7520380434782609 0.020380434782608696 0.01970108695652174
0 0.7506793478260869 0.7024456521739131 0.020380434782608696 0.021739130434782608
0 0.7561141304347826 0.6813858695652174 0.017663043478260868 0.01358695652173913
0 0.8084239130434783 0.6820652173913043 0.017663043478260868 0.016983695652173912
0 0.8104619565217391 0.657608695652174 0.017663043478260868 0.016304347826086956
0 0.766983695652174 0.6569293478260869 0.017663043478260868 0.016304347826086956
0 0.795516304347826 0.6195652173913043 0.014945652173913044 0.014945652173913044
0 0.5625 0.7105978260869565 0.016983695652173912 0.014945652173913044
0 0.7961956521739131 0.6019021739130435 0.016983695652173912 0.014945652173913044
0 0.7581521739130435 0.5944293478260869 0.016983695652173912 0.01358695652173913
0 0.5889945652173914 0.6100543478260869 0.017663043478260868 0.01358695652173913
0 0.5495923913043478 0.592391304347826 0.014945652173913044 0.014945652173913044
0 0.5448369565217391 0.5720108695652174 0.016983695652173912 0.01358695652173913
0 0.6005434782608695 0.5740489130434783 0.014945652173913044 0.012907608695652174
0 0.6059782608695652 0.5618206521739131 0.017663043478260868 0.014945652173913044
0 0.6243206521739131 0.514266304347826 0.014945652173913044 0.012907608695652174
0 0.579483695652174 0.5237771739130435 0.012907608695652174 0.012907608695652174
0 0.5788043478260869 0.5074728260869565 0.014266304347826086 0.012228260869565218
0 0.6175271739130435 0.49320652173913043 0.014945652173913044 0.01358695652173913
0 0.6331521739130435 0.44972826086956524 0.014945652173913044 0.012907608695652174
0 0.6005434782608695 0.453804347826087 0.014945652173913044 0.012907608695652174
0 0.5896739130434783 0.47078804347826086 0.016983695652173912 0.01358695652173913
0 0.7839673913043478 0.44157608695652173 0.012907608695652174 0.010869565217391304
0 0.7690217391304348 0.46671195652173914 0.014266304347826086 0.010869565217391304
0 0.7758152173913043 0.4857336956521739 0.014266304347826086 0.012228260869565218
0 0.7792119565217391 0.5183423913043478 0.014945652173913044 0.01358695652173913
0 0.8131793478260869 0.5020380434782609 0.014266304347826086 0.012228260869565218
0 0.8097826086956522 0.4891304347826087 0.014945652173913044 0.012907608695652174
0 0.8125 0.47078804347826086 0.014266304347826086 0.012228260869565218
0 0.8369565217391305 0.46195652173913043 0.012907608695652174 0.012228260869565218
0 0.890625 0.42934782608695654 0.014266304347826086 0.012228260869565218
0 0.9286684782608695 0.4327445652173913 0.014266304347826086 0.012907608695652174
0 0.9612771739130435 0.4592391304347826 0.014266304347826086 0.012907608695652174
0 0.9592391304347826 0.47554347826086957 0.014945652173913044 0.012907608695652174
0 0.9239130434782609 0.47282608695652173 0.014945652173913044 0.01358695652173913
0 0.8797554347826086 0.4735054347826087 0.014266304347826086 0.012228260869565218
0 0.889266304347826 0.4578804347826087 0.012228260869565218 0.012228260869565218
0 0.8491847826086957 0.47282608695652173 0.014266304347826086 0.012228260869565218
0 0.8716032608695652 0.5047554347826086 0.014945652173913044 0.012907608695652174
0 0.9014945652173914 0.5149456521739131 0.014266304347826086 0.012907608695652174
0 0.953125 0.49116847826086957 0.014266304347826086 0.010869565217391304
0 0.9884510869565217 0.4904891304347826 0.014945652173913044 0.012907608695652174
0 0.9470108695652174 0.5197010869565217 0.014266304347826086 0.012907608695652174
0 0.9966032608695652 0.5203804347826086 0.006793478260869565 0.012907608695652174
0 0.983016304347826 0.5597826086956522 0.014945652173913044 0.014945652173913044
0 0.9816576086956522 0.5754076086956522 0.016983695652173912 0.01358695652173913
0 0.9368206521739131 0.5584239130434783 0.014945652173913044 0.01358695652173913
0 0.9436141304347826 0.578125 0.014945652173913044 0.01358695652173913
0 0.9809782608695652 0.6175271739130435 0.014945652173913044 0.016304347826086956
0 0.983016304347826 0.5957880434782609 0.014945652173913044 0.01358695652173913
0 0.9320652173913043 0.5930706521739131 0.016983695652173912 0.016304347826086956
0 0.9381793478260869 0.6175271739130435 0.014945652173913044 0.016304347826086956
0 0.890625 0.6202445652173914 0.016983695652173912 0.014945652173913044
0 0.8851902173913043 0.5971467391304348 0.016983695652173912 0.01358695652173913
0 0.8980978260869565 0.5801630434782609 0.016983695652173912 0.012907608695652174
0 0.8926630434782609 0.5652173913043478 0.014945652173913044 0.012907608695652174
0 0.8838315217391305 0.5407608695652174 0.016983695652173912 0.01358695652173913
0 0.8471467391304348 0.6175271739130435 0.016983695652173912 0.012907608695652174
0 0.8328804347826086 0.5971467391304348 0.014945652173913044 0.01358695652173913
0 0.8430706521739131 0.5366847826086957 0.014945652173913044 0.012907608695652174
0 0.8240489130434783 0.5230978260869565 0.016983695652173912 0.012228260869565218
0 0.7914402173913043 0.5373641304347826 0.016983695652173912 0.01358695652173913
0 0.766983695652174 0.5557065217391305 0.017663043478260868 0.016304347826086956
0 0.7588315217391305 0.5747282608695652 0.017663043478260868 0.01358695652173913
0 0.7445652173913043 0.5394021739130435 0.014945652173913044 0.014945652173913044
0 0.7975543478260869 0.579483695652174 0.014945652173913044 0.012228260869565218
0 0.9714673913043478 0.6929347826086957 0.019021739130434784 0.014945652173913044
0 0.951766304347826 0.6569293478260869 0.017663043478260868 0.016983695652173912
0 0.9123641304347826 0.7139945652173914 0.022418478260869564 0.018342391304347828
0 0.8675271739130435 0.703125 0.017663043478260868 0.018342391304347828
0 0.8600543478260869 0.6841032608695652 0.016983695652173912 0.01358695652173913
0 0.8688858695652174 0.7302989130434783 0.019021739130434784 0.019021739130434784
0 0.9137228260869565 0.7255434782608695 0.019021739130434784 0.018342391304347828
0 0.9680706521739131 0.7126358695652174 0.016983695652173912 0.016983695652173912
0 0.9089673913043478 0.7792119565217391 0.020380434782608696 0.021059782608695652
0 0.7758152173913043 0.8118206521739131 0.017663043478260868 0.016983695652173912
0 0.9993206521739131 0.6467391304347826 0.0006793478260869565 0.01358695652173913
0 0.9911684782608695 0.9001358695652174 0.017663043478260868 0.02309782608695652
0 0.9599184782608695 0.7588315217391305 0.028532608695652172 0.021059782608695652
0 0.8308423913043478 0.9252717391304348 0.016304347826086956 0.012228260869565218
0 0.6671195652173914 0.9592391304347826 0.03872282608695652 0.028532608695652172
0 0.6399456521739131 0.8131793478260869 0.026494565217391304 0.019021739130434784
0 0.5407608695652174 0.8063858695652174 0.02377717391304348 0.017663043478260868
0 0.43478260869565216 0.8362771739130435 0.026494565217391304 0.01970108695652174
0 0.34035326086956524 0.9578804347826086 0.026494565217391304 0.019021739130434784
0 0.1487771739130435 0.7065217391304348 0.029211956521739132 0.021739130434782608
0 0.025815217391304348 0.9456521739130435 0.034646739130434784 0.025815217391304348
0 0.19429347826086957 0.6086956521739131 0.017663043478260868 0.01358695652173913
0 0.30570652173913043 0.7058423913043478 0.020380434782608696 0.014945652173913044
0 0.3695652173913043 0.6528532608695652 0.019021739130434784 0.014266304347826086
0 0.42391304347826086 0.6616847826086957 0.01970108695652174 0.014266304347826086
0 0.5563858695652174 0.7221467391304348 0.01970108695652174 0.014266304347826086
0 0.5006793478260869 0.7785326086956522 0.021739130434782608 0.016304347826086956
0 0.31589673913043476 0.5896739130434783 0.019021739130434784 0.012907608695652174
0 0.3267663043478261 0.5081521739130435 0.016983695652173912 0.01154891304347826
0 0.234375 0.5339673913043478 0.016983695652173912 0.012228260869565218
0 0.01358695652173913 0.5285326086956522 0.017663043478260868 0.012907608695652174
0 0.06182065217391304 0.501358695652174 0.019021739130434784 0.012907608695652174
0 0.02377717391304348 0.4945652173913043 0.017663043478260868 0.012907608695652174
0 0.010869565217391304 0.44497282608695654 0.017663043478260868 0.012228260869565218
0 0.020380434782608696 0.4273097826086957 0.016983695652173912 0.012228260869565218
0 0.02377717391304348 0.406929347826087 0.017663043478260868 0.012228260869565218
0 0.09646739130434782 0.436820652173913 0.016983695652173912 0.012228260869565218
0 0.06861413043478261 0.4266304347826087 0.016983695652173912 0.012228260869565218
0 0.07472826086956522 0.3919836956521739 0.016304347826086956 0.01154891304347826
0 0.14470108695652173 0.41983695652173914 0.016983695652173912 0.012228260869565218
0 0.13043478260869565 0.4001358695652174 0.016983695652173912 0.012228260869565218
0 0.11073369565217392 0.39334239130434784 0.016983695652173912 0.012228260869565218
0 0.15692934782608695 0.3960597826086957 0.016304347826086956 0.012228260869565218
0 0.22894021739130435 0.4110054347826087 0.017663043478260868 0.012228260869565218
0 0.21739130434782608 0.4639945652173913 0.016983695652173912 0.012907608695652174
0 0.21195652173913043 0.4014945652173913 0.017663043478260868 0.012907608695652174
0 0.27921195652173914 0.40285326086956524 0.017663043478260868 0.012907608695652174
0 0.360054347826087 0.4123641304347826 0.016983695652173912 0.012228260869565218
0 0.344429347826087 0.438179347826087 0.016983695652173912 0.012228260869565218
0 0.4279891304347826 0.4014945652173913 0.014945652173913044 0.010869565217391304
0 0.46535326086956524 0.42527173913043476 0.016304347826086956 0.01154891304347826
0 0.45652173913043476 0.39741847826086957 0.014945652173913044 0.010869565217391304
0 0.4857336956521739 0.43410326086956524 0.014945652173913044 0.010869565217391304
0 0.47758152173913043 0.4232336956521739 0.014945652173913044 0.01154891304347826
0 0.5319293478260869 0.4171195652173913 0.017663043478260868 0.012907608695652174
0 0.5373641304347826 0.39945652173913043 0.009510869565217392 0.006793478260869565
0 0.5692934782608695 0.39945652173913043 0.016983695652173912 0.012228260869565218
0 0.7438858695652174 0.7425271739130435 0.02717391304347826 0.020380434782608696
0 0.811141304347826 0.7058423913043478 0.025135869565217392 0.018342391304347828
0 0.6813858695652174 0.5971467391304348 0.017663043478260868 0.012907608695652174
0 0.6766304347826086 0.6399456521739131 0.01970108695652174 0.01358695652173913
0 0.5040760869565217 0.592391304347826 0.019021739130434784 0.012907608695652174
0 0.6243206521739131 0.5366847826086957 0.016983695652173912 0.01154891304347826
0 0.6385869565217391 0.5081521739130435 0.016983695652173912 0.012228260869565218
0 0.6182065217391305 0.4626358695652174 0.016983695652173912 0.012228260869565218
0 0.6290760869565217 0.436820652173913 0.017663043478260868 0.012907608695652174
0 0.6046195652173914 0.43953804347826086 0.017663043478260868 0.012228260869565218
0 0.5618206521739131 0.4436141304347826 0.016983695652173912 0.012907608695652174
0 0.5991847826086957 0.4171195652173913 0.017663043478260868 0.012907608695652174
0 0.6154891304347826 0.4001358695652174 0.019021739130434784 0.01358695652173913
0 0.6385869565217391 0.4157608695652174 0.019021739130434784 0.012907608695652174
0 0.6379076086956522 0.39741847826086957 0.019021739130434784 0.01358695652173913
0 0.7302989130434783 0.42866847826086957 0.014266304347826086 0.010190217391304348
0 0.7764945652173914 0.4171195652173913 0.014266304347826086 0.010190217391304348
0 0.7839673913043478 0.4008152173913043 0.012907608695652174 0.009510869565217392
0 0.8152173913043478 0.4116847826086957 0.014266304347826086 0.009510869565217392
0 0.7635869565217391 0.5006793478260869 0.016304347826086956 0.01154891304347826
0 0.7948369565217391 0.46603260869565216 0.014945652173913044 0.010869565217391304
0 0.8084239130434783 0.45584239130434784 0.014945652173913044 0.010869565217391304
0 0.811141304347826 0.42934782608695654 0.014266304347826086 0.010190217391304348
0 0.8471467391304348 0.438179347826087 0.014266304347826086 0.010869565217391304
0 0.8552989130434783 0.41779891304347827 0.014945652173913044 0.010190217391304348
0 0.8471467391304348 0.405570652173913 0.014945652173913044 0.010869565217391304
0 0.829483695652174 0.3967391304347826 0.014945652173913044 0.010869565217391304
0 0.8260869565217391 0.4232336956521739 0.014266304347826086 0.010190217391304348
0 0.8783967391304348 0.44633152173913043 0.014945652173913044 0.010869565217391304
0 0.8940217391304348 0.41847826086956524 0.014945652173913044 0.010869565217391304
0 0.8899456521739131 0.40353260869565216 0.014945652173913044 0.010869565217391304
0 0.9259510869565217 0.41847826086956524 0.014945652173913044 0.010869565217391304
0 0.9307065217391305 0.39809782608695654 0.014945652173913044 0.01154891304347826
0 0.9639945652173914 0.40828804347826086 0.014945652173913044 0.010869565217391304
0 0.970108695652174 0.422554347826087 0.014945652173913044 0.01154891304347826
0 0.9626358695652174 0.4320652173913043 0.016304347826086956 0.01154891304347826
0 0.9327445652173914 0.4592391304347826 0.016304347826086956 0.01154891304347826
0 0.9266304347826086 0.46195652173913043 0.014945652173913044 0.010869565217391304
0 0.9972826086956522 0.45040760869565216 0.005434782608695652 0.010869565217391304
0 0.9952445652173914 0.39877717391304346 0.009510869565217392 0.010190217391304348
0 0.8668478260869565 0.5964673913043478 0.017663043478260868 0.012907608695652174
0 0.9782608695652174 0.6474184782608695 0.019021739130434784 0.01358695652173913
0 0.9042119565217391 0.686141304347826 0.01970108695652174 0.014266304347826086