0 0.11956521739130435 0.8104619565217391 0.024456521739130436 0.025815217391304348
0 0.23505434782608695 0.8322010869565217 0.024456521739130436 0.03736413043478261
0 0.21739130434782608 0.8084239130434783 0.027853260869565216 0.030570652173913044
0 0.343070652173913 0.8158967391304348 0.036005434782608696 0.036005434782608696
0 0.8186141304347826 0.8315217391304348 0.042119565217391304 0.04483695652173913
0 0.9551630434782609 0.7697010869565217 0.02717391304347826 0.030570652173913044
0 0.9823369565217391 0.7574728260869565 0.019021739130434784 0.021739130434782608
0 0.9375 0.7900815217391305 0.015625 0.016983695652173912
0 0.8994565217391305 0.7846467391304348 0.01358695652173913 0.012228260869565218
0 0.8682065217391305 0.7635869565217391 0.018342391304347828 0.017663043478260868
0 0.8797554347826086 0.7506793478260869 0.016983695652173912 0.014266304347826086
0 0.8417119565217391 0.7710597826086957 0.021059782608695652 0.019021739130434784
0 0.7866847826086957 0.7635869565217391 0.019021739130434784 0.018342391304347828
0 0.7703804347826086 0.7567934782608695 0.019021739130434784 0.019021739130434784
0 0.7595108695652174 0.7778532608695652 0.024456521739130436 0.021739130434782608
0 0.7364130434782609 0.7676630434782609 0.016983695652173912 0.019021739130434784
0 0.6270380434782609 0.7941576086956522 0.01970108695652174 0.027853260869565216
0 0.501358695652174 0.8084239130434783 0.02377717391304348 0.026494565217391304
0 0.4938858695652174 0.7676630434782609 0.015625 0.014945652173913044
0 0.45516304347826086 0.7595108695652174 0.020380434782608696 0.01970108695652174
0 0.436820652173913 0.765625 0.014266304347826086 0.014945652173913044
0 0.4171195652173913 0.8002717391304348 0.025135869565217392 0.021739130434782608
0 0.3702445652173913 0.8050271739130435 0.030570652173913044 0.03192934782608696
0 0.359375 0.8559782608695652 0.03192934782608696 0.03260869565217391
0 0.3016304347826087 0.798233695652174 0.01358695652173913 0.016983695652173912
0 0.3736413043478261 0.7710597826086957 0.01358695652173913 0.014945652173913044
0 0.375 0.7615489130434783 0.014266304347826086 0.015625
0 0.3451086956521739 0.7866847826086957 0.016983695652173912 0.022418478260869564
0 0.23980978260869565 0.7601902173913043 0.01154891304347826 0.01358695652173913
0 0.06385869565217392 0.7948369565217391 0.015625 0.018342391304347828
0 0.050271739130434784 0.782608695652174 0.01358695652173913 0.014945652173913044
0 0.07608695652173914 0.7717391304347826 0.014945652173913044 0.015625
0 0.021059782608695652 0.7703804347826086 0.012228260869565218 0.01154891304347826
0 0.03804347826086957 0.9538043478260869 0.07608695652173914 0.08152173913043478
0 0.026494565217391304 0.8430706521739131 0.034646739130434784 0.025815217391304348
0 0.10326086956521739 0.8498641304347826 0.03872282608695652 0.029211956521739132
0 0.15421195652173914 0.8417119565217391 0.03736413043478261 0.02717391304347826
0 0.06521739130434782 0.8247282608695652 0.033967391304347824 0.025135869565217392
0 0.20652173913043478 0.8355978260869565 0.036005434782608696 0.02717391304347826
0 0.421875 0.8872282608695652 0.10394021739130435 0.07608695652173914
0 0.6691576086956522 0.8043478260869565 0.036005434782608696 0.026494565217391304
0 0.967391304347826 0.8179347826086957 0.04076086956521739 0.030570652173913044
0 0.9619565217391305 0.9014945652173914 0.06114130434782609 0.04551630434782609
0 0.7404891304347826 0.8838315217391305 0.058423913043478264 0.044157608695652176
0 0.7010869565217391 0.765625 0.020380434782608696 0.014945652173913044
0 0.6915760869565217 0.7730978260869565 0.024456521739130436 0.018342391304347828
0 0.640625 0.7948369565217391 0.026494565217391304 0.01970108695652174
0 0.610733695652174 0.7574728260869565 0.01970108695652174 0.014266304347826086
0 0.5740489130434783 0.7785326086956522 0.02309782608695652 0.016983695652173912
0 0.5237771739130435 0.8240489130434783 0.034646739130434784 0.025815217391304348
0 0.44633152173913043 0.8016304347826086 0.029891304347826088 0.022418478260869564
0 0.40625 0.7676630434782609 0.018342391304347828 0.012907608695652174
0 0.39945652173913043 0.7832880434782609 0.025815217391304348 0.019021739130434784
0 0.3919836956521739 0.8097826086956522 0.03192934782608696 0.02377717391304348
0 0.3233695652173913 0.7737771739130435 0.016983695652173912 0.012907608695652174
0 0.38383152173913043 0.7663043478260869 0.017663043478260868 0.012907608695652174
0 0.36141304347826086 0.7846467391304348 0.02377717391304348 0.017663043478260868
0 0.2758152173913043 0.7758152173913043 0.01970108695652174 0.014945652173913044
0 0.25883152173913043 0.7649456521739131 0.01358695652173913 0.010869565217391304
0 0.234375 0.7730978260869565 0.018342391304347828 0.01358695652173913
0 0.22214673913043478 0.7710597826086957 0.016304347826086956 0.012228260869565218
0 0.22486413043478262 0.7832880434782609 0.021739130434782608 0.016983695652173912
0 0.22146739130434784 0.7934782608695652 0.025815217391304348 0.019021739130434784
0 0.17730978260869565 0.7805706521739131 0.018342391304347828 0.01358695652173913
0 0.16847826086956522 0.7914402173913043 0.022418478260869564 0.016983695652173912
0 0.11956521739130435 0.7873641304347826 0.021739130434782608 0.016304347826086956
0 0.11345108695652174 0.8220108695652174 0.03192934782608696 0.024456521739130436
0 0.09307065217391304 0.8125 0.029891304347826088 0.022418478260869564
0 0.07948369565217392 0.8023097826086957 0.02717391304347826 0.020380434782608696
0 0.026494565217391304 0.7887228260869565 0.020380434782608696 0.014945652173913044