0 0.09103260869565218 0.9096467391304348 0.12228260869565218 0.12296195652173914
0 0.8192934782608695 0.9252717391304348 0.10801630434782608 0.09510869565217392
0 0.5081521739130435 0.8349184782608695 0.10122282608695653 0.10394021739130435
0 0.06725543478260869 0.8158967391304348 0.08491847826086957 0.08559782608695653
0 0.018342391304347828 0.7364130434782609 0.036005434782608696 0.06385869565217392
0 0.6800271739130435 0.7466032608695652 0.06385869565217392 0.059782608695652176
0 0.008831521739130434 0.6650815217391305 0.017663043478260868 0.04823369565217391
0 0.6915760869565217 0.8947010869565217 0.12839673913043478 0.09714673913043478
0 0.13790760869565216 0.8444293478260869 0.10529891304347826 0.07948369565217392
0 0.11141304347826086 0.7941576086956522 0.09171195652173914 0.06929347826086957
0 0.14334239130434784 0.7690217391304348 0.08423913043478261 0.06385869565217392
0 0.07540760869565218 0.735733695652174 0.06793478260869565 0.050951086956521736
0 0.15353260869565216 0.7139945652173914 0.06521739130434782 0.04891304347826087
0 0.2418478260869565 0.7554347826086957 0.08831521739130435 0.06657608695652174
0 0.3797554347826087 0.8240489130434783 0.11073369565217392 0.08355978260869565
0 0.3389945652173913 0.7914402173913043 0.10054347826086957 0.07608695652173914
0 0.39945652173913043 0.7595108695652174 0.08491847826086957 0.06453804347826086
0 0.3532608695652174 0.7418478260869565 0.07472826086956522 0.05638586956521739
0 0.6535326086956522 0.8220108695652174 0.11005434782608696 0.08355978260869565
0 0.7085597826086957 0.8104619565217391 0.10597826086956522 0.08016304347826086
0 0.7547554347826086 0.8464673913043478 0.11888586956521739 0.08967391304347826
0 0.7900815217391305 0.7737771739130435 0.09171195652173914 0.06929347826086957
0 0.8410326086956522 0.7703804347826086 0.09035326086956522 0.06793478260869565
0 0.953125 0.8335597826086957 0.09375 0.08559782608695653
0 0.9748641304347826 0.7663043478260869 0.050271739130434784 0.06657608695652174
0 0.9633152173913043 0.7479619565217391 0.07269021739130435 0.06046195652173913
0 0.6134510869565217 0.7622282608695652 0.08627717391304347 0.06521739130434782
0 0.5740489130434783 0.7961956521739131 0.10054347826086957 0.07608695652173914
0 0.5407608695652174 0.7697010869565217 0.08967391304347826 0.06793478260869565
0 0.5550271739130435 0.7432065217391305 0.07676630434782608 0.058423913043478264
0 0.4986413043478261 0.748641304347826 0.08016304347826086 0.06046195652173913
0 0.452445652173913 0.7289402173913043 0.06929347826086957 0.052309782608695655
0 0.41032608695652173 0.7139945652173914 0.06521739130434782 0.049592391304347824
0 0.29483695652173914 0.7615489130434783 0.09103260869565218 0.06861413043478261
0 0.3111413043478261 0.7282608695652174 0.07404891304347826 0.05638586956521739
0 0.2513586956521739 0.6766304347826086 0.04619565217391304 0.034646739130434784
0 0.25679347826086957 0.7126358695652174 0.06725543478260869 0.050951086956521736
0 0.22078804347826086 0.703125 0.0625 0.046875
0 0.20652173913043478 0.8070652173913043 0.10461956521739131 0.07880434782608696
0 0.2717391304347826 0.842391304347826 0.11684782608695653 0.08831521739130435
0 0.10461956521739131 0.6671195652173914 0.046875 0.035326086956521736
0 0.08627717391304347 0.6528532608695652 0.04008152173913043 0.029891304347826088
0 0.059782608695652176 0.6521739130434783 0.036684782608695655 0.027853260869565216
0 0.059782608695652176 0.6331521739130435 0.021739130434782608 0.016304347826086956
0 0.033967391304347824 0.6487771739130435 0.03736413043478261 0.028532608695652172
0 0.07065217391304347 0.6895380434782609 0.05638586956521739 0.042119565217391304
0 0.04823369565217391 0.6725543478260869 0.04891304347826087 0.036684782608695655
0 0.11616847826086957 0.6854619565217391 0.05434782608695652 0.041440217391304345