0 0.012228260869565218 0.42459239130434784 0.012907608695652174 0.018342391304347828
0 0.028532608695652172 0.4476902173913043 0.017663043478260868 0.01970108695652174
0 0.018342391304347828 0.39741847826086957 0.010869565217391304 0.012228260869565218
0 0.03328804347826087 0.38654891304347827 0.009510869565217392 0.01154891304347826
0 0.022418478260869564 0.3851902173913043 0.008831521739130434 0.01154891304347826
0 0.008152173913043478 0.3797554347826087 0.007472826086956522 0.010869565217391304
0 0.030570652173913044 0.3641304347826087 0.005434782608695652 0.006793478260869565
0 0.022418478260869564 0.37228260869565216 0.006793478260869565 0.008831521739130434
0 0.042798913043478264 0.3688858695652174 0.004755434782608696 0.006114130434782609
0 0.078125 0.374320652173913 0.006114130434782609 0.007472826086956522
0 0.08627717391304347 0.374320652173913 0.006793478260869565 0.008831521739130434
0 0.09782608695652174 0.38247282608695654 0.008152173913043478 0.010190217391304348
0 0.10597826086956522 0.3797554347826087 0.006793478260869565 0.008831521739130434
0 0.11209239130434782 0.37771739130434784 0.006114130434782609 0.006793478260869565
0 0.13790760869565216 0.3811141304347826 0.008152173913043478 0.010190217391304348
0 0.13383152173913043 0.38722826086956524 0.008831521739130434 0.010869565217391304
0 0.11956521739130435 0.38722826086956524 0.008831521739130434 0.010869565217391304
0 0.07948369565217392 0.38790760869565216 0.009510869565217392 0.01154891304347826
0 0.06997282608695653 0.3851902173913043 0.007472826086956522 0.009510869565217392
0 0.058423913043478264 0.38247282608695654 0.008831521739130434 0.010190217391304348
0 0.044157608695652176 0.375 0.006793478260869565 0.007472826086956522
0 0.04619565217391304 0.38722826086956524 0.008831521739130434 0.01154891304347826
0 0.07472826086956522 0.41779891304347827 0.010869565217391304 0.015625
0 0.12228260869565218 0.4320652173913043 0.016304347826086956 0.020380434782608696
0 0.13519021739130435 0.421875 0.012228260869565218 0.014266304347826086
0 0.1827445652173913 0.374320652173913 0.006793478260869565 0.007472826086956522
0 0.17527173913043478 0.3763586956521739 0.006793478260869565 0.007472826086956522
0 0.19633152173913043 0.37160326086956524 0.005434782608695652 0.006793478260869565
0 0.15081521739130435 0.37839673913043476 0.006793478260869565 0.008152173913043478
0 0.17391304347826086 0.3845108695652174 0.008152173913043478 0.010190217391304348
0 0.18342391304347827 0.38790760869565216 0.009510869565217392 0.01154891304347826
0 0.18478260869565216 0.3967391304347826 0.008831521739130434 0.01154891304347826
0 0.19157608695652173 0.38315217391304346 0.007472826086956522 0.009510869565217392
0 0.2112771739130435 0.39402173913043476 0.009510869565217392 0.012228260869565218
0 0.21739130434782608 0.4171195652173913 0.01358695652173913 0.015625
0 0.23573369565217392 0.421195652173913 0.014266304347826086 0.015625
0 0.16508152173913043 0.44497282608695654 0.016304347826086956 0.021739130434782608
0 0.2296195652173913 0.38179347826086957 0.008152173913043478 0.010190217391304348
0 0.2105978260869565 0.37771739130434784 0.007472826086956522 0.008831521739130434
0 0.23980978260869565 0.38858695652173914 0.008152173913043478 0.010190217391304348
0 0.2561141304347826 0.3845108695652174 0.007472826086956522 0.008831521739130434
0 0.2561141304347826 0.375 0.006114130434782609 0.007472826086956522
0 0.2955163043478261 0.3851902173913043 0.007472826086956522 0.008831521739130434
0 0.2866847826086957 0.38179347826086957 0.006793478260869565 0.008831521739130434
0 0.2710597826086957 0.38315217391304346 0.008152173913043478 0.010190217391304348
0 0.27921195652173914 0.389945652173913 0.008152173913043478 0.010190217391304348
0 0.2907608695652174 0.3919836956521739 0.008831521739130434 0.01154891304347826
0 0.28532608695652173 0.40896739130434784 0.012228260869565218 0.012907608695652174
0 0.30978260869565216 0.4123641304347826 0.012228260869565218 0.014266304347826086
0 0.27445652173913043 0.43342391304347827 0.016304347826086956 0.018342391304347828
0 0.3226902173913043 0.4266304347826087 0.016304347826086956 0.018342391304347828
0 0.33152173913043476 0.39334239130434784 0.009510869565217392 0.01154891304347826
0 0.35122282608695654 0.38383152173913043 0.007472826086956522 0.008831521739130434
0 0.37296195652173914 0.3919836956521739 0.009510869565217392 0.01154891304347826
0 0.37771739130434784 0.4076086956521739 0.012907608695652174 0.014266304347826086
0 0.389945652173913 0.4048913043478261 0.012228260869565218 0.012907608695652174
0 0.35258152173913043 0.41440217391304346 0.012228260869565218 0.015625
0 0.406929347826087 0.39266304347826086 0.008152173913043478 0.008831521739130434
0 0.38858695652173914 0.41915760869565216 0.01358695652173913 0.016304347826086956
0 0.39470108695652173 0.4313858695652174 0.016304347826086956 0.01970108695652174
0 0.42527173913043476 0.4266304347826087 0.01358695652173913 0.014945652173913044
0 0.41915760869565216 0.4110054347826087 0.012228260869565218 0.01358695652173913
0 0.4320652173913043 0.391304347826087 0.008152173913043478 0.010190217391304348
0 0.4279891304347826 0.3845108695652174 0.007472826086956522 0.009510869565217392
0 0.45584239130434784 0.39334239130434784 0.008831521739130434 0.010869565217391304
0 0.44972826086956524 0.4008152173913043 0.010869565217391304 0.012228260869565218
0 0.4626358695652174 0.40353260869565216 0.010869565217391304 0.01358695652173913
0 0.453804347826087 0.40964673913043476 0.012228260869565218 0.015625
0 0.47214673913043476 0.405570652173913 0.010869565217391304 0.012907608695652174
0 0.47282608695652173 0.3919836956521739 0.008152173913043478 0.009510869565217392
0 0.49660326086956524 0.40964673913043476 0.010869565217391304 0.014266304347826086
0 0.485054347826087 0.42595108695652173 0.014945652173913044 0.018342391304347828
0 0.5135869565217391 0.42866847826086957 0.015625 0.019021739130434784
0 0.5122282608695652 0.40964673913043476 0.012228260869565218 0.014945652173913044
0 0.5597826086956522 0.39945652173913043 0.010190217391304348 0.012907608695652174
0 0.5489130434782609 0.40285326086956524 0.010869565217391304 0.012907608695652174
0 0.5332880434782609 0.4116847826086957 0.01358695652173913 0.014945652173913044
0 0.5230978260869565 0.41847826086956524 0.01358695652173913 0.016983695652173912
0 0.529891304347826 0.4470108695652174 0.019021739130434784 0.02309782608695652
0 0.5529891304347826 0.4320652173913043 0.016983695652173912 0.019021739130434784
0 0.5706521739130435 0.4279891304347826 0.01358695652173913 0.014945652173913044
0 0.5889945652173914 0.41508152173913043 0.010869565217391304 0.014266304347826086
0 0.5808423913043478 0.406929347826087 0.010869565217391304 0.012907608695652174
0 0.5917119565217391 0.3967391304347826 0.008831521739130434 0.010869565217391304
0 0.6202445652173914 0.406929347826087 0.012228260869565218 0.012907608695652174
0 0.623641304347826 0.40217391304347827 0.009510869565217392 0.010869565217391304
0 0.6297554347826086 0.38315217391304346 0.008152173913043478 0.010190217391304348
0 0.6304347826086957 0.421195652173913 0.01358695652173913 0.015625
0 0.6154891304347826 0.41983695652173914 0.01358695652173913 0.014266304347826086
0 0.609375 0.4279891304347826 0.014945652173913044 0.016304347826086956
0 0.6222826086956522 0.4375 0.016983695652173912 0.01970108695652174
0 0.623641304347826 0.4741847826086957 0.02717391304347826 0.02717391304347826
0 0.5190217391304348 0.4796195652173913 0.024456521739130436 0.025815217391304348
0 0.4830163043478261 0.49252717391304346 0.029891304347826088 0.035326086956521736
0 0.438179347826087 0.4578804347826087 0.021739130434782608 0.025815217391304348
0 0.40285326086956524 0.4830163043478261 0.024456521739130436 0.024456521739130436
0 0.44021739130434784 0.5394021739130435 0.04076086956521739 0.043478260869565216
0 0.266304347826087 0.4952445652173913 0.028532608695652172 0.034646739130434784
0 0.3491847826086957 0.46875 0.02309782608695652 0.02377717391304348
0 0.44021739130434784 0.33220108695652173 0.006793478260869565 0.008831521739130434
0 0.40625 0.33152173913043476 0.005434782608695652 0.007472826086956522
0 0.5027173913043478 0.32540760869565216 0.006793478260869565 0.007472826086956522
0 0.6508152173913043 0.33967391304347827 0.006793478260869565 0.008152173913043478
0 0.7065217391304348 0.38315217391304346 0.009510869565217392 0.010869565217391304
0 0.701766304347826 0.41032608695652173 0.010869565217391304 0.012907608695652174
0 0.6827445652173914 0.40217391304347827 0.009510869565217392 0.010869565217391304
0 0.6677989130434783 0.4076086956521739 0.010869565217391304 0.012907608695652174
0 0.6345108695652174 0.40421195652173914 0.009510869565217392 0.010869565217391304
0 0.6786684782608695 0.421875 0.01358695652173913 0.012907608695652174
0 0.6759510869565217 0.43070652173913043 0.016304347826086956 0.016983695652173912
0 0.6847826086956522 0.44021739130434784 0.020380434782608696 0.020380434782608696
0 0.6936141304347826 0.41847826086956524 0.012907608695652174 0.01358695652173913
0 0.7112771739130435 0.4320652173913043 0.016304347826086956 0.016983695652173912
0 0.7153532608695652 0.421195652173913 0.012228260869565218 0.012907608695652174
0 0.7248641304347826 0.41508152173913043 0.012907608695652174 0.014266304347826086
0 0.733016304347826 0.41372282608695654 0.009510869565217392 0.012228260869565218
0 0.7282608695652174 0.4048913043478261 0.009510869565217392 0.010869565217391304
0 0.7533967391304348 0.4076086956521739 0.010869565217391304 0.01154891304347826
0 0.7561141304347826 0.42866847826086957 0.014945652173913044 0.015625
0 0.7377717391304348 0.4320652173913043 0.019021739130434784 0.017663043478260868
0 0.7438858695652174 0.44565217391304346 0.02309782608695652 0.021059782608695652
0 0.8104619565217391 0.41847826086956524 0.012907608695652174 0.014945652173913044
0 0.8213315217391305 0.41372282608695654 0.009510869565217392 0.012228260869565218
0 0.7792119565217391 0.41779891304347827 0.014266304347826086 0.015625
0 0.7649456521739131 0.41032608695652173 0.012228260869565218 0.012907608695652174
0 0.796875 0.44429347826086957 0.016983695652173912 0.018342391304347828
0 0.8254076086956522 0.4361413043478261 0.016304347826086956 0.018342391304347828
0 0.826766304347826 0.42391304347826086 0.010869565217391304 0.012907608695652174
0 0.8417119565217391 0.41372282608695654 0.010869565217391304 0.01358695652173913
0 0.8546195652173914 0.43478260869565216 0.014945652173913044 0.016304347826086956
0 0.8661684782608695 0.42391304347826086 0.014266304347826086 0.014945652173913044
0 0.8600543478260869 0.41440217391304346 0.012228260869565218 0.012907608695652174
0 0.8770380434782609 0.4273097826086957 0.014266304347826086 0.014945652173913044
0 0.889266304347826 0.4164402173913043 0.012907608695652174 0.012907608695652174
0 0.9286684782608695 0.41983695652173914 0.01358695652173913 0.01358695652173913
0 0.9347826086956522 0.4313858695652174 0.014266304347826086 0.015625
0 0.9504076086956522 0.43002717391304346 0.010869565217391304 0.012907608695652174
0 0.9728260869565217 0.42866847826086957 0.012228260869565218 0.01154891304347826
0 0.9008152173913043 0.4164402173913043 0.012228260869565218 0.01154891304347826
0 0.9110054347826086 0.438179347826087 0.016983695652173912 0.014945652173913044
0 0.8722826086956522 0.4422554347826087 0.016304347826086956 0.015625
0 0.8186141304347826 0.4633152173913043 0.019021739130434784 0.018342391304347828
0 0.7493206521739131 0.4789402173913043 0.02717391304347826 0.02717391304347826
0 0.6684782608695652 0.46195652173913043 0.02309782608695652 0.024456521739130436
0 0.19157608695652173 0.4986413043478261 0.025135869565217392 0.029211956521739132
0 0.11820652173913043 0.4796195652173913 0.02377717391304348 0.025815217391304348
0 0.07201086956521739 0.4673913043478261 0.025815217391304348 0.03192934782608696
0 0.03192934782608696 0.438179347826087 0.021059782608695652 0.01970108695652174
0 0.017663043478260868 0.35597826086956524 0.001358695652173913 0.0006793478260869565
0 0.021059782608695652 0.3532608695652174 0.001358695652173913 0.0006793478260869565
0 0.004755434782608696 0.3539402173913043 0.005434782608695652 0.005434782608695652
0 0.0033967391304347825 0.36616847826086957 0.006114130434782609 0.005434782608695652
0 0.008152173913043478 0.36277173913043476 0.004755434782608696 0.004076086956521739
0 0.012907608695652174 0.36616847826086957 0.005434782608695652 0.005434782608695652
0 0.019021739130434784 0.36684782608695654 0.006114130434782609 0.005434782608695652
0 0.014945652173913044 0.3654891304347826 0.005434782608695652 0.004755434782608696
0 0.029891304347826088 0.3695652173913043 0.006114130434782609 0.006114130434782609
0 0.008152173913043478 0.3702445652173913 0.007472826086956522 0.006793478260869565
0 0.03260869565217391 0.3736413043478261 0.007472826086956522 0.007472826086956522
0 0.058423913043478264 0.36616847826086957 0.005434782608695652 0.004755434782608696
0 0.06997282608695653 0.36684782608695654 0.004755434782608696 0.004755434782608696
0 0.07269021739130435 0.3641304347826087 0.002717391304347826 0.002717391304347826
0 0.07472826086956522 0.36752717391304346 0.004755434782608696 0.004076086956521739
0 0.08899456521739131 0.37771739130434784 0.007472826086956522 0.007472826086956522
0 0.09850543478260869 0.3763586956521739 0.006793478260869565 0.006793478260869565
0 0.11073369565217392 0.36752717391304346 0.004755434782608696 0.004076086956521739
0 0.11820652173913043 0.37092391304347827 0.005434782608695652 0.005434782608695652
0 0.12228260869565218 0.3654891304347826 0.002717391304347826 0.002717391304347826
0 0.13383152173913043 0.3641304347826087 0.009510869565217392 0.008831521739130434
0 0.13722826086956522 0.374320652173913 0.006114130434782609 0.006114130434782609
0 0.058423913043478264 0.3736413043478261 0.006793478260869565 0.006793478260869565
0 0.07948369565217392 0.43070652173913043 0.01970108695652174 0.018342391304347828
0 0.17255434782608695 0.374320652173913 0.006793478260869565 0.006114130434782609
0 0.17730978260869565 0.35597826086956524 0.007472826086956522 0.006793478260869565
0 0.20040760869565216 0.37296195652173914 0.006114130434782609 0.006114130434782609
0 0.16168478260869565 0.3763586956521739 0.007472826086956522 0.006793478260869565
0 0.15896739130434784 0.3845108695652174 0.008831521739130434 0.008831521739130434
0 0.17459239130434784 0.3797554347826087 0.008152173913043478 0.007472826086956522
0 0.18817934782608695 0.37907608695652173 0.008152173913043478 0.007472826086956522
0 0.20516304347826086 0.38654891304347827 0.008831521739130434 0.008831521739130434
0 0.21535326086956522 0.38790760869565216 0.010190217391304348 0.009510869565217392
0 0.22010869565217392 0.43478260869565216 0.016983695652173912 0.016983695652173912
0 0.22758152173913043 0.44972826086956524 0.021739130434782608 0.020380434782608696
0 0.22894021739130435 0.37703804347826086 0.007472826086956522 0.006793478260869565
0 0.22282608695652173 0.375679347826087 0.006793478260869565 0.006793478260869565
0 0.2105978260869565 0.375 0.006793478260869565 0.006793478260869565
0 0.23777173913043478 0.374320652173913 0.006793478260869565 0.006114130434782609
0 0.23573369565217392 0.3851902173913043 0.009510869565217392 0.008831521739130434
0 0.2547554347826087 0.3804347826086957 0.008152173913043478 0.007472826086956522
0 0.25883152173913043 0.37160326086956524 0.006793478260869565 0.006114130434782609
0 0.2608695652173913 0.3953804347826087 0.010190217391304348 0.010190217391304348
0 0.28940217391304346 0.37907608695652173 0.007472826086956522 0.006793478260869565
0 0.2764945652173913 0.37703804347826086 0.007472826086956522 0.006793478260869565
0 0.2717391304347826 0.3797554347826087 0.007472826086956522 0.007472826086956522
0 0.3179347826086957 0.39334239130434784 0.010190217391304348 0.010190217391304348
0 0.32133152173913043 0.38722826086956524 0.008831521739130434 0.008152173913043478
0 0.32472826086956524 0.38315217391304346 0.008152173913043478 0.008152173913043478
0 0.33084239130434784 0.38247282608695654 0.008152173913043478 0.008152173913043478
0 0.31453804347826086 0.38247282608695654 0.008152173913043478 0.007472826086956522
0 0.30027173913043476 0.38247282608695654 0.008152173913043478 0.007472826086956522
0 0.3532608695652174 0.3797554347826087 0.007472826086956522 0.006793478260869565
0 0.3607336956521739 0.38315217391304346 0.008152173913043478 0.007472826086956522
0 0.37160326086956524 0.36684782608695654 0.008831521739130434 0.008152173913043478
0 0.3811141304347826 0.3851902173913043 0.008152173913043478 0.008152173913043478
0 0.37907608695652173 0.38722826086956524 0.008831521739130434 0.008152173913043478
0 0.34714673913043476 0.40353260869565216 0.012907608695652174 0.012228260869565218
0 0.40217391304347827 0.38654891304347827 0.008831521739130434 0.008152173913043478
0 0.33016304347826086 0.4483695652173913 0.01970108695652174 0.019021739130434784
0 0.4110054347826087 0.4429347826086957 0.01970108695652174 0.019021739130434784
0 0.42934782608695654 0.40625 0.012228260869565218 0.01154891304347826
0 0.45584239130434784 0.3892663043478261 0.008831521739130434 0.008831521739130434
0 0.48641304347826086 0.4171195652173913 0.014945652173913044 0.014266304347826086
0 0.5101902173913043 0.4001358695652174 0.010869565217391304 0.010190217391304348
0 0.5305706521739131 0.3960597826086957 0.010190217391304348 0.009510869565217392
0 0.5434782608695652 0.40964673913043476 0.01358695652173913 0.012907608695652174
0 0.5774456521739131 0.41983695652173914 0.014945652173913044 0.014266304347826086
0 0.5855978260869565 0.4001358695652174 0.010869565217391304 0.010869565217391304
0 0.5998641304347826 0.4008152173913043 0.010190217391304348 0.010190217391304348
0 0.626358695652174 0.39809782608695654 0.010869565217391304 0.010190217391304348
0 0.6046195652173914 0.44972826086956524 0.021059782608695652 0.020380434782608696
0 0.5883152173913043 0.5081521739130435 0.03125 0.029891304347826088
0 0.4014945652173913 0.5 0.03260869565217391 0.03125
0 0.2717391304347826 0.4639945652173913 0.025815217391304348 0.024456521739130436
0 0.670516304347826 0.4008152173913043 0.010869565217391304 0.010869565217391304
0 0.6759510869565217 0.41779891304347827 0.014266304347826086 0.012907608695652174
0 0.8057065217391305 0.41440217391304346 0.012228260869565218 0.01154891304347826
0 0.7880434782608695 0.41032608695652173 0.010869565217391304 0.010869565217391304
0 0.7764945652173914 0.4123641304347826 0.01154891304347826 0.01154891304347826
0 0.7717391304347826 0.43546195652173914 0.017663043478260868 0.016983695652173912
0 0.9429347826086957 0.422554347826087 0.012907608695652174 0.012228260869565218
0 0.8987771739130435 0.42459239130434784 0.014266304347826086 0.01358695652173913
0 0.8811141304347826 0.4436141304347826 0.016983695652173912 0.015625
0 0.6650815217391305 0.4830163043478261 0.027853260869565216 0.02717391304347826
0 0.23573369565217392 0.579483695652174 0.03804347826086957 0.036684782608695655