0 0.06046195652173913 0.078125 0.008831521739130434 0.007472826086956522
0 0.11141304347826086 0.14741847826086957 0.010190217391304348 0.008152173913043478
0 0.14673913043478262 0.1480978260869565 0.009510869565217392 0.008152173913043478
0 0.13043478260869565 0.25271739130434784 0.009510869565217392 0.007472826086956522
0 0.09918478260869565 0.2547554347826087 0.010190217391304348 0.008831521739130434
0 0.43002717391304346 0.10869565217391304 0.008152173913043478 0.007472826086956522
0 0.406929347826087 0.20652173913043478 0.008831521739130434 0.008152173913043478
0 0.5387228260869565 0.19904891304347827 0.008831521739130434 0.007472826086956522
0 0.6542119565217391 0.18885869565217392 0.007472826086956522 0.006793478260869565
0 0.6766304347826086 0.1827445652173913 0.009510869565217392 0.007472826086956522
0 0.5570652173913043 0.03125 0.008831521739130434 0.008152173913043478
0 0.6555706521739131 0.041440217391304345 0.010190217391304348 0.008152173913043478
0 0.6779891304347826 0.042119565217391304 0.009510869565217392 0.007472826086956522
0 0.7004076086956522 0.03940217391304348 0.008152173913043478 0.006793478260869565
0 0.8152173913043478 0.17323369565217392 0.008831521739130434 0.007472826086956522
0 0.890625 0.18682065217391305 0.007472826086956522 0.006114130434782609
0 0.71875 0.20108695652173914 0.009510869565217392 0.008831521739130434
0 0.6936141304347826 0.22146739130434784 0.009510869565217392 0.008152173913043478
0 0.6487771739130435 0.24048913043478262 0.009510869565217392 0.007472826086956522
0 0.7466032608695652 0.23980978260869565 0.010190217391304348 0.008152173913043478
0 0.8471467391304348 0.20652173913043478 0.009510869565217392 0.008152173913043478
0 0.8858695652173914 0.20380434782608695 0.008152173913043478 0.006114130434782609
0 0.9667119565217391 0.19769021739130435 0.007472826086956522 0.007472826086956522
0 0.9952445652173914 0.19633152173913043 0.006114130434782609 0.006114130434782609
0 0.9891304347826086 0.23233695652173914 0.008152173913043478 0.007472826086956522
0 0.9823369565217391 0.2139945652173913 0.008152173913043478 0.006114130434782609
0 0.9599184782608695 0.2139945652173913 0.008152173913043478 0.007472826086956522
0 0.9347826086956522 0.21807065217391305 0.008152173913043478 0.006793478260869565
0 0.9116847826086957 0.22214673913043478 0.008152173913043478 0.006114130434782609
0 0.9082880434782609 0.23845108695652173 0.010190217391304348 0.008152173913043478
0 0.8512228260869565 0.22418478260869565 0.009510869565217392 0.007472826086956522
0 0.9341032608695652 0.2391304347826087 0.008831521739130434 0.007472826086956522
0 0.9864130434782609 0.2513586956521739 0.008831521739130434 0.006793478260869565
0 0.9667119565217391 0.25339673913043476 0.009510869565217392 0.007472826086956522
0 0.9354619565217391 0.25815217391304346 0.007472826086956522 0.006793478260869565
0 0.7744565217391305 0.2554347826086957 0.009510869565217392 0.007472826086956522
0 0.7207880434782609 0.25883152173913043 0.008831521739130434 0.007472826086956522
0 0.203125 0.3294836956521739 0.010869565217391304 0.008831521739130434
0 0.23777173913043478 0.328804347826087 0.01154891304347826 0.009510869565217392
0 0.1514945652173913 0.3763586956521739 0.010869565217391304 0.008831521739130434
0 0.17595108695652173 0.374320652173913 0.009510869565217392 0.010190217391304348
0 0.21671195652173914 0.3695652173913043 0.012228260869565218 0.010190217391304348
0 0.29891304347826086 0.36684782608695654 0.010190217391304348 0.008831521739130434
0 0.23369565217391305 0.39470108695652173 0.010190217391304348 0.008831521739130434
0 0.12635869565217392 0.3858695652173913 0.012228260869565218 0.010869565217391304
0 0.2907608695652174 0.29891304347826086 0.008831521739130434 0.006793478260869565
0 0.33016304347826086 0.29347826086956524 0.010190217391304348 0.008152173913043478
0 0.058423913043478264 0.40964673913043476 0.012228260869565218 0.010190217391304348
0 0.30842391304347827 0.4123641304347826 0.010869565217391304 0.009510869565217392
0 0.34375 0.4110054347826087 0.010869565217391304 0.008831521739130434
0 0.36277173913043476 0.29415760869565216 0.010869565217391304 0.008831521739130434
0 0.48709239130434784 0.30027173913043476 0.010190217391304348 0.008831521739130434
0 0.5366847826086957 0.2955163043478261 0.009510869565217392 0.007472826086956522
0 0.5285326086956522 0.360054347826087 0.008831521739130434 0.007472826086956522
0 0.48777173913043476 0.36141304347826086 0.010869565217391304 0.008152173913043478
0 0.422554347826087 0.39470108695652173 0.010869565217391304 0.008831521739130434
0 0.4735054347826087 0.3960597826086957 0.010190217391304348 0.008831521739130434
0 0.6610054347826086 0.2826086956521739 0.010869565217391304 0.009510869565217392
0 0.7683423913043478 0.3125 0.008831521739130434 0.008152173913043478
0 0.7948369565217391 0.30910326086956524 0.008831521739130434 0.007472826086956522
0 0.8682065217391305 0.30095108695652173 0.009510869565217392 0.007472826086956522
0 0.9538043478260869 0.34578804347826086 0.009510869565217392 0.007472826086956522
0 0.9626358695652174 0.2914402173913043 0.009510869565217392 0.008152173913043478
0 0.9470108695652174 0.41508152173913043 0.012228260869565218 0.010190217391304348
0 0.8226902173913043 0.4320652173913043 0.01154891304347826 0.010190217391304348
0 0.8987771739130435 0.44904891304347827 0.009510869565217392 0.008831521739130434
0 0.7547554347826086 0.6759510869565217 0.009510869565217392 0.010869565217391304
0 0.01358695652173913 0.529891304347826 0.008831521739130434 0.008831521739130434
0 0.042119565217391304 0.5278532608695652 0.010190217391304348 0.010190217391304348
0 0.10394021739130435 0.5176630434782609 0.012228260869565218 0.01154891304347826
0 0.14470108695652173 0.5183423913043478 0.010190217391304348 0.01154891304347826
0 0.27445652173913043 0.49728260869565216 0.012228260869565218 0.01154891304347826
0 0.3423913043478261 0.515625 0.01358695652173913 0.01154891304347826
0 0.36752717391304346 0.4830163043478261 0.012228260869565218 0.012907608695652174
0 0.5604619565217391 0.49252717391304346 0.010869565217391304 0.008831521739130434
0 0.08899456521739131 0.078125 0.010190217391304348 0.006793478260869565
0 0.14198369565217392 0.07676630434782608 0.010190217391304348 0.006793478260869565
0 0.002717391304347826 0.13926630434782608 0.005434782608695652 0.006793478260869565
0 0.18885869565217392 0.22146739130434784 0.010869565217391304 0.007472826086956522
0 0.41304347826086957 0.11345108695652174 0.010190217391304348 0.006793478260869565
0 0.4110054347826087 0.17595108695652173 0.010190217391304348 0.006793478260869565
0 0.515625 0.1983695652173913 0.009510869565217392 0.006793478260869565
0 0.5985054347826086 0.033967391304347824 0.010190217391304348 0.006793478260869565
0 0.6175271739130435 0.03192934782608696 0.010190217391304348 0.006793478260869565
0 0.7350543478260869 0.03872282608695652 0.010190217391304348 0.006793478260869565
0 0.8023097826086957 0.06182065217391304 0.010190217391304348 0.006793478260869565
0 0.8199728260869565 0.08084239130434782 0.010190217391304348 0.006793478260869565
0 0.9463315217391305 0.1324728260869565 0.010190217391304348 0.006114130434782609
0 0.765625 0.1793478260869565 0.009510869565217392 0.006114130434782609
0 0.6827445652173914 0.23980978260869565 0.010869565217391304 0.007472826086956522
0 0.7690217391304348 0.23505434782608695 0.010190217391304348 0.006793478260869565
0 0.8179347826086957 0.2112771739130435 0.010190217391304348 0.006793478260869565
0 0.9395380434782609 0.20108695652173914 0.008831521739130434 0.006114130434782609
0 0.8824728260869565 0.24592391304347827 0.009510869565217392 0.006114130434782609
0 0.2078804347826087 0.3953804347826087 0.012228260869565218 0.008152173913043478
0 0.41372282608695654 0.27445652173913043 0.010190217391304348 0.007472826086956522
0 0.3688858695652174 0.27241847826086957 0.010190217391304348 0.007472826086956522
0 0.826766304347826 0.31046195652173914 0.010190217391304348 0.006793478260869565
0 0.8471467391304348 0.30570652173913043 0.010190217391304348 0.006793478260869565
0 0.7506793478260869 0.5190217391304348 0.012228260869565218 0.008152173913043478
0 0.2296195652173913 0.6474184782608695 0.01358695652173913 0.009510869565217392
0 0.6494565217391305 0.45516304347826086 0.012228260869565218 0.008152173913043478
0 0.4633152173913043 0.4789402173913043 0.01358695652173913 0.009510869565217392