0 0.014945652173913044 0.5115489130434783 0.029891304347826088 0.08559782608695653
0 0.48641304347826086 0.15217391304347827 0.07676630434782608 0.08491847826086957
0 0.8186141304347826 0.2866847826086957 0.08288043478260869 0.08491847826086957
0 0.311820652173913 0.1766304347826087 0.06453804347826086 0.06793478260869565
0 0.09578804347826086 0.20516304347826086 0.06929347826086957 0.07608695652173914
0 0.5801630434782609 0.1922554347826087 0.07676630434782608 0.08423913043478261
0 0.16983695652173914 0.16847826086956522 0.05502717391304348 0.05502717391304348
0 0.717391304347826 0.14470108695652173 0.042798913043478264 0.04619565217391304
0 0.008831521739130434 0.2235054347826087 0.017663043478260868 0.07744565217391304
0 0.9042119565217391 0.11073369565217392 0.03260869565217391 0.03872282608695652
0 0.9660326086956522 0.29008152173913043 0.06793478260869565 0.07472826086956522
0 0.9490489130434783 0.12771739130434784 0.04755434782608696 0.04483695652173913
0 0.35054347826086957 0.2269021739130435 0.06589673913043478 0.06317934782608696
0 0.9035326086956522 0.22282608695652173 0.0625 0.07201086956521739
0 0.22078804347826086 0.23777173913043478 0.050951086956521736 0.07269021739130435
0 0.15285326086956522 0.21671195652173914 0.052309782608695655 0.057744565217391304
0 0.53125 0.16168478260869565 0.04891304347826087 0.05366847826086957
0 0.6433423913043478 0.17391304347826086 0.041440217391304345 0.04619565217391304
0 0.8016304347826086 0.20244565217391305 0.06725543478260869 0.07201086956521739
0 0.9014945652173914 0.18138586956521738 0.050951086956521736 0.046875
0 0.28804347826086957 0.29483695652173914 0.08288043478260869 0.078125
0 0.1453804347826087 0.21671195652173914 0.07201086956521739 0.057744565217391304
0 0.27785326086956524 0.16508152173913043 0.07336956521739131 0.059782608695652176
0 0.35529891304347827 0.17119565217391305 0.07472826086956522 0.06182065217391304
0 0.7730978260869565 0.16847826086956522 0.057065217391304345 0.046875