0 0.14605978260869565 0.453804347826087 0.04551630434782609 0.044157608695652176
0 0.96875 0.5679347826086957 0.042119565217391304 0.04551630434782609
0 0.6603260869565217 0.578125 0.042119565217391304 0.04551630434782609
0 0.5421195652173914 0.5788043478260869 0.04755434782608696 0.049592391304347824
0 0.8688858695652174 0.5754076086956522 0.043478260869565216 0.04823369565217391
0 0.29415760869565216 0.5957880434782609 0.050951086956521736 0.049592391304347824
0 0.16779891304347827 0.5842391304347826 0.05434782608695652 0.052309782608695655
0 0.7975543478260869 0.45991847826086957 0.04008152173913043 0.042119565217391304
0 0.2561141304347826 0.44972826086956524 0.046875 0.042119565217391304
0 0.7275815217391305 0.4388586956521739 0.035326086956521736 0.03872282608695652
0 0.9612771739130435 0.44904891304347827 0.03872282608695652 0.044157608695652176
0 0.4782608695652174 0.46875 0.03872282608695652 0.042119565217391304
0 0.6875 0.4701086956521739 0.04008152173913043 0.041440217391304345
0 0.37907608695652173 0.46671195652173914 0.042119565217391304 0.041440217391304345
0 0.8824728260869565 0.4470108695652174 0.03872282608695652 0.03872282608695652
0 0.579483695652174 0.46127717391304346 0.042119565217391304 0.044157608695652176
0 0.42459239130434784 0.5849184782608695 0.046875 0.04823369565217391
0 0.4388586956521739 0.43478260869565216 0.03804347826086957 0.03736413043478261
0 0.5197010869565217 0.44089673913043476 0.03804347826086957 0.042119565217391304
0 0.7629076086956522 0.5713315217391305 0.043478260869565216 0.050271739130434784
0 0.671875 0.44157608695652173 0.035326086956521736 0.04008152173913043
0 0.9225543478260869 0.42866847826086957 0.03125 0.035326086956521736
0 0.17730978260869565 0.43070652173913043 0.03804347826086957 0.041440217391304345
0 0.2860054347826087 0.42391304347826086 0.042119565217391304 0.03872282608695652
0 0.3648097826086957 0.43070652173913043 0.034646739130434784 0.03736413043478261
0 0.592391304347826 0.42595108695652173 0.03804347826086957 0.04008152173913043
0 0.7914402173913043 0.421875 0.035326086956521736 0.035326086956521736
0 0.8457880434782609 0.42391304347826086 0.034646739130434784 0.041440217391304345
0 0.9884510869565217 0.4164402173913043 0.02309782608695652 0.03940217391304348
0 0.26358695652173914 0.42391304347826086 0.042119565217391304 0.03736413043478261