0 0.026494565217391304 0.27717391304347827 0.05298913043478261 0.07133152173913043
0 0.7004076086956522 0.436820652173913 0.11684782608695653 0.10190217391304347
0 0.1949728260869565 0.3654891304347826 0.07608695652173914 0.07404891304347826
0 0.2798913043478261 0.43546195652173914 0.08899456521739131 0.08016304347826086
0 0.6039402173913043 0.33016304347826086 0.11209239130434782 0.09103260869565218
0 0.16236413043478262 0.47078804347826086 0.10326086956521739 0.10054347826086957
0 0.49796195652173914 0.24592391304347827 0.08899456521739131 0.07608695652173914
0 0.5292119565217391 0.45516304347826086 0.10394021739130435 0.09103260869565218
0 0.07540760869565218 0.4633152173913043 0.08899456521739131 0.08084239130434782
0 0.39266304347826086 0.40353260869565216 0.07269021739130435 0.07404891304347826
0 0.3695652173913043 0.4735054347826087 0.09375 0.08220108695652174