0 0.03192934782608696 0.2425271739130435 0.010190217391304348 0.010190217391304348
0 0.046875 0.24796195652173914 0.010190217391304348 0.008831521739130434
0 0.08559782608695653 0.24116847826086957 0.010869565217391304 0.010190217391304348
0 0.13451086956521738 0.22826086956521738 0.008152173913043478 0.006793478260869565
0 0.13043478260869565 0.24456521739130435 0.008152173913043478 0.006793478260869565
0 0.12228260869565218 0.23777173913043478 0.006793478260869565 0.008152173913043478
0 0.11209239130434782 0.24456521739130435 0.010190217391304348 0.010190217391304348
0 0.10869565217391304 0.23709239130434784 0.008831521739130434 0.008152173913043478
0 0.10190217391304347 0.23233695652173914 0.008152173913043478 0.006793478260869565
0 0.1480978260869565 0.23845108695652173 0.009510869565217392 0.008831521739130434
0 0.15964673913043478 0.23641304347826086 0.008152173913043478 0.008152173913043478
0 0.1480978260869565 0.2513586956521739 0.015625 0.014945652173913044
0 0.08016304347826086 0.27309782608695654 0.01970108695652174 0.018342391304347828
0 0.07608695652173914 0.35122282608695654 0.04619565217391304 0.04008152173913043
0 0.10597826086956522 0.45040760869565216 0.21195652173913043 0.22418478260869565
0 0.24116847826086957 0.34578804347826086 0.044157608695652176 0.043478260869565216
0 0.2758152173913043 0.344429347826087 0.042798913043478264 0.04008152173913043
0 0.21535326086956522 0.4164402173913043 0.09578804347826086 0.08899456521739131
0 0.2717391304347826 0.3953804347826087 0.06657608695652174 0.05502717391304348
0 0.297554347826087 0.42866847826086957 0.07065217391304347 0.059782608695652176
0 0.3029891304347826 0.27445652173913043 0.020380434782608696 0.018342391304347828
0 0.27921195652173914 0.29008152173913043 0.016304347826086956 0.015625
0 0.2418478260869565 0.27377717391304346 0.01358695652173913 0.01358695652173913
0 0.20108695652173914 0.266304347826087 0.012907608695652174 0.01358695652173913
0 0.18614130434782608 0.26358695652173914 0.015625 0.014945652173913044
0 0.17459239130434784 0.27921195652173914 0.020380434782608696 0.017663043478260868
0 0.18206521739130435 0.25 0.012907608695652174 0.01154891304347826
0 0.1793478260869565 0.23845108695652173 0.008152173913043478 0.006793478260869565
0 0.19633152173913043 0.24660326086956522 0.010869565217391304 0.01154891304347826
0 0.21535326086956522 0.2513586956521739 0.01154891304347826 0.012228260869565218
0 0.23845108695652173 0.2452445652173913 0.012907608695652174 0.01154891304347826
0 0.25679347826086957 0.24728260869565216 0.014945652173913044 0.014945652173913044
0 0.26902173913043476 0.24456521739130435 0.010190217391304348 0.010190217391304348
0 0.280570652173913 0.24592391304347827 0.012907608695652174 0.010190217391304348
0 0.2758152173913043 0.250679347826087 0.014945652173913044 0.01358695652173913
0 0.2914402173913043 0.26222826086956524 0.014945652173913044 0.01358695652173913
0 0.313179347826087 0.265625 0.016304347826086956 0.014945652173913044
0 0.31046195652173914 0.2513586956521739 0.01358695652173913 0.012907608695652174
0 0.3070652173913043 0.24320652173913043 0.010869565217391304 0.010190217391304348
0 0.3029891304347826 0.24048913043478262 0.008831521739130434 0.008152173913043478
0 0.22146739130434784 0.24388586956521738 0.008831521739130434 0.008152173913043478
0 0.40285326086956524 0.609375 0.24456521739130435 0.24660326086956522
0 0.49796195652173914 0.39266304347826086 0.08967391304347826 0.08695652173913043
0 0.3376358695652174 0.3125 0.033967391304347824 0.03125
0 0.4001358695652174 0.31997282608695654 0.03804347826086957 0.03872282608695652
0 0.4429347826086957 0.3328804347826087 0.03804347826086957 0.03804347826086957
0 0.5550271739130435 0.32472826086956524 0.033967391304347824 0.03328804347826087
0 0.5774456521739131 0.3688858695652174 0.04755434782608696 0.05638586956521739
0 0.6005434782608695 0.36209239130434784 0.04483695652173913 0.04755434782608696
0 0.41508152173913043 0.29008152173913043 0.021739130434782608 0.022418478260869564
0 0.44904891304347827 0.2798913043478261 0.016304347826086956 0.017663043478260868
0 0.406929347826087 0.27717391304347827 0.018342391304347828 0.017663043478260868
0 0.3811141304347826 0.27445652173913043 0.01970108695652174 0.017663043478260868
0 0.359375 0.26834239130434784 0.01970108695652174 0.018342391304347828
0 0.3376358695652174 0.265625 0.015625 0.01358695652173913
0 0.4327445652173913 0.27241847826086957 0.017663043478260868 0.014945652173913044
0 0.4735054347826087 0.27785326086956524 0.015625 0.016304347826086956
0 0.49116847826086957 0.28328804347826086 0.016304347826086956 0.016304347826086956
0 0.5108695652173914 0.27853260869565216 0.014945652173913044 0.014945652173913044
0 0.5366847826086957 0.28464673913043476 0.022418478260869564 0.022418478260869564
0 0.5441576086956522 0.28328804347826086 0.018342391304347828 0.01970108695652174
0 0.5570652173913043 0.2826086956521739 0.016304347826086956 0.014945652173913044
0 0.5387228260869565 0.26358695652173914 0.014945652173913044 0.014945652173913044
0 0.5570652173913043 0.26358695652173914 0.014945652173913044 0.012228260869565218
0 0.5502717391304348 0.25339673913043476 0.01154891304347826 0.010190217391304348
0 0.5373641304347826 0.25339673913043476 0.012907608695652174 0.01154891304347826
0 0.5224184782608695 0.25407608695652173 0.01358695652173913 0.012907608695652174
0 0.5088315217391305 0.25679347826086957 0.01358695652173913 0.01358695652173913
0 0.49252717391304346 0.2669836956521739 0.015625 0.01358695652173913
0 0.47622282608695654 0.25747282608695654 0.014945652173913044 0.012907608695652174
0 0.4898097826086957 0.25747282608695654 0.01154891304347826 0.010190217391304348
0 0.5040760869565217 0.24728260869565216 0.01154891304347826 0.01154891304347826
0 0.48777173913043476 0.24728260869565216 0.008831521739130434 0.008831521739130434
0 0.4796195652173913 0.24864130434782608 0.010869565217391304 0.010190217391304348
0 0.47282608695652173 0.250679347826087 0.010190217391304348 0.010190217391304348
0 0.4578804347826087 0.24728260869565216 0.01358695652173913 0.012228260869565218
0 0.453125 0.26154891304347827 0.014945652173913044 0.01358695652173913
0 0.3967391304347826 0.2595108695652174 0.01154891304347826 0.010190217391304348
0 0.39877717391304346 0.25271739130434784 0.012907608695652174 0.012228260869565218
0 0.39470108695652173 0.24796195652173914 0.01358695652173913 0.010190217391304348
0 0.39877717391304346 0.24048913043478262 0.010190217391304348 0.009510869565217392
0 0.41983695652173914 0.24728260869565216 0.012907608695652174 0.012228260869565218
0 0.4273097826086957 0.24388586956521738 0.009510869565217392 0.010190217391304348
0 0.44089673913043476 0.24660326086956522 0.01154891304347826 0.01154891304347826
0 0.46875 0.24456521739130435 0.009510869565217392 0.008831521739130434
0 0.48029891304347827 0.24388586956521738 0.008831521739130434 0.008152173913043478
0 0.36684782608695654 0.26154891304347827 0.01358695652173913 0.01154891304347826
0 0.375679347826087 0.25407608695652173 0.01358695652173913 0.01154891304347826
0 0.3498641304347826 0.25407608695652173 0.012907608695652174 0.01154891304347826
0 0.344429347826087 0.24932065217391305 0.01154891304347826 0.01154891304347826
0 0.33016304347826086 0.24864130434782608 0.012907608695652174 0.01154891304347826
0 0.375 0.24388586956521738 0.010190217391304348 0.008152173913043478
0 0.3267663043478261 0.24116847826086957 0.010190217391304348 0.009510869565217392
0 0.28328804347826086 0.23777173913043478 0.008152173913043478 0.006793478260869565
0 0.19157608695652173 0.21467391304347827 0.005434782608695652 0.005434782608695652
0 0.2139945652173913 0.21739130434782608 0.005434782608695652 0.005434782608695652
0 0.20584239130434784 0.2139945652173913 0.005434782608695652 0.004755434782608696
0 0.234375 0.21603260869565216 0.006114130434782609 0.005434782608695652
0 0.24864130434782608 0.21671195652173914 0.005434782608695652 0.005434782608695652
0 0.2595108695652174 0.23709239130434784 0.009510869565217392 0.008831521739130434
0 0.2873641304347826 0.23097826086956522 0.006793478260869565 0.006793478260869565
0 0.2866847826086957 0.2262228260869565 0.006793478260869565 0.006793478260869565
0 0.2798913043478261 0.21671195652173914 0.006793478260869565 0.006114130434782609
0 0.30095108695652173 0.23369565217391305 0.008152173913043478 0.008152173913043478
0 0.30910326086956524 0.234375 0.008152173913043478 0.006793478260869565
0 0.31657608695652173 0.23709239130434784 0.008831521739130434 0.008831521739130434
0 0.31046195652173914 0.22826086956521738 0.006114130434782609 0.006114130434782609
0 0.297554347826087 0.21535326086956522 0.006114130434782609 0.005434782608695652
0 0.3423913043478261 0.21875 0.006114130434782609 0.006114130434782609
0 0.34375 0.22826086956521738 0.006793478260869565 0.006793478260869565
0 0.3532608695652174 0.2269021739130435 0.006793478260869565 0.006793478260869565
0 0.36141304347826086 0.23029891304347827 0.008152173913043478 0.006793478260869565
0 0.36616847826086957 0.23301630434782608 0.006793478260869565 0.006793478260869565
0 0.35258152173913043 0.23845108695652173 0.008152173913043478 0.006793478260869565
0 0.328804347826087 0.23573369565217392 0.006793478260869565 0.006793478260869565
0 0.40217391304347827 0.22826086956521738 0.006793478260869565 0.006793478260869565
0 0.405570652173913 0.23301630434782608 0.006793478260869565 0.006793478260869565
0 0.43002717391304346 0.2269021739130435 0.006793478260869565 0.006793478260869565
0 0.45040760869565216 0.23029891304347827 0.006793478260869565 0.006793478260869565
0 0.4375 0.23709239130434784 0.008152173913043478 0.008152173913043478
0 0.4592391304347826 0.23097826086956522 0.006114130434782609 0.006793478260869565
0 0.46059782608695654 0.2235054347826087 0.005434782608695652 0.006114130434782609
0 0.4741847826086957 0.21875 0.006114130434782609 0.006114130434782609
0 0.4938858695652174 0.23845108695652173 0.008152173913043478 0.008152173913043478
0 0.5163043478260869 0.21603260869565216 0.006114130434782609 0.006114130434782609
0 0.5108695652173914 0.23573369565217392 0.008831521739130434 0.008152173913043478
0 0.5217391304347826 0.2391304347826087 0.008831521739130434 0.008152173913043478
0 0.8002717391304348 0.484375 0.11888586956521739 0.13043478260869565
0 0.623641304347826 0.4375 0.09578804347826086 0.09578804347826086
0 0.6623641304347826 0.34782608695652173 0.036684782608695655 0.035326086956521736
0 0.6290760869565217 0.31997282608695654 0.04008152173913043 0.034646739130434784
0 0.6195652173913043 0.29008152173913043 0.01970108695652174 0.017663043478260868
0 0.6032608695652174 0.28125 0.017663043478260868 0.016304347826086956
0 0.6569293478260869 0.3016304347826087 0.01970108695652174 0.01970108695652174
0 0.6739130434782609 0.29347826086956524 0.017663043478260868 0.018342391304347828
0 0.6494565217391305 0.28396739130434784 0.017663043478260868 0.017663043478260868
0 0.670516304347826 0.27853260869565216 0.015625 0.014945652173913044
0 0.6895380434782609 0.2751358695652174 0.015625 0.014945652173913044
0 0.7105978260869565 0.29415760869565216 0.01970108695652174 0.01970108695652174
0 0.7038043478260869 0.30978260869565216 0.021059782608695652 0.01970108695652174
0 0.7581521739130435 0.3070652173913043 0.017663043478260868 0.018342391304347828
0 0.7730978260869565 0.30434782608695654 0.020380434782608696 0.01970108695652174
0 0.7792119565217391 0.28940217391304346 0.01970108695652174 0.017663043478260868
0 0.7527173913043478 0.27241847826086957 0.01358695652173913 0.012228260869565218
0 0.7398097826086957 0.2751358695652174 0.01970108695652174 0.018342391304347828
0 0.7309782608695652 0.26358695652173914 0.012907608695652174 0.01154891304347826
0 0.8063858695652174 0.27785326086956524 0.014945652173913044 0.017663043478260868
0 0.7880434782608695 0.26834239130434784 0.01358695652173913 0.012228260869565218
0 0.8009510869565217 0.266304347826087 0.01154891304347826 0.010190217391304348
0 0.8145380434782609 0.26834239130434784 0.010869565217391304 0.010190217391304348
0 0.8213315217391305 0.2608695652173913 0.01358695652173913 0.012228260869565218
0 0.8220108695652174 0.280570652173913 0.018342391304347828 0.018342391304347828
0 0.8165760869565217 0.30366847826086957 0.018342391304347828 0.01970108695652174
0 0.7432065217391305 0.265625 0.010869565217391304 0.010190217391304348
0 0.7024456521739131 0.2758152173913043 0.015625 0.014945652173913044
0 0.7072010869565217 0.26766304347826086 0.01154891304347826 0.01154891304347826
0 0.71875 0.2595108695652174 0.009510869565217392 0.008831521739130434
0 0.7302989130434783 0.25 0.006114130434782609 0.006114130434782609
0 0.7180706521739131 0.24660326086956522 0.008152173913043478 0.008152173913043478
0 0.657608695652174 0.25883152173913043 0.010869565217391304 0.01154891304347826
0 0.6467391304347826 0.26358695652173914 0.01358695652173913 0.01358695652173913
0 0.6243206521739131 0.2703804347826087 0.017663043478260868 0.015625
0 0.7717391304347826 0.26766304347826086 0.010869565217391304 0.010190217391304348
0 0.751358695652174 0.24932065217391305 0.006793478260869565 0.006793478260869565
0 0.5808423913043478 0.2561141304347826 0.010869565217391304 0.010190217391304348
0 0.5849184782608695 0.2452445652173913 0.008831521739130434 0.008152173913043478
0 0.6188858695652174 0.25339673913043476 0.010190217391304348 0.010190217391304348
0 0.5896739130434783 0.2669836956521739 0.01358695652173913 0.01154891304347826
0 0.5523097826086957 0.23845108695652173 0.008152173913043478 0.008152173913043478
0 0.5441576086956522 0.23709239130434784 0.008152173913043478 0.006793478260869565
0 0.7302989130434783 0.22554347826086957 0.004755434782608696 0.005434782608695652
0 0.7730978260869565 0.22282608695652173 0.004755434782608696 0.004755434782608696
0 0.8043478260869565 0.22010869565217392 0.005434782608695652 0.005434782608695652
0 0.8226902173913043 0.23505434782608695 0.005434782608695652 0.006114130434782609
0 0.8349184782608695 0.22894021739130435 0.005434782608695652 0.005434782608695652
0 0.8627717391304348 0.25679347826086957 0.01154891304347826 0.01154891304347826
0 0.9884510869565217 0.24320652173913043 0.008152173913043478 0.006793478260869565
0 0.9741847826086957 0.234375 0.005434782608695652 0.006793478260869565
0 0.9721467391304348 0.2669836956521739 0.012907608695652174 0.01154891304347826
0 0.9735054347826086 0.2547554347826087 0.010869565217391304 0.01154891304347826
0 0.9775815217391305 0.2798913043478261 0.017663043478260868 0.017663043478260868
0 0.9572010869565217 0.265625 0.01358695652173913 0.01154891304347826
0 0.9327445652173914 0.27717391304347827 0.012907608695652174 0.01154891304347826
0 0.8926630434782609 0.26834239130434784 0.012907608695652174 0.01154891304347826
0 0.8783967391304348 0.26766304347826086 0.01358695652173913 0.012907608695652174
0 0.890625 0.28125 0.017663043478260868 0.016983695652173912
0 0.8770380434782609 0.27853260869565216 0.017663043478260868 0.014945652173913044
0 0.9116847826086957 0.281929347826087 0.01970108695652174 0.01970108695652174
0 0.9667119565217391 0.3016304347826087 0.025815217391304348 0.02309782608695652
0 0.9898097826086957 0.28872282608695654 0.017663043478260868 0.018342391304347828
0 0.9979619565217391 0.26970108695652173 0.0033967391304347825 0.012228260869565218
0 0.9918478260869565 0.2717391304347826 0.01154891304347826 0.012907608695652174
0 0.9952445652173914 0.30095108695652173 0.009510869565217392 0.020380434782608696
0 0.9341032608695652 0.31046195652173914 0.029211956521739132 0.026494565217391304
0 0.9001358695652174 0.2982336956521739 0.021059782608695652 0.021059782608695652
0 0.8790760869565217 0.3023097826086957 0.021739130434782608 0.025135869565217392
0 0.8478260869565217 0.2860054347826087 0.017663043478260868 0.015625
0 0.8396739130434783 0.26902173913043476 0.01154891304347826 0.01154891304347826
0 0.8376358695652174 0.27717391304347827 0.015625 0.014945652173913044
0 0.84375 0.26222826086956524 0.010869565217391304 0.010190217391304348
0 0.8457880434782609 0.25 0.009510869565217392 0.010190217391304348
0 0.7894021739130435 0.25339673913043476 0.009510869565217392 0.009510869565217392
0 0.8634510869565217 0.3736413043478261 0.07404891304347826 0.06657608695652174
0 0.9442934782608695 0.34646739130434784 0.05502717391304348 0.052309782608695655
0 0.9660326086956522 0.45040760869565216 0.06793478260869565 0.09578804347826086
0 0.8967391304347826 0.44089673913043476 0.06521739130434782 0.07133152173913043
0 0.04551630434782609 0.24116847826086957 0.010190217391304348 0.008152173913043478
0 0.051630434782608696 0.23573369565217392 0.008152173913043478 0.006114130434782609
0 0.03736413043478261 0.23165760869565216 0.004076086956521739 0.002717391304347826
0 0.035326086956521736 0.23369565217391305 0.006114130434782609 0.004755434782608696
0 0.017663043478260868 0.22894021739130435 0.007472826086956522 0.005434782608695652
0 0.009510869565217392 0.2296195652173913 0.001358695652173913 0.0006793478260869565
0 0.0033967391304347825 0.23709239130434784 0.006114130434782609 0.006114130434782609
0 0.0020380434782608695 0.22894021739130435 0.0033967391304347825 0.006114130434782609
0 0.015625 0.23505434782608695 0.006793478260869565 0.005434782608695652
0 0.020380434782608696 0.23369565217391305 0.006793478260869565 0.004755434782608696
0 0.03125 0.22010869565217392 0.004076086956521739 0.0033967391304347825
0 0.03872282608695652 0.21942934782608695 0.004076086956521739 0.002717391304347826
0 0.025135869565217392 0.21807065217391305 0.002717391304347826 0.0020380434782608695
0 0.04483695652173913 0.22146739130434784 0.0020380434782608695 0.0020380434782608695
0 0.05570652173913043 0.21807065217391305 0.0033967391304347825 0.002717391304347826
0 0.06997282608695653 0.23641304347826086 0.007472826086956522 0.006114130434782609
0 0.06657608695652174 0.2418478260869565 0.010869565217391304 0.008831521739130434
0 0.0625 0.23709239130434784 0.008831521739130434 0.006793478260869565
0 0.08016304347826086 0.24592391304347827 0.012907608695652174 0.009510869565217392
0 0.07336956521739131 0.24728260869565216 0.01358695652173913 0.010190217391304348
0 0.07608695652173914 0.24116847826086957 0.010869565217391304 0.008152173913043478
0 0.07472826086956522 0.22758152173913043 0.007472826086956522 0.005434782608695652
0 0.07201086956521739 0.22146739130434784 0.006114130434782609 0.004076086956521739
0 0.09714673913043478 0.2235054347826087 0.006793478260869565 0.004755434782608696
0 0.08967391304347826 0.21875 0.005434782608695652 0.004076086956521739
0 0.09442934782608696 0.21942934782608695 0.006114130434782609 0.004076086956521739
0 0.09782608695652174 0.21603260869565216 0.004076086956521739 0.002717391304347826
0 0.10597826086956522 0.21603260869565216 0.004076086956521739 0.002717391304347826
0 0.10869565217391304 0.22078804347826086 0.005434782608695652 0.004076086956521739
0 0.11956521739130435 0.22010869565217392 0.005434782608695652 0.004076086956521739
0 0.1324728260869565 0.21875 0.006114130434782609 0.004076086956521739
0 0.12839673913043478 0.21603260869565216 0.005434782608695652 0.004076086956521739
0 0.13722826086956522 0.21671195652173914 0.006114130434782609 0.004076086956521739
0 0.1480978260869565 0.21671195652173914 0.006793478260869565 0.005434782608695652
0 0.09986413043478261 0.2418478260869565 0.010190217391304348 0.008152173913043478
0 0.09442934782608696 0.2452445652173913 0.012907608695652174 0.009510869565217392
0 0.10597826086956522 0.2452445652173913 0.010869565217391304 0.008152173913043478
0 0.09442934782608696 0.23097826086956522 0.008152173913043478 0.006793478260869565
0 0.08627717391304347 0.23369565217391305 0.008831521739130434 0.006793478260869565
0 0.08220108695652174 0.22078804347826086 0.005434782608695652 0.004076086956521739
0 0.13111413043478262 0.23709239130434784 0.009510869565217392 0.006793478260869565
0 0.1487771739130435 0.23165760869565216 0.006114130434782609 0.004076086956521739
0 0.1514945652173913 0.234375 0.007472826086956522 0.005434782608695652
0 0.15692934782608695 0.23301630434782608 0.006793478260869565 0.005434782608695652
0 0.15828804347826086 0.21807065217391305 0.006793478260869565 0.004755434782608696
0 0.15964673913043478 0.2418478260869565 0.01154891304347826 0.008831521739130434
0 0.1358695652173913 0.25 0.01358695652173913 0.010190217391304348
0 0.12839673913043478 0.25271739130434784 0.014945652173913044 0.01154891304347826
0 0.025135869565217392 0.25203804347826086 0.014266304347826086 0.010869565217391304
0 0.021059782608695652 0.24592391304347827 0.012228260869565218 0.009510869565217392
0 0.01358695652173913 0.24320652173913043 0.010869565217391304 0.008831521739130434
0 0.030570652173913044 0.23505434782608695 0.006793478260869565 0.005434782608695652
0 0.046875 0.23709239130434784 0.008831521739130434 0.006793478260869565
0 0.11073369565217392 0.2296195652173913 0.008152173913043478 0.005434782608695652
0 0.125 0.22554347826086957 0.007472826086956522 0.005434782608695652
0 0.05502717391304348 0.24660326086956522 0.012907608695652174 0.009510869565217392
0 0.006114130434782609 0.28872282608695654 0.012228260869565218 0.02309782608695652
0 0.14130434782608695 0.30842391304347827 0.02717391304347826 0.020380434782608696
0 0.09578804347826086 0.343070652173913 0.044157608695652176 0.03328804347826087
0 0.0625 0.32472826086956524 0.04008152173913043 0.029211956521739132
0 0.014945652173913044 0.327445652173913 0.029891304347826088 0.030570652173913044
0 0.08695652173913043 0.33084239130434784 0.04076086956521739 0.030570652173913044
0 0.1514945652173913 0.3695652173913043 0.06793478260869565 0.050951086956521736
0 0.203125 0.3654891304347826 0.06521739130434782 0.04891304347826087
0 0.171875 0.35190217391304346 0.06385869565217392 0.04755434782608696
0 0.29891304347826086 0.3763586956521739 0.06657608695652174 0.049592391304347824
0 0.29279891304347827 0.49592391304347827 0.20448369565217392 0.15353260869565216
0 0.3077445652173913 0.31997282608695654 0.03804347826086957 0.029211956521739132
0 0.26834239130434784 0.2751358695652174 0.017663043478260868 0.01358695652173913
0 0.2296195652173913 0.27445652173913043 0.016983695652173912 0.012228260869565218
0 0.16032608695652173 0.25339673913043476 0.014266304347826086 0.01154891304347826
0 0.171875 0.24796195652173914 0.01358695652173913 0.009510869565217392
0 0.24796195652173914 0.24048913043478262 0.012228260869565218 0.008831521739130434
0 0.3179347826086957 0.2608695652173913 0.016983695652173912 0.012907608695652174
0 0.2269021739130435 0.24864130434782608 0.01358695652173913 0.010190217391304348
0 0.20923913043478262 0.24388586956521738 0.01154891304347826 0.008831521739130434
0 0.22894021739130435 0.23845108695652173 0.012228260869565218 0.008831521739130434
0 0.29483695652173914 0.297554347826087 0.028532608695652172 0.021059782608695652
0 0.6168478260869565 0.6277173913043478 0.24456521739130435 0.18410326086956522
0 0.4123641304347826 0.45516304347826086 0.10190217391304347 0.07676630434782608
0 0.38315217391304346 0.406929347826087 0.078125 0.058423913043478264
0 0.3763586956521739 0.34782608695652173 0.04619565217391304 0.034646739130434784
0 0.5421195652173914 0.3580163043478261 0.0625 0.04755434782608696
0 0.5332880434782609 0.27377717391304346 0.018342391304347828 0.014266304347826086
0 0.563858695652174 0.29008152173913043 0.02377717391304348 0.017663043478260868
0 0.5584239130434783 0.27717391304347827 0.020380434782608696 0.014945652173913044
0 0.5509510869565217 0.26766304347826086 0.016983695652173912 0.012907608695652174
0 0.5584239130434783 0.2554347826086957 0.01358695652173913 0.010190217391304348
0 0.5631793478260869 0.24728260869565216 0.01154891304347826 0.008152173913043478
0 0.48165760869565216 0.26834239130434784 0.016304347826086956 0.012228260869565218
0 0.49592391304347827 0.25407608695652173 0.01358695652173913 0.010190217391304348
0 0.4375 0.26154891304347827 0.016983695652173912 0.012228260869565218
0 0.41372282608695654 0.264945652173913 0.017663043478260868 0.012907608695652174
0 0.3967391304347826 0.24592391304347827 0.012907608695652174 0.008831521739130434
0 0.41032608695652173 0.2452445652173913 0.012228260869565218 0.008831521739130434
0 0.45108695652173914 0.24320652173913043 0.01154891304347826 0.008831521739130434
0 0.3688858695652174 0.2595108695652174 0.016304347826086956 0.012228260869565218
0 0.37839673913043476 0.25815217391304346 0.016304347826086956 0.012228260869565218
0 0.3688858695652174 0.24796195652173914 0.012907608695652174 0.009510869565217392
0 0.3607336956521739 0.25339673913043476 0.01358695652173913 0.010869565217391304
0 0.38315217391304346 0.24660326086956522 0.012228260869565218 0.009510869565217392
0 0.29415760869565216 0.24932065217391305 0.01358695652173913 0.010190217391304348
0 0.280570652173913 0.2418478260869565 0.01154891304347826 0.008831521739130434
0 0.171875 0.22010869565217392 0.006114130434782609 0.004755434782608696
0 0.18206521739130435 0.22486413043478262 0.008152173913043478 0.006114130434782609
0 0.18953804347826086 0.22146739130434784 0.006793478260869565 0.005434782608695652
0 0.18478260869565216 0.21671195652173914 0.006114130434782609 0.004076086956521739
0 0.19769021739130435 0.21875 0.006793478260869565 0.005434782608695652
0 0.2105978260869565 0.2269021739130435 0.008831521739130434 0.006114130434782609
0 0.21739130434782608 0.23233695652173914 0.010190217391304348 0.008152173913043478
0 0.22078804347826086 0.21535326086956522 0.006114130434782609 0.004755434782608696
0 0.2608695652173913 0.21535326086956522 0.006793478260869565 0.004755434782608696
0 0.26154891304347827 0.2296195652173913 0.009510869565217392 0.006793478260869565
0 0.23709239130434784 0.23301630434782608 0.010869565217391304 0.008152173913043478
0 0.27785326086956524 0.234375 0.009510869565217392 0.007472826086956522
0 0.2710597826086957 0.2078804347826087 0.005434782608695652 0.004076086956521739
0 0.28125 0.20923913043478262 0.005434782608695652 0.004076086956521739
0 0.27309782608695654 0.21671195652173914 0.006793478260869565 0.004755434782608696
0 0.25407608695652173 0.23233695652173914 0.010869565217391304 0.008152173913043478
0 0.29959239130434784 0.21875 0.006793478260869565 0.005434782608695652
0 0.3016304347826087 0.22418478260869565 0.007472826086956522 0.005434782608695652
0 0.28532608695652173 0.2235054347826087 0.007472826086956522 0.005434782608695652
0 0.30502717391304346 0.21739130434782608 0.006114130434782609 0.004755434782608696
0 0.31453804347826086 0.21263586956521738 0.005434782608695652 0.004076086956521739
0 0.3220108695652174 0.2139945652173913 0.006114130434782609 0.004076086956521739
0 0.327445652173913 0.22146739130434784 0.006114130434782609 0.004755434782608696
0 0.327445652173913 0.21331521739130435 0.006114130434782609 0.004076086956521739
0 0.33084239130434784 0.2139945652173913 0.006114130434782609 0.004076086956521739
0 0.34578804347826086 0.22214673913043478 0.006793478260869565 0.004755434782608696
0 0.3763586956521739 0.23301630434782608 0.009510869565217392 0.006793478260869565
0 0.344429347826087 0.2391304347826087 0.010190217391304348 0.008152173913043478
0 0.33967391304347827 0.23777173913043478 0.010190217391304348 0.007472826086956522
0 0.31997282608695654 0.234375 0.008831521739130434 0.006793478260869565
0 0.3498641304347826 0.21535326086956522 0.005434782608695652 0.0033967391304347825
0 0.3423913043478261 0.2139945652173913 0.006114130434782609 0.004755434782608696
0 0.35733695652173914 0.21331521739130435 0.005434782608695652 0.0033967391304347825
0 0.36141304347826086 0.21263586956521738 0.005434782608695652 0.004076086956521739
0 0.36820652173913043 0.21331521739130435 0.004755434782608696 0.004076086956521739
0 0.375679347826087 0.21263586956521738 0.005434782608695652 0.004076086956521739
0 0.37296195652173914 0.22146739130434784 0.006793478260869565 0.005434782608695652
0 0.3688858695652174 0.21807065217391305 0.006114130434782609 0.004076086956521739
0 0.3736413043478261 0.21671195652173914 0.006114130434782609 0.004076086956521739
0 0.35529891304347827 0.21807065217391305 0.006114130434782609 0.004076086956521739
0 0.35190217391304346 0.22078804347826086 0.006114130434782609 0.004755434782608696
0 0.360054347826087 0.21807065217391305 0.006114130434782609 0.004755434782608696
0 0.39945652173913043 0.23369565217391305 0.009510869565217392 0.006793478260869565
0 0.38858695652173914 0.20584239130434784 0.006114130434782609 0.004755434782608696
0 0.4164402173913043 0.23505434782608695 0.009510869565217392 0.007472826086956522
0 0.41304347826086957 0.22554347826086957 0.006114130434782609 0.004076086956521739
0 0.4157608695652174 0.21467391304347827 0.0020380434782608695 0.0020380434782608695
0 0.40285326086956524 0.21603260869565216 0.0006793478260869565 0.0006793478260869565
0 0.40828804347826086 0.20720108695652173 0.009510869565217392 0.006793478260869565
0 0.40828804347826086 0.21603260869565216 0.0020380434782608695 0.001358695652173913
0 0.4266304347826087 0.21671195652173914 0.004755434782608696 0.0033967391304347825
0 0.42595108695652173 0.21331521739130435 0.002717391304347826 0.002717391304347826
0 0.438179347826087 0.21535326086956522 0.006114130434782609 0.004755434782608696
0 0.4266304347826087 0.22282608695652173 0.006114130434782609 0.004755434782608696
0 0.43953804347826086 0.22418478260869565 0.006114130434782609 0.004755434782608696
0 0.4436141304347826 0.22826086956521738 0.008152173913043478 0.006114130434782609
0 0.452445652173913 0.22418478260869565 0.006793478260869565 0.005434782608695652
0 0.44904891304347827 0.21739130434782608 0.006114130434782609 0.004076086956521739
0 0.4517663043478261 0.2139945652173913 0.004755434782608696 0.004076086956521739
0 0.4626358695652174 0.21807065217391305 0.006114130434782609 0.004755434782608696
0 0.46603260869565216 0.21535326086956522 0.006114130434782609 0.004076086956521739
0 0.4633152173913043 0.21331521739130435 0.005434782608695652 0.004076086956521739
0 0.48165760869565216 0.21467391304347827 0.006114130434782609 0.004076086956521739
0 0.4891304347826087 0.21535326086956522 0.006114130434782609 0.004755434782608696
0 0.483695652173913 0.22146739130434784 0.007472826086956522 0.005434782608695652
0 0.4782608695652174 0.22010869565217392 0.006793478260869565 0.005434782608695652
0 0.49660326086956524 0.234375 0.008152173913043478 0.006114130434782609
0 0.5033967391304348 0.21603260869565216 0.006114130434782609 0.004755434782608696
0 0.4938858695652174 0.21875 0.006793478260869565 0.005434782608695652
0 0.4952445652173913 0.21263586956521738 0.006114130434782609 0.004076086956521739
0 0.49796195652173914 0.21603260869565216 0.006114130434782609 0.004076086956521739
0 0.5040760869565217 0.23980978260869565 0.009510869565217392 0.007472826086956522
0 0.5278532608695652 0.22214673913043478 0.006114130434782609 0.004076086956521739
0 0.5319293478260869 0.21875 0.006114130434782609 0.004076086956521739
0 0.5292119565217391 0.21603260869565216 0.006114130434782609 0.004076086956521739
0 0.5353260869565217 0.2139945652173913 0.004076086956521739 0.002717391304347826
0 0.516983695652174 0.23505434782608695 0.010190217391304348 0.007472826086956522
0 0.5366847826086957 0.24456521739130435 0.010869565217391304 0.008152173913043478
0 0.7255434782608695 0.37228260869565216 0.050271739130434784 0.03804347826086957
0 0.5957880434782609 0.3267663043478261 0.04076086956521739 0.030570652173913044
0 0.59375 0.2921195652173913 0.021739130434782608 0.016304347826086956
0 0.6480978260869565 0.30910326086956524 0.029891304347826088 0.022418478260869564
0 0.5930706521739131 0.27785326086956524 0.018342391304347828 0.01358695652173913
0 0.5801630434782609 0.27309782608695654 0.017663043478260868 0.01358695652173913
0 0.6603260869565217 0.27785326086956524 0.017663043478260868 0.01358695652173913
0 0.7846467391304348 0.280570652173913 0.018342391304347828 0.01358695652173913
0 0.7635869565217391 0.28464673913043476 0.019021739130434784 0.014266304347826086
0 0.7221467391304348 0.27377717391304346 0.016304347826086956 0.012907608695652174
0 0.7819293478260869 0.27377717391304346 0.016304347826086956 0.012228260869565218
0 0.8220108695652174 0.30842391304347827 0.02377717391304348 0.017663043478260868
0 0.7438858695652174 0.2595108695652174 0.01154891304347826 0.008831521739130434
0 0.7581521739130435 0.26154891304347827 0.012907608695652174 0.009510869565217392
0 0.734375 0.25747282608695654 0.010869565217391304 0.008152173913043478
0 0.7180706521739131 0.2513586956521739 0.009510869565217392 0.007472826086956522
0 0.6834239130434783 0.266304347826087 0.01358695652173913 0.010869565217391304
0 0.6983695652173914 0.25747282608695654 0.010869565217391304 0.008152173913043478
0 0.6936141304347826 0.2554347826086957 0.010190217391304348 0.008152173913043478
0 0.6929347826086957 0.2595108695652174 0.01154891304347826 0.008831521739130434
0 0.686141304347826 0.2595108695652174 0.012907608695652174 0.008831521739130434
0 0.6779891304347826 0.2595108695652174 0.012907608695652174 0.010190217391304348
0 0.6834239130434783 0.2561141304347826 0.01154891304347826 0.008152173913043478
0 0.6684782608695652 0.26290760869565216 0.014266304347826086 0.010869565217391304
0 0.6066576086956522 0.26834239130434784 0.016304347826086956 0.012907608695652174
0 0.7764945652173914 0.25815217391304346 0.010190217391304348 0.008152173913043478
0 0.7601902173913043 0.25271739130434784 0.008831521739130434 0.006793478260869565
0 0.7493206521739131 0.25407608695652173 0.009510869565217392 0.007472826086956522
0 0.7533967391304348 0.24796195652173914 0.009510869565217392 0.006793478260869565
0 0.7350543478260869 0.25339673913043476 0.008831521739130434 0.006793478260869565
0 0.7269021739130435 0.2547554347826087 0.009510869565217392 0.007472826086956522
0 0.5917119565217391 0.25271739130434784 0.012228260869565218 0.008831521739130434
0 0.5808423913043478 0.2513586956521739 0.01154891304347826 0.008831521739130434
0 0.5835597826086957 0.23845108695652173 0.007472826086956522 0.006114130434782609
0 0.5957880434782609 0.2418478260869565 0.008152173913043478 0.006114130434782609
0 0.6052989130434783 0.24456521739130435 0.009510869565217392 0.006793478260869565
0 0.6127717391304348 0.24320652173913043 0.008152173913043478 0.006114130434782609
0 0.6134510869565217 0.25815217391304346 0.01358695652173913 0.010190217391304348
0 0.6304347826086957 0.2513586956521739 0.01154891304347826 0.008831521739130434
0 0.5163043478260869 0.23980978260869565 0.009510869565217392 0.007472826086956522
0 0.5421195652173914 0.21875 0.005434782608695652 0.004076086956521739
0 0.5516304347826086 0.21807065217391305 0.005434782608695652 0.004076086956521739
0 0.561141304347826 0.22010869565217392 0.006114130434782609 0.004755434782608696
0 0.6229619565217391 0.24116847826086957 0.006114130434782609 0.004076086956521739
0 0.7432065217391305 0.21807065217391305 0.004076086956521739 0.002717391304347826
0 0.733016304347826 0.21739130434782608 0.0020380434782608695 0.0020380434782608695
0 0.7255434782608695 0.21942934782608695 0.001358695652173913 0.0006793478260869565
0 0.7010869565217391 0.22078804347826086 0.0006793478260869565 0.0006793478260869565
0 0.6936141304347826 0.21671195652173914 0.0033967391304347825 0.002717391304347826
0 0.6868206521739131 0.22282608695652173 0.0020380434782608695 0.0020380434782608695
0 0.7228260869565217 0.22758152173913043 0.005434782608695652 0.004076086956521739
0 0.7105978260869565 0.22758152173913043 0.0033967391304347825 0.002717391304347826
0 0.7167119565217391 0.22418478260869565 0.004076086956521739 0.002717391304347826
0 0.7561141304347826 0.22554347826086957 0.006114130434782609 0.004076086956521739
0 0.7629076086956522 0.22282608695652173 0.005434782608695652 0.004076086956521739
0 0.7710597826086957 0.22826086956521738 0.006114130434782609 0.004755434782608696
0 0.7506793478260869 0.22010869565217392 0.004755434782608696 0.002717391304347826
0 0.7520380434782609 0.23165760869565216 0.006114130434782609 0.004755434782608696
0 0.7459239130434783 0.22826086956521738 0.005434782608695652 0.004076086956521739
0 0.7391304347826086 0.2269021739130435 0.005434782608695652 0.0033967391304347825
0 0.7792119565217391 0.22214673913043478 0.005434782608695652 0.004076086956521739
0 0.7771739130434783 0.22894021739130435 0.006114130434782609 0.004755434782608696
0 0.7819293478260869 0.23097826086956522 0.006793478260869565 0.005434782608695652
0 0.779891304347826 0.2513586956521739 0.010190217391304348 0.008152173913043478
0 0.5625 0.2269021739130435 0.007472826086956522 0.005434782608695652
0 0.6698369565217391 0.24932065217391305 0.009510869565217392 0.007472826086956522
0 0.670516304347826 0.2452445652173913 0.008152173913043478 0.006793478260869565
0 0.6610054347826086 0.2418478260869565 0.006793478260869565 0.005434782608695652
0 0.6820652173913043 0.24932065217391305 0.008831521739130434 0.006114130434782609
0 0.6759510869565217 0.2452445652173913 0.006114130434782609 0.004755434782608696
0 0.6834239130434783 0.24320652173913043 0.0033967391304347825 0.002717391304347826
0 0.7010869565217391 0.23301630434782608 0.006114130434782609 0.004076086956521739
0 0.7846467391304348 0.22010869565217392 0.004755434782608696 0.004076086956521739
0 0.7914402173913043 0.22078804347826086 0.0033967391304347825 0.002717391304347826
0 0.7860054347826086 0.23233695652173914 0.006793478260869565 0.005434782608695652
0 0.7894021739130435 0.22554347826086957 0.006114130434782609 0.004076086956521739
0 0.8043478260869565 0.22758152173913043 0.006114130434782609 0.004755434782608696
0 0.798233695652174 0.2296195652173913 0.006793478260869565 0.005434782608695652
0 0.7941576086956522 0.22486413043478262 0.005434782608695652 0.0033967391304347825
0 0.8104619565217391 0.2262228260869565 0.006114130434782609 0.004076086956521739
0 0.8097826086956522 0.23505434782608695 0.008152173913043478 0.006114130434782609
0 0.8213315217391305 0.23165760869565216 0.007472826086956522 0.005434782608695652
0 0.8179347826086957 0.23709239130434784 0.008152173913043478 0.006793478260869565
0 0.8260869565217391 0.2269021739130435 0.006114130434782609 0.004076086956521739
0 0.8376358695652174 0.22554347826086957 0.005434782608695652 0.004076086956521739
0 0.84375 0.23233695652173914 0.007472826086956522 0.005434782608695652
0 0.8485054347826086 0.22826086956521738 0.006114130434782609 0.004755434782608696
0 0.8539402173913043 0.22418478260869565 0.004755434782608696 0.004076086956521739
0 0.8532608695652174 0.24116847826086957 0.009510869565217392 0.006793478260869565
0 0.8389945652173914 0.23641304347826086 0.008831521739130434 0.006793478260869565
0 0.8600543478260869 0.234375 0.007472826086956522 0.005434782608695652
0 0.8641304347826086 0.23097826086956522 0.006114130434782609 0.004076086956521739
0 0.8682065217391305 0.22826086956521738 0.004755434782608696 0.004076086956521739
0 0.8722826086956522 0.2269021739130435 0.004076086956521739 0.002717391304347826
0 0.8661684782608695 0.24048913043478262 0.008831521739130434 0.006793478260869565
0 0.8743206521739131 0.23980978260869565 0.008831521739130434 0.006793478260869565
0 0.860733695652174 0.23845108695652173 0.008152173913043478 0.006114130434782609
0 0.813858695652174 0.22758152173913043 0.006114130434782609 0.004755434782608696
0 0.8804347826086957 0.23641304347826086 0.008152173913043478 0.005434782608695652
0 0.8885869565217391 0.23505434782608695 0.006114130434782609 0.004755434782608696
0 0.8926630434782609 0.22826086956521738 0.004755434782608696 0.0033967391304347825
0 0.8811141304347826 0.2296195652173913 0.005434782608695652 0.004076086956521739
0 0.9028532608695652 0.2296195652173913 0.006114130434782609 0.004076086956521739
0 0.8926630434782609 0.23369565217391305 0.004076086956521739 0.0033967391304347825
0 0.9001358695652174 0.23641304347826086 0.006114130434782609 0.005434782608695652
0 0.8926630434782609 0.25203804347826086 0.009510869565217392 0.006793478260869565
0 0.889266304347826 0.2601902173913043 0.012907608695652174 0.009510869565217392
0 0.8770380434782609 0.25747282608695654 0.012228260869565218 0.008831521739130434
0 0.8097826086956522 0.23980978260869565 0.008831521739130434 0.006793478260869565
0 0.9476902173913043 0.2262228260869565 0.002717391304347826 0.0020380434782608695
0 0.9408967391304348 0.22554347826086957 0.0020380434782608695 0.001358695652173913
0 0.9266304347826086 0.2262228260869565 0.002717391304347826 0.0020380434782608695
0 0.9164402173913043 0.2262228260869565 0.0020380434782608695 0.0020380434782608695
0 0.9096467391304348 0.23369565217391305 0.006793478260869565 0.005434782608695652
0 0.9585597826086957 0.2262228260869565 0.002717391304347826 0.0020380434782608695
0 0.904891304347826 0.23233695652173914 0.006114130434782609 0.005434782608695652
0 0.9096467391304348 0.24048913043478262 0.005434782608695652 0.004076086956521739
0 0.9008152173913043 0.24456521739130435 0.004076086956521739 0.002717391304347826
0 0.8947010869565217 0.23980978260869565 0.007472826086956522 0.005434782608695652
0 0.890625 0.24320652173913043 0.008831521739130434 0.006793478260869565
0 0.8811141304347826 0.24048913043478262 0.008831521739130434 0.006793478260869565
0 0.9184782608695652 0.2425271739130435 0.006793478260869565 0.005434782608695652
0 0.9150815217391305 0.24116847826086957 0.006114130434782609 0.004755434782608696
0 0.9123641304347826 0.23709239130434784 0.0020380434782608695 0.0020380434782608695
0 0.9286684782608695 0.24592391304347827 0.008831521739130434 0.006793478260869565
0 0.9239130434782609 0.24388586956521738 0.007472826086956522 0.005434782608695652
0 0.9259510869565217 0.2425271739130435 0.006114130434782609 0.004755434782608696
0 0.9341032608695652 0.23980978260869565 0.005434782608695652 0.004076086956521739
0 0.9408967391304348 0.24116847826086957 0.008152173913043478 0.006114130434782609
0 0.9286684782608695 0.2391304347826087 0.008152173913043478 0.006793478260869565
0 0.9449728260869565 0.2418478260869565 0.008831521739130434 0.006793478260869565
0 0.9551630434782609 0.24048913043478262 0.008152173913043478 0.006793478260869565
0 0.967391304347826 0.2418478260869565 0.008831521739130434 0.006793478260869565
0 0.9735054347826086 0.24456521739130435 0.009510869565217392 0.006793478260869565
0 0.983016304347826 0.2418478260869565 0.008831521739130434 0.006793478260869565
0 0.983016304347826 0.24728260869565216 0.010190217391304348 0.007472826086956522
0 0.9959239130434783 0.24728260869565216 0.008152173913043478 0.006793478260869565
0 0.9993206521739131 0.23097826086956522 0.001358695652173913 0.002717391304347826
0 0.9177989130434783 0.25 0.006114130434782609 0.004755434782608696
0 0.9239130434782609 0.2554347826086957 0.008152173913043478 0.006793478260869565
0 0.8994565217391305 0.25271739130434784 0.009510869565217392 0.006793478260869565
0 0.9327445652173914 0.24932065217391305 0.009510869565217392 0.006793478260869565
0 0.954483695652174 0.25271739130434784 0.010869565217391304 0.008152173913043478
0 0.9578804347826086 0.26222826086956524 0.01358695652173913 0.010190217391304348
0 0.9823369565217391 0.2554347826086957 0.01154891304347826 0.008831521739130434
0 0.9891304347826086 0.25339673913043476 0.010869565217391304 0.008831521739130434
0 0.9864130434782609 0.2669836956521739 0.014945652173913044 0.010869565217391304
0 0.9762228260869565 0.2710597826086957 0.015625 0.01154891304347826
0 0.9850543478260869 0.27377717391304346 0.016304347826086956 0.012228260869565218
0 0.9646739130434783 0.27445652173913043 0.016304347826086956 0.012228260869565218
0 0.9524456521739131 0.27717391304347827 0.017663043478260868 0.012907608695652174
0 0.9490489130434783 0.27853260869565216 0.017663043478260868 0.01358695652173913
0 0.9354619565217391 0.26970108695652173 0.014945652173913044 0.010869565217391304
0 0.9395380434782609 0.266304347826087 0.014945652173913044 0.010869565217391304
0 0.921875 0.2669836956521739 0.014266304347826086 0.010869565217391304
0 0.9150815217391305 0.25747282608695654 0.010190217391304348 0.008152173913043478
0 0.9069293478260869 0.2547554347826087 0.008831521739130434 0.006793478260869565
0 0.9252717391304348 0.27377717391304346 0.016304347826086956 0.012907608695652174
0 0.9300271739130435 0.2860054347826087 0.021739130434782608 0.015625
0 0.9225543478260869 0.2798913043478261 0.019021739130434784 0.014266304347826086
0 0.9497282608695652 0.29891304347826086 0.025815217391304348 0.019021739130434784
0 0.9524456521739131 0.29279891304347827 0.02377717391304348 0.017663043478260868
0 0.9911684782608695 0.28328804347826086 0.017663043478260868 0.01358695652173913
0 0.9979619565217391 0.28328804347826086 0.0033967391304347825 0.01358695652173913
0 0.9211956521739131 0.30434782608695654 0.02717391304347826 0.01970108695652174
0 0.8716032608695652 0.29008152173913043 0.021739130434782608 0.015625
0 0.859375 0.2826086956521739 0.019021739130434784 0.01358695652173913
0 0.84375 0.2595108695652174 0.012907608695652174 0.009510869565217392
0 0.8322010869565217 0.2561141304347826 0.012228260869565218 0.008831521739130434
0 0.8342391304347826 0.25 0.010869565217391304 0.008152173913043478
0 0.7907608695652174 0.25 0.009510869565217392 0.007472826086956522
0 0.8009510869565217 0.2608695652173913 0.01154891304347826 0.008831521739130434
0 0.813858695652174 0.2642663043478261 0.01358695652173913 0.010190217391304348
0 0.8552989130434783 0.3580163043478261 0.06317934782608696 0.04755434782608696
0 0.9741847826086957 0.343070652173913 0.051630434782608696 0.03940217391304348
0 0.9755434782608695 0.4076086956521739 0.04891304347826087 0.06046195652173913
0 0.9415760869565217 0.5658967391304348 0.11616847826086957 0.10258152173913043