0 0.035326086956521736 0.5774456521739131 0.06997282608695653 0.08899456521739131
0 0.04483695652173913 0.485054347826087 0.07744565217391304 0.06657608695652174
0 0.3226902173913043 0.5536684782608695 0.10597826086956522 0.08423913043478261
0 0.90625 0.5407608695652174 0.11005434782608696 0.10258152173913043
0 0.4273097826086957 0.5210597826086957 0.08967391304347826 0.06657608695652174
0 0.36616847826086957 0.4673913043478261 0.06725543478260869 0.05502717391304348
0 0.2139945652173913 0.4673913043478261 0.03736413043478261 0.03260869565217391
0 0.4898097826086957 0.5061141304347826 0.057744565217391304 0.050951086956521736
0 0.8172554347826086 0.4422554347826087 0.05366847826086957 0.04483695652173913
0 0.3063858695652174 0.43002717391304346 0.03260869565217391 0.025815217391304348
0 0.3702445652173913 0.42527173913043476 0.042798913043478264 0.035326086956521736
0 0.42391304347826086 0.468070652173913 0.042798913043478264 0.035326086956521736
0 0.17051630434782608 0.47282608695652173 0.03260869565217391 0.02309782608695652
0 0.25883152173913043 0.405570652173913 0.02377717391304348 0.016983695652173912
0 0.171875 0.38654891304347827 0.01154891304347826 0.010190217391304348
0 0.20244565217391305 0.38654891304347827 0.01358695652173913 0.010190217391304348
0 0.23029891304347827 0.38654891304347827 0.01154891304347826 0.010190217391304348
0 0.24388586956521738 0.38722826086956524 0.01154891304347826 0.008831521739130434
0 0.2798913043478261 0.389945652173913 0.01154891304347826 0.010190217391304348
0 0.297554347826087 0.3845108695652174 0.01154891304347826 0.010869565217391304
0 0.3125 0.3763586956521739 0.01154891304347826 0.010869565217391304
0 0.30027173913043476 0.37771739130434784 0.010190217391304348 0.007472826086956522
0 0.328125 0.38179347826086957 0.01358695652173913 0.01154891304347826
0 0.34646739130434784 0.3811141304347826 0.010190217391304348 0.008831521739130434
0 0.34782608695652173 0.38790760869565216 0.01154891304347826 0.010190217391304348
0 0.35733695652173914 0.37907608695652173 0.010190217391304348 0.008831521739130434
0 0.38179347826086957 0.38383152173913043 0.01154891304347826 0.010190217391304348
0 0.39809782608695654 0.375679347826087 0.01154891304347826 0.010190217391304348
0 0.37839673913043476 0.3736413043478261 0.01154891304347826 0.010190217391304348
0 0.32540760869565216 0.374320652173913 0.010190217391304348 0.007472826086956522
0 0.41508152173913043 0.421875 0.025135869565217392 0.02309782608695652
0 0.47214673913043476 0.38315217391304346 0.008831521739130434 0.007472826086956522
0 0.4585597826086957 0.3763586956521739 0.010190217391304348 0.008831521739130434
0 0.48029891304347827 0.37839673913043476 0.008831521739130434 0.007472826086956522
0 0.5230978260869565 0.39402173913043476 0.01154891304347826 0.010190217391304348
0 0.5190217391304348 0.38315217391304346 0.010190217391304348 0.007472826086956522
0 0.5061141304347826 0.37771739130434784 0.010190217391304348 0.007472826086956522
0 0.44565217391304346 0.3702445652173913 0.008831521739130434 0.007472826086956522
0 0.43410326086956524 0.37092391304347827 0.010190217391304348 0.007472826086956522
0 0.5509510869565217 0.38179347826086957 0.010190217391304348 0.008831521739130434
0 0.5869565217391305 0.3858695652173913 0.010190217391304348 0.008831521739130434
0 0.5047554347826086 0.421875 0.03736413043478261 0.026494565217391304
0 0.578125 0.4110054347826087 0.01970108695652174 0.01970108695652174
0 0.608016304347826 0.40625 0.02377717391304348 0.026494565217391304
0 0.6114130434782609 0.37771739130434784 0.010190217391304348 0.008831521739130434
0 0.6447010869565217 0.37907608695652173 0.01154891304347826 0.010190217391304348
0 0.5896739130434783 0.36345108695652173 0.008831521739130434 0.007472826086956522
0 0.5570652173913043 0.374320652173913 0.008831521739130434 0.007472826086956522
0 0.5427989130434783 0.375 0.008831521739130434 0.007472826086956522
0 0.576766304347826 0.3702445652173913 0.008831521739130434 0.006793478260869565
0 0.5991847826086957 0.3736413043478261 0.008831521739130434 0.007472826086956522
0 0.7459239130434783 0.37092391304347827 0.01358695652173913 0.01154891304347826
0 0.7567934782608695 0.36345108695652173 0.010190217391304348 0.008831521739130434
0 0.7622282608695652 0.3695652173913043 0.01154891304347826 0.010190217391304348
0 0.7778532608695652 0.36820652173913043 0.01358695652173913 0.010190217391304348
0 0.7629076086956522 0.35733695652173914 0.006114130434782609 0.006793478260869565
0 0.7445652173913043 0.3580163043478261 0.006114130434782609 0.006114130434782609
0 0.6895380434782609 0.421195652173913 0.035326086956521736 0.029211956521739132
0 0.7241847826086957 0.390625 0.02377717391304348 0.01970108695652174
0 0.7425271739130435 0.4076086956521739 0.028532608695652172 0.025135869565217392
0 0.7214673913043478 0.41304347826086957 0.022418478260869564 0.021739130434782608
0 0.7235054347826086 0.4544836956521739 0.029891304347826088 0.03328804347826087
0 0.7921195652173914 0.42527173913043476 0.028532608695652172 0.026494565217391304
0 0.8396739130434783 0.40625 0.029891304347826088 0.025815217391304348
0 0.8654891304347826 0.3919836956521739 0.028532608695652172 0.02309782608695652
0 0.8165760869565217 0.38858695652173914 0.028532608695652172 0.025135869565217392
0 0.7894021739130435 0.3858695652173913 0.025135869565217392 0.018342391304347828
0 0.7927989130434783 0.39741847826086957 0.025135869565217392 0.022418478260869564
0 0.828125 0.36616847826086957 0.010190217391304348 0.007472826086956522
0 0.8376358695652174 0.36820652173913043 0.010190217391304348 0.008831521739130434
0 0.8240489130434783 0.358695652173913 0.008831521739130434 0.006793478260869565
0 0.8566576086956522 0.3688858695652174 0.010190217391304348 0.007472826086956522
0 0.875 0.3702445652173913 0.01154891304347826 0.010190217391304348
0 0.891983695652174 0.36277173913043476 0.008831521739130434 0.006793478260869565
0 0.9021739130434783 0.36277173913043476 0.008831521739130434 0.007472826086956522
0 0.9028532608695652 0.3702445652173913 0.010190217391304348 0.010190217391304348
0 0.8947010869565217 0.37907608695652173 0.01154891304347826 0.010190217391304348
0 0.9116847826086957 0.3580163043478261 0.006114130434782609 0.006793478260869565
0 0.9021739130434783 0.39877717391304346 0.019021739130434784 0.018342391304347828
0 0.9171195652173914 0.38315217391304346 0.017663043478260868 0.014945652173913044
0 0.9164402173913043 0.3763586956521739 0.01358695652173913 0.010190217391304348
0 0.9585597826086957 0.42391304347826086 0.03736413043478261 0.03192934782608696
0 0.9572010869565217 0.3960597826086957 0.02717391304347826 0.021739130434782608
0 0.9769021739130435 0.39334239130434784 0.017663043478260868 0.014945652173913044
0 0.9918478260869565 0.38722826086956524 0.016304347826086956 0.01358695652173913
0 0.985733695652174 0.375 0.010190217391304348 0.010190217391304348
0 0.9626358695652174 0.35733695652173914 0.008831521739130434 0.006793478260869565
0 0.9952445652173914 0.3607336956521739 0.009510869565217392 0.009510869565217392
0 0.9436141304347826 0.36684782608695654 0.010190217391304348 0.007472826086956522
0 0.9449728260869565 0.3811141304347826 0.01154891304347826 0.010190217391304348
0 0.9578804347826086 0.37092391304347827 0.010190217391304348 0.008831521739130434
0 0.2425271739130435 0.8858695652173914 0.24864130434782608 0.16168478260869565
0 0.17255434782608695 0.7398097826086957 0.1827445652173913 0.13179347826086957
0 0.22146739130434784 0.6385869565217391 0.13519021739130435 0.08967391304347826
0 0.16032608695652173 0.5183423913043478 0.08763586956521739 0.058423913043478264
0 0.27241847826086957 0.49320652173913043 0.07269021739130435 0.04823369565217391
0 0.44633152173913043 0.6222826086956522 0.1324728260869565 0.11141304347826086
0 0.7072010869565217 0.7459239130434783 0.17255434782608695 0.11480978260869565
0 0.9578804347826086 0.6535326086956522 0.08355978260869565 0.20855978260869565
0 0.592391304347826 0.5081521739130435 0.059782608695652176 0.04008152173913043
0 0.29483695652173914 0.46603260869565216 0.052309782608695655 0.035326086956521736
0 0.7336956521739131 0.5081521739130435 0.0625 0.041440217391304345
0 0.5889945652173914 0.45720108695652173 0.04483695652173913 0.029891304347826088
0 0.6739130434782609 0.47758152173913043 0.042798913043478264 0.028532608695652172
0 0.9436141304347826 0.453125 0.052309782608695655 0.035326086956521736
0 0.27241847826086957 0.4436141304347826 0.035326086956521736 0.02309782608695652
0 0.21875 0.41915760869565216 0.02717391304347826 0.018342391304347828
0 0.11820652173913043 0.4639945652173913 0.05638586956521739 0.036684782608695655
0 0.30502717391304346 0.40285326086956524 0.01970108695652174 0.014266304347826086
0 0.02309782608695652 0.38383152173913043 0.01358695652173913 0.008831521739130434
0 0.036684782608695655 0.38315217391304346 0.01358695652173913 0.008831521739130434
0 0.06182065217391304 0.3811141304347826 0.01358695652173913 0.008831521739130434
0 0.04891304347826087 0.3811141304347826 0.01358695652173913 0.008831521739130434
0 0.15625 0.3811141304347826 0.010190217391304348 0.006114130434782609
0 0.13451086956521738 0.38383152173913043 0.01154891304347826 0.008152173913043478
0 0.16168478260869565 0.38315217391304346 0.01154891304347826 0.007472826086956522
0 0.18138586956521738 0.38179347826086957 0.010190217391304348 0.006793478260869565
0 0.19429347826086957 0.39470108695652173 0.017663043478260868 0.01154891304347826
0 0.26902173913043476 0.3919836956521739 0.017663043478260868 0.01154891304347826
0 0.26290760869565216 0.3797554347826087 0.010190217391304348 0.006793478260869565
0 0.22826086956521738 0.37839673913043476 0.006114130434782609 0.004755434782608696
0 0.23777173913043478 0.37907608695652173 0.007472826086956522 0.004755434782608696
0 0.19701086956521738 0.3763586956521739 0.004076086956521739 0.0033967391304347825
0 0.30842391304347827 0.38790760869565216 0.01358695652173913 0.008831521739130434
0 0.35529891304347827 0.39809782608695654 0.014945652173913044 0.010190217391304348
0 0.3648097826086957 0.38654891304347827 0.01358695652173913 0.008152173913043478
0 0.37092391304347827 0.38179347826086957 0.01358695652173913 0.008831521739130434
0 0.3580163043478261 0.3648097826086957 0.01154891304347826 0.007472826086956522
0 0.34782608695652173 0.375 0.012228260869565218 0.008152173913043478
0 0.35258152173913043 0.37092391304347827 0.012228260869565218 0.008152173913043478
0 0.2669836956521739 0.3736413043478261 0.006114130434782609 0.004755434782608696
0 0.2601902173913043 0.3695652173913043 0.012228260869565218 0.008152173913043478
0 0.23709239130434784 0.3736413043478261 0.01358695652173913 0.008831521739130434
0 0.2866847826086957 0.3811141304347826 0.01154891304347826 0.008152173913043478
0 0.27377717391304346 0.37771739130434784 0.010190217391304348 0.007472826086956522
0 0.30434782608695654 0.3695652173913043 0.01154891304347826 0.007472826086956522
0 0.3328804347826087 0.37092391304347827 0.010190217391304348 0.006793478260869565
0 0.3383152173913043 0.3797554347826087 0.012228260869565218 0.008152173913043478
0 0.33220108695652173 0.3797554347826087 0.012228260869565218 0.008152173913043478
0 0.4273097826086957 0.42595108695652173 0.03736413043478261 0.025815217391304348
0 0.45720108695652173 0.4273097826086957 0.03736413043478261 0.025135869565217392
0 0.41915760869565216 0.3858695652173913 0.012228260869565218 0.008152173913043478
0 0.42459239130434784 0.37839673913043476 0.01154891304347826 0.008152173913043478
0 0.4110054347826087 0.36209239130434784 0.010190217391304348 0.006793478260869565
0 0.4470108695652174 0.3811141304347826 0.01154891304347826 0.007472826086956522
0 0.48641304347826086 0.38383152173913043 0.01154891304347826 0.008152173913043478
0 0.49184782608695654 0.3736413043478261 0.010190217391304348 0.006793478260869565
0 0.48029891304347827 0.37160326086956524 0.010190217391304348 0.006793478260869565
0 0.47146739130434784 0.3702445652173913 0.010190217391304348 0.006793478260869565
0 0.563858695652174 0.38383152173913043 0.012228260869565218 0.007472826086956522
0 0.5360054347826086 0.4123641304347826 0.02717391304347826 0.019021739130434784
0 0.5237771739130435 0.41508152173913043 0.028532608695652172 0.019021739130434784
0 0.5591032608695652 0.4232336956521739 0.03260869565217391 0.021739130434782608
0 0.578125 0.43546195652173914 0.036005434782608696 0.024456521739130436
0 0.5930706521739131 0.44565217391304346 0.042798913043478264 0.028532608695652172
0 0.5584239130434783 0.4076086956521739 0.02377717391304348 0.015625
0 0.5529891304347826 0.4110054347826087 0.028532608695652172 0.019021739130434784
0 0.5740489130434783 0.4164402173913043 0.02717391304347826 0.018342391304347828
0 0.6379076086956522 0.40353260869565216 0.026494565217391304 0.017663043478260868
0 0.5774456521739131 0.39470108695652173 0.01970108695652174 0.014266304347826086
0 0.641983695652174 0.3736413043478261 0.010190217391304348 0.007472826086956522
0 0.639266304347826 0.3892663043478261 0.019021739130434784 0.012228260869565218
0 0.5699728260869565 0.36616847826086957 0.010190217391304348 0.006114130434782609
0 0.5645380434782609 0.3688858695652174 0.010190217391304348 0.006793478260869565
0 0.5319293478260869 0.37228260869565216 0.008831521739130434 0.006793478260869565
0 0.5224184782608695 0.375 0.010190217391304348 0.006793478260869565
0 0.6209239130434783 0.37092391304347827 0.007472826086956522 0.004076086956521739
0 0.6141304347826086 0.3702445652173913 0.006114130434782609 0.0033967391304347825
0 0.6052989130434783 0.3648097826086957 0.010190217391304348 0.006114130434782609
0 0.6283967391304348 0.3688858695652174 0.004076086956521739 0.002717391304347826
0 0.6372282608695652 0.3702445652173913 0.006114130434782609 0.004076086956521739
0 0.4945652173913043 0.36616847826086957 0.008831521739130434 0.006114130434782609
0 0.7194293478260869 0.3688858695652174 0.01358695652173913 0.010190217391304348
0 0.7309782608695652 0.3654891304347826 0.012228260869565218 0.007472826086956522
0 0.6915760869565217 0.36684782608695654 0.01154891304347826 0.007472826086956522
0 0.7180706521739131 0.36141304347826086 0.008831521739130434 0.006114130434782609
0 0.7004076086956522 0.3641304347826087 0.01154891304347826 0.006793478260869565
0 0.7710597826086957 0.3648097826086957 0.012228260869565218 0.008152173913043478
0 0.75 0.36277173913043476 0.010190217391304348 0.006793478260869565
0 0.6895380434782609 0.3967391304347826 0.025135869565217392 0.016983695652173912
0 0.6650815217391305 0.391304347826087 0.01970108695652174 0.01358695652173913
0 0.7065217391304348 0.389945652173913 0.02377717391304348 0.016983695652173912
0 0.6657608695652174 0.53125 0.07133152173913043 0.046875
0 0.7697010869565217 0.4633152173913043 0.050951086956521736 0.033967391304347824
0 0.8220108695652174 0.49796195652173914 0.09646739130434782 0.06385869565217392
0 0.8274456521739131 0.421195652173913 0.042798913043478264 0.02717391304347826
0 0.8091032608695652 0.40625 0.03125 0.021059782608695652
0 0.7683423913043478 0.38654891304347827 0.025135869565217392 0.016983695652173912
0 0.8614130434782609 0.3811141304347826 0.01970108695652174 0.01358695652173913
0 0.842391304347826 0.37839673913043476 0.01970108695652174 0.01358695652173913
0 0.8084239130434783 0.3648097826086957 0.01154891304347826 0.007472826086956522
0 0.8165760869565217 0.36752717391304346 0.01154891304347826 0.008152173913043478
0 0.8104619565217391 0.35733695652173914 0.008831521739130434 0.006114130434782609
0 0.779891304347826 0.3607336956521739 0.007472826086956522 0.006114130434782609
0 0.8485054347826086 0.36209239130434784 0.010190217391304348 0.006793478260869565
0 0.8641304347826086 0.36277173913043476 0.008831521739130434 0.006793478260869565
0 0.9089673913043478 0.3648097826086957 0.010190217391304348 0.006793478260869565
0 0.9164402173913043 0.36345108695652173 0.008831521739130434 0.006793478260869565
0 0.8994565217391305 0.3580163043478261 0.008831521739130434 0.006114130434782609
0 0.904891304347826 0.3580163043478261 0.007472826086956522 0.006114130434782609
0 0.8913043478260869 0.35665760869565216 0.007472826086956522 0.004755434782608696
0 0.8824728260869565 0.359375 0.007472826086956522 0.006114130434782609
0 0.9042119565217391 0.421875 0.03872282608695652 0.025135869565217392
0 0.9096467391304348 0.38179347826086957 0.016304347826086956 0.01154891304347826
0 0.9429347826086957 0.4076086956521739 0.03125 0.021739130434782608
0 0.970108695652174 0.4123641304347826 0.033967391304347824 0.022418478260869564
0 0.970108695652174 0.38858695652173914 0.01970108695652174 0.01358695652173913
0 0.9735054347826086 0.38383152173913043 0.017663043478260868 0.01154891304347826
0 0.9707880434782609 0.3654891304347826 0.01154891304347826 0.007472826086956522
0 0.9395380434782609 0.35665760869565216 0.008831521739130434 0.004755434782608696
0 0.9714673913043478 0.374320652173913 0.01358695652173913 0.008831521739130434
0 0.9660326086956522 0.3736413043478261 0.012228260869565218 0.008831521739130434
0 0.9789402173913043 0.35529891304347827 0.006114130434782609 0.004755434782608696
0 0.9972826086956522 0.3546195652173913 0.004755434782608696 0.004076086956521739
0 0.7112771739130435 0.35597826086956524 0.007472826086956522 0.004076086956521739
0 0.6881793478260869 0.35597826086956524 0.008831521739130434 0.004755434782608696