0 0.07880434782608696 0.485054347826087 0.09986413043478261 0.08559782608695653
0 0.22486413043478262 0.49592391304347827 0.057744565217391304 0.050951086956521736
0 0.3485054347826087 0.4483695652173913 0.06385869565217392 0.051630434782608696
0 0.20855978260869565 0.44021739130434784 0.05366847826086957 0.044157608695652176
0 0.14605978260869565 0.44565217391304346 0.04891304347826087 0.04823369565217391
0 0.5176630434782609 0.45720108695652173 0.043478260869565216 0.03940217391304348
0 0.49728260869565216 0.452445652173913 0.042798913043478264 0.035326086956521736
0 0.41508152173913043 0.39809782608695654 0.042798913043478264 0.03328804347826087
0 0.9184782608695652 0.375679347826087 0.028532608695652172 0.02309782608695652
0 0.9476902173913043 0.38722826086956524 0.022418478260869564 0.01970108695652174
0 0.0006793478260869565 0.38722826086956524 0.001358695652173913 0.01358695652173913
0 0.0006793478260869565 0.36141304347826086 0.001358695652173913 0.008831521739130434
0 0.035326086956521736 0.37703804347826086 0.01358695652173913 0.012228260869565218
0 0.06453804347826086 0.36141304347826086 0.010190217391304348 0.008831521739130434
0 0.07880434782608696 0.360054347826087 0.01154891304347826 0.010190217391304348
0 0.05502717391304348 0.35529891304347827 0.008831521739130434 0.007472826086956522
0 0.06385869565217392 0.390625 0.022418478260869564 0.016983695652173912
0 0.10258152173913043 0.39741847826086957 0.01970108695652174 0.01970108695652174
0 0.09714673913043478 0.37228260869565216 0.01358695652173913 0.012228260869565218
0 0.10597826086956522 0.36141304347826086 0.01154891304347826 0.008831521739130434
0 0.1297554347826087 0.36277173913043476 0.01358695652173913 0.010190217391304348
0 0.11684782608695653 0.359375 0.01358695652173913 0.010190217391304348
0 0.1480978260869565 0.35597826086956524 0.01154891304347826 0.010190217391304348
0 0.16576086956521738 0.36684782608695654 0.01154891304347826 0.010869565217391304
0 0.18817934782608695 0.3688858695652174 0.014945652173913044 0.012228260869565218
0 0.19293478260869565 0.35258152173913043 0.008831521739130434 0.006793478260869565
0 0.20652173913043478 0.35597826086956524 0.01358695652173913 0.01154891304347826
0 0.17119565217391305 0.3580163043478261 0.01154891304347826 0.010190217391304348
0 0.19904891304347827 0.36684782608695654 0.01358695652173913 0.010869565217391304
0 0.1793478260869565 0.3654891304347826 0.01358695652173913 0.010190217391304348
0 0.1514945652173913 0.36820652173913043 0.010190217391304348 0.010190217391304348
0 0.24116847826086957 0.359375 0.01358695652173913 0.010869565217391304
0 0.17798913043478262 0.44565217391304346 0.029891304347826088 0.026494565217391304
0 0.28328804347826086 0.4110054347826087 0.03736413043478261 0.035326086956521736
0 0.2751358695652174 0.3919836956521739 0.025135869565217392 0.021739130434782608
0 0.21671195652173914 0.34782608695652173 0.008831521739130434 0.006793478260869565
0 0.2554347826086957 0.37296195652173914 0.017663043478260868 0.015625
0 0.3328804347826087 0.34578804347826086 0.006114130434782609 0.006793478260869565
0 0.27241847826086957 0.35733695652173914 0.010190217391304348 0.007472826086956522
0 0.3485054347826087 0.35597826086956524 0.010190217391304348 0.008831521739130434
0 0.3491847826086957 0.37839673913043476 0.025135869565217392 0.022418478260869564
0 0.36752717391304346 0.3702445652173913 0.014945652173913044 0.012228260869565218
0 0.405570652173913 0.36209239130434784 0.010190217391304348 0.008831521739130434
0 0.4748641304347826 0.38179347826086957 0.017663043478260868 0.01358695652173913
0 0.3858695652173913 0.3797554347826087 0.014945652173913044 0.010869565217391304
0 0.48029891304347827 0.36277173913043476 0.01358695652173913 0.01154891304347826
0 0.4578804347826087 0.35529891304347827 0.01154891304347826 0.010869565217391304
0 0.422554347826087 0.35054347826086957 0.010190217391304348 0.007472826086956522
0 0.42866847826086957 0.359375 0.01154891304347826 0.008831521739130434
0 0.5210597826086957 0.3695652173913043 0.01154891304347826 0.008831521739130434
0 0.7221467391304348 0.375679347826087 0.022418478260869564 0.018342391304347828
0 0.7540760869565217 0.3797554347826087 0.022418478260869564 0.019021739130434784
0 0.6711956521739131 0.3702445652173913 0.01358695652173913 0.012228260869565218
0 0.6460597826086957 0.3648097826086957 0.010190217391304348 0.008831521739130434
0 0.6256793478260869 0.360054347826087 0.010190217391304348 0.010190217391304348
0 0.7438858695652174 0.37228260869565216 0.017663043478260868 0.014945652173913044
0 0.78125 0.35258152173913043 0.01154891304347826 0.01154891304347826
0 0.7527173913043478 0.36141304347826086 0.014945652173913044 0.01358695652173913
0 0.782608695652174 0.37092391304347827 0.017663043478260868 0.01154891304347826
0 0.8165760869565217 0.36752717391304346 0.017663043478260868 0.014945652173913044
0 0.8797554347826086 0.35597826086956524 0.008831521739130434 0.007472826086956522
0 0.8389945652173914 0.3688858695652174 0.01154891304347826 0.010190217391304348
0 0.07948369565217392 0.6535326086956522 0.15896739130434784 0.20855978260869565
0 0.16983695652173914 0.5407608695652174 0.09986413043478261 0.06657608695652174
0 0.30027173913043476 0.49592391304347827 0.06725543478260869 0.04483695652173913
0 0.38654891304347827 0.779891304347826 0.18885869565217392 0.12839673913043478
0 0.28125 0.6786684782608695 0.14470108695652173 0.09646739130434782
0 0.43478260869565216 0.561141304347826 0.07744565217391304 0.051630434782608696
0 0.3851902173913043 0.5407608695652174 0.07269021739130435 0.04823369565217391
0 0.5577445652173914 0.4952445652173913 0.057744565217391304 0.03804347826086957
0 0.8389945652173914 0.5400815217391305 0.08016304347826086 0.05366847826086957
0 0.6847826086956522 0.5061141304347826 0.057744565217391304 0.03804347826086957
0 0.9782608695652174 0.6229619565217391 0.043478260869565216 0.058423913043478264
0 0.8362771739130435 0.4782608695652174 0.06521739130434782 0.043478260869565216
0 0.4048913043478261 0.44021739130434784 0.050271739130434784 0.03328804347826087
0 0.39741847826086957 0.4898097826086957 0.0625 0.041440217391304345
0 0.42595108695652173 0.5149456521739131 0.06997282608695653 0.046875
0 0.48233695652173914 0.44089673913043476 0.04483695652173913 0.029891304347826088
0 0.6039402173913043 0.35529891304347827 0.007472826086956522 0.004755434782608696
0 0.654891304347826 0.45516304347826086 0.04755434782608696 0.03192934782608696
0 0.75 0.4782608695652174 0.050271739130434784 0.03328804347826087
0 0.7676630434782609 0.4001358695652174 0.029891304347826088 0.01970108695652174
0 0.6664402173913043 0.4008152173913043 0.03260869565217391 0.021739130434782608
0 0.8838315217391305 0.4232336956521739 0.042798913043478264 0.028532608695652172
0 0.8702445652173914 0.37228260869565216 0.022418478260869564 0.014945652173913044
0 0.016983695652173912 0.3811141304347826 0.017663043478260868 0.01154891304347826
0 0.033967391304347824 0.39877717391304346 0.022418478260869564 0.014266304347826086
0 0.027853260869565216 0.41508152173913043 0.035326086956521736 0.02309782608695652
0 0.022418478260869564 0.3654891304347826 0.012228260869565218 0.008152173913043478
0 0.001358695652173913 0.3546195652173913 0.002717391304347826 0.004076086956521739
0 0.01970108695652174 0.35597826086956524 0.010190217391304348 0.006793478260869565
0 0.008831521739130434 0.35597826086956524 0.008831521739130434 0.006114130434782609
0 0.02717391304347826 0.35597826086956524 0.010190217391304348 0.006114130434782609
0 0.016304347826086956 0.3498641304347826 0.007472826086956522 0.004076086956521739
0 0.043478260869565216 0.3607336956521739 0.01154891304347826 0.007472826086956522
0 0.04755434782608696 0.36820652173913043 0.014945652173913044 0.008831521739130434
0 0.042798913043478264 0.35529891304347827 0.007472826086956522 0.004076086956521739
0 0.04483695652173913 0.35054347826086957 0.002717391304347826 0.001358695652173913
0 0.06657608695652174 0.35597826086956524 0.008831521739130434 0.006793478260869565
0 0.09307065217391304 0.36277173913043476 0.01358695652173913 0.008152173913043478
0 0.12092391304347826 0.3811141304347826 0.01970108695652174 0.012228260869565218
0 0.09782608695652174 0.3498641304347826 0.01154891304347826 0.007472826086956522
0 0.08016304347826086 0.35054347826086957 0.010190217391304348 0.006114130434782609
0 0.10869565217391304 0.3532608695652174 0.012228260869565218 0.008152173913043478
0 0.13654891304347827 0.359375 0.01358695652173913 0.008831521739130434
0 0.203125 0.37771739130434784 0.019021739130434784 0.01154891304347826
0 0.18410326086956522 0.34714673913043476 0.010190217391304348 0.006793478260869565
0 0.18070652173913043 0.35597826086956524 0.01358695652173913 0.008831521739130434
0 0.1637228260869565 0.3498641304347826 0.012228260869565218 0.007472826086956522
0 0.17527173913043478 0.34782608695652173 0.01154891304347826 0.007472826086956522
0 0.16847826086956522 0.34714673913043476 0.012228260869565218 0.007472826086956522
0 0.16508152173913043 0.34578804347826086 0.01154891304347826 0.008152173913043478
0 0.19157608695652173 0.3648097826086957 0.014945652173913044 0.010190217391304348
0 0.21875 0.37228260869565216 0.017663043478260868 0.012228260869565218
0 0.24592391304347827 0.35054347826086957 0.008831521739130434 0.006114130434782609
0 0.16847826086956522 0.3919836956521739 0.016304347826086956 0.010869565217391304
0 0.1671195652173913 0.5020380434782609 0.08627717391304347 0.057744565217391304
0 0.25 0.4116847826086957 0.043478260869565216 0.029891304347826088
0 0.28872282608695654 0.3797554347826087 0.026494565217391304 0.017663043478260868
0 0.26290760869565216 0.3654891304347826 0.017663043478260868 0.01154891304347826
0 0.2826086956521739 0.36684782608695654 0.019021739130434784 0.01358695652173913
0 0.2554347826086957 0.38315217391304346 0.028532608695652172 0.018342391304347828
0 0.296875 0.36141304347826086 0.016304347826086956 0.010190217391304348
0 0.30910326086956524 0.358695652173913 0.01358695652173913 0.008831521739130434
0 0.32404891304347827 0.360054347826087 0.01358695652173913 0.010190217391304348
0 0.327445652173913 0.35054347826086957 0.004755434782608696 0.0033967391304347825
0 0.3125 0.35190217391304346 0.008831521739130434 0.006114130434782609
0 0.3016304347826087 0.3491847826086957 0.004755434782608696 0.0033967391304347825
0 0.2907608695652174 0.35054347826086957 0.008831521739130434 0.006114130434782609
0 0.2826086956521739 0.3546195652173913 0.012228260869565218 0.007472826086956522
0 0.27717391304347827 0.3485054347826087 0.007472826086956522 0.004755434782608696
0 0.26834239130434784 0.35122282608695654 0.010190217391304348 0.006793478260869565
0 0.33559782608695654 0.358695652173913 0.01358695652173913 0.008831521739130434
0 0.32404891304347827 0.38315217391304346 0.02377717391304348 0.016983695652173912
0 0.35597826086956524 0.41847826086956524 0.050271739130434784 0.03328804347826087
0 0.32065217391304346 0.36820652173913043 0.019021739130434784 0.01154891304347826
0 0.3695652173913043 0.35054347826086957 0.006114130434782609 0.004076086956521739
0 0.3485054347826087 0.35054347826086957 0.006114130434782609 0.004076086956521739
0 0.3654891304347826 0.360054347826087 0.01358695652173913 0.010190217391304348
0 0.38858695652173914 0.35733695652173914 0.012228260869565218 0.008152173913043478
0 0.41032608695652173 0.37228260869565216 0.02377717391304348 0.015625
0 0.41847826086956524 0.36616847826086957 0.017663043478260868 0.01154891304347826
0 0.43342391304347827 0.37092391304347827 0.022418478260869564 0.015625
0 0.44904891304347827 0.3804347826086957 0.029891304347826088 0.019021739130434784
0 0.4748641304347826 0.35529891304347827 0.012228260869565218 0.007472826086956522
0 0.43478260869565216 0.36345108695652173 0.016304347826086956 0.010869565217391304
0 0.46467391304347827 0.3485054347826087 0.01154891304347826 0.006793478260869565
0 0.5998641304347826 0.35190217391304346 0.007472826086956522 0.006114130434782609
0 0.5346467391304348 0.405570652173913 0.033967391304347824 0.022418478260869564
0 0.5244565217391305 0.389945652173913 0.028532608695652172 0.018342391304347828
0 0.5108695652173914 0.3811141304347826 0.02717391304347826 0.018342391304347828
0 0.5550271739130435 0.391304347826087 0.02717391304347826 0.018342391304347828
0 0.5067934782608695 0.3736413043478261 0.025135869565217392 0.016983695652173912
0 0.5658967391304348 0.3702445652173913 0.016304347826086956 0.010190217391304348
0 0.703125 0.4076086956521739 0.033967391304347824 0.022418478260869564
0 0.7092391304347826 0.3919836956521739 0.026494565217391304 0.017663043478260868
0 0.6929347826086957 0.37771739130434784 0.022418478260869564 0.014945652173913044
0 0.673233695652174 0.3763586956521739 0.021059782608695652 0.014945652173913044
0 0.6385869565217391 0.3641304347826087 0.01358695652173913 0.008831521739130434
0 0.7574728260869565 0.35122282608695654 0.007472826086956522 0.006114130434782609
0 0.766983695652174 0.34646739130434784 0.004076086956521739 0.0033967391304347825
0 0.7608695652173914 0.3451086956521739 0.004076086956521739 0.001358695652173913
0 0.75 0.344429347826087 0.002717391304347826 0.0006793478260869565
0 0.7398097826086957 0.34714673913043476 0.004755434782608696 0.002717391304347826
0 0.7771739130434783 0.33967391304347827 0.010190217391304348 0.006114130434782609
0 0.7717391304347826 0.33967391304347827 0.008831521739130434 0.006114130434782609
0 0.798233695652174 0.34375 0.01358695652173913 0.008831521739130434
0 0.7900815217391305 0.3539402173913043 0.010190217391304348 0.007472826086956522
0 0.7282608695652174 0.35122282608695654 0.006114130434782609 0.004076086956521739
0 0.764266304347826 0.36820652173913043 0.019021739130434784 0.012228260869565218
0 0.7961956521739131 0.37907608695652173 0.022418478260869564 0.014945652173913044
0 0.8220108695652174 0.39470108695652173 0.02717391304347826 0.018342391304347828
0 0.8226902173913043 0.41440217391304346 0.03260869565217391 0.021739130434782608
0 0.8396739130434783 0.4232336956521739 0.041440217391304345 0.02717391304347826
0 0.8165760869565217 0.3539402173913043 0.010190217391304348 0.006793478260869565
0 0.8070652173913043 0.35529891304347827 0.01154891304347826 0.007472826086956522
0 0.9035326086956522 0.3546195652173913 0.006114130434782609 0.004076086956521739
0 0.8709239130434783 0.3546195652173913 0.007472826086956522 0.004076086956521739
0 0.859375 0.35597826086956524 0.008831521739130434 0.006114130434782609
0 0.9266304347826086 0.35665760869565216 0.008831521739130434 0.006793478260869565
0 0.889266304347826 0.359375 0.01358695652173913 0.008831521739130434
0 0.8389945652173914 0.3607336956521739 0.01358695652173913 0.008831521739130434
0 0.8322010869565217 0.358695652173913 0.01358695652173913 0.008831521739130434
0 0.8600543478260869 0.406929347826087 0.03736413043478261 0.025135869565217392
0 0.6875 0.3172554347826087 0.01154891304347826 0.008152173913043478
0 0.6834239130434783 0.3186141304347826 0.01154891304347826 0.008152173913043478
0 0.6759510869565217 0.3186141304347826 0.012228260869565218 0.007472826086956522
0 0.6711956521739131 0.31997282608695654 0.017663043478260868 0.01154891304347826
0 0.6623641304347826 0.32608695652173914 0.017663043478260868 0.010869565217391304
0 0.6589673913043478 0.32065217391304346 0.017663043478260868 0.010869565217391304
0 0.6582880434782609 0.32472826086956524 0.016304347826086956 0.010869565217391304
0 0.6555706521739131 0.31997282608695654 0.017663043478260868 0.01154891304347826
0 0.6447010869565217 0.32608695652173914 0.016304347826086956 0.010869565217391304
0 0.6521739130434783 0.32472826086956524 0.016304347826086956 0.01154891304347826
0 0.14198369565217392 0.33695652173913043 0.010190217391304348 0.006793478260869565