0 0.9775815217391305 0.39877717391304346 0.005434782608695652 0.004755434782608696
0 0.9959239130434783 0.3641304347826087 0.004076086956521739 0.004755434782608696
0 0.3111413043478261 0.2798913043478261 0.006114130434782609 0.004755434782608696
0 0.32540760869565216 0.28532608695652173 0.005434782608695652 0.005434782608695652
0 0.024456521739130436 0.28940217391304346 0.005434782608695652 0.004755434782608696
0 0.6182065217391305 0.20991847826086957 0.006114130434782609 0.005434782608695652
0 0.5631793478260869 0.19701086956521738 0.006114130434782609 0.005434782608695652
0 0.7744565217391305 0.15625 0.006114130434782609 0.005434782608695652
0 0.9293478260869565 0.14470108695652173 0.006114130434782609 0.005434782608695652
0 0.9164402173913043 0.13722826086956522 0.006114130434782609 0.006793478260869565
0 0.6039402173913043 0.31521739130434784 0.006114130434782609 0.004755434782608696
0 0.608016304347826 0.3186141304347826 0.006114130434782609 0.004755434782608696
0 0.6684782608695652 0.3294836956521739 0.005434782608695652 0.004755434782608696
0 0.6949728260869565 0.35258152173913043 0.005434782608695652 0.004755434782608696
0 0.7370923913043478 0.41779891304347827 0.005434782608695652 0.004755434782608696
0 0.8457880434782609 0.39470108695652173 0.005434782608695652 0.004755434782608696
0 0.8539402173913043 0.39809782608695654 0.005434782608695652 0.004755434782608696
0 0.8695652173913043 0.405570652173913 0.005434782608695652 0.004755434782608696
0 0.8797554347826086 0.4164402173913043 0.005434782608695652 0.0033967391304347825
0 0.9082880434782609 0.3702445652173913 0.005434782608695652 0.004755434782608696
0 0.9307065217391305 0.32472826086956524 0.005434782608695652 0.004755434782608696
0 0.9144021739130435 0.31046195652173914 0.005434782608695652 0.005434782608695652
0 0.9442934782608695 0.2982336956521739 0.005434782608695652 0.004755434782608696
0 0.967391304347826 0.3077445652173913 0.005434782608695652 0.004755434782608696
0 0.9870923913043478 0.311820652173913 0.005434782608695652 0.005434782608695652
0 0.9918478260869565 0.31453804347826086 0.005434782608695652 0.004755434782608696
0 0.9660326086956522 0.35258152173913043 0.005434782608695652 0.004755434782608696
0 0.9741847826086957 0.3539402173913043 0.005434782608695652 0.005434782608695652
0 0.907608695652174 0.4313858695652174 0.005434782608695652 0.004755434782608696
0 0.9252717391304348 0.45652173913043476 0.005434782608695652 0.0033967391304347825
0 0.9341032608695652 0.46603260869565216 0.004076086956521739 0.004755434782608696
0 0.9014945652173914 0.516983695652174 0.004076086956521739 0.004755434782608696
0 0.6447010869565217 0.5400815217391305 0.004076086956521739 0.0033967391304347825
0 0.6494565217391305 0.5557065217391305 0.004076086956521739 0.0033967391304347825
0 0.4470108695652174 0.5353260869565217 0.004076086956521739 0.0033967391304347825
0 0.4361413043478261 0.5414402173913043 0.004076086956521739 0.0033967391304347825
0 0.4375 0.5489130434782609 0.004076086956521739 0.0033967391304347825
0 0.9775815217391305 0.375679347826087 0.005434782608695652 0.004755434782608696
0 0.983016304347826 0.38722826086956524 0.005434782608695652 0.004755434782608696
0 0.9809782608695652 0.3953804347826087 0.005434782608695652 0.004755434782608696
0 0.9898097826086957 0.41915760869565216 0.005434782608695652 0.004755434782608696
0 0.9952445652173914 0.4266304347826087 0.005434782608695652 0.004755434782608696
0 0.9972826086956522 0.37296195652173914 0.005434782608695652 0.004755434782608696
0 0.16168478260869565 0.47214673913043476 0.005434782608695652 0.0033967391304347825
0 0.2561141304347826 0.4327445652173913 0.004076086956521739 0.0033967391304347825
0 0.343070652173913 0.39809782608695654 0.005434782608695652 0.004755434782608696
0 0.3491847826086957 0.3960597826086957 0.005434782608695652 0.004755434782608696
0 0.35190217391304346 0.4001358695652174 0.005434782608695652 0.004755434782608696
0 0.6528532608695652 0.5672554347826086 0.004076086956521739 0.0033967391304347825
0 0.27309782608695654 0.53125 0.004076086956521739 0.0033967391304347825
0 0.26222826086956524 0.5394021739130435 0.004076086956521739 0.0033967391304347825
0 0.27445652173913043 0.545516304347826 0.004076086956521739 0.0033967391304347825
0 0.06385869565217392 0.5672554347826086 0.004076086956521739 0.002717391304347826
0 0.8471467391304348 0.4008152173913043 0.005434782608695652 0.004755434782608696
0 0.42391304347826086 0.21942934782608695 0.006114130434782609 0.005434782608695652
0 0.6786684782608695 0.16508152173913043 0.006114130434782609 0.005434782608695652
0 0.9028532608695652 0.125 0.006114130434782609 0.005434782608695652
0 0.8967391304347826 0.12296195652173914 0.006114130434782609 0.005434782608695652