0 0.8002717391304348 0.29483695652173914 0.043478260869565216 0.03804347826086957
0 0.6949728260869565 0.29008152173913043 0.042798913043478264 0.036005434782608696
0 0.515625 0.2914402173913043 0.042798913043478264 0.03260869565217391
0 0.6596467391304348 0.29279891304347827 0.04008152173913043 0.035326086956521736
0 0.5957880434782609 0.28396739130434784 0.042798913043478264 0.033967391304347824
0 0.017663043478260868 0.5747282608695652 0.035326086956521736 0.04891304347826087
0 0.3186141304347826 0.6025815217391305 0.033967391304347824 0.057744565217391304
0 0.5944293478260869 0.49592391304347827 0.028532608695652172 0.04483695652173913
0 0.07540760869565218 0.546875 0.042798913043478264 0.04823369565217391
0 0.90625 0.6847826086956522 0.06385869565217392 0.042798913043478264
0 0.7269021739130435 0.6052989130434783 0.052309782608695655 0.035326086956521736
0 0.8974184782608695 0.5855978260869565 0.04755434782608696 0.03260869565217391
0 0.43410326086956524 0.5033967391304348 0.050951086956521736 0.033967391304347824
0 0.24796195652173914 0.8729619565217391 0.06114130434782609 0.04076086956521739
0 0.250679347826087 0.6847826086956522 0.05638586956521739 0.03736413043478261
0 0.17391304347826086 0.5360054347826086 0.052309782608695655 0.035326086956521736
0 0.41508152173913043 0.5822010869565217 0.05366847826086957 0.036005434782608696
0 0.3125 0.5095108695652174 0.052309782608695655 0.033967391304347824
0 0.09578804347826086 0.625 0.05366847826086957 0.036684782608695655
0 0.5271739130434783 0.5557065217391305 0.052309782608695655 0.035326086956521736
0 0.5217391304347826 0.6358695652173914 0.05366847826086957 0.036684782608695655
0 0.6046195652173914 0.7574728260869565 0.058423913043478264 0.03804347826086957
0 0.18342391304347827 0.5122282608695652 0.050951086956521736 0.033967391304347824
0 0.6453804347826086 0.5305706521739131 0.050951086956521736 0.035326086956521736
0 0.33967391304347827 0.5305706521739131 0.052309782608695655 0.035326086956521736
0 0.024456521739130436 0.8851902173913043 0.04891304347826087 0.04008152173913043
0 0.529891304347826 0.4782608695652174 0.050271739130434784 0.03328804347826087