0 0.5618206521739131 0.7221467391304348 0.04551630434782609 0.036005434782608696
0 0.876358695652174 0.5149456521739131 0.036005434782608696 0.03192934782608696
0 0.9592391304347826 0.4857336956521739 0.03736413043478261 0.030570652173913044
0 0.6902173913043478 0.6148097826086957 0.03328804347826087 0.03192934782608696
0 0.47758152173913043 0.6168478260869565 0.03260869565217391 0.027853260869565216
0 0.5978260869565217 0.563858695652174 0.035326086956521736 0.03260869565217391
0 0.1297554347826087 0.4585597826086957 0.022418478260869564 0.02717391304347826
0 0.059103260869565216 0.4048913043478261 0.029891304347826088 0.029211956521739132
0 0.09103260869565218 0.20448369565217392 0.01970108695652174 0.019021739130434784
0 0.3233695652173913 0.36277173913043476 0.029211956521739132 0.030570652173913044
0 0.548233695652174 0.37907608695652173 0.027853260869565216 0.024456521739130436
0 0.546875 0.24592391304347827 0.021739130434782608 0.01970108695652174
0 0.32608695652173914 0.27445652173913043 0.01358695652173913 0.021059782608695652
0 0.32065217391304346 0.250679347826087 0.020380434782608696 0.021059782608695652
0 0.2547554347826087 0.25271739130434784 0.01970108695652174 0.019021739130434784
0 0.859375 0.26290760869565216 0.020380434782608696 0.019021739130434784
0 0.7296195652173914 0.25815217391304346 0.018342391304347828 0.016304347826086956
0 0.860733695652174 0.3797554347826087 0.02309782608695652 0.022418478260869564
0 0.967391304347826 0.27921195652173914 0.018342391304347828 0.019021739130434784
0 0.9938858695652174 0.2710597826086957 0.012228260869565218 0.020380434782608696
0 0.9904891304347826 0.22214673913043478 0.019021739130434784 0.019021739130434784
0 0.8817934782608695 0.19701086956521738 0.014945652173913044 0.015625
0 0.6881793478260869 0.20652173913043478 0.014945652173913044 0.015625
0 0.7391304347826086 0.20244565217391305 0.016983695652173912 0.017663043478260868
0 0.036684782608695655 0.09986413043478261 0.014945652173913044 0.014945652173913044
0 0.024456521739130436 0.13383152173913043 0.016983695652173912 0.016983695652173912
0 0.002717391304347826 0.13451086956521738 0.005434782608695652 0.015625
0 0.08288043478260869 0.13926630434782608 0.016983695652173912 0.017663043478260868
0 0.12567934782608695 0.11548913043478261 0.016983695652173912 0.016304347826086956
0 0.11616847826086957 0.07744565217391304 0.014266304347826086 0.014945652173913044
0 0.17119565217391305 0.09035326086956522 0.01154891304347826 0.01154891304347826
0 0.16576086956521738 0.14402173913043478 0.014266304347826086 0.015625
0 0.203125 0.14470108695652173 0.016983695652173912 0.016304347826086956
0 0.21467391304347827 0.12092391304347826 0.014945652173913044 0.016304347826086956
0 0.22146739130434784 0.09442934782608696 0.010869565217391304 0.014945652173913044
0 0.2669836956521739 0.09307065217391304 0.014945652173913044 0.014945652173913044
0 0.29347826086956524 0.10801630434782608 0.01358695652173913 0.012907608695652174
0 0.29347826086956524 0.11888586956521739 0.01358695652173913 0.014945652173913044
0 0.3063858695652174 0.09307065217391304 0.010869565217391304 0.01358695652173913
0 0.32065217391304346 0.11345108695652174 0.014945652173913044 0.015625
0 0.33695652173913043 0.10054347826086957 0.014945652173913044 0.014945652173913044
0 0.37160326086956524 0.10529891304347826 0.014266304347826086 0.015625
0 0.38247282608695654 0.10665760869565218 0.014945652173913044 0.015625
0 0.3648097826086957 0.13722826086956522 0.014266304347826086 0.014266304347826086
0 0.36345108695652173 0.14673913043478262 0.014945652173913044 0.016304347826086956
0 0.4014945652173913 0.14945652173913043 0.01358695652173913 0.014945652173913044
0 0.43478260869565216 0.12839673913043478 0.014945652173913044 0.014945652173913044
0 0.45991847826086957 0.14130434782608695 0.014266304347826086 0.016304347826086956
0 0.48029891304347827 0.12635869565217392 0.014945652173913044 0.014945652173913044
0 0.45720108695652173 0.11005434782608696 0.014945652173913044 0.015625
0 0.5394021739130435 0.07744565217391304 0.016304347826086956 0.015625
0 0.514266304347826 0.1324728260869565 0.014945652173913044 0.014945652173913044
0 0.5305706521739131 0.13790760869565216 0.014945652173913044 0.014945652173913044
0 0.5706521739130435 0.14198369565217392 0.018342391304347828 0.016304347826086956
0 0.5645380434782609 0.12771739130434784 0.016304347826086956 0.014945652173913044
0 0.6195652173913043 0.1331521739130435 0.016304347826086956 0.016304347826086956
0 0.6453804347826086 0.11752717391304347 0.016304347826086956 0.015625
0 0.5387228260869565 0.017663043478260868 0.012228260869565218 0.010190217391304348
0 0.8213315217391305 0.1922554347826087 0.014945652173913044 0.014945652173913044
0 0.7228260869565217 0.15489130434782608 0.016304347826086956 0.016304347826086956
0 0.5788043478260869 0.125 0.014945652173913044 0.014945652173913044
0 0.3383152173913043 0.1793478260869565 0.014945652173913044 0.015625
0 0.05366847826086957 0.15421195652173914 0.014266304347826086 0.014266304347826086
0 0.017663043478260868 0.11820652173913043 0.01154891304347826 0.014266304347826086
0 0.28328804347826086 0.9096467391304348 0.05434782608695652 0.04076086956521739
0 0.5747282608695652 0.9123641304347826 0.050271739130434784 0.03736413043478261
0 0.49320652173913043 0.764266304347826 0.043478260869565216 0.03328804347826087
0 0.2425271739130435 0.7676630434782609 0.04619565217391304 0.035326086956521736
0 0.6460597826086957 0.7350543478260869 0.04483695652173913 0.03328804347826087
0 0.9504076086956522 0.5978260869565217 0.04076086956521739 0.029891304347826088
0 0.7948369565217391 0.4476902173913043 0.03260869565217391 0.025135869565217392
0 0.7146739130434783 0.5081521739130435 0.036005434782608696 0.026494565217391304
0 0.779891304347826 0.5251358695652174 0.036005434782608696 0.02717391304347826
0 0.7235054347826086 0.5801630434782609 0.03872282608695652 0.029211956521739132
0 0.38247282608695654 0.5869565217391305 0.03872282608695652 0.028532608695652172
0 0.09239130434782608 0.5889945652173914 0.03872282608695652 0.029211956521739132
0 0.1800271739130435 0.5822010869565217 0.03804347826086957 0.028532608695652172
0 0.27309782608695654 0.6331521739130435 0.04076086956521739 0.030570652173913044
0 0.17866847826086957 0.6637228260869565 0.041440217391304345 0.03125
0 0.004076086956521739 0.5747282608695652 0.008152173913043478 0.029211956521739132
0 0.050271739130434784 0.4782608695652174 0.035326086956521736 0.025815217391304348
0 0.09035326086956522 0.23097826086956522 0.021739130434782608 0.016304347826086956
0 0.06589673913043478 0.22486413043478262 0.021739130434782608 0.016304347826086956
0 0.343070652173913 0.4273097826086957 0.030570652173913044 0.02309782608695652
0 0.41983695652173914 0.422554347826087 0.03125 0.02377717391304348
0 0.5563858695652174 0.43002717391304346 0.03125 0.02377717391304348
0 0.6440217391304348 0.42391304347826086 0.03125 0.02377717391304348
0 0.59375 0.28532608695652173 0.024456521739130436 0.018342391304347828
0 0.8913043478260869 0.41372282608695654 0.03260869565217391 0.024456521739130436
0 0.9680706521739131 0.4361413043478261 0.033967391304347824 0.025135869565217392
0 0.09375 0.125 0.017663043478260868 0.012907608695652174
0 0.125 0.09307065217391304 0.016304347826086956 0.01154891304347826
0 0.07744565217391304 0.08288043478260869 0.015625 0.01154891304347826
0 0.1637228260869565 0.10258152173913043 0.016304347826086956 0.012228260869565218
0 0.1800271739130435 0.11480978260869565 0.016983695652173912 0.012907608695652174
0 0.1514945652173913 0.1358695652173913 0.018342391304347828 0.014266304347826086
0 0.23233695652173914 0.12567934782608695 0.016983695652173912 0.012907608695652174
0 0.21535326086956522 0.14334239130434784 0.018342391304347828 0.01358695652173913
0 0.25271739130434784 0.12024456521739131 0.016983695652173912 0.012907608695652174
0 0.23980978260869565 0.09850543478260869 0.014945652173913044 0.01154891304347826
0 0.27921195652173914 0.09850543478260869 0.015625 0.01154891304347826
0 0.28872282608695654 0.13111413043478262 0.016983695652173912 0.012228260869565218
0 0.3688858695652174 0.09510869565217392 0.016304347826086956 0.01154891304347826
0 0.5163043478260869 0.11548913043478261 0.018342391304347828 0.012907608695652174
0 0.5591032608695652 0.010190217391304348 0.01358695652173913 0.010190217391304348
0 0.6025815217391305 0.14741847826086957 0.018342391304347828 0.01358695652173913
0 0.8620923913043478 0.18546195652173914 0.019021739130434784 0.014266304347826086
0 0.75 0.18885869565217392 0.018342391304347828 0.014266304347826086
0 0.7466032608695652 0.1637228260869565 0.018342391304347828 0.01358695652173913
0 0.40217391304347827 0.16915760869565216 0.016983695652173912 0.012907608695652174
0 0.421195652173913 0.18410326086956522 0.016983695652173912 0.012907608695652174
0 0.35190217391304346 0.16915760869565216 0.016983695652173912 0.012907608695652174
0 0.28396739130434784 0.16236413043478262 0.017663043478260868 0.012907608695652174
0 0.10122282608695653 0.16847826086956522 0.01970108695652174 0.014945652173913044
0 0.17527173913043478 0.16236413043478262 0.020380434782608696 0.014945652173913044