0 0.16168478260869565 0.4110054347826087 0.02377717391304348 0.02377717391304348
0 0.03736413043478261 0.4796195652173913 0.01970108695652174 0.02377717391304348
0 0.47282608695652173 0.6807065217391305 0.05298913043478261 0.05298913043478261
0 0.4476902173913043 0.529891304347826 0.02377717391304348 0.025135869565217392
0 0.48845108695652173 0.40353260869565216 0.015625 0.016983695652173912
0 0.6365489130434783 0.36820652173913043 0.012228260869565218 0.01358695652173913
0 0.6603260869565217 0.43070652173913043 0.014266304347826086 0.018342391304347828
0 0.5862771739130435 0.532608695652174 0.02309782608695652 0.028532608695652172
0 0.7635869565217391 0.5618206521739131 0.02309782608695652 0.025135869565217392
0 0.7241847826086957 0.5360054347826086 0.01970108695652174 0.017663043478260868
0 0.8851902173913043 0.41508152173913043 0.016983695652173912 0.020380434782608696
0 0.9707880434782609 0.5251358695652174 0.019021739130434784 0.02377717391304348
0 0.18546195652173914 0.4796195652173913 0.02717391304347826 0.02377717391304348
0 0.19972826086956522 0.4517663043478261 0.02309782608695652 0.020380434782608696
0 0.3023097826086957 0.5849184782608695 0.041440217391304345 0.03736413043478261
0 0.47622282608695654 0.8009510869565217 0.05638586956521739 0.050271739130434784
0 0.47282608695652173 0.5706521739130435 0.035326086956521736 0.03125
0 0.44157608695652173 0.5692934782608695 0.035326086956521736 0.03125
0 0.4701086956521739 0.5427989130434783 0.03328804347826087 0.029891304347826088
0 0.4633152173913043 0.5020380434782609 0.02717391304347826 0.02377717391304348
0 0.4633152173913043 0.4279891304347826 0.016983695652173912 0.014945652173913044
0 0.546875 0.39877717391304346 0.016983695652173912 0.014945652173913044
0 0.5604619565217391 0.38858695652173914 0.016983695652173912 0.014945652173913044
0 0.5665760869565217 0.41372282608695654 0.016983695652173912 0.014945652173913044
0 0.5726902173913043 0.37703804347826086 0.014266304347826086 0.012907608695652174
0 0.6059782608695652 0.4001358695652174 0.016983695652173912 0.014945652173913044
0 0.6501358695652174 0.38858695652173914 0.016983695652173912 0.014945652173913044
0 0.6915760869565217 0.36684782608695654 0.014266304347826086 0.012907608695652174
0 0.7126358695652174 0.389945652173913 0.016983695652173912 0.014945652173913044
0 0.6997282608695652 0.4327445652173913 0.019021739130434784 0.016983695652173912
0 0.6773097826086957 0.43342391304347827 0.019021739130434784 0.016983695652173912
0 0.639266304347826 0.4388586956521739 0.019021739130434784 0.016983695652173912
0 0.6779891304347826 0.48777173913043476 0.021059782608695652 0.018342391304347828
0 0.6345108695652174 0.4904891304347826 0.02309782608695652 0.020380434782608696
0 0.626358695652174 0.5081521739130435 0.029211956521739132 0.025815217391304348
0 0.5509510869565217 0.5353260869565217 0.03125 0.027853260869565216
0 0.5407608695652174 0.4891304347826087 0.025135869565217392 0.022418478260869564
0 0.6501358695652174 0.6304347826086957 0.041440217391304345 0.03736413043478261
0 0.795516304347826 0.5536684782608695 0.025135869565217392 0.022418478260869564
0 0.8165760869565217 0.6202445652173914 0.02717391304347826 0.02377717391304348
0 0.8926630434782609 0.5353260869565217 0.02309782608695652 0.020380434782608696
0 0.8552989130434783 0.5224184782608695 0.02309782608695652 0.020380434782608696
0 0.8383152173913043 0.516983695652174 0.02309782608695652 0.020380434782608696
0 0.8084239130434783 0.4436141304347826 0.019021739130434784 0.016983695652173912
0 0.7737771739130435 0.436820652173913 0.019021739130434784 0.016983695652173912
0 0.8029891304347826 0.42866847826086957 0.019021739130434784 0.016983695652173912
0 0.7778532608695652 0.405570652173913 0.016983695652173912 0.014945652173913044
0 0.813858695652174 0.37160326086956524 0.014266304347826086 0.012907608695652174
0 0.829483695652174 0.38722826086956524 0.016983695652173912 0.014945652173913044
0 0.8383152173913043 0.41847826086956524 0.016983695652173912 0.014945652173913044
0 0.8885869565217391 0.3804347826086957 0.014266304347826086 0.012907608695652174
0 0.9572010869565217 0.41304347826086957 0.016983695652173912 0.014945652173913044
0 0.9925271739130435 0.4388586956521739 0.014266304347826086 0.016983695652173912
0 0.8695652173913043 0.7554347826086957 0.05638586956521739 0.050271739130434784