0 0.32472826086956524 0.8552989130434783 0.026494565217391304 0.03192934782608696
0 0.9612771739130435 0.858016304347826 0.029891304347826088 0.020380434782608696
0 0.9130434782608695 0.8505434782608695 0.029891304347826088 0.01970108695652174
0 0.8131793478260869 0.8546195652173914 0.030570652173913044 0.020380434782608696
0 0.735733695652174 0.8648097826086957 0.030570652173913044 0.020380434782608696
0 0.6630434782608695 0.8648097826086957 0.030570652173913044 0.020380434782608696
0 0.6739130434782609 0.8546195652173914 0.029891304347826088 0.020380434782608696
0 0.6664402173913043 0.8410326086956522 0.029891304347826088 0.01970108695652174
0 0.59375 0.8498641304347826 0.029891304347826088 0.01970108695652174
0 0.608016304347826 0.9565217391304348 0.035326086956521736 0.02377717391304348
0 0.5183423913043478 0.8532608695652174 0.029891304347826088 0.020380434782608696
0 0.5 0.8410326086956522 0.029211956521739132 0.01970108695652174
0 0.44972826086956524 0.8743206521739131 0.03125 0.020380434782608696
0 0.2078804347826087 0.8926630434782609 0.03260869565217391 0.021739130434782608
0 0.27377717391304346 0.8464673913043478 0.029891304347826088 0.01970108695652174
0 0.375679347826087 0.8505434782608695 0.029891304347826088 0.01970108695652174
0 0.36820652173913043 0.8688858695652174 0.03125 0.020380434782608696
0 0.21603260869565216 0.842391304347826 0.029891304347826088 0.01970108695652174
0 0.12092391304347826 0.8349184782608695 0.029211956521739132 0.01970108695652174
0 0.12024456521739131 0.8485054347826086 0.029891304347826088 0.01970108695652174
0 0.04823369565217391 0.8552989130434783 0.029891304347826088 0.020380434782608696
0 0.021059782608695652 0.8383152173913043 0.029211956521739132 0.019021739130434784
0 0.5591032608695652 0.6324728260869565 0.01358695652173913 0.008831521739130434
0 0.7004076086956522 0.37228260869565216 0.036005434782608696 0.024456521739130436
0 0.23369565217391305 0.8485054347826086 0.029891304347826088 0.020380434782608696
0 0.9762228260869565 0.84375 0.029891304347826088 0.01970108695652174