0 0.11073369565217392 0.7391304347826086 0.01358695652173913 0.024456521739130436
0 0.16983695652173914 0.6902173913043478 0.016983695652173912 0.020380434782608696
0 0.28396739130434784 0.6148097826086957 0.015625 0.01970108695652174
0 0.30910326086956524 0.6032608695652174 0.016983695652173912 0.020380434782608696
0 0.1637228260869565 0.608016304347826 0.015625 0.012228260869565218
0 0.10461956521739131 0.6100543478260869 0.017663043478260868 0.017663043478260868
0 0.44633152173913043 0.7873641304347826 0.042798913043478264 0.03736413043478261
0 0.9327445652173914 0.7370923913043478 0.036005434782608696 0.035326086956521736
0 0.9497282608695652 0.8165760869565217 0.019021739130434784 0.02717391304347826
0 0.5822010869565217 0.6005434782608695 0.02377717391304348 0.025135869565217392
0 0.49252717391304346 0.6005434782608695 0.021739130434782608 0.021739130434782608
0 0.421875 0.5883152173913043 0.014266304347826086 0.016983695652173912
0 0.4232336956521739 0.6032608695652174 0.012228260869565218 0.017663043478260868
0 0.6875 0.5808423913043478 0.017663043478260868 0.019021739130434784
0 0.7058423913043478 0.5536684782608695 0.012907608695652174 0.016983695652173912
0 0.7697010869565217 0.5713315217391305 0.019021739130434784 0.020380434782608696
0 0.7805706521739131 0.5584239130434783 0.017663043478260868 0.018342391304347828
0 0.8369565217391305 0.578125 0.019021739130434784 0.019021739130434784
0 0.8770380434782609 0.5754076086956522 0.016983695652173912 0.02377717391304348
0 0.8811141304347826 0.5625 0.016983695652173912 0.020380434782608696
0 0.9592391304347826 0.5475543478260869 0.014266304347826086 0.01970108695652174
0 0.9796195652173914 0.5074728260869565 0.016983695652173912 0.01970108695652174
0 0.9252717391304348 0.5149456521739131 0.014945652173913044 0.015625
0 0.9612771739130435 0.4945652173913043 0.014266304347826086 0.016983695652173912
0 0.9171195652173914 0.5027173913043478 0.015625 0.017663043478260868
0 0.9164402173913043 0.4796195652173913 0.016983695652173912 0.016983695652173912
0 0.889266304347826 0.46603260869565216 0.016983695652173912 0.016983695652173912
0 0.8722826086956522 0.4470108695652174 0.017663043478260868 0.015625
0 0.8641304347826086 0.47282608695652173 0.012228260869565218 0.012228260869565218
0 0.858016304347826 0.49184782608695654 0.016983695652173912 0.016983695652173912
0 0.8668478260869565 0.5122282608695652 0.014266304347826086 0.015625
0 0.8654891304347826 0.5271739130434783 0.015625 0.016983695652173912
0 0.8885869565217391 0.5210597826086957 0.014266304347826086 0.018342391304347828
0 0.8226902173913043 0.5203804347826086 0.016983695652173912 0.018342391304347828
0 0.8430706521739131 0.5135869565217391 0.014945652173913044 0.015625
0 0.8410326086956522 0.5 0.014266304347826086 0.015625
0 0.8091032608695652 0.46671195652173914 0.012228260869565218 0.014945652173913044
0 0.7948369565217391 0.47690217391304346 0.015625 0.016983695652173912
0 0.78125 0.5081521739130435 0.01358695652173913 0.01358695652173913
0 0.8009510869565217 0.5197010869565217 0.012907608695652174 0.017663043478260868
0 0.7683423913043478 0.5319293478260869 0.015625 0.017663043478260868
0 0.6827445652173914 0.5407608695652174 0.010869565217391304 0.015625
0 0.6800271739130435 0.5237771739130435 0.01358695652173913 0.014945652173913044
0 0.6929347826086957 0.5033967391304348 0.014266304347826086 0.014266304347826086
0 0.7302989130434783 0.48709239130434784 0.014945652173913044 0.016983695652173912
0 0.7493206521739131 0.4830163043478261 0.012907608695652174 0.012907608695652174
0 0.7377717391304348 0.4748641304347826 0.010869565217391304 0.012228260869565218
0 0.748641304347826 0.4898097826086957 0.010869565217391304 0.012907608695652174
0 0.7588315217391305 0.45652173913043476 0.014945652173913044 0.014266304347826086
0 0.7445652173913043 0.453804347826087 0.014266304347826086 0.015625
0 0.7588315217391305 0.44089673913043476 0.012228260869565218 0.012228260869565218
0 0.7133152173913043 0.4476902173913043 0.01358695652173913 0.014266304347826086
0 0.686141304347826 0.452445652173913 0.014945652173913044 0.015625
0 0.671875 0.44089673913043476 0.012228260869565218 0.012228260869565218
0 0.6338315217391305 0.45040760869565216 0.012907608695652174 0.012907608695652174
0 0.6154891304347826 0.47282608695652173 0.010869565217391304 0.012228260869565218
0 0.5964673913043478 0.46127717391304346 0.012907608695652174 0.012228260869565218
0 0.5869565217391305 0.4476902173913043 0.012907608695652174 0.012228260869565218
0 0.5985054347826086 0.43546195652173914 0.012228260869565218 0.01154891304347826
0 0.6046195652173914 0.41847826086956524 0.010869565217391304 0.010190217391304348
0 0.5862771739130435 0.43953804347826086 0.012228260869565218 0.010869565217391304
0 0.6351902173913043 0.5149456521739131 0.012228260869565218 0.012907608695652174
0 0.5339673913043478 0.45652173913043476 0.010869565217391304 0.01154891304347826
0 0.5244565217391305 0.44497282608695654 0.014266304347826086 0.01358695652173913
0 0.5346467391304348 0.4422554347826087 0.010869565217391304 0.012228260869565218
0 0.5394021739130435 0.4266304347826087 0.012907608695652174 0.012228260869565218
0 0.5088315217391305 0.4361413043478261 0.010869565217391304 0.010869565217391304
0 0.5020380434782609 0.421195652173913 0.012907608695652174 0.01154891304347826
0 0.49184782608695654 0.44089673913043476 0.010869565217391304 0.01154891304347826
0 0.48777173913043476 0.45040760869565216 0.010869565217391304 0.010869565217391304
0 0.468070652173913 0.468070652173913 0.010869565217391304 0.010190217391304348
0 0.45584239130434784 0.4429347826086957 0.010869565217391304 0.009510869565217392
0 0.4748641304347826 0.4313858695652174 0.012228260869565218 0.01154891304347826
0 0.453125 0.4266304347826087 0.008831521739130434 0.010869565217391304
0 0.453125 0.374320652173913 0.008152173913043478 0.008152173913043478
0 0.8777173913043478 0.5258152173913043 0.01358695652173913 0.016983695652173912
0 0.7547554347826086 0.5027173913043478 0.01358695652173913 0.01358695652173913
0 0.7072010869565217 0.4904891304347826 0.010869565217391304 0.012228260869565218
0 0.5407608695652174 0.49592391304347827 0.012228260869565218 0.012228260869565218
0 0.4830163043478261 0.5135869565217391 0.010869565217391304 0.010190217391304348
0 0.358695652173913 0.42527173913043476 0.012228260869565218 0.01154891304347826
0 0.3539402173913043 0.4157608695652174 0.010869565217391304 0.010190217391304348
0 0.374320652173913 0.4123641304347826 0.010869565217391304 0.01154891304347826
0 0.39877717391304346 0.41372282608695654 0.012228260869565218 0.01154891304347826
0 0.422554347826087 0.41304347826086957 0.012228260869565218 0.01154891304347826
0 0.40285326086956524 0.43002717391304346 0.012907608695652174 0.010869565217391304
0 0.421195652173913 0.46535326086956524 0.010869565217391304 0.010190217391304348
0 0.42934782608695654 0.45584239130434784 0.012228260869565218 0.010869565217391304
0 0.39266304347826086 0.4626358695652174 0.010869565217391304 0.01154891304347826
0 0.3736413043478261 0.43478260869565216 0.012228260869565218 0.010869565217391304
0 0.32608695652173914 0.42866847826086957 0.012228260869565218 0.01154891304347826
0 0.33016304347826086 0.422554347826087 0.012907608695652174 0.01154891304347826
0 0.30978260869565216 0.4164402173913043 0.012228260869565218 0.012228260869565218
0 0.29279891304347827 0.4266304347826087 0.012228260869565218 0.01154891304347826
0 0.29891304347826086 0.45652173913043476 0.010869565217391304 0.010190217391304348
0 0.2112771739130435 0.41847826086956524 0.010190217391304348 0.010869565217391304
0 0.19293478260869565 0.4110054347826087 0.010869565217391304 0.010190217391304348
0 0.12907608695652173 0.41372282608695654 0.010190217391304348 0.010190217391304348
0 0.02377717391304348 0.40896739130434784 0.012907608695652174 0.012228260869565218
0 0.06861413043478261 0.41304347826086957 0.012907608695652174 0.012228260869565218
0 0.6019021739130435 0.5964673913043478 0.015625 0.018342391304347828
0 0.4952445652173913 0.47758152173913043 0.012228260869565218 0.012228260869565218
0 0.516983695652174 0.6005434782608695 0.012228260869565218 0.016983695652173912
0 0.004755434782608696 0.8770380434782609 0.008831521739130434 0.034646739130434784
0 0.018342391304347828 0.8260869565217391 0.036005434782608696 0.03125
0 0.057744565217391304 0.8627717391304348 0.042798913043478264 0.033967391304347824
0 0.09782608695652174 0.8668478260869565 0.042798913043478264 0.033967391304347824
0 0.15896739130434784 0.8396739130434783 0.041440217391304345 0.03260869565217391
0 0.16576086956521738 0.7364130434782609 0.03260869565217391 0.025815217391304348
0 0.09986413043478261 0.6474184782608695 0.020380434782608696 0.015625
0 0.109375 0.6358695652173914 0.019021739130434784 0.015625
0 0.13383152173913043 0.6188858695652174 0.018342391304347828 0.014266304347826086
0 0.20380434782608695 0.6338315217391305 0.019021739130434784 0.014945652173913044
0 0.20040760869565216 0.6182065217391305 0.018342391304347828 0.014266304347826086
0 0.22758152173913043 0.654891304347826 0.01970108695652174 0.015625
0 0.22554347826086957 0.626358695652174 0.019021739130434784 0.014945652173913044
0 0.28804347826086957 0.6650815217391305 0.01970108695652174 0.015625
0 0.30978260869565216 0.639266304347826 0.020380434782608696 0.015625
0 0.26358695652173914 0.608016304347826 0.019021739130434784 0.014266304347826086
0 0.3294836956521739 0.6188858695652174 0.01970108695652174 0.015625
0 0.14673913043478262 0.608016304347826 0.018342391304347828 0.014266304347826086
0 0.06929347826086957 0.6277173913043478 0.01970108695652174 0.014945652173913044
0 0.08967391304347826 0.6304347826086957 0.019021739130434784 0.014945652173913044
0 0.05502717391304348 0.6168478260869565 0.019021739130434784 0.014945652173913044
0 0.035326086956521736 0.6202445652173914 0.019021739130434784 0.014945652173913044
0 0.036005434782608696 0.6379076086956522 0.01970108695652174 0.015625
0 0.015625 0.625 0.019021739130434784 0.014266304347826086
0 0.001358695652173913 0.6182065217391305 0.0020380434782608695 0.014266304347826086
0 0.004076086956521739 0.5319293478260869 0.008152173913043478 0.012907608695652174
0 0.33559782608695654 0.7302989130434783 0.03192934782608696 0.024456521739130436
0 0.31657608695652173 0.7737771739130435 0.036005434782608696 0.027853260869565216
0 0.38247282608695654 0.8036684782608695 0.042798913043478264 0.033967391304347824
0 0.24660326086956522 0.8301630434782609 0.04076086956521739 0.03192934782608696
0 0.561141304347826 0.860733695652174 0.050271739130434784 0.03940217391304348
0 0.6739130434782609 0.7751358695652174 0.036005434782608696 0.028532608695652172
0 0.6827445652173914 0.7364130434782609 0.029891304347826088 0.02377717391304348
0 0.8274456521739131 0.7921195652173914 0.03260869565217391 0.025815217391304348
0 0.7078804347826086 0.6773097826086957 0.03260869565217391 0.025815217391304348
0 0.673233695652174 0.673233695652174 0.026494565217391304 0.020380434782608696
0 0.673233695652174 0.6229619565217391 0.026494565217391304 0.021059782608695652
0 0.6202445652173914 0.6188858695652174 0.02377717391304348 0.019021739130434784
0 0.5095108695652174 0.6188858695652174 0.021739130434782608 0.016983695652173912
0 0.47146739130434784 0.6168478260869565 0.021739130434782608 0.016983695652173912
0 0.44089673913043476 0.6039402173913043 0.020380434782608696 0.016304347826086956
0 0.436820652173913 0.6324728260869565 0.022418478260869564 0.018342391304347828
0 0.4735054347826087 0.5957880434782609 0.020380434782608696 0.015625
0 0.5305706521739131 0.579483695652174 0.019021739130434784 0.015625
0 0.5305706521739131 0.5862771739130435 0.01970108695652174 0.015625
0 0.5339673913043478 0.6032608695652174 0.020380434782608696 0.016304347826086956
0 0.7921195652173914 0.6073369565217391 0.02377717391304348 0.019021739130434784
0 0.6413043478260869 0.5760869565217391 0.021059782608695652 0.016983695652173912
0 0.6385869565217391 0.5944293478260869 0.021059782608695652 0.016304347826086956
0 0.6100543478260869 0.5713315217391305 0.019021739130434784 0.015625
0 0.579483695652174 0.5869565217391305 0.021059782608695652 0.016304347826086956
0 0.5625 0.6032608695652174 0.021059782608695652 0.016983695652173912
0 0.6616847826086957 0.5414402173913043 0.016983695652173912 0.012907608695652174
0 0.6847826086956522 0.5536684782608695 0.017663043478260868 0.014266304347826086
0 0.6596467391304348 0.5631793478260869 0.020380434782608696 0.015625
0 0.7058423913043478 0.5631793478260869 0.020380434782608696 0.015625
0 0.7302989130434783 0.5625 0.01970108695652174 0.015625
0 0.7588315217391305 0.5597826086956522 0.020380434782608696 0.015625
0 0.8009510869565217 0.578125 0.022418478260869564 0.017663043478260868
0 0.859375 0.6059782608695652 0.024456521739130436 0.01970108695652174
0 0.8403532608695652 0.5543478260869565 0.020380434782608696 0.016304347826086956
0 0.8342391304347826 0.5373641304347826 0.019021739130434784 0.014945652173913044
0 0.889266304347826 0.548233695652174 0.020380434782608696 0.016304347826086956
0 0.9273097826086957 0.578125 0.022418478260869564 0.016983695652173912
0 0.9320652173913043 0.5652173913043478 0.020380434782608696 0.016304347826086956
0 0.953125 0.5774456521739131 0.021739130434782608 0.016983695652173912
0 0.9735054347826086 0.5244565217391305 0.018342391304347828 0.014266304347826086
0 0.954483695652174 0.5285326086956522 0.018342391304347828 0.014266304347826086
0 0.8933423913043478 0.5061141304347826 0.018342391304347828 0.014266304347826086
0 0.8342391304347826 0.48029891304347827 0.016983695652173912 0.01358695652173913
0 0.829483695652174 0.46875 0.016983695652173912 0.014266304347826086
0 0.8247282608695652 0.45991847826086957 0.016983695652173912 0.01358695652173913
0 0.7887228260869565 0.47146739130434784 0.015625 0.012228260869565218
0 0.8091032608695652 0.499320652173913 0.016983695652173912 0.01358695652173913
0 0.8104619565217391 0.48641304347826086 0.016983695652173912 0.012907608695652174
0 0.7853260869565217 0.49116847826086957 0.015625 0.012228260869565218
0 0.7730978260869565 0.5 0.015625 0.012228260869565218
0 0.7873641304347826 0.5278532608695652 0.018342391304347828 0.014266304347826086
0 0.7466032608695652 0.5278532608695652 0.016983695652173912 0.01358695652173913
0 0.7336956521739131 0.5332880434782609 0.016983695652173912 0.01358695652173913
0 0.720108695652174 0.5394021739130435 0.016983695652173912 0.01358695652173913
0 0.7180706521739131 0.5163043478260869 0.015625 0.012228260869565218
0 0.6990489130434783 0.5394021739130435 0.016983695652173912 0.012907608695652174
0 0.6691576086956522 0.529891304347826 0.016983695652173912 0.012907608695652174
0 0.8838315217391305 0.4470108695652174 0.016983695652173912 0.01358695652173913
0 0.8980978260869565 0.46059782608695654 0.017663043478260868 0.014266304347826086
0 0.842391304347826 0.47146739130434784 0.016983695652173912 0.01358695652173913
0 0.7092391304347826 0.46603260869565216 0.014945652173913044 0.012228260869565218
0 0.6827445652173914 0.4436141304347826 0.015625 0.012228260869565218
0 0.6800271739130435 0.4327445652173913 0.014945652173913044 0.012228260869565218
0 0.6847826086956522 0.4789402173913043 0.015625 0.012228260869565218
0 0.6711956521739131 0.4796195652173913 0.015625 0.012228260869565218
0 0.6528532608695652 0.46467391304347827 0.014266304347826086 0.010869565217391304
0 0.6535326086956522 0.453125 0.014266304347826086 0.01154891304347826
0 0.6086956521739131 0.452445652173913 0.01358695652173913 0.010869565217391304
0 0.5842391304347826 0.43478260869565216 0.01358695652173913 0.010869565217391304
0 0.6426630434782609 0.515625 0.014945652173913044 0.012228260869565218
0 0.6290760869565217 0.5040760869565217 0.014945652173913044 0.01154891304347826
0 0.5237771739130435 0.43002717391304346 0.014266304347826086 0.010869565217391304
0 0.4741847826086957 0.452445652173913 0.012907608695652174 0.009510869565217392
0 0.44565217391304346 0.4279891304347826 0.012907608695652174 0.010190217391304348
0 0.4470108695652174 0.40421195652173914 0.01154891304347826 0.009510869565217392
0 0.9103260869565217 0.5380434782608695 0.01970108695652174 0.015625
0 0.7778532608695652 0.5475543478260869 0.020380434782608696 0.015625
0 0.5747282608695652 0.4857336956521739 0.01358695652173913 0.010869565217391304
0 0.3845108695652174 0.41915760869565216 0.012907608695652174 0.010190217391304348
0 0.43070652173913043 0.43342391304347827 0.012228260869565218 0.009510869565217392
0 0.3539402173913043 0.452445652173913 0.012907608695652174 0.010190217391304348
0 0.30502717391304346 0.41508152173913043 0.012907608695652174 0.010869565217391304
0 0.26834239130434784 0.4205163043478261 0.012228260869565218 0.010190217391304348
0 0.26902173913043476 0.38383152173913043 0.012907608695652174 0.010190217391304348
0 0.2235054347826087 0.42391304347826086 0.012228260869565218 0.009510869565217392
0 0.28125 0.40828804347826086 0.012907608695652174 0.010190217391304348
0 0.1956521739130435 0.4266304347826087 0.012228260869565218 0.010190217391304348
0 0.14605978260869565 0.4076086956521739 0.012907608695652174 0.010869565217391304
0 0.16779891304347827 0.4116847826086957 0.012907608695652174 0.010190217391304348
0 0.1800271739130435 0.4361413043478261 0.012228260869565218 0.009510869565217392
0 0.001358695652173913 0.40285326086956524 0.0020380434782608695 0.010190217391304348
0 0.042119565217391304 0.41847826086956524 0.012228260869565218 0.009510869565217392
0 0.09375 0.40896739130434784 0.012907608695652174 0.009510869565217392
0 0.6100543478260869 0.8362771739130435 0.03804347826086957 0.029891304347826088
0 0.7262228260869565 0.7873641304347826 0.036684782608695655 0.029211956521739132
0 0.9714673913043478 0.8702445652173914 0.036005434782608696 0.027853260869565216
0 0.6317934782608695 0.608016304347826 0.021739130434782608 0.016983695652173912
0 0.3688858695652174 0.592391304347826 0.019021739130434784 0.014266304347826086
0 0.3498641304347826 0.6032608695652174 0.019021739130434784 0.015625
0 0.3960597826086957 0.6032608695652174 0.019021739130434784 0.015625
0 0.38722826086956524 0.5842391304347826 0.018342391304347828 0.014266304347826086
0 0.41372282608695654 0.6216032608695652 0.021739130434782608 0.016983695652173912
0 0.31657608695652173 0.7479619565217391 0.03328804347826087 0.026494565217391304
0 0.2418478260869565 0.41304347826086957 0.012907608695652174 0.010190217391304348
0 0.26766304347826086 0.4483695652173913 0.012228260869565218 0.009510869565217392
0 0.03940217391304348 0.4273097826086957 0.01154891304347826 0.009510869565217392
0 0.22146739130434784 0.3220108695652174 0.01154891304347826 0.008831521739130434
0 0.7479619565217391 0.4436141304347826 0.014945652173913044 0.012228260869565218
0 0.7961956521739131 0.5495923913043478 0.01970108695652174 0.015625
0 0.701766304347826 0.5754076086956522 0.020380434782608696 0.016304347826086956
0 0.6338315217391305 0.829483695652174 0.04008152173913043 0.03125
0 0.7649456521739131 0.5427989130434783 0.019021739130434784 0.014945652173913044
0 0.7601902173913043 0.515625 0.016983695652173912 0.012907608695652174
0 0.7364130434782609 0.5210597826086957 0.016983695652173912 0.01358695652173913
0 0.5733695652173914 0.436820652173913 0.01358695652173913 0.010869565217391304
0 0.1949728260869565 0.6114130434782609 0.018342391304347828 0.014266304347826086
0 0.8240489130434783 0.5305706521739131 0.018342391304347828 0.014945652173913044