0 0.9728260869565217 0.11888586956521739 0.012228260869565218 0.01358695652173913
0 0.9870923913043478 0.140625 0.014266304347826086 0.014945652173913044
0 0.15285326086956522 0.38722826086956524 0.014266304347826086 0.012907608695652174
0 0.2112771739130435 0.4001358695652174 0.01358695652173913 0.014945652173913044
0 0.016304347826086956 0.48165760869565216 0.01358695652173913 0.014945652173913044
0 0.02717391304347826 0.49184782608695654 0.015625 0.016983695652173912
0 0.016304347826086956 0.5135869565217391 0.015625 0.016983695652173912
0 0.035326086956521736 0.5122282608695652 0.015625 0.016983695652173912
0 0.11548913043478261 0.405570652173913 0.014266304347826086 0.014945652173913044
0 0.07948369565217392 0.4626358695652174 0.015625 0.014945652173913044
0 0.09510869565217392 0.4891304347826087 0.015625 0.014945652173913044
0 0.11820652173913043 0.5033967391304348 0.016983695652173912 0.016983695652173912
0 0.17391304347826086 0.5054347826086957 0.015625 0.016983695652173912
0 0.13179347826086957 0.42391304347826086 0.015625 0.014945652173913044
0 0.22146739130434784 0.468070652173913 0.016983695652173912 0.016983695652173912
0 0.21942934782608695 0.516983695652174 0.015625 0.016983695652173912
0 0.2513586956521739 0.5285326086956522 0.015625 0.017663043478260868
0 0.2513586956521739 0.5108695652173914 0.015625 0.016983695652173912
0 0.2751358695652174 0.5074728260869565 0.016983695652173912 0.017663043478260868
0 0.24932065217391305 0.47282608695652173 0.016983695652173912 0.016983695652173912
0 0.29279891304347827 0.4626358695652174 0.01358695652173913 0.014945652173913044
0 0.24660326086956522 0.4320652173913043 0.014266304347826086 0.016983695652173912
0 0.22146739130434784 0.42527173913043476 0.015625 0.016983695652173912
0 0.2826086956521739 0.422554347826087 0.015625 0.016983695652173912
0 0.057065217391304345 0.5441576086956522 0.015625 0.016983695652173912
0 0.024456521739130436 0.548233695652174 0.014266304347826086 0.016983695652173912
0 0.03260869565217391 0.5740489130434783 0.016983695652173912 0.017663043478260868
0 0.10054347826086957 0.5835597826086957 0.016983695652173912 0.017663043478260868
0 0.1331521739130435 0.5604619565217391 0.016983695652173912 0.016983695652173912
0 0.1331521739130435 0.5339673913043478 0.016983695652173912 0.017663043478260868
0 0.16304347826086957 0.5910326086956522 0.019021739130434784 0.017663043478260868
0 0.23029891304347827 0.5543478260869565 0.019021739130434784 0.018342391304347828
0 0.25339673913043476 0.5760869565217391 0.016983695652173912 0.018342391304347828
0 0.27377717391304346 0.5584239130434783 0.019021739130434784 0.020380434782608696
0 0.1331521739130435 0.5910326086956522 0.019021739130434784 0.017663043478260868
0 0.04755434782608696 0.610733695652174 0.016983695652173912 0.016983695652173912
0 0.010869565217391304 0.6997282608695652 0.014266304347826086 0.021059782608695652
0 0.0625 0.7309782608695652 0.01970108695652174 0.022418478260869564
0 0.08016304347826086 0.7248641304347826 0.025135869565217392 0.02377717391304348
0 0.03736413043478261 0.717391304347826 0.021059782608695652 0.02377717391304348
0 0.08016304347826086 0.7024456521739131 0.021059782608695652 0.020380434782608696
0 0.07608695652173914 0.7533967391304348 0.02377717391304348 0.02377717391304348
0 0.006793478260869565 0.7432065217391305 0.01358695652173913 0.021059782608695652
0 0.03192934782608696 0.7737771739130435 0.02377717391304348 0.022418478260869564
0 0.11480978260869565 0.7724184782608695 0.02717391304347826 0.027853260869565216
0 0.1637228260869565 0.7683423913043478 0.025135869565217392 0.025135869565217392
0 0.18070652173913043 0.7540760869565217 0.021059782608695652 0.022418478260869564
0 0.15421195652173914 0.7289402173913043 0.02377717391304348 0.02377717391304348
0 0.15828804347826086 0.7058423913043478 0.02377717391304348 0.022418478260869564
0 0.17051630434782608 0.6807065217391305 0.021059782608695652 0.020380434782608696
0 0.20040760869565216 0.7078804347826086 0.02377717391304348 0.021059782608695652
0 0.2262228260869565 0.7391304347826086 0.02377717391304348 0.025135869565217392
0 0.23980978260869565 0.7051630434782609 0.02309782608695652 0.021059782608695652
0 0.23097826086956522 0.6983695652173914 0.02309782608695652 0.021059782608695652
0 0.2554347826086957 0.673233695652174 0.02309782608695652 0.021059782608695652
0 0.2703804347826087 0.7180706521739131 0.02717391304347826 0.025815217391304348
0 0.28940217391304346 0.703125 0.02377717391304348 0.025135869565217392
0 0.034646739130434784 0.8797554347826086 0.02717391304347826 0.025135869565217392
0 0.06114130434782609 0.8777173913043478 0.025135869565217392 0.025815217391304348
0 0.13383152173913043 0.890625 0.027853260869565216 0.028532608695652172
0 0.12567934782608695 0.8709239130434783 0.025135869565217392 0.025135869565217392
0 0.13043478260869565 0.842391304347826 0.02717391304347826 0.025135869565217392
0 0.07880434782608696 0.8376358695652174 0.025135869565217392 0.025135869565217392
0 0.10394021739130435 0.8125 0.02309782608695652 0.025815217391304348
0 0.14198369565217392 0.8063858695652174 0.02309782608695652 0.027853260869565216
0 0.17459239130434784 0.8131793478260869 0.021059782608695652 0.025135869565217392
0 0.15489130434782608 0.8756793478260869 0.02717391304347826 0.025815217391304348
0 0.19972826086956522 0.8403532608695652 0.03125 0.03125
0 0.20855978260869565 0.8233695652173914 0.02309782608695652 0.02377717391304348
0 0.2105978260869565 0.8057065217391305 0.025135869565217392 0.02377717391304348
0 0.25339673913043476 0.7900815217391305 0.02717391304347826 0.025815217391304348
0 0.26358695652173914 0.8158967391304348 0.027853260869565216 0.028532608695652172
0 0.280570652173913 0.8709239130434783 0.02717391304347826 0.027853260869565216
0 0.2866847826086957 0.7771739130434783 0.02309782608695652 0.02377717391304348
0 0.28872282608695654 0.8077445652173914 0.025135869565217392 0.02377717391304348
0 0.057065217391304345 0.9164402173913043 0.035326086956521736 0.03260869565217391
0 0.09239130434782608 0.9578804347826086 0.03125 0.03125
0 0.09714673913043478 0.985733695652174 0.035326086956521736 0.016983695652173912
0 0.15081521739130435 0.9850543478260869 0.03736413043478261 0.02309782608695652
0 0.14945652173913043 0.9497282608695652 0.03125 0.03328804347826087
0 0.20652173913043478 0.951766304347826 0.029211956521739132 0.025815217391304348
0 0.2105978260869565 0.9755434782608695 0.03328804347826087 0.035326086956521736
0 0.27377717391304346 0.9510869565217391 0.03328804347826087 0.036005434782608696
0 0.31521739130434784 0.35122282608695654 0.01358695652173913 0.014945652173913044
0 0.33559782608695654 0.3423913043478261 0.012228260869565218 0.01358695652173913
0 0.3172554347826087 0.3797554347826087 0.014266304347826086 0.014945652173913044
0 0.35597826086956524 0.36820652173913043 0.014266304347826086 0.014945652173913044
0 0.38247282608695654 0.3804347826086957 0.01358695652173913 0.014945652173913044
0 0.41372282608695654 0.38315217391304346 0.015625 0.016983695652173912
0 0.421195652173913 0.360054347826087 0.012228260869565218 0.01358695652173913
0 0.4313858695652174 0.2907608695652174 0.012228260869565218 0.01358695652173913
0 0.4517663043478261 0.30027173913043476 0.012228260869565218 0.01358695652173913
0 0.46195652173913043 0.31589673913043476 0.012228260869565218 0.01358695652173913
0 0.48233695652173914 0.3138586956521739 0.012228260869565218 0.01358695652173913
0 0.4313858695652174 0.32472826086956524 0.012228260869565218 0.01358695652173913
0 0.45652173913043476 0.36209239130434784 0.012228260869565218 0.016983695652173912
0 0.44565217391304346 0.37296195652173914 0.014266304347826086 0.016983695652173912
0 0.484375 0.37839673913043476 0.014266304347826086 0.016983695652173912
0 0.4945652173913043 0.39470108695652173 0.015625 0.017663043478260868
0 0.4544836956521739 0.39402173913043476 0.015625 0.016983695652173912
0 0.438179347826087 0.39809782608695654 0.015625 0.016983695652173912
0 0.5190217391304348 0.375 0.014266304347826086 0.016983695652173912
0 0.5047554347826086 0.3498641304347826 0.015625 0.017663043478260868
0 0.5387228260869565 0.2826086956521739 0.012228260869565218 0.014945652173913044
0 0.5366847826086957 0.31997282608695654 0.01154891304347826 0.014945652173913044
0 0.5366847826086957 0.34375 0.014266304347826086 0.014945652173913044
0 0.5353260869565217 0.359375 0.014266304347826086 0.014945652173913044
0 0.3267663043478261 0.43342391304347827 0.014266304347826086 0.014945652173913044
0 0.3423913043478261 0.44565217391304346 0.015625 0.016983695652173912
0 0.31657608695652173 0.46603260869565216 0.016983695652173912 0.016983695652173912
0 0.37160326086956524 0.4945652173913043 0.016983695652173912 0.018342391304347828
0 0.3695652173913043 0.44429347826086957 0.015625 0.016983695652173912
0 0.3736413043478261 0.514266304347826 0.019021739130434784 0.020380434782608696
0 0.31929347826086957 0.5095108695652174 0.019021739130434784 0.018342391304347828
0 0.4205163043478261 0.49320652173913043 0.019021739130434784 0.018342391304347828
0 0.4375 0.5047554347826086 0.019021739130434784 0.020380434782608696
0 0.4008152173913043 0.4470108695652174 0.015625 0.014945652173913044
0 0.41032608695652173 0.42391304347826086 0.015625 0.014945652173913044
0 0.4327445652173913 0.4422554347826087 0.015625 0.016983695652173912
0 0.44565217391304346 0.45584239130434784 0.014266304347826086 0.017663043478260868
0 0.4633152173913043 0.485054347826087 0.019021739130434784 0.017663043478260868
0 0.485054347826087 0.48097826086956524 0.016983695652173912 0.016983695652173912
0 0.48097826086956524 0.5210597826086957 0.016983695652173912 0.017663043478260868
0 0.4986413043478261 0.5074728260869565 0.019021739130434784 0.016983695652173912
0 0.5258152173913043 0.48233695652173914 0.01970108695652174 0.020380434782608696
0 0.47622282608695654 0.4476902173913043 0.015625 0.017663043478260868
0 0.4741847826086957 0.42595108695652173 0.016983695652173912 0.016983695652173912
0 0.4476902173913043 0.41983695652173914 0.015625 0.016983695652173912
0 0.5346467391304348 0.46467391304347827 0.015625 0.017663043478260868
0 0.5387228260869565 0.3967391304347826 0.015625 0.017663043478260868
0 0.3138586956521739 0.5414402173913043 0.019021739130434784 0.017663043478260868
0 0.3186141304347826 0.5591032608695652 0.019021739130434784 0.018342391304347828
0 0.3376358695652174 0.5339673913043478 0.01970108695652174 0.021059782608695652
0 0.3580163043478261 0.5536684782608695 0.021059782608695652 0.021059782608695652
0 0.38179347826086957 0.5448369565217391 0.019021739130434784 0.018342391304347828
0 0.42459239130434784 0.5414402173913043 0.01970108695652174 0.021059782608695652
0 0.44089673913043476 0.5353260869565217 0.019021739130434784 0.020380434782608696
0 0.49728260869565216 0.5427989130434783 0.01970108695652174 0.017663043478260868
0 0.3179347826086957 0.6644021739130435 0.021059782608695652 0.022418478260869564
0 0.33084239130434784 0.6841032608695652 0.021059782608695652 0.022418478260869564
0 0.33084239130434784 0.7105978260869565 0.02309782608695652 0.021059782608695652
0 0.3328804347826087 0.7418478260869565 0.02717391304347826 0.02377717391304348
0 0.3328804347826087 0.7764945652173914 0.025135869565217392 0.028532608695652172
0 0.3763586956521739 0.7724184782608695 0.027853260869565216 0.029891304347826088
0 0.3845108695652174 0.7418478260869565 0.025135869565217392 0.021059782608695652
0 0.37839673913043476 0.720108695652174 0.02309782608695652 0.02377717391304348
0 0.39809782608695654 0.6766304347826086 0.02309782608695652 0.020380434782608696
0 0.4232336956521739 0.6942934782608695 0.021059782608695652 0.02377717391304348
0 0.42866847826086957 0.7092391304347826 0.025135869565217392 0.027853260869565216
0 0.46195652173913043 0.7425271739130435 0.027853260869565216 0.025135869565217392
0 0.4735054347826087 0.7622282608695652 0.02717391304347826 0.025815217391304348
0 0.46127717391304346 0.7105978260869565 0.025135869565217392 0.025815217391304348
0 0.5122282608695652 0.7024456521739131 0.027853260869565216 0.02377717391304348
0 0.5067934782608695 0.6793478260869565 0.02717391304347826 0.027853260869565216
0 0.5305706521739131 0.6779891304347826 0.02717391304347826 0.02377717391304348
0 0.5346467391304348 0.6603260869565217 0.025135869565217392 0.027853260869565216
0 0.5258152173913043 0.6379076086956522 0.019021739130434784 0.022418478260869564
0 0.47758152173913043 0.6684782608695652 0.021059782608695652 0.021059782608695652
0 0.4273097826086957 0.6399456521739131 0.02309782608695652 0.02377717391304348
0 0.34714673913043476 0.8845108695652174 0.03328804347826087 0.03125
0 0.41915760869565216 0.891983695652174 0.035326086956521736 0.03260869565217391
0 0.40353260869565216 0.8247282608695652 0.03125 0.03125
0 0.49796195652173914 0.8349184782608695 0.027853260869565216 0.03260869565217391
0 0.484375 0.8865489130434783 0.02717391304347826 0.03125
0 0.5264945652173914 0.8756793478260869 0.03125 0.03260869565217391
0 0.5278532608695652 0.842391304347826 0.03260869565217391 0.036005434782608696
0 0.5319293478260869 0.8152173913043478 0.027853260869565216 0.029891304347826088
0 0.5278532608695652 0.7866847826086957 0.029211956521739132 0.027853260869565216
0 0.4830163043478261 0.7907608695652174 0.02717391304347826 0.028532608695652172
0 0.3539402173913043 0.9381793478260869 0.029211956521739132 0.03872282608695652
0 0.3179347826086957 0.9293478260869565 0.035326086956521736 0.03260869565217391
0 0.3179347826086957 0.954483695652174 0.03328804347826087 0.035326086956521736
0 0.36616847826086957 0.967391304347826 0.035326086956521736 0.03804347826086957
0 0.43953804347826086 0.970108695652174 0.035326086956521736 0.03260869565217391
0 0.42934782608695654 0.9191576086956522 0.035326086956521736 0.03328804347826087
0 0.4673913043478261 0.9164402173913043 0.03125 0.03804347826086957
0 0.484375 0.9626358695652174 0.036684782608695655 0.03328804347826087
0 0.5991847826086957 0.27241847826086957 0.012228260869565218 0.01358695652173913
0 0.673233695652174 0.26222826086956524 0.014266304347826086 0.014945652173913044
0 0.6793478260869565 0.23505434782608695 0.012228260869565218 0.012907608695652174
0 0.7065217391304348 0.24116847826086957 0.012228260869565218 0.01358695652173913
0 0.7214673913043478 0.24660326086956522 0.012228260869565218 0.01358695652173913
0 0.7445652173913043 0.23980978260869565 0.012228260869565218 0.014945652173913044
0 0.7737771739130435 0.25679347826086957 0.014266304347826086 0.012228260869565218
0 0.5543478260869565 0.297554347826087 0.012228260869565218 0.014945652173913044
0 0.5740489130434783 0.33627717391304346 0.012228260869565218 0.014945652173913044
0 0.563858695652174 0.35190217391304346 0.014266304347826086 0.01358695652173913
0 0.5713315217391305 0.3654891304347826 0.016983695652173912 0.017663043478260868
0 0.5747282608695652 0.39741847826086957 0.015625 0.016983695652173912
0 0.6046195652173914 0.390625 0.015625 0.016983695652173912
0 0.623641304347826 0.3960597826086957 0.014266304347826086 0.016983695652173912
0 0.6127717391304348 0.3702445652173913 0.015625 0.017663043478260868
0 0.6025815217391305 0.360054347826087 0.015625 0.016983695652173912
0 0.609375 0.3335597826086957 0.015625 0.014945652173913044
0 0.6270380434782609 0.3383152173913043 0.014266304347826086 0.016983695652173912
0 0.6528532608695652 0.3539402173913043 0.014266304347826086 0.017663043478260868
0 0.6644021739130435 0.35665760869565216 0.014266304347826086 0.014945652173913044
0 0.670516304347826 0.3851902173913043 0.014266304347826086 0.016983695652173912
0 0.6460597826086957 0.39877717391304346 0.014266304347826086 0.014945652173913044
0 0.688858695652174 0.3960597826086957 0.015625 0.016983695652173912
0 0.7133152173913043 0.3539402173913043 0.015625 0.016983695652173912
0 0.6684782608695652 0.32472826086956524 0.012228260869565218 0.01358695652173913
0 0.6895380434782609 0.31657608695652173 0.014266304347826086 0.016983695652173912
0 0.6983695652173914 0.328804347826087 0.015625 0.017663043478260868
0 0.7398097826086957 0.36752717391304346 0.015625 0.017663043478260868
0 0.7119565217391305 0.39470108695652173 0.015625 0.017663043478260868
0 0.764266304347826 0.38247282608695654 0.016983695652173912 0.017663043478260868
0 0.7690217391304348 0.34103260869565216 0.012228260869565218 0.014945652173913044
0 0.7520380434782609 0.34578804347826086 0.014266304347826086 0.016983695652173912
0 0.7296195652173914 0.33491847826086957 0.012228260869565218 0.014945652173913044
0 0.7194293478260869 0.31657608695652173 0.015625 0.016983695652173912
0 0.7262228260869565 0.28872282608695654 0.012228260869565218 0.01358695652173913
0 0.7608695652173914 0.296195652173913 0.014266304347826086 0.014945652173913044
0 0.7846467391304348 0.34646739130434784 0.014266304347826086 0.016983695652173912
0 0.5509510869565217 0.40625 0.016983695652173912 0.016983695652173912
0 0.5658967391304348 0.4205163043478261 0.015625 0.017663043478260868
0 0.5828804347826086 0.4429347826086957 0.015625 0.017663043478260868
0 0.5523097826086957 0.46467391304347827 0.015625 0.018342391304347828
0 0.6039402173913043 0.515625 0.019021739130434784 0.020380434782608696
0 0.625 0.4633152173913043 0.016983695652173912 0.017663043478260868
0 0.6345108695652174 0.4476902173913043 0.015625 0.014945652173913044
0 0.6297554347826086 0.43410326086956524 0.015625 0.017663043478260868
0 0.5971467391304348 0.41915760869565216 0.016983695652173912 0.017663043478260868
0 0.6535326086956522 0.41983695652173914 0.015625 0.016983695652173912
0 0.6589673913043478 0.46875 0.015625 0.016983695652173912
0 0.6440217391304348 0.4952445652173913 0.01970108695652174 0.018342391304347828
0 0.6385869565217391 0.5163043478260869 0.021059782608695652 0.020380434782608696
0 0.6854619565217391 0.4748641304347826 0.019021739130434784 0.020380434782608696
0 0.701766304347826 0.49184782608695654 0.021059782608695652 0.021059782608695652
0 0.701766304347826 0.44497282608695654 0.015625 0.016983695652173912
0 0.717391304347826 0.4483695652173913 0.019021739130434784 0.017663043478260868
0 0.7581521739130435 0.43342391304347827 0.019021739130434784 0.017663043478260868
0 0.6949728260869565 0.6270380434782609 0.025135869565217392 0.025815217391304348
0 0.733016304347826 0.6012228260869565 0.021059782608695652 0.020380434782608696
0 0.7221467391304348 0.623641304347826 0.02309782608695652 0.025135869565217392
0 0.6528532608695652 0.6331521739130435 0.02377717391304348 0.022418478260869564
0 0.6528532608695652 0.6120923913043478 0.025135869565217392 0.025815217391304348
0 0.6059782608695652 0.6345108695652174 0.02309782608695652 0.022418478260869564
0 0.6019021739130435 0.6501358695652174 0.025135869565217392 0.025135869565217392
0 0.5645380434782609 0.7058423913043478 0.02717391304347826 0.02377717391304348
0 0.5822010869565217 0.6725543478260869 0.02309782608695652 0.021059782608695652
0 0.6345108695652174 0.671875 0.02717391304347826 0.028532608695652172
0 0.7445652173913043 0.6990489130434783 0.029211956521739132 0.029891304347826088
0 0.7601902173913043 0.71875 0.02717391304347826 0.029891304347826088
0 0.782608695652174 0.670516304347826 0.02717391304347826 0.029891304347826088
0 0.7894021739130435 0.7126358695652174 0.02717391304347826 0.029891304347826088
0 0.641983695652174 0.796875 0.03260869565217391 0.03260869565217391
0 0.623641304347826 0.8410326086956522 0.03260869565217391 0.03260869565217391
0 0.5957880434782609 0.8722826086956522 0.03328804347826087 0.03260869565217391
0 0.6426630434782609 0.8817934782608695 0.035326086956521736 0.03125
0 0.6684782608695652 0.8349184782608695 0.03260869565217391 0.029891304347826088
0 0.6881793478260869 0.796875 0.03125 0.03125
0 0.733016304347826 0.7792119565217391 0.027853260869565216 0.027853260869565216
0 0.7588315217391305 0.782608695652174 0.029211956521739132 0.029891304347826088
0 0.7778532608695652 0.7683423913043478 0.027853260869565216 0.029891304347826088
0 0.7927989130434783 0.7948369565217391 0.035326086956521736 0.03328804347826087
0 0.7676630434782609 0.8675271739130435 0.035326086956521736 0.03125
0 0.6875 0.9293478260869565 0.03736413043478261 0.04008152173913043
0 0.6650815217391305 0.9150815217391305 0.036684782608695655 0.03872282608695652
0 0.6154891304347826 0.9164402173913043 0.03125 0.03328804347826087
0 0.5577445652173914 0.9103260869565217 0.03736413043478261 0.036005434782608696
0 0.6664402173913043 0.985733695652174 0.03940217391304348 0.022418478260869564
0 0.7466032608695652 0.9239130434782609 0.03736413043478261 0.03872282608695652
0 0.795516304347826 0.22146739130434784 0.012228260869565218 0.01358695652173913
0 0.8084239130434783 0.23777173913043478 0.014266304347826086 0.014945652173913044
0 0.8240489130434783 0.23165760869565216 0.014266304347826086 0.01358695652173913
0 0.8335597826086957 0.22078804347826086 0.014266304347826086 0.01358695652173913
0 0.798233695652174 0.26902173913043476 0.012228260869565218 0.014945652173913044
0 0.8396739130434783 0.26222826086956524 0.014266304347826086 0.01358695652173913
0 0.859375 0.1922554347826087 0.012228260869565218 0.01358695652173913
0 0.891983695652174 0.2139945652173913 0.015625 0.016983695652173912
0 0.889266304347826 0.19972826086956522 0.014266304347826086 0.014945652173913044
0 0.904891304347826 0.2547554347826087 0.012228260869565218 0.014945652173913044
0 0.8179347826086957 0.297554347826087 0.014266304347826086 0.016983695652173912
0 0.845108695652174 0.29891304347826086 0.015625 0.017663043478260868
0 0.8016304347826086 0.36820652173913043 0.016983695652173912 0.017663043478260868
0 0.8417119565217391 0.39402173913043476 0.014266304347826086 0.01358695652173913
0 0.858016304347826 0.3919836956521739 0.019021739130434784 0.020380434782608696
0 0.8519021739130435 0.3648097826086957 0.014266304347826086 0.016983695652173912
0 0.8519021739130435 0.32608695652173914 0.014266304347826086 0.016983695652173912
0 0.8872282608695652 0.31453804347826086 0.015625 0.018342391304347828
0 0.9239130434782609 0.30910326086956524 0.015625 0.014945652173913044
0 0.9089673913043478 0.28328804347826086 0.014266304347826086 0.014945652173913044
0 0.8817934782608695 0.3641304347826087 0.014266304347826086 0.014945652173913044
0 0.876358695652174 0.38179347826086957 0.015625 0.018342391304347828
0 0.8002717391304348 0.43342391304347827 0.016983695652173912 0.017663043478260868
0 0.8369565217391305 0.438179347826087 0.016983695652173912 0.017663043478260868
0 0.8539402173913043 0.4157608695652174 0.016983695652173912 0.017663043478260868
0 0.8226902173913043 0.406929347826087 0.016983695652173912 0.017663043478260868
0 0.859375 0.6345108695652174 0.025135869565217392 0.027853260869565216
0 0.859375 0.7099184782608695 0.025135869565217392 0.027853260869565216
0 0.9008152173913043 0.14334239130434784 0.014266304347826086 0.012228260869565218
0 0.9279891304347826 0.13858695652173914 0.014266304347826086 0.012907608695652174
0 0.9429347826086957 0.13111413043478262 0.014266304347826086 0.012907608695652174
0 0.9497282608695652 0.13519021739130435 0.014266304347826086 0.012907608695652174
0 0.9938858695652174 0.10258152173913043 0.012228260869565218 0.012228260869565218
0 0.9979619565217391 0.12228260869565218 0.004076086956521739 0.012907608695652174
0 0.9728260869565217 0.14741847826086957 0.014266304347826086 0.012907608695652174
0 0.9864130434782609 0.13179347826086957 0.014266304347826086 0.012228260869565218
0 0.9959239130434783 0.14402173913043478 0.008152173913043478 0.01358695652173913
0 0.967391304347826 0.2601902173913043 0.06453804347826086 0.14470108695652173
0 0.06317934782608696 0.3220108695652174 0.01358695652173913 0.012228260869565218
0 0.05298913043478261 0.33152173913043476 0.014266304347826086 0.012907608695652174
0 0.027853260869565216 0.3376358695652174 0.01358695652173913 0.012228260869565218
0 0.019021739130434784 0.35665760869565216 0.014266304347826086 0.012907608695652174
0 0.004755434782608696 0.3688858695652174 0.009510869565217392 0.012907608695652174
0 0.012228260869565218 0.39877717391304346 0.015625 0.01358695652173913
0 0.01970108695652174 0.38315217391304346 0.014266304347826086 0.01358695652173913
0 0.08967391304347826 0.3186141304347826 0.014266304347826086 0.012907608695652174
0 0.08491847826086957 0.328125 0.015625 0.012907608695652174
0 0.08763586956521739 0.33627717391304346 0.014266304347826086 0.012907608695652174
0 0.07133152173913043 0.344429347826087 0.014266304347826086 0.012907608695652174
0 0.06997282608695653 0.3539402173913043 0.014266304347826086 0.012228260869565218
0 0.052309782608695655 0.3641304347826087 0.014266304347826086 0.012907608695652174
0 0.04551630434782609 0.36684782608695654 0.01358695652173913 0.012907608695652174
0 0.05502717391304348 0.38179347826086957 0.014266304347826086 0.012907608695652174
0 0.06589673913043478 0.39402173913043476 0.015625 0.012907608695652174
0 0.09171195652173914 0.36209239130434784 0.014266304347826086 0.012907608695652174
0 0.09986413043478261 0.37160326086956524 0.014266304347826086 0.012907608695652174
0 0.10869565217391304 0.38383152173913043 0.014266304347826086 0.012907608695652174
0 0.12296195652173914 0.36684782608695654 0.014266304347826086 0.012907608695652174
0 0.11480978260869565 0.35054347826086957 0.014266304347826086 0.012907608695652174
0 0.09510869565217392 0.34646739130434784 0.014266304347826086 0.01358695652173913
0 0.10461956521739131 0.32065217391304346 0.01358695652173913 0.012228260869565218
0 0.1324728260869565 0.3111413043478261 0.014266304347826086 0.012907608695652174
0 0.12839673913043478 0.3172554347826087 0.01358695652173913 0.012228260869565218
0 0.13519021739130435 0.3376358695652174 0.01358695652173913 0.012228260869565218
0 0.1453804347826087 0.3233695652173913 0.01358695652173913 0.012228260869565218
0 0.15692934782608695 0.31453804347826086 0.01358695652173913 0.012228260869565218
0 0.13111413043478262 0.35054347826086957 0.012228260869565218 0.012228260869565218
0 0.14198369565217392 0.3641304347826087 0.014266304347826086 0.012228260869565218
0 0.15828804347826086 0.33152173913043476 0.014266304347826086 0.012907608695652174
0 0.17595108695652173 0.33491847826086957 0.014266304347826086 0.012907608695652174
0 0.17866847826086957 0.327445652173913 0.01358695652173913 0.012907608695652174
0 0.18410326086956522 0.31929347826086957 0.014266304347826086 0.012907608695652174
0 0.18410326086956522 0.30570652173913043 0.01358695652173913 0.012228260869565218
0 0.17051630434782608 0.35733695652173914 0.01358695652173913 0.010869565217391304
0 0.16032608695652173 0.3797554347826087 0.014266304347826086 0.012907608695652174
0 0.16032608695652173 0.39945652173913043 0.014266304347826086 0.01358695652173913
0 0.1875 0.38858695652173914 0.014266304347826086 0.012907608695652174
0 0.17391304347826086 0.3845108695652174 0.014266304347826086 0.012907608695652174
0 0.18614130434782608 0.39945652173913043 0.015625 0.01358695652173913
0 0.19972826086956522 0.3580163043478261 0.014266304347826086 0.012907608695652174
0 0.21671195652173914 0.36684782608695654 0.014266304347826086 0.012907608695652174
0 0.20720108695652173 0.38247282608695654 0.014266304347826086 0.012907608695652174
0 0.20584239130434784 0.3233695652173913 0.01358695652173913 0.012228260869565218
0 0.2112771739130435 0.30502717391304346 0.01358695652173913 0.012228260869565218
0 0.2296195652173913 0.30978260869565216 0.01358695652173913 0.012228260869565218
0 0.2601902173913043 0.2955163043478261 0.012228260869565218 0.012228260869565218
0 0.25815217391304346 0.31453804347826086 0.01358695652173913 0.012228260869565218
0 0.23097826086956522 0.3233695652173913 0.014266304347826086 0.012228260869565218
0 0.2391304347826087 0.3342391304347826 0.01358695652173913 0.012907608695652174
0 0.24456521739130435 0.36616847826086957 0.014266304347826086 0.012907608695652174
0 0.26834239130434784 0.35597826086956524 0.014266304347826086 0.012907608695652174
0 0.24796195652173914 0.34714673913043476 0.014266304347826086 0.012907608695652174
0 0.26222826086956524 0.37703804347826086 0.014266304347826086 0.012907608695652174
0 0.2608695652173913 0.38722826086956524 0.015625 0.01358695652173913
0 0.015625 0.4375 0.015625 0.01358695652173913
0 0.025815217391304348 0.42866847826086957 0.015625 0.01358695652173913
0 0.005434782608695652 0.4266304347826087 0.010869565217391304 0.01358695652173913
0 0.004755434782608696 0.44565217391304346 0.009510869565217392 0.01358695652173913
0 0.008152173913043478 0.4626358695652174 0.016304347826086956 0.014945652173913044
0 0.005434782608695652 0.47554347826086957 0.010190217391304348 0.01358695652173913
0 0.07065217391304347 0.5 0.016983695652173912 0.014945652173913044
0 0.06385869565217392 0.4830163043478261 0.016983695652173912 0.01358695652173913
0 0.05434782608695652 0.4741847826086957 0.016983695652173912 0.014945652173913044
0 0.043478260869565216 0.46535326086956524 0.016983695652173912 0.01358695652173913
0 0.03736413043478261 0.4470108695652174 0.016983695652173912 0.014945652173913044
0 0.050951086956521736 0.438179347826087 0.016983695652173912 0.01358695652173913
0 0.03804347826086957 0.4157608695652174 0.015625 0.01358695652173913
0 0.052309782608695655 0.41372282608695654 0.015625 0.01358695652173913
0 0.08763586956521739 0.40896739130434784 0.014266304347826086 0.012907608695652174
0 0.10733695652173914 0.42595108695652173 0.015625 0.01358695652173913
0 0.07676630434782608 0.4327445652173913 0.015625 0.01358695652173913
0 0.10801630434782608 0.44021739130434784 0.015625 0.01358695652173913
0 0.08831521739130435 0.44904891304347827 0.015625 0.014945652173913044
0 0.11277173913043478 0.46603260869565216 0.016983695652173912 0.014945652173913044
0 0.12092391304347826 0.5183423913043478 0.016983695652173912 0.014945652173913044
0 0.09510869565217392 0.5197010869565217 0.016983695652173912 0.014945652173913044
0 0.15217391304347827 0.5244565217391305 0.016983695652173912 0.015625
0 0.14198369565217392 0.4986413043478261 0.016983695652173912 0.015625
0 0.15692934782608695 0.48165760869565216 0.016983695652173912 0.015625
0 0.15557065217391305 0.4741847826086957 0.017663043478260868 0.014945652173913044
0 0.1671195652173913 0.4578804347826087 0.016983695652173912 0.014945652173913044
0 0.13722826086956522 0.4544836956521739 0.016983695652173912 0.01358695652173913
0 0.13722826086956522 0.44021739130434784 0.016983695652173912 0.01358695652173913
0 0.14470108695652173 0.42866847826086957 0.016983695652173912 0.01358695652173913
0 0.140625 0.4123641304347826 0.015625 0.01358695652173913
0 0.17051630434782608 0.43410326086956524 0.015625 0.01358695652173913
0 0.18410326086956522 0.41508152173913043 0.015625 0.01358695652173913
0 0.19293478260869565 0.4266304347826087 0.015625 0.01358695652173913
0 0.19361413043478262 0.4429347826086957 0.016983695652173912 0.01358695652173913
0 0.19972826086956522 0.45991847826086957 0.016983695652173912 0.014945652173913044
0 0.21671195652173914 0.4544836956521739 0.016983695652173912 0.014945652173913044
0 0.21195652173913043 0.485054347826087 0.016983695652173912 0.015625
0 0.1949728260869565 0.5054347826086957 0.017663043478260868 0.015625
0 0.22894021739130435 0.5251358695652174 0.019021739130434784 0.015625
0 0.24456521739130435 0.49660326086956524 0.016983695652173912 0.015625
0 0.2866847826086957 0.4789402173913043 0.017663043478260868 0.014945652173913044
0 0.2601902173913043 0.4592391304347826 0.016983695652173912 0.014945652173913044
0 0.25407608695652173 0.452445652173913 0.016983695652173912 0.014945652173913044
0 0.27241847826086957 0.45584239130434784 0.016983695652173912 0.014945652173913044
0 0.2703804347826087 0.44429347826086957 0.016983695652173912 0.01358695652173913
0 0.24456521739130435 0.41983695652173914 0.015625 0.01358695652173913
0 0.25747282608695654 0.405570652173913 0.015625 0.01358695652173913
0 0.24864130434782608 0.41032608695652173 0.016983695652173912 0.01358695652173913
0 0.24456521739130435 0.39877717391304346 0.015625 0.01358695652173913
0 0.034646739130434784 0.561141304347826 0.017663043478260868 0.014945652173913044
0 0.07133152173913043 0.5801630434782609 0.017663043478260868 0.015625
0 0.08084239130434782 0.5516304347826086 0.017663043478260868 0.015625
0 0.09986413043478261 0.5658967391304348 0.019021739130434784 0.016983695652173912
0 0.10190217391304347 0.5400815217391305 0.017663043478260868 0.015625
0 0.12024456521739131 0.5733695652173914 0.017663043478260868 0.016983695652173912
0 0.16915760869565216 0.5597826086956522 0.017663043478260868 0.015625
0 0.15081521739130435 0.5577445652173914 0.017663043478260868 0.015625
0 0.1956521739130435 0.5577445652173914 0.019021739130434784 0.016983695652173912
0 0.26902173913043476 0.5414402173913043 0.019021739130434784 0.016983695652173912
0 0.07472826086956522 0.6005434782608695 0.017663043478260868 0.016983695652173912
0 0.05298913043478261 0.7228260869565217 0.02309782608695652 0.020380434782608696
0 0.07880434782608696 0.6847826086956522 0.021739130434782608 0.01970108695652174
0 0.028532608695652172 0.6875 0.021059782608695652 0.018342391304347828
0 0.12839673913043478 0.671875 0.02309782608695652 0.01970108695652174
0 0.12567934782608695 0.6970108695652174 0.02309782608695652 0.020380434782608696
0 0.10190217391304347 0.6793478260869565 0.021059782608695652 0.01970108695652174
0 0.12364130434782608 0.7248641304347826 0.02377717391304348 0.021059782608695652
0 0.23505434782608695 0.6691576086956522 0.021739130434782608 0.01970108695652174
0 0.04076086956521739 0.8029891304347826 0.025815217391304348 0.02309782608695652
0 0.03125 0.8376358695652174 0.02717391304347826 0.02377717391304348
0 0.008152173913043478 0.7894021739130435 0.015625 0.022418478260869564
0 0.07472826086956522 0.8865489130434783 0.029211956521739132 0.02717391304347826
0 0.15557065217391305 0.8301630434782609 0.025815217391304348 0.02377717391304348
0 0.18342391304347827 0.8797554347826086 0.029211956521739132 0.025815217391304348
0 0.2554347826086957 0.8410326086956522 0.027853260869565216 0.025135869565217392
0 0.10054347826086957 0.9252717391304348 0.029891304347826088 0.027853260869565216
0 0.04755434782608696 0.9870923913043478 0.03260869565217391 0.025815217391304348
0 0.22010869565217392 0.9150815217391305 0.03260869565217391 0.028532608695652172
0 0.2601902173913043 0.9279891304347826 0.034646739130434784 0.030570652173913044
0 0.28396739130434784 0.2955163043478261 0.01358695652173913 0.012228260869565218
0 0.296875 0.3029891304347826 0.014266304347826086 0.012907608695652174
0 0.31929347826086957 0.2866847826086957 0.01358695652173913 0.012228260869565218
0 0.33152173913043476 0.30027173913043476 0.014266304347826086 0.012228260869565218
0 0.328125 0.32065217391304346 0.014266304347826086 0.012907608695652174
0 0.3226902173913043 0.3294836956521739 0.01358695652173913 0.012228260869565218
0 0.30978260869565216 0.3233695652173913 0.01358695652173913 0.012228260869565218
0 0.2907608695652174 0.3220108695652174 0.014266304347826086 0.012907608695652174
0 0.28125 0.3376358695652174 0.014266304347826086 0.012907608695652174
0 0.28464673913043476 0.34646739130434784 0.014266304347826086 0.012907608695652174
0 0.327445652173913 0.3654891304347826 0.015625 0.01358695652173913
0 0.29959239130434784 0.360054347826087 0.015625 0.01358695652173913
0 0.31589673913043476 0.390625 0.015625 0.01358695652173913
0 0.28532608695652173 0.38722826086956524 0.015625 0.01358695652173913
0 0.28464673913043476 0.4001358695652174 0.015625 0.01358695652173913
0 0.34171195652173914 0.390625 0.015625 0.01358695652173913
0 0.3546195652173913 0.3960597826086957 0.015625 0.01358695652173913
0 0.3539402173913043 0.35665760869565216 0.014266304347826086 0.012907608695652174
0 0.3532608695652174 0.33152173913043476 0.014266304347826086 0.012228260869565218
0 0.3539402173913043 0.31046195652173914 0.01358695652173913 0.012907608695652174
0 0.35529891304347827 0.29279891304347827 0.01358695652173913 0.012228260869565218
0 0.3763586956521739 0.2921195652173913 0.01358695652173913 0.012228260869565218
0 0.37839673913043476 0.3077445652173913 0.014266304347826086 0.012228260869565218
0 0.3607336956521739 0.313179347826087 0.014266304347826086 0.012228260869565218
0 0.37771739130434784 0.33016304347826086 0.014266304347826086 0.012228260869565218
0 0.375679347826087 0.34375 0.014266304347826086 0.012907608695652174
0 0.3804347826086957 0.36277173913043476 0.015625 0.012907608695652174
0 0.38315217391304346 0.39470108695652173 0.015625 0.01358695652173913
0 0.4048913043478261 0.38179347826086957 0.015625 0.01358695652173913
0 0.4123641304347826 0.34782608695652173 0.014266304347826086 0.012907608695652174
0 0.4048913043478261 0.33559782608695654 0.014266304347826086 0.012907608695652174
0 0.4048913043478261 0.3220108695652174 0.014266304347826086 0.012228260869565218
0 0.40964673913043476 0.3016304347826087 0.01358695652173913 0.012228260869565218
0 0.41847826086956524 0.31046195652173914 0.01358695652173913 0.012907608695652174
0 0.4076086956521739 0.2866847826086957 0.01358695652173913 0.012228260869565218
0 0.4205163043478261 0.2873641304347826 0.01358695652173913 0.012228260869565218
0 0.4592391304347826 0.29008152173913043 0.014266304347826086 0.012907608695652174
0 0.4470108695652174 0.2751358695652174 0.014266304347826086 0.012228260869565218
0 0.4701086956521739 0.30910326086956524 0.01358695652173913 0.012228260869565218
0 0.47758152173913043 0.29959239130434784 0.01358695652173913 0.012228260869565218
0 0.44633152173913043 0.344429347826087 0.014266304347826086 0.012907608695652174
0 0.4313858695652174 0.311820652173913 0.014266304347826086 0.012907608695652174
0 0.4626358695652174 0.37296195652173914 0.016983695652173912 0.014945652173913044
0 0.42595108695652173 0.38179347826086957 0.016983695652173912 0.01358695652173913
0 0.4361413043478261 0.3498641304347826 0.014266304347826086 0.012907608695652174
0 0.5203804347826086 0.3919836956521739 0.016983695652173912 0.015625
0 0.514266304347826 0.358695652173913 0.015625 0.01358695652173913
0 0.501358695652174 0.3063858695652174 0.01358695652173913 0.012907608695652174
0 0.4986413043478261 0.29279891304347827 0.014266304347826086 0.012907608695652174
0 0.49660326086956524 0.27853260869565216 0.014266304347826086 0.012907608695652174
0 0.501358695652174 0.26970108695652173 0.014266304347826086 0.012907608695652174
0 0.49320652173913043 0.264945652173913 0.014266304347826086 0.012907608695652174
0 0.47758152173913043 0.27377717391304346 0.014266304347826086 0.012907608695652174
0 0.5224184782608695 0.26358695652173914 0.014266304347826086 0.012228260869565218
0 0.529891304347826 0.2751358695652174 0.01358695652173913 0.012907608695652174
0 0.5394021739130435 0.2608695652173913 0.01358695652173913 0.012228260869565218
0 0.5203804347826086 0.2982336956521739 0.01358695652173913 0.012228260869565218
0 0.516983695652174 0.3111413043478261 0.014266304347826086 0.012907608695652174
0 0.5278532608695652 0.3172554347826087 0.014266304347826086 0.012907608695652174
0 0.5251358695652174 0.34103260869565216 0.014266304347826086 0.01358695652173913
0 0.5285326086956522 0.36684782608695654 0.015625 0.014945652173913044
0 0.30910326086956524 0.40964673913043476 0.015625 0.01358695652173913
0 0.33152173913043476 0.42459239130434784 0.015625 0.01358695652173913
0 0.360054347826087 0.43070652173913043 0.015625 0.014945652173913044
0 0.3580163043478261 0.4578804347826087 0.016983695652173912 0.014945652173913044
0 0.34035326086956524 0.47146739130434784 0.017663043478260868 0.015625
0 0.3294836956521739 0.48709239130434784 0.019021739130434784 0.016983695652173912
0 0.3070652173913043 0.452445652173913 0.016983695652173912 0.014945652173913044
0 0.29959239130434784 0.43478260869565216 0.015625 0.01358695652173913
0 0.374320652173913 0.46875 0.017663043478260868 0.015625
0 0.30570652173913043 0.5033967391304348 0.017663043478260868 0.016983695652173912
0 0.405570652173913 0.5176630434782609 0.01970108695652174 0.018342391304347828
0 0.41779891304347827 0.46127717391304346 0.017663043478260868 0.015625
0 0.39809782608695654 0.436820652173913 0.016983695652173912 0.014945652173913044
0 0.3953804347826087 0.4232336956521739 0.015625 0.014945652173913044
0 0.42527173913043476 0.436820652173913 0.016983695652173912 0.014945652173913044
0 0.4830163043478261 0.49116847826086957 0.019021739130434784 0.016983695652173912
0 0.5251358695652174 0.5176630434782609 0.019021739130434784 0.016983695652173912
0 0.5122282608695652 0.4592391304347826 0.017663043478260868 0.016983695652173912
0 0.485054347826087 0.40896739130434784 0.016983695652173912 0.014945652173913044
0 0.5095108695652174 0.436820652173913 0.017663043478260868 0.015625
0 0.5190217391304348 0.44565217391304346 0.019021739130434784 0.015625
0 0.38315217391304346 0.5278532608695652 0.021059782608695652 0.018342391304347828
0 0.41032608695652173 0.5292119565217391 0.021059782608695652 0.018342391304347828
0 0.5040760869565217 0.5285326086956522 0.019021739130434784 0.017663043478260868
0 0.27853260869565216 0.6691576086956522 0.02309782608695652 0.020380434782608696
0 0.343070652173913 0.7160326086956522 0.02377717391304348 0.022418478260869564
0 0.32133152173913043 0.7302989130434783 0.025815217391304348 0.02309782608695652
0 0.42934782608695654 0.7615489130434783 0.027853260869565216 0.025135869565217392
0 0.516983695652174 0.7248641304347826 0.02717391304347826 0.02377717391304348
0 0.5095108695652174 0.6317934782608695 0.02309782608695652 0.020380434782608696
0 0.3226902173913043 0.8335597826086957 0.029891304347826088 0.02717391304347826
0 0.37907608695652173 0.8675271739130435 0.03328804347826087 0.029891304347826088
0 0.4429347826086957 0.8342391304347826 0.03260869565217391 0.028532608695652172
0 0.4741847826086957 0.8471467391304348 0.03260869565217391 0.029891304347826088
0 0.5516304347826086 0.24660326086956522 0.01358695652173913 0.012228260869565218
0 0.5754076086956522 0.2547554347826087 0.01358695652173913 0.012907608695652174
0 0.5788043478260869 0.2452445652173913 0.01358695652173913 0.012907608695652174
0 0.5876358695652174 0.25815217391304346 0.014266304347826086 0.012228260869565218
0 0.5788043478260869 0.26902173913043476 0.014266304347826086 0.012228260869565218
0 0.563858695652174 0.2717391304347826 0.014266304347826086 0.012228260869565218
0 0.6202445652173914 0.23845108695652173 0.01358695652173913 0.012228260869565218
0 0.6209239130434783 0.24728260869565216 0.014266304347826086 0.012907608695652174
0 0.6317934782608695 0.23029891304347827 0.01358695652173913 0.012907608695652174
0 0.639266304347826 0.23845108695652173 0.014266304347826086 0.012228260869565218
0 0.654891304347826 0.24864130434782608 0.014266304347826086 0.012228260869565218
0 0.6875 0.25203804347826086 0.014266304347826086 0.012228260869565218
0 0.7391304347826086 0.23165760869565216 0.01358695652173913 0.012907608695652174
0 0.7092391304347826 0.22010869565217392 0.01358695652173913 0.012228260869565218
0 0.7370923913043478 0.2608695652173913 0.014266304347826086 0.012228260869565218
0 0.7072010869565217 0.26358695652173914 0.014266304347826086 0.012907608695652174
0 0.7377717391304348 0.2751358695652174 0.014266304347826086 0.012907608695652174
0 0.7737771739130435 0.26834239130434784 0.014266304347826086 0.01358695652173913
0 0.764266304347826 0.25203804347826086 0.014266304347826086 0.012907608695652174
0 0.7635869565217391 0.2418478260869565 0.014266304347826086 0.012228260869565218
0 0.766983695652174 0.23097826086956522 0.014266304347826086 0.012907608695652174
0 0.7792119565217391 0.23709239130434784 0.014266304347826086 0.012907608695652174
0 0.7717391304347826 0.20855978260869565 0.014266304347826086 0.012907608695652174
0 0.5808423913043478 0.30910326086956524 0.014266304347826086 0.01358695652173913
0 0.5726902173913043 0.3226902173913043 0.014266304347826086 0.012907608695652174
0 0.5502717391304348 0.3335597826086957 0.015625 0.01358695652173913
0 0.563858695652174 0.34375 0.015625 0.01358695652173913
0 0.5570652173913043 0.3376358695652174 0.015625 0.01358695652173913
0 0.5577445652173914 0.3797554347826087 0.016983695652173912 0.014945652173913044
0 0.6012228260869565 0.34375 0.015625 0.01358695652173913
0 0.6039402173913043 0.32608695652173914 0.014266304347826086 0.012907608695652174
0 0.6345108695652174 0.3423913043478261 0.015625 0.014945652173913044
0 0.6365489130434783 0.33220108695652173 0.015625 0.01358695652173913
0 0.654891304347826 0.34375 0.016983695652173912 0.014945652173913044
0 0.6514945652173914 0.39334239130434784 0.015625 0.01358695652173913
0 0.704483695652174 0.38179347826086957 0.016983695652173912 0.014945652173913044
0 0.6256793478260869 0.30910326086956524 0.014266304347826086 0.012907608695652174
0 0.6290760869565217 0.29279891304347827 0.014266304347826086 0.012907608695652174
0 0.6114130434782609 0.296195652173913 0.014266304347826086 0.012907608695652174
0 0.6120923913043478 0.28125 0.014266304347826086 0.012907608695652174
0 0.592391304347826 0.2826086956521739 0.014266304347826086 0.012907608695652174
0 0.6440217391304348 0.27853260869565216 0.014266304347826086 0.012907608695652174
0 0.5509510869565217 0.27717391304347827 0.014266304347826086 0.012228260869565218
0 0.671875 0.26358695652173914 0.014266304347826086 0.012907608695652174
0 0.670516304347826 0.2758152173913043 0.014266304347826086 0.012907608695652174
0 0.6542119565217391 0.29008152173913043 0.014266304347826086 0.01358695652173913
0 0.6535326086956522 0.30366847826086957 0.015625 0.01358695652173913
0 0.6528532608695652 0.3138586956521739 0.015625 0.014945652173913044
0 0.6671195652173914 0.311820652173913 0.015625 0.014945652173913044
0 0.688858695652174 0.3335597826086957 0.016983695652173912 0.01358695652173913
0 0.7289402173913043 0.38179347826086957 0.017663043478260868 0.014945652173913044
0 0.7710597826086957 0.36209239130434784 0.016983695652173912 0.014945652173913044
0 0.6983695652173914 0.3070652173913043 0.015625 0.01358695652173913
0 0.6813858695652174 0.2914402173913043 0.014266304347826086 0.01358695652173913
0 0.6976902173913043 0.2703804347826087 0.015625 0.012907608695652174
0 0.7105978260869565 0.27853260869565216 0.015625 0.01358695652173913
0 0.7391304347826086 0.30366847826086957 0.015625 0.012907608695652174
0 0.7873641304347826 0.3023097826086957 0.015625 0.01358695652173913
0 0.764266304347826 0.28532608695652173 0.014266304347826086 0.01358695652173913
0 0.7873641304347826 0.33016304347826086 0.015625 0.01358695652173913
0 0.5903532608695652 0.45652173913043476 0.017663043478260868 0.015625
0 0.6039402173913043 0.4483695652173913 0.017663043478260868 0.015625
0 0.5706521739130435 0.47622282608695654 0.019021739130434784 0.016983695652173912
0 0.561141304347826 0.499320652173913 0.01970108695652174 0.016983695652173912
0 0.5543478260869565 0.5149456521739131 0.019021739130434784 0.016983695652173912
0 0.5543478260869565 0.438179347826087 0.017663043478260868 0.015625
0 0.6005434782608695 0.4938858695652174 0.01970108695652174 0.017663043478260868
0 0.6202445652173914 0.49252717391304346 0.01970108695652174 0.017663043478260868
0 0.6657608695652174 0.44565217391304346 0.016983695652173912 0.015625
0 0.686141304347826 0.4544836956521739 0.019021739130434784 0.016983695652173912
0 0.7228260869565217 0.42527173913043476 0.017663043478260868 0.016983695652173912
0 0.6956521739130435 0.42391304347826086 0.016983695652173912 0.015625
0 0.7567934782608695 0.422554347826087 0.017663043478260868 0.016983695652173912
0 0.701766304347826 0.59375 0.02377717391304348 0.021059782608695652
0 0.733016304347826 0.6195652173913043 0.025135869565217392 0.022418478260869564
0 0.6297554347826086 0.6216032608695652 0.025815217391304348 0.022418478260869564
0 0.5720108695652174 0.6372282608695652 0.025135869565217392 0.021059782608695652
0 0.5360054347826086 0.6433423913043478 0.02377717391304348 0.022418478260869564
0 0.5625 0.7275815217391305 0.027853260869565216 0.025135869565217392
0 0.6956521739130435 0.7404891304347826 0.03125 0.027853260869565216
0 0.6976902173913043 0.7690217391304348 0.03125 0.027853260869565216
0 0.6032608695652174 0.8036684782608695 0.03260869565217391 0.028532608695652172
0 0.5679347826086957 0.7676630434782609 0.029891304347826088 0.025815217391304348
0 0.7445652173913043 0.8192934782608695 0.034646739130434784 0.029891304347826088
0 0.7866847826086957 0.8797554347826086 0.03736413043478261 0.033967391304347824
0 0.5523097826086957 0.9646739130434783 0.036684782608695655 0.03260869565217391
0 0.5557065217391305 0.9904891304347826 0.036684782608695655 0.018342391304347828
0 0.7085597826086957 0.9911684782608695 0.03736413043478261 0.017663043478260868
0 0.7445652173913043 0.9898097826086957 0.03872282608695652 0.020380434782608696
0 0.7146739130434783 0.8858695652173914 0.036684782608695655 0.03260869565217391
0 0.795516304347826 0.20720108695652173 0.014266304347826086 0.012907608695652174
0 0.795516304347826 0.23301630434782608 0.014266304347826086 0.012907608695652174
0 0.8355978260869565 0.20108695652173914 0.015625 0.012907608695652174
0 0.8199728260869565 0.24660326086956522 0.014266304347826086 0.012907608695652174
0 0.8050271739130435 0.25679347826086957 0.014266304347826086 0.01358695652173913
0 0.8036684782608695 0.2758152173913043 0.015625 0.01358695652173913
0 0.8308423913043478 0.2751358695652174 0.015625 0.01358695652173913
0 0.8471467391304348 0.23980978260869565 0.014266304347826086 0.012907608695652174
0 0.8464673913043478 0.22486413043478262 0.015625 0.012907608695652174
0 0.860733695652174 0.22894021739130435 0.015625 0.01358695652173913
0 0.8525815217391305 0.21467391304347827 0.015625 0.012907608695652174
0 0.8654891304347826 0.20855978260869565 0.014266304347826086 0.01358695652173913
0 0.8960597826086957 0.23369565217391305 0.014266304347826086 0.01358695652173913
0 0.8913043478260869 0.22826086956521738 0.015625 0.01358695652173913
0 0.8654891304347826 0.24796195652173914 0.014266304347826086 0.012907608695652174
0 0.8824728260869565 0.26358695652173914 0.016983695652173912 0.01358695652173913
0 0.860733695652174 0.26290760869565216 0.015625 0.01358695652173913
0 0.923233695652174 0.27309782608695654 0.016983695652173912 0.014945652173913044
0 0.9341032608695652 0.2751358695652174 0.015625 0.014945652173913044
0 0.9273097826086957 0.20720108695652173 0.015625 0.012907608695652174
0 0.9273097826086957 0.1956521739130435 0.014266304347826086 0.012907608695652174
0 0.9144021739130435 0.18953804347826086 0.015625 0.012907608695652174
0 0.8851902173913043 0.17323369565217392 0.014266304347826086 0.012907608695652174
0 0.9442934782608695 0.15896739130434784 0.014266304347826086 0.01358695652173913
0 0.813858695652174 0.3220108695652174 0.015625 0.01358695652173913
0 0.8172554347826086 0.343070652173913 0.015625 0.01358695652173913
0 0.8043478260869565 0.3919836956521739 0.017663043478260868 0.015625
0 0.8648097826086957 0.31453804347826086 0.016983695652173912 0.014945652173913044
0 0.9103260869565217 0.31657608695652173 0.016983695652173912 0.014945652173913044
0 0.9055706521739131 0.33559782608695654 0.016983695652173912 0.014945652173913044
0 0.891983695652174 0.28804347826086957 0.015625 0.01358695652173913
0 0.9130434782608695 0.29008152173913043 0.015625 0.014945652173913044
0 0.9429347826086957 0.29008152173913043 0.015625 0.01358695652173913
0 0.795516304347826 0.40964673913043476 0.017663043478260868 0.015625
0 0.7934782608695652 0.4048913043478261 0.017663043478260868 0.016983695652173912
0 0.7615489130434783 0.41372282608695654 0.019021739130434784 0.015625
0 0.8342391304347826 0.6399456521739131 0.02717391304347826 0.02377717391304348
0 0.8070652173913043 0.640625 0.025815217391304348 0.02377717391304348
0 0.8790760869565217 0.6766304347826086 0.029211956521739132 0.025135869565217392
0 0.8152173913043478 0.7099184782608695 0.029891304347826088 0.02717391304347826
0 0.8328804347826086 0.7466032608695652 0.03260869565217391 0.027853260869565216