0 0.11209239130434782 0.5862771739130435 0.13043478260869565 0.12771739130434784
0 0.13926630434782608 0.4782608695652174 0.0625 0.06114130434782609
0 0.07880434782608696 0.483695652173913 0.059782608695652176 0.05638586956521739
0 0.0006793478260869565 0.44633152173913043 0.0006793478260869565 0.025135869565217392
0 0.3077445652173913 0.42595108695652173 0.016304347826086956 0.016304347826086956
0 0.3226902173913043 0.42391304347826086 0.012228260869565218 0.01358695652173913
0 0.30570652173913043 0.41372282608695654 0.010869565217391304 0.012907608695652174
0 0.297554347826087 0.4279891304347826 0.012228260869565218 0.014266304347826086
0 0.2873641304347826 0.40964673913043476 0.01154891304347826 0.01358695652173913
0 0.2860054347826087 0.452445652173913 0.028532608695652172 0.026494565217391304
0 0.265625 0.4483695652173913 0.014945652173913044 0.017663043478260868
0 0.23029891304347827 0.452445652173913 0.02377717391304348 0.02717391304347826
0 0.23029891304347827 0.48845108695652173 0.043478260869565216 0.04008152173913043
0 0.32404891304347827 0.4544836956521739 0.018342391304347828 0.01970108695652174
0 0.34035326086956524 0.4470108695652174 0.029211956521739132 0.026494565217391304
0 0.3763586956521739 0.485054347826087 0.05502717391304348 0.05638586956521739
0 0.436820652173913 0.453125 0.03260869565217391 0.03260869565217391
0 0.5006793478260869 0.483695652173913 0.03804347826086957 0.03804347826086957
0 0.5672554347826086 0.5108695652173914 0.07948369565217392 0.06725543478260869
0 0.6005434782608695 0.45584239130434784 0.019021739130434784 0.021059782608695652
0 0.5733695652173914 0.45991847826086957 0.026494565217391304 0.029891304347826088
0 0.4673913043478261 0.4266304347826087 0.016304347826086956 0.019021739130434784
0 0.47690217391304346 0.42866847826086957 0.01154891304347826 0.01154891304347826
0 0.5027173913043478 0.44089673913043476 0.01970108695652174 0.019021739130434784
0 0.516983695652174 0.42866847826086957 0.017663043478260868 0.017663043478260868
0 0.48845108695652173 0.43070652173913043 0.009510869565217392 0.010869565217391304
0 0.6283967391304348 0.4639945652173913 0.05570652173913043 0.052309782608695655
0 0.6256793478260869 0.43342391304347827 0.016304347826086956 0.015625
0 0.6358695652173914 0.4436141304347826 0.014945652173913044 0.015625
0 0.9341032608695652 0.5957880434782609 0.13179347826086957 0.10461956521739131
0 0.6304347826086957 0.5835597826086957 0.09918478260869565 0.08491847826086957
0 0.7391304347826086 0.5203804347826086 0.08559782608695653 0.051630434782608696
0 0.6922554347826086 0.5027173913043478 0.05570652173913043 0.050951086956521736
0 0.9741847826086957 0.5305706521739131 0.030570652173913044 0.03260869565217391
0 0.6868206521739131 0.4592391304347826 0.027853260869565216 0.02717391304347826
0 0.7072010869565217 0.47282608695652173 0.036005434782608696 0.034646739130434784
0 0.8206521739130435 0.49660326086956524 0.021739130434782608 0.020380434782608696
0 0.9354619565217391 0.44429347826086957 0.017663043478260868 0.021059782608695652
0 0.9884510869565217 0.4436141304347826 0.021739130434782608 0.020380434782608696
0 0.9823369565217391 0.4273097826086957 0.014945652173913044 0.014266304347826086
0 0.8824728260869565 0.42527173913043476 0.016983695652173912 0.016983695652173912
0 0.8974184782608695 0.34035326086956524 0.016304347826086956 0.016983695652173912
0 0.7622282608695652 0.43953804347826086 0.026494565217391304 0.02717391304347826
0 0.7241847826086957 0.43342391304347827 0.029211956521739132 0.02309782608695652
0 0.7051630434782609 0.4375 0.018342391304347828 0.016983695652173912
0 0.6555706521739131 0.44972826086956524 0.01970108695652174 0.019021739130434784
0 0.29415760869565216 0.41508152173913043 0.012907608695652174 0.010190217391304348
0 0.27785326086956524 0.42527173913043476 0.017663043478260868 0.012907608695652174
0 0.24728260869565216 0.44497282608695654 0.02717391304347826 0.020380434782608696
0 0.3485054347826087 0.46127717391304346 0.041440217391304345 0.03125
0 0.40353260869565216 0.452445652173913 0.036684782608695655 0.027853260869565216
0 0.4327445652173913 0.4796195652173913 0.049592391304347824 0.036684782608695655
0 0.45584239130434784 0.5271739130434783 0.07676630434782608 0.057744565217391304
0 0.516983695652174 0.5033967391304348 0.06521739130434782 0.04891304347826087
0 0.48029891304347827 0.42391304347826086 0.014266304347826086 0.010869565217391304
0 0.5033967391304348 0.45108695652173914 0.029891304347826088 0.022418478260869564
0 0.8756793478260869 0.4735054347826087 0.03736413043478261 0.027853260869565216
0 0.734375 0.45991847826086957 0.03872282608695652 0.028532608695652172
0 0.7758152173913043 0.468070652173913 0.03940217391304348 0.029211956521739132
0 0.7927989130434783 0.48165760869565216 0.04619565217391304 0.034646739130434784
0 0.9551630434782609 0.42866847826086957 0.02377717391304348 0.017663043478260868
0 0.9341032608695652 0.41508152173913043 0.022418478260869564 0.016304347826086956
0 0.9252717391304348 0.43342391304347827 0.02377717391304348 0.017663043478260868
0 0.8933423913043478 0.42866847826086957 0.02309782608695652 0.017663043478260868
0 0.8790760869565217 0.44021739130434784 0.02377717391304348 0.018342391304347828
0 0.8519021739130435 0.44089673913043476 0.02377717391304348 0.018342391304347828
0 0.8600543478260869 0.421195652173913 0.02309782608695652 0.017663043478260868
0 0.8573369565217391 0.43342391304347827 0.02377717391304348 0.017663043478260868
0 0.7506793478260869 0.42527173913043476 0.024456521739130436 0.017663043478260868
0 0.6073369565217391 0.44633152173913043 0.021739130434782608 0.016304347826086956
0 0.595108695652174 0.4361413043478261 0.01358695652173913 0.010190217391304348