0 0.16915760869565216 0.36141304347826086 0.15964673913043478 0.17459239130434784
0 0.2608695652173913 0.19972826086956522 0.16847826086956522 0.18138586956521738
0 0.48641304347826086 0.23165760869565216 0.16644021739130435 0.18614130434782608
0 0.6324728260869565 0.22146739130434784 0.09442934782608696 0.10122282608695653
0 0.7262228260869565 0.2513586956521739 0.17323369565217392 0.19633152173913043
0 0.6942934782608695 0.6467391304347826 0.19089673913043478 0.24660326086956522
0 0.8953804347826086 0.13654891304347827 0.14402173913043478 0.17323369565217392
0 0.9898097826086957 0.23301630434782608 0.01970108695652174 0.11413043478260869
0 0.11956521739130435 0.16576086956521738 0.057065217391304345 0.057065217391304345
0 0.22554347826086957 0.6052989130434783 0.22418478260869565 0.19904891304347827
0 0.3546195652173913 0.20720108695652173 0.15625 0.13926630434782608
0 0.16779891304347827 0.1637228260869565 0.14741847826086957 0.13111413043478262
0 0.4123641304347826 0.26290760869565216 0.16779891304347827 0.1487771739130435
0 0.5706521739130435 0.1766304347826087 0.1487771739130435 0.13179347826086957
0 0.3736413043478261 0.20516304347826086 0.15625 0.13858695652173914
0 0.38315217391304346 0.21875 0.15896739130434784 0.14198369565217392