0 0.01970108695652174 0.47622282608695654 0.014266304347826086 0.016983695652173912
0 0.2642663043478261 0.46467391304347827 0.009510869565217392 0.012228260869565218
0 0.4008152173913043 0.48777173913043476 0.012228260869565218 0.014945652173913044
0 0.4592391304347826 0.485054347826087 0.012228260869565218 0.014945652173913044
0 0.5346467391304348 0.5074728260869565 0.012228260869565218 0.017663043478260868
0 0.6290760869565217 0.548233695652174 0.009510869565217392 0.012907608695652174
0 0.6997282608695652 0.5033967391304348 0.016983695652173912 0.022418478260869564
0 0.7105978260869565 0.48777173913043476 0.008152173913043478 0.010190217391304348
0 0.9273097826086957 0.49320652173913043 0.01154891304347826 0.012907608695652174
0 0.05638586956521739 0.46603260869565216 0.014266304347826086 0.012907608695652174
0 0.07269021739130435 0.46467391304347827 0.014266304347826086 0.012907608695652174
0 0.12296195652173914 0.47146739130434784 0.014266304347826086 0.012907608695652174
0 0.1875 0.5020380434782609 0.016983695652173912 0.014945652173913044
0 0.16168478260869565 0.45991847826086957 0.012228260869565218 0.010869565217391304
0 0.14266304347826086 0.46127717391304346 0.012228260869565218 0.010869565217391304
0 0.125 0.45991847826086957 0.012228260869565218 0.010869565217391304
0 0.10529891304347826 0.46127717391304346 0.014266304347826086 0.012907608695652174
0 0.18614130434782608 0.4673913043478261 0.014266304347826086 0.012907608695652174
0 0.21875 0.5020380434782609 0.016983695652173912 0.014945652173913044
0 0.21671195652173914 0.4639945652173913 0.012228260869565218 0.010869565217391304
0 0.27785326086956524 0.4626358695652174 0.014266304347826086 0.012907608695652174
0 0.3125 0.49796195652173914 0.014266304347826086 0.012907608695652174
0 0.3335597826086957 0.469429347826087 0.014266304347826086 0.012907608695652174
0 0.31453804347826086 0.46603260869565216 0.014266304347826086 0.012907608695652174
0 0.3111413043478261 0.46467391304347827 0.014266304347826086 0.012907608695652174
0 0.3491847826086957 0.46603260869565216 0.014266304347826086 0.012907608695652174
0 0.3648097826086957 0.46671195652173914 0.014266304347826086 0.012907608695652174
0 0.3736413043478261 0.469429347826087 0.014266304347826086 0.012907608695652174
0 0.3811141304347826 0.4673913043478261 0.014266304347826086 0.012907608695652174
0 0.4361413043478261 0.46671195652173914 0.014266304347826086 0.012907608695652174
0 0.49252717391304346 0.46671195652173914 0.014266304347826086 0.012907608695652174
0 0.5896739130434783 0.5074728260869565 0.014266304347826086 0.012907608695652174
0 0.5971467391304348 0.49796195652173914 0.014266304347826086 0.012907608695652174
0 0.592391304347826 0.5122282608695652 0.014266304347826086 0.012907608695652174
0 0.5550271739130435 0.5149456521739131 0.014266304347826086 0.012907608695652174
0 0.6875 0.4741847826086957 0.014266304347826086 0.012907608695652174
0 0.671875 0.4748641304347826 0.014266304347826086 0.012907608695652174
0 0.6623641304347826 0.47214673913043476 0.014266304347826086 0.012907608695652174
0 0.733016304347826 0.484375 0.014266304347826086 0.012907608695652174
0 0.7676630434782609 0.48777173913043476 0.014266304347826086 0.012907608695652174
0 0.8783967391304348 0.5020380434782609 0.014266304347826086 0.012907608695652174
0 0.8362771739130435 0.4796195652173913 0.014266304347826086 0.012907608695652174
0 0.8226902173913043 0.48165760869565216 0.014266304347826086 0.012907608695652174
0 0.78125 0.47758152173913043 0.014266304347826086 0.012907608695652174
0 0.7601902173913043 0.47622282608695654 0.014266304347826086 0.012907608695652174
0 0.7384510869565217 0.47690217391304346 0.014266304347826086 0.012907608695652174
0 0.8573369565217391 0.48233695652173914 0.014266304347826086 0.012907608695652174
0 0.860733695652174 0.48233695652173914 0.014266304347826086 0.012907608695652174
0 0.8865489130434783 0.48165760869565216 0.014266304347826086 0.012907608695652174
0 0.9021739130434783 0.48029891304347827 0.014266304347826086 0.012907608695652174
0 0.9945652173913043 0.5129076086956522 0.010190217391304348 0.012907608695652174
0 0.9898097826086957 0.49184782608695654 0.014266304347826086 0.012907608695652174
0 0.9605978260869565 0.48641304347826086 0.014266304347826086 0.012907608695652174
0 0.9334239130434783 0.4830163043478261 0.014266304347826086 0.012907608695652174