0 0.01154891304347826 0.891983695652174 0.02309782608695652 0.042119565217391304
0 0.07201086956521739 0.8077445652173914 0.044157608695652176 0.024456521739130436
0 0.15692934782608695 0.9103260869565217 0.04891304347826087 0.042119565217391304
0 0.11209239130434782 0.8355978260869565 0.04619565217391304 0.030570652173913044
0 0.19633152173913043 0.8213315217391305 0.03736413043478261 0.03736413043478261
0 0.03736413043478261 0.7479619565217391 0.035326086956521736 0.029211956521739132
0 0.3111413043478261 0.7771739130434783 0.04483695652173913 0.024456521739130436
0 0.34782608695652173 0.859375 0.049592391304347824 0.029211956521739132
0 0.40828804347826086 0.8974184782608695 0.049592391304347824 0.03260869565217391
0 0.5407608695652174 0.8654891304347826 0.04076086956521739 0.034646739130434784
0 0.6569293478260869 0.920516304347826 0.035326086956521736 0.03736413043478261
0 0.65625 0.8498641304347826 0.044157608695652176 0.03328804347826087
0 0.390625 0.7948369565217391 0.042119565217391304 0.03260869565217391
0 0.4517663043478261 0.7370923913043478 0.042119565217391304 0.03260869565217391
0 0.43953804347826086 0.71875 0.030570652173913044 0.027853260869565216
0 0.11548913043478261 0.657608695652174 0.03804347826086957 0.030570652173913044
0 0.014945652173913044 0.5658967391304348 0.021739130434782608 0.02717391304347826
0 0.13858695652173914 0.5625 0.025135869565217392 0.016983695652173912
0 0.042798913043478264 0.5020380434782609 0.018342391304347828 0.017663043478260868
0 0.3138586956521739 0.4748641304347826 0.015625 0.021059782608695652
0 0.29959239130434784 0.44565217391304346 0.015625 0.016983695652173912
0 0.40421195652173914 0.5074728260869565 0.02717391304347826 0.02309782608695652
0 0.43342391304347827 0.4904891304347826 0.02717391304347826 0.018342391304347828
0 0.296875 0.6277173913043478 0.033967391304347824 0.027853260869565216
0 0.5910326086956522 0.6514945652173914 0.03328804347826087 0.027853260869565216
0 0.6610054347826086 0.6623641304347826 0.033967391304347824 0.027853260869565216
0 0.5509510869565217 0.78125 0.03804347826086957 0.03328804347826087
0 0.13654891304347827 0.3220108695652174 0.015625 0.014945652173913044
0 0.12432065217391304 0.31046195652173914 0.014945652173913044 0.014266304347826086
0 0.14605978260869565 0.33559782608695654 0.018342391304347828 0.014266304347826086
0 0.17595108695652173 0.31929347826086957 0.017663043478260868 0.014945652173913044
0 0.23369565217391305 0.31453804347826086 0.014945652173913044 0.012228260869565218
0 0.24048913043478262 0.30434782608695654 0.01154891304347826 0.012228260869565218
0 0.20244565217391305 0.34375 0.018342391304347828 0.015625
0 0.20584239130434784 0.3654891304347826 0.01970108695652174 0.017663043478260868
0 0.29959239130434784 0.3498641304347826 0.021739130434782608 0.018342391304347828
0 0.33559782608695654 0.38315217391304346 0.025135869565217392 0.018342391304347828
0 0.343070652173913 0.3580163043478261 0.02309782608695652 0.018342391304347828
0 0.3186141304347826 0.3111413043478261 0.015625 0.014945652173913044
0 0.3383152173913043 0.3125 0.015625 0.014945652173913044
0 0.39334239130434784 0.31453804347826086 0.015625 0.014266304347826086
0 0.37907608695652173 0.328804347826087 0.017663043478260868 0.014266304347826086
0 0.358695652173913 0.343070652173913 0.021739130434782608 0.017663043478260868
0 0.40828804347826086 0.35122282608695654 0.01970108695652174 0.017663043478260868
0 0.41983695652173914 0.33967391304347827 0.018342391304347828 0.014266304347826086
0 0.40896739130434784 0.38315217391304346 0.021739130434782608 0.017663043478260868
0 0.3960597826086957 0.39741847826086957 0.02309782608695652 0.018342391304347828
0 0.4578804347826087 0.33152173913043476 0.018342391304347828 0.015625
0 0.46127717391304346 0.3580163043478261 0.01970108695652174 0.015625
0 0.44157608695652173 0.3858695652173913 0.01970108695652174 0.014945652173913044
0 0.49592391304347827 0.3702445652173913 0.018342391304347828 0.016983695652173912
0 0.48709239130434784 0.38654891304347827 0.018342391304347828 0.016983695652173912
0 0.5040760869565217 0.390625 0.01970108695652174 0.018342391304347828
0 0.46671195652173914 0.38654891304347827 0.022418478260869564 0.017663043478260868
0 0.5129076086956522 0.35190217391304346 0.022418478260869564 0.018342391304347828
0 0.529891304347826 0.313179347826087 0.018342391304347828 0.016983695652173912
0 0.4748641304347826 0.26834239130434784 0.014945652173913044 0.014945652173913044
0 0.45720108695652173 0.25815217391304346 0.01358695652173913 0.012907608695652174
0 0.5054347826086957 0.2513586956521739 0.015625 0.014266304347826086
0 0.4279891304347826 0.234375 0.01154891304347826 0.01154891304347826
0 0.4076086956521739 0.2269021739130435 0.010869565217391304 0.012228260869565218
0 0.46127717391304346 0.22214673913043478 0.010869565217391304 0.01154891304347826
0 0.5040760869565217 0.234375 0.01154891304347826 0.012228260869565218
0 0.532608695652174 0.22282608695652173 0.01358695652173913 0.010190217391304348
0 0.5448369565217391 0.24456521739130435 0.01358695652173913 0.014266304347826086
0 0.5720108695652174 0.23233695652173914 0.01358695652173913 0.012228260869565218
0 0.5577445652173914 0.23097826086956522 0.01154891304347826 0.012228260869565218
0 0.6032608695652174 0.2758152173913043 0.015625 0.012907608695652174
0 0.5828804347826086 0.29415760869565216 0.015625 0.016983695652173912
0 0.5631793478260869 0.3233695652173913 0.015625 0.015625
0 0.6413043478260869 0.3220108695652174 0.017663043478260868 0.014945652173913044
0 0.6535326086956522 0.3383152173913043 0.01358695652173913 0.014266304347826086
0 0.6066576086956522 0.3423913043478261 0.017663043478260868 0.014945652173913044
0 0.5822010869565217 0.36820652173913043 0.021739130434782608 0.015625
0 0.5339673913043478 0.36277173913043476 0.018342391304347828 0.014945652173913044
0 0.6073369565217391 0.39402173913043476 0.018342391304347828 0.018342391304347828
0 0.6589673913043478 0.3845108695652174 0.01970108695652174 0.01970108695652174
0 0.6854619565217391 0.3539402173913043 0.01970108695652174 0.017663043478260868
0 0.6990489130434783 0.33627717391304346 0.017663043478260868 0.014266304347826086
0 0.7105978260869565 0.30910326086956524 0.018342391304347828 0.016983695652173912
0 0.7336956521739131 0.29959239130434784 0.017663043478260868 0.015625
0 0.7540760869565217 0.28940217391304346 0.015625 0.015625
0 0.7561141304347826 0.37160326086956524 0.015625 0.017663043478260868
0 0.7370923913043478 0.3892663043478261 0.01970108695652174 0.015625
0 0.7085597826086957 0.38790760869565216 0.017663043478260868 0.017663043478260868
0 0.686141304347826 0.4008152173913043 0.018342391304347828 0.015625
0 0.8091032608695652 0.3138586956521739 0.018342391304347828 0.016983695652173912
0 0.8226902173913043 0.3125 0.015625 0.015625
0 0.8233695652173914 0.30027173913043476 0.015625 0.012907608695652174
0 0.7785326086956522 0.2608695652173913 0.01154891304347826 0.012228260869565218
0 0.7520380434782609 0.26154891304347827 0.015625 0.012907608695652174
0 0.7520380434782609 0.25203804347826086 0.01154891304347826 0.01154891304347826
0 0.6868206521739131 0.2452445652173913 0.01154891304347826 0.012907608695652174
0 0.6365489130434783 0.25271739130434784 0.01358695652173913 0.012907608695652174
0 0.6290760869565217 0.265625 0.01358695652173913 0.010190217391304348
0 0.6311141304347826 0.4076086956521739 0.021739130434782608 0.016983695652173912
0 0.5394021739130435 0.45516304347826086 0.022418478260869564 0.017663043478260868
0 0.5115489130434783 0.40828804347826086 0.01970108695652174 0.018342391304347828
0 0.4830163043478261 0.40964673913043476 0.02309782608695652 0.021059782608695652
0 0.46603260869565216 0.4279891304347826 0.02309782608695652 0.017663043478260868
0 0.7404891304347826 0.4110054347826087 0.021739130434782608 0.016983695652173912
0 0.7710597826086957 0.4986413043478261 0.01970108695652174 0.020380434782608696
0 0.6800271739130435 0.5584239130434783 0.026494565217391304 0.024456521739130436
0 0.7751358695652174 0.5536684782608695 0.033967391304347824 0.030570652173913044
0 0.7907608695652174 0.8797554347826086 0.042119565217391304 0.03804347826086957
0 0.984375 0.6990489130434783 0.03125 0.027853260869565216
0 0.8661684782608695 0.782608695652174 0.03804347826086957 0.03328804347826087
0 0.8532608695652174 0.8566576086956522 0.04483695652173913 0.03328804347826087
0 0.8186141304347826 0.9211956521739131 0.05298913043478261 0.042798913043478264
0 0.5754076086956522 0.21671195652173914 0.010869565217391304 0.012228260869565218
0 0.5618206521739131 0.21739130434782608 0.010869565217391304 0.009510869565217392
0 0.5489130434782609 0.19972826086956522 0.01154891304347826 0.009510869565217392
0 0.5237771739130435 0.21467391304347827 0.010869565217391304 0.010190217391304348
0 0.5964673913043478 0.21467391304347827 0.010869565217391304 0.01154891304347826
0 0.5998641304347826 0.19972826086956522 0.010869565217391304 0.009510869565217392
0 0.6209239130434783 0.1983695652173913 0.010869565217391304 0.009510869565217392
0 0.6277173913043478 0.20923913043478262 0.010869565217391304 0.01154891304347826
0 0.6745923913043478 0.18953804347826086 0.010869565217391304 0.008831521739130434
0 0.6970108695652174 0.20108695652173914 0.01154891304347826 0.01154891304347826
0 0.7126358695652174 0.19904891304347827 0.01154891304347826 0.010190217391304348
0 0.7194293478260869 0.18682065217391305 0.010869565217391304 0.009510869565217392
0 0.7438858695652174 0.15828804347826086 0.01154891304347826 0.010190217391304348
0 0.7615489130434783 0.19904891304347827 0.010869565217391304 0.010190217391304348
0 0.7574728260869565 0.20991847826086957 0.01154891304347826 0.010190217391304348
0 0.7411684782608695 0.21807065217391305 0.01154891304347826 0.010190217391304348
0 0.7051630434782609 0.22418478260869565 0.01154891304347826 0.012907608695652174
0 0.641983695652174 0.21263586956521738 0.01358695652173913 0.01154891304347826
0 0.7540760869565217 0.2391304347826087 0.014945652173913044 0.012228260869565218
0 0.795516304347826 0.19701086956521738 0.010869565217391304 0.009510869565217392
0 0.8009510869565217 0.19021739130434784 0.01358695652173913 0.010190217391304348
0 0.779891304347826 0.18614130434782608 0.01154891304347826 0.010190217391304348
0 0.7989130434782609 0.17391304347826086 0.010869565217391304 0.009510869565217392
0 0.7846467391304348 0.1644021739130435 0.010869565217391304 0.008831521739130434
0 0.8118206521739131 0.15557065217391305 0.01154891304347826 0.010190217391304348
0 0.7995923913043478 0.14402173913043478 0.010869565217391304 0.008152173913043478
0 0.7995923913043478 0.25407608695652173 0.01358695652173913 0.012907608695652174
0 0.8165760869565217 0.2561141304347826 0.01358695652173913 0.012907608695652174
0 0.8389945652173914 0.2642663043478261 0.014945652173913044 0.012228260869565218
0 0.8417119565217391 0.25 0.01358695652173913 0.012228260869565218
0 0.8566576086956522 0.2717391304347826 0.017663043478260868 0.015625
0 0.8729619565217391 0.25883152173913043 0.014945652173913044 0.012907608695652174
0 0.8641304347826086 0.24592391304347827 0.01358695652173913 0.012907608695652174
0 0.9191576086956522 0.26222826086956524 0.014945652173913044 0.012228260869565218
0 0.970108695652174 0.25679347826086957 0.01358695652173913 0.012228260869565218
0 0.8260869565217391 0.22282608695652173 0.014945652173913044 0.012907608695652174
0 0.9904891304347826 0.3023097826086957 0.018342391304347828 0.015625
0 0.9932065217391305 0.31657608695652173 0.01358695652173913 0.014945652173913044
0 0.9932065217391305 0.33152173913043476 0.01358695652173913 0.016304347826086956
0 0.8845108695652174 0.359375 0.018342391304347828 0.015625
0 0.8573369565217391 0.20040760869565216 0.014945652173913044 0.01154891304347826
0 0.8396739130434783 0.203125 0.01154891304347826 0.010190217391304348
0 0.8233695652173914 0.203125 0.010869565217391304 0.009510869565217392
0 0.8328804347826086 0.1949728260869565 0.01154891304347826 0.010190217391304348
0 0.8342391304347826 0.18070652173913043 0.010869565217391304 0.010190217391304348
0 0.8192934782608695 0.18410326086956522 0.010869565217391304 0.009510869565217392
0 0.8186141304347826 0.17391304347826086 0.010869565217391304 0.009510869565217392
0 0.8288043478260869 0.1480978260869565 0.008831521739130434 0.008152173913043478
0 0.8566576086956522 0.14470108695652173 0.010869565217391304 0.008831521739130434
0 0.8566576086956522 0.15964673913043478 0.008831521739130434 0.009510869565217392
0 0.90625 0.14605978260869565 0.008152173913043478 0.007472826086956522
0 0.8994565217391305 0.16304347826086957 0.01154891304347826 0.009510869565217392
0 0.8838315217391305 0.1671195652173913 0.010869565217391304 0.008831521739130434
0 0.8790760869565217 0.17119565217391305 0.01154891304347826 0.009510869565217392
0 0.860733695652174 0.17323369565217392 0.01154891304347826 0.010190217391304348
0 0.8913043478260869 0.20040760869565216 0.01154891304347826 0.01154891304347826
0 0.8872282608695652 0.2112771739130435 0.01154891304347826 0.010190217391304348
0 0.9042119565217391 0.19157608695652173 0.010869565217391304 0.008831521739130434
0 0.9354619565217391 0.18410326086956522 0.010869565217391304 0.010190217391304348
0 0.9368206521739131 0.1983695652173913 0.01154891304347826 0.009510869565217392
0 0.9572010869565217 0.21875 0.01358695652173913 0.012228260869565218
0 0.9245923913043478 0.22146739130434784 0.01154891304347826 0.012228260869565218
0 0.9952445652173914 0.21942934782608695 0.009510869565217392 0.012228260869565218
0 0.9945652173913043 0.23165760869565216 0.010869565217391304 0.01154891304347826
0 0.9823369565217391 0.20720108695652173 0.01154891304347826 0.010190217391304348
0 0.9612771739130435 0.2078804347826087 0.01154891304347826 0.012228260869565218
0 0.9504076086956522 0.20040760869565216 0.010869565217391304 0.010190217391304348
0 0.984375 0.19089673913043478 0.01154891304347826 0.009510869565217392
0 0.9762228260869565 0.19293478260869565 0.010869565217391304 0.010190217391304348
0 0.9728260869565217 0.1793478260869565 0.01154891304347826 0.009510869565217392
0 0.9966032608695652 0.19293478260869565 0.006793478260869565 0.010869565217391304
0 0.9748641304347826 0.16236413043478262 0.010869565217391304 0.008831521739130434
0 0.9476902173913043 0.1610054347826087 0.008831521739130434 0.008152173913043478
0 0.9402173913043478 0.16576086956521738 0.01154891304347826 0.008831521739130434
0 0.9171195652173914 0.16304347826086957 0.01154891304347826 0.009510869565217392
0 0.9273097826086957 0.15625 0.010869565217391304 0.008831521739130434
0 0.9313858695652174 0.15081521739130435 0.008831521739130434 0.008152173913043478
0 0.9612771739130435 0.14334239130434784 0.008831521739130434 0.008831521739130434
0 0.9354619565217391 0.13994565217391305 0.010869565217391304 0.008831521739130434
0 0.8851902173913043 0.13179347826086957 0.008152173913043478 0.007472826086956522
0 0.9144021739130435 0.11616847826086957 0.010869565217391304 0.008152173913043478
0 0.9959239130434783 0.14741847826086957 0.008152173913043478 0.008152173913043478
0 0.9918478260869565 0.15828804347826086 0.008831521739130434 0.008152173913043478
0 0.907608695652174 0.17730978260869565 0.01154891304347826 0.01154891304347826
0 0.9436141304347826 0.44497282608695654 0.02309782608695652 0.02309782608695652
0 0.8654891304347826 0.4639945652173913 0.025135869565217392 0.02309782608695652
0 0.38247282608695654 0.24932065217391305 0.017663043478260868 0.014266304347826086
0 0.07540760869565218 0.311820652173913 0.014945652173913044 0.014266304347826086
0 0.9279891304347826 0.20720108695652173 0.01358695652173913 0.01154891304347826
0 0.9144021739130435 0.20040760869565216 0.01154891304347826 0.01154891304347826
0 0.9239130434782609 0.19089673913043478 0.010869565217391304 0.010190217391304348
0 0.050951086956521736 0.9578804347826086 0.05298913043478261 0.035326086956521736
0 0.057744565217391304 0.9191576086956522 0.050951086956521736 0.033967391304347824
0 0.21467391304347827 0.8831521739130435 0.049592391304347824 0.03328804347826087
0 0.14945652173913043 0.8539402173913043 0.04619565217391304 0.030570652173913044
0 0.20720108695652173 0.8444293478260869 0.04619565217391304 0.03125
0 0.21467391304347827 0.7832880434782609 0.042798913043478264 0.028532608695652172
0 0.14741847826086957 0.7269021739130435 0.03940217391304348 0.025815217391304348
0 0.11141304347826086 0.7255434782608695 0.03940217391304348 0.026494565217391304
0 0.3063858695652174 0.9157608695652174 0.051630434782608696 0.034646739130434784
0 0.35529891304347827 0.9524456521739131 0.05366847826086957 0.036684782608695655
0 0.41915760869565216 0.9809782608695652 0.051630434782608696 0.034646739130434784
0 0.19361413043478262 0.9802989130434783 0.05434782608695652 0.036684782608695655
0 0.5074728260869565 0.9191576086956522 0.046875 0.03125
0 0.5910326086956522 0.8885869565217391 0.04891304347826087 0.03260869565217391
0 0.5828804347826086 0.8172554347826086 0.04483695652173913 0.029211956521739132
0 0.016983695652173912 0.7024456521739131 0.033967391304347824 0.025135869565217392
0 0.01154891304347826 0.6644021739130435 0.02309782608695652 0.02377717391304348
0 0.11209239130434782 0.5760869565217391 0.030570652173913044 0.021059782608695652
0 0.10258152173913043 0.48097826086956524 0.02309782608695652 0.016304347826086956
0 0.14198369565217392 0.48029891304347827 0.02309782608695652 0.015625
0 0.15421195652173914 0.48709239130434784 0.02309782608695652 0.015625
0 0.14130434782608695 0.5020380434782609 0.026494565217391304 0.018342391304347828
0 0.20923913043478262 0.5149456521739131 0.02717391304347826 0.018342391304347828
0 0.24048913043478262 0.49592391304347827 0.025135869565217392 0.016983695652173912
0 0.23709239130434784 0.48165760869565216 0.024456521739130436 0.016983695652173912
0 0.22486413043478262 0.47214673913043476 0.024456521739130436 0.016304347826086956
0 0.18138586956521738 0.4633152173913043 0.022418478260869564 0.014945652173913044
0 0.27853260869565216 0.48845108695652173 0.026494565217391304 0.016983695652173912
0 0.26834239130434784 0.5197010869565217 0.028532608695652172 0.01970108695652174
0 0.2982336956521739 0.4633152173913043 0.026494565217391304 0.017663043478260868
0 0.2873641304347826 0.4639945652173913 0.026494565217391304 0.016983695652173912
0 0.3267663043478261 0.45516304347826086 0.025135869565217392 0.017663043478260868
0 0.359375 0.4735054347826087 0.025135869565217392 0.017663043478260868
0 0.358695652173913 0.48097826086956524 0.026494565217391304 0.017663043478260868
0 0.44157608695652173 0.5217391304347826 0.028532608695652172 0.019021739130434784
0 0.436820652173913 0.5563858695652174 0.03192934782608696 0.021739130434782608
0 0.1983695652173913 0.6188858695652174 0.033967391304347824 0.02309782608695652
0 0.34103260869565216 0.673233695652174 0.03940217391304348 0.025815217391304348
0 0.4279891304347826 0.657608695652174 0.03804347826086957 0.025135869565217392
0 0.49796195652173914 0.48029891304347827 0.02717391304347826 0.018342391304347828
0 0.6052989130434783 0.6875 0.04008152173913043 0.026494565217391304
0 0.6290760869565217 0.7418478260869565 0.04076086956521739 0.02717391304347826
0 0.6256793478260869 0.7846467391304348 0.042119565217391304 0.028532608695652172
0 0.16236413043478262 0.313179347826087 0.017663043478260868 0.010869565217391304
0 0.20040760869565216 0.30910326086956524 0.016304347826086956 0.010869565217391304
0 0.21739130434782608 0.3125 0.016304347826086956 0.010869565217391304
0 0.2425271739130435 0.3736413043478261 0.025135869565217392 0.016983695652173912
0 0.297554347826087 0.37839673913043476 0.02309782608695652 0.015625
0 0.4076086956521739 0.3226902173913043 0.01970108695652174 0.012907608695652174
0 0.4014945652173913 0.36141304347826086 0.021739130434782608 0.014945652173913044
0 0.39741847826086957 0.375 0.02309782608695652 0.015625
0 0.3546195652173913 0.3967391304347826 0.024456521739130436 0.016304347826086956
0 0.4470108695652174 0.34578804347826086 0.021739130434782608 0.014266304347826086
0 0.4422554347826087 0.36616847826086957 0.021739130434782608 0.014266304347826086
0 0.45720108695652173 0.39470108695652173 0.024456521739130436 0.015625
0 0.47622282608695654 0.34035326086956524 0.021739130434782608 0.014945652173913044
0 0.5095108695652174 0.3389945652173913 0.021739130434782608 0.014266304347826086
0 0.43478260869565216 0.30095108695652173 0.018342391304347828 0.012907608695652174
0 0.48029891304347827 0.2425271739130435 0.015625 0.010190217391304348
0 0.469429347826087 0.23777173913043478 0.014945652173913044 0.009510869565217392
0 0.5149456521739131 0.23029891304347827 0.014945652173913044 0.009510869565217392
0 0.5081521739130435 0.22010869565217392 0.014945652173913044 0.009510869565217392
0 0.5557065217391305 0.24048913043478262 0.015625 0.010869565217391304
0 0.5855978260869565 0.2418478260869565 0.015625 0.010190217391304348
0 0.5686141304347826 0.25407608695652173 0.016304347826086956 0.010869565217391304
0 0.5285326086956522 0.27445652173913043 0.018342391304347828 0.012228260869565218
0 0.5373641304347826 0.29415760869565216 0.020380434782608696 0.012907608695652174
0 0.6100543478260869 0.28940217391304346 0.017663043478260868 0.01154891304347826
0 0.5740489130434783 0.3172554347826087 0.01970108695652174 0.012907608695652174
0 0.5713315217391305 0.33220108695652173 0.021739130434782608 0.01358695652173913
0 0.6120923913043478 0.31521739130434784 0.018342391304347828 0.012228260869565218
0 0.6331521739130435 0.30027173913043476 0.017663043478260868 0.012228260869565218
0 0.6385869565217391 0.34646739130434784 0.020380434782608696 0.01358695652173913
0 0.592391304347826 0.35733695652173914 0.020380434782608696 0.01358695652173913
0 0.5774456521739131 0.35529891304347827 0.020380434782608696 0.014266304347826086
0 0.5944293478260869 0.3797554347826087 0.022418478260869564 0.014266304347826086
0 0.6161684782608695 0.37228260869565216 0.021739130434782608 0.014266304347826086
0 0.5332880434782609 0.35258152173913043 0.021739130434782608 0.014266304347826086
0 0.5366847826086957 0.37771739130434784 0.022418478260869564 0.014945652173913044
0 0.5373641304347826 0.38722826086956524 0.02309782608695652 0.015625
0 0.5699728260869565 0.39741847826086957 0.022418478260869564 0.014945652173913044
0 0.5788043478260869 0.39266304347826086 0.02309782608695652 0.015625
0 0.6813858695652174 0.38179347826086957 0.021739130434782608 0.014266304347826086
0 0.7289402173913043 0.32065217391304346 0.020380434782608696 0.012907608695652174
0 0.6956521739130435 0.3919836956521739 0.022418478260869564 0.014945652173913044
0 0.8057065217391305 0.38315217391304346 0.021739130434782608 0.01358695652173913
0 0.8063858695652174 0.37228260869565216 0.021739130434782608 0.014266304347826086
0 0.842391304347826 0.3220108695652174 0.020380434782608696 0.01358695652173913
0 0.8179347826086957 0.2758152173913043 0.016304347826086956 0.01154891304347826
0 0.7907608695652174 0.26154891304347827 0.016304347826086956 0.010869565217391304
0 0.7024456521739131 0.24728260869565216 0.015625 0.010869565217391304
0 0.6222826086956522 0.2642663043478261 0.016304347826086956 0.01154891304347826
0 0.6100543478260869 0.4429347826086957 0.02309782608695652 0.015625
0 0.625 0.4273097826086957 0.02309782608695652 0.015625
0 0.595108695652174 0.41779891304347827 0.02309782608695652 0.015625
0 0.6711956521739131 0.41983695652173914 0.021739130434782608 0.014945652173913044
0 0.6535326086956522 0.4313858695652174 0.022418478260869564 0.014266304347826086
0 0.6711956521739131 0.40353260869565216 0.022418478260869564 0.014945652173913044
0 0.5686141304347826 0.43546195652173914 0.024456521739130436 0.016983695652173912
0 0.5509510869565217 0.43953804347826086 0.024456521739130436 0.016304347826086956
0 0.4938858695652174 0.4429347826086957 0.025135869565217392 0.016983695652173912
0 0.5230978260869565 0.421875 0.024456521739130436 0.016304347826086956
0 0.45584239130434784 0.44429347826086957 0.025135869565217392 0.016983695652173912
0 0.4313858695652174 0.453125 0.02717391304347826 0.017663043478260868
0 0.468070652173913 0.46603260869565216 0.02717391304347826 0.018342391304347828
0 0.405570652173913 0.42391304347826086 0.025135869565217392 0.016983695652173912
0 0.4123641304347826 0.4076086956521739 0.025135869565217392 0.016304347826086956
0 0.7139945652173914 0.42595108695652173 0.022418478260869564 0.014945652173913044
0 0.798233695652174 0.4375 0.024456521739130436 0.016304347826086956
0 0.7832880434782609 0.41847826086956524 0.02309782608695652 0.015625
0 0.7207880434782609 0.4626358695652174 0.02309782608695652 0.016304347826086956
0 0.7072010869565217 0.453804347826087 0.02309782608695652 0.015625
0 0.7092391304347826 0.5230978260869565 0.03125 0.021739130434782608
0 0.6209239130434783 0.4701086956521739 0.025135869565217392 0.016304347826086956
0 0.7479619565217391 0.9429347826086957 0.051630434782608696 0.035326086956521736
0 0.8410326086956522 0.701766304347826 0.04008152173913043 0.02717391304347826
0 0.8634510869565217 0.6542119565217391 0.03804347826086957 0.025135869565217392
0 0.9211956521739131 0.6277173913043478 0.036005434782608696 0.024456521739130436
0 0.9599184782608695 0.8648097826086957 0.04891304347826087 0.03328804347826087
0 0.9966032608695652 0.8389945652173914 0.006793478260869565 0.03125
0 0.8675271739130435 0.951766304347826 0.05298913043478261 0.035326086956521736
0 0.5387228260869565 0.20584239130434784 0.012907608695652174 0.008152173913043478
0 0.5862771739130435 0.20923913043478262 0.012907608695652174 0.008152173913043478
0 0.639266304347826 0.20040760869565216 0.012907608695652174 0.008152173913043478
0 0.6514945652173914 0.19904891304347827 0.012907608695652174 0.008152173913043478
0 0.6752717391304348 0.20108695652173914 0.012907608695652174 0.008831521739130434
0 0.7010869565217391 0.20720108695652173 0.01358695652173913 0.008831521739130434
0 0.7092391304347826 0.18885869565217392 0.01358695652173913 0.008152173913043478
0 0.7527173913043478 0.19021739130434784 0.01358695652173913 0.008152173913043478
0 0.6868206521739131 0.22214673913043478 0.014945652173913044 0.009510869565217392
0 0.6535326086956522 0.22758152173913043 0.014945652173913044 0.009510869565217392
0 0.6399456521739131 0.22554347826086957 0.014945652173913044 0.009510869565217392
0 0.6066576086956522 0.2269021739130435 0.014945652173913044 0.009510869565217392
0 0.6032608695652174 0.23233695652173914 0.014945652173913044 0.009510869565217392
0 0.7139945652173914 0.21942934782608695 0.014945652173913044 0.009510869565217392
0 0.7894021739130435 0.20855978260869565 0.014945652173913044 0.008831521739130434
0 0.7819293478260869 0.20108695652173914 0.012907608695652174 0.008831521739130434
0 0.782608695652174 0.17527173913043478 0.012907608695652174 0.008152173913043478
0 0.8104619565217391 0.13519021739130435 0.010869565217391304 0.008152173913043478
0 0.90625 0.3029891304347826 0.01970108695652174 0.012907608695652174
0 0.8987771739130435 0.29483695652173914 0.018342391304347828 0.012228260869565218
0 0.876358695652174 0.2955163043478261 0.018342391304347828 0.012907608695652174
0 0.9211956521739131 0.2758152173913043 0.018342391304347828 0.012228260869565218
0 0.954483695652174 0.265625 0.016304347826086956 0.010869565217391304
0 0.9626358695652174 0.25407608695652173 0.014945652173913044 0.010190217391304348
0 0.9354619565217391 0.23845108695652173 0.015625 0.010190217391304348
0 0.907608695652174 0.234375 0.015625 0.010190217391304348
0 0.967391304347826 0.2982336956521739 0.018342391304347828 0.012228260869565218
0 0.9898097826086957 0.37771739130434784 0.020380434782608696 0.016304347826086956
0 0.9347826086956522 0.3804347826086957 0.024456521739130436 0.016304347826086956
0 0.9259510869565217 0.3967391304347826 0.025135869565217392 0.016983695652173912
0 0.8756793478260869 0.38790760869565216 0.02309782608695652 0.015625
0 0.8145380434782609 0.20040760869565216 0.01358695652173913 0.009510869565217392
0 0.8029891304347826 0.20584239130434784 0.014945652173913044 0.009510869565217392
0 0.8498641304347826 0.19089673913043478 0.01358695652173913 0.008831521739130434
0 0.8274456521739131 0.1644021739130435 0.012907608695652174 0.008152173913043478
0 0.8274456521739131 0.15964673913043478 0.012907608695652174 0.008152173913043478
0 0.9069293478260869 0.15217391304347827 0.010869565217391304 0.007472826086956522
0 0.8654891304347826 0.18410326086956522 0.01358695652173913 0.008831521739130434
0 0.8797554347826086 0.18546195652173914 0.01358695652173913 0.008831521739130434
0 0.8797554347826086 0.203125 0.01358695652173913 0.008831521739130434
0 0.9191576086956522 0.18410326086956522 0.01358695652173913 0.008152173913043478
0 0.9279891304347826 0.17527173913043478 0.012907608695652174 0.008152173913043478
0 0.9497282608695652 0.18682065217391305 0.012907608695652174 0.008152173913043478
0 0.9504076086956522 0.21467391304347827 0.014945652173913044 0.009510869565217392
0 0.9150815217391305 0.22758152173913043 0.015625 0.010190217391304348
0 0.9721467391304348 0.23369565217391305 0.014945652173913044 0.009510869565217392
0 0.96875 0.2269021739130435 0.014945652173913044 0.010190217391304348
0 0.9714673913043478 0.18342391304347827 0.012907608695652174 0.008152173913043478
0 0.9864130434782609 0.1827445652173913 0.012907608695652174 0.008152173913043478
0 0.9972826086956522 0.1875 0.004755434782608696 0.008152173913043478
0 0.9368206521739131 0.16779891304347827 0.012907608695652174 0.008152173913043478
0 0.9341032608695652 0.1487771739130435 0.010869565217391304 0.007472826086956522
0 0.9504076086956522 0.1480978260869565 0.010869565217391304 0.007472826086956522
0 0.9381793478260869 0.14605978260869565 0.010869565217391304 0.007472826086956522
0 0.9198369565217391 0.12907608695652173 0.009510869565217392 0.007472826086956522
0 0.9979619565217391 0.26222826086956524 0.004076086956521739 0.010869565217391304
0 0.9836956521739131 0.26834239130434784 0.016304347826086956 0.010869565217391304
0 0.984375 0.4266304347826087 0.02717391304347826 0.017663043478260868
0 0.9918478260869565 0.4741847826086957 0.015625 0.01970108695652174
0 0.9137228260869565 0.4116847826086957 0.025135869565217392 0.016983695652173912
0 0.8940217391304348 0.4592391304347826 0.026494565217391304 0.017663043478260868
0 0.8586956521739131 0.44565217391304346 0.025135869565217392 0.016983695652173912
0 0.876358695652174 0.41372282608695654 0.024456521739130436 0.016304347826086956
0 0.8872282608695652 0.16236413043478262 0.012907608695652174 0.008152173913043478
0 0.9680706521739131 0.17527173913043478 0.012907608695652174 0.008152173913043478