0 0.001358695652173913 0.328125 0.0020380434782608695 0.016983695652173912
0 0.07065217391304347 0.31521739130434784 0.018342391304347828 0.012907608695652174
0 0.125 0.31997282608695654 0.019021739130434784 0.016983695652173912
0 0.1875 0.31997282608695654 0.01970108695652174 0.015625
0 0.08627717391304347 0.5740489130434783 0.016983695652173912 0.01358695652173913
0 0.12703804347826086 0.5658967391304348 0.01970108695652174 0.015625
0 0.23845108695652173 0.5550271739130435 0.016983695652173912 0.01358695652173913
0 0.17391304347826086 0.673233695652174 0.028532608695652172 0.022418478260869564
0 0.12364130434782608 0.6317934782608695 0.01970108695652174 0.015625
0 0.18206521739130435 0.6005434782608695 0.014945652173913044 0.015625
0 0.3070652173913043 0.5774456521739131 0.01358695652173913 0.012907608695652174
0 0.35597826086956524 0.5686141304347826 0.01970108695652174 0.015625
0 0.36141304347826086 0.6589673913043478 0.016983695652173912 0.015625
0 0.4123641304347826 0.5733695652173914 0.014266304347826086 0.014266304347826086
0 0.5754076086956522 0.5855978260869565 0.014945652173913044 0.015625
0 0.5190217391304348 0.6222826086956522 0.017663043478260868 0.012907608695652174
0 0.5917119565217391 0.6773097826086957 0.02377717391304348 0.021059782608695652
0 0.8926630434782609 0.5407608695652174 0.014266304347826086 0.014266304347826086
0 0.891983695652174 0.5264945652173914 0.016304347826086956 0.014945652173913044
0 0.9802989130434783 0.5577445652173914 0.018342391304347828 0.014266304347826086
0 0.9354619565217391 0.5876358695652174 0.01970108695652174 0.020380434782608696
0 0.8865489130434783 0.5910326086956522 0.017663043478260868 0.019021739130434784
0 0.6290760869565217 0.5978260869565217 0.016304347826086956 0.014266304347826086
0 0.704483695652174 0.6161684782608695 0.016304347826086956 0.01358695652173913
0 0.7038043478260869 0.640625 0.012907608695652174 0.016304347826086956
0 0.6596467391304348 0.6752717391304348 0.017663043478260868 0.018342391304347828
0 0.5862771739130435 0.6453804347826086 0.015625 0.015625
0 0.47758152173913043 0.7105978260869565 0.012907608695652174 0.015625
0 0.6487771739130435 0.6467391304347826 0.012907608695652174 0.014266304347826086
0 0.004076086956521739 0.5985054347826086 0.008152173913043478 0.015625
0 0.029891304347826088 0.5754076086956522 0.018342391304347828 0.012228260869565218
0 0.19089673913043478 0.5597826086956522 0.017663043478260868 0.01154891304347826
0 0.30570652173913043 0.5543478260869565 0.019021739130434784 0.012907608695652174
0 0.36684782608695654 0.5536684782608695 0.018342391304347828 0.012228260869565218
0 0.4001358695652174 0.5523097826086957 0.018342391304347828 0.012228260869565218
0 0.016304347826086956 0.640625 0.025135869565217392 0.016983695652173912
0 0.019021739130434784 0.6134510869565217 0.022418478260869564 0.014945652173913044
0 0.11480978260869565 0.5849184782608695 0.01970108695652174 0.01358695652173913
0 0.057744565217391304 0.5849184782608695 0.01970108695652174 0.01358695652173913
0 0.07269021739130435 0.6073369565217391 0.022418478260869564 0.014945652173913044
0 0.06657608695652174 0.6351902173913043 0.024456521739130436 0.016983695652173912
0 0.05298913043478261 0.6766304347826086 0.028532608695652172 0.019021739130434784
0 0.11345108695652174 0.6908967391304348 0.02717391304347826 0.017663043478260868
0 0.17255434782608695 0.7024456521739131 0.02717391304347826 0.018342391304347828
0 0.23165760869565216 0.7282608695652174 0.02377717391304348 0.016304347826086956
0 0.2921195652173913 0.7180706521739131 0.02377717391304348 0.015625
0 0.21739130434782608 0.6936141304347826 0.02717391304347826 0.018342391304347828
0 0.12228260869565218 0.6623641304347826 0.02717391304347826 0.018342391304347828
0 0.1949728260869565 0.6379076086956522 0.02377717391304348 0.015625
0 0.13654891304347827 0.6114130434782609 0.022418478260869564 0.014945652173913044
0 0.2547554347826087 0.6032608695652174 0.021059782608695652 0.014266304347826086
0 0.2914402173913043 0.595108695652174 0.021059782608695652 0.014266304347826086
0 0.40964673913043476 0.592391304347826 0.019021739130434784 0.012228260869565218
0 0.35597826086956524 0.592391304347826 0.019021739130434784 0.012228260869565218
0 0.3546195652173913 0.6161684782608695 0.018342391304347828 0.012228260869565218
0 0.3029891304347826 0.6229619565217391 0.022418478260869564 0.014945652173913044
0 0.24592391304347827 0.6426630434782609 0.02377717391304348 0.016304347826086956
0 0.3029891304347826 0.6983695652173914 0.02377717391304348 0.015625
0 0.23165760869565216 0.6752717391304348 0.025815217391304348 0.017663043478260868
0 0.30366847826086957 0.6501358695652174 0.024456521739130436 0.016983695652173912
0 0.358695652173913 0.6379076086956522 0.018342391304347828 0.012228260869565218
0 0.4001358695652174 0.6379076086956522 0.018342391304347828 0.012228260869565218
0 0.42527173913043476 0.6616847826086957 0.020380434782608696 0.01358695652173913
0 0.41440217391304346 0.6807065217391305 0.021059782608695652 0.01358695652173913
0 0.3607336956521739 0.703125 0.025135869565217392 0.016983695652173912
0 0.4673913043478261 0.6059782608695652 0.019021739130434784 0.012907608695652174
0 0.45516304347826086 0.5584239130434783 0.018342391304347828 0.012228260869565218
0 0.5115489130434783 0.5665760869565217 0.018342391304347828 0.01154891304347826
0 0.5244565217391305 0.5869565217391305 0.019021739130434784 0.012907608695652174
0 0.5332880434782609 0.6039402173913043 0.019021739130434784 0.012907608695652174
0 0.5387228260869565 0.6793478260869565 0.021059782608695652 0.014266304347826086
0 0.5604619565217391 0.7065217391304348 0.022418478260869564 0.014266304347826086
0 0.5699728260869565 0.7364130434782609 0.02309782608695652 0.015625
0 0.6120923913043478 0.7255434782608695 0.022418478260869564 0.014945652173913044
0 0.5740489130434783 0.7758152173913043 0.025135869565217392 0.016983695652173912
0 0.6209239130434783 0.7581521739130435 0.024456521739130436 0.016304347826086956
0 0.5088315217391305 0.7710597826086957 0.025135869565217392 0.016983695652173912
0 0.436820652173913 0.7771739130434783 0.027853260869565216 0.018342391304347828
0 0.49592391304347827 0.7391304347826086 0.022418478260869564 0.014945652173913044
0 0.4205163043478261 0.7466032608695652 0.02309782608695652 0.015625
0 0.41983695652173914 0.7139945652173914 0.021739130434782608 0.014945652173913044
0 0.3641304347826087 0.7554347826086957 0.02717391304347826 0.018342391304347828
0 0.29279891304347827 0.7663043478260869 0.025135869565217392 0.016983695652173912
0 0.7065217391304348 0.7866847826086957 0.024456521739130436 0.016304347826086956
0 0.7615489130434783 0.779891304347826 0.024456521739130436 0.016304347826086956
0 0.828125 0.7785326086956522 0.02309782608695652 0.015625
0 0.9021739130434783 0.7737771739130435 0.02377717391304348 0.016304347826086956
0 0.9816576086956522 0.8057065217391305 0.01970108695652174 0.01358695652173913
0 0.96875 0.7710597826086957 0.01970108695652174 0.01358695652173913
0 0.6813858695652174 0.5407608695652174 0.016983695652173912 0.010869565217391304
0 0.7418478260869565 0.5353260869565217 0.01970108695652174 0.012907608695652174
0 0.7785326086956522 0.5258152173913043 0.01970108695652174 0.01358695652173913
0 0.75 0.5543478260869565 0.019021739130434784 0.012907608695652174
0 0.8097826086956522 0.561141304347826 0.01970108695652174 0.01358695652173913
0 0.8410326086956522 0.5461956521739131 0.01970108695652174 0.01358695652173913
0 0.8648097826086957 0.5625 0.01970108695652174 0.01358695652173913
0 0.8274456521739131 0.5210597826086957 0.01970108695652174 0.01358695652173913
0 0.9191576086956522 0.515625 0.01970108695652174 0.01358695652173913
0 0.9694293478260869 0.5183423913043478 0.01970108695652174 0.01358695652173913
0 0.9497282608695652 0.5380434782608695 0.01970108695652174 0.01358695652173913
0 0.920516304347826 0.5570652173913043 0.01970108695652174 0.01358695652173913
0 0.9925271739130435 0.5387228260869565 0.014945652173913044 0.01358695652173913
0 0.9884510869565217 0.5788043478260869 0.01970108695652174 0.012907608695652174
0 0.951766304347826 0.5998641304347826 0.020380434782608696 0.01358695652173913
0 0.7764945652173914 0.639266304347826 0.01970108695652174 0.012907608695652174
0 0.8417119565217391 0.654891304347826 0.01970108695652174 0.01358695652173913
0 0.9144021739130435 0.6786684782608695 0.021059782608695652 0.014266304347826086
0 0.9245923913043478 0.7038043478260869 0.021059782608695652 0.014266304347826086
0 0.9904891304347826 0.7085597826086957 0.019021739130434784 0.014945652173913044
0 0.9504076086956522 0.7316576086956522 0.021739130434782608 0.014266304347826086
0 0.8824728260869565 0.7411684782608695 0.01970108695652174 0.01358695652173913
0 0.8729619565217391 0.7065217391304348 0.01970108695652174 0.01358695652173913
0 0.8552989130434783 0.6847826086956522 0.01970108695652174 0.01358695652173913
0 0.782608695652174 0.6875 0.02309782608695652 0.014945652173913044
0 0.7119565217391305 0.6650815217391305 0.022418478260869564 0.014945652173913044
0 0.5835597826086957 0.608016304347826 0.018342391304347828 0.012228260869565218
0 0.6440217391304348 0.625 0.01970108695652174 0.012907608695652174
0 0.5217391304347826 0.6542119565217391 0.020380434782608696 0.01358695652173913
0 0.47622282608695654 0.6569293478260869 0.020380434782608696 0.01358695652173913
0 0.6739130434782609 0.7004076086956522 0.025135869565217392 0.016983695652173912
0 0.6881793478260869 0.7255434782608695 0.022418478260869564 0.014945652173913044
0 0.75 0.7221467391304348 0.02377717391304348 0.016304347826086956
0 0.8125 0.7180706521739131 0.022418478260869564 0.014945652173913044
0 0.6834239130434783 0.7581521739130435 0.02377717391304348 0.015625
0 0.36616847826086957 0.7941576086956522 0.028532608695652172 0.019021739130434784
0 0.6032608695652174 0.7038043478260869 0.021739130434782608 0.014945652173913044
0 0.42459239130434784 0.623641304347826 0.018342391304347828 0.012228260869565218
0 0.18682065217391305 0.5835597826086957 0.020380434782608696 0.01358695652173913
0 0.2235054347826087 0.5679347826086957 0.018342391304347828 0.012228260869565218
0 0.7873641304347826 0.6610054347826086 0.022418478260869564 0.014266304347826086
0 0.735733695652174 0.6936141304347826 0.02309782608695652 0.015625
0 0.44972826086956524 0.5930706521739131 0.018342391304347828 0.012907608695652174
0 0.8158967391304348 0.751358695652174 0.022418478260869564 0.014945652173913044
0 0.7520380434782609 0.7533967391304348 0.02377717391304348 0.015625
0 0.250679347826087 0.6256793478260869 0.02309782608695652 0.015625
0 0.27853260869565216 0.688858695652174 0.02309782608695652 0.014945652173913044
0 0.5027173913043478 0.686141304347826 0.021059782608695652 0.014266304347826086
0 0.5862771739130435 0.623641304347826 0.01970108695652174 0.01358695652173913
0 0.47146739130434784 0.6283967391304348 0.020380434782608696 0.01358695652173913
0 0.19157608695652173 0.6630434782608695 0.025135869565217392 0.016983695652173912
0 0.25271739130434784 0.6637228260869565 0.025135869565217392 0.016983695652173912
0 0.30027173913043476 0.6644021739130435 0.025815217391304348 0.016983695652173912
0 0.30366847826086957 0.6827445652173914 0.02309782608695652 0.014945652173913044