0 0.5394021739130435 0.8158967391304348 0.04076086956521739 0.02717391304347826
0 0.12771739130434784 0.6671195652173914 0.02309782608695652 0.016304347826086956
0 0.10597826086956522 0.65625 0.019021739130434784 0.014266304347826086
0 0.06589673913043478 0.6182065217391305 0.012228260869565218 0.014945652173913044
0 0.058423913043478264 0.5842391304347826 0.015625 0.014266304347826086
0 0.07201086956521739 0.561141304347826 0.014266304347826086 0.01358695652173913
0 0.06317934782608696 0.5652173913043478 0.014266304347826086 0.01358695652173913
0 0.017663043478260868 0.516983695652174 0.01154891304347826 0.012228260869565218
0 0.017663043478260868 0.5081521739130435 0.009510869565217392 0.010190217391304348
0 0.029891304347826088 0.5258152173913043 0.009510869565217392 0.010190217391304348
0 0.05434782608695652 0.5122282608695652 0.009510869565217392 0.008152173913043478
0 0.07404891304347826 0.5264945652173914 0.01154891304347826 0.010190217391304348
0 0.09307065217391304 0.5244565217391305 0.012228260869565218 0.010190217391304348
0 0.07676630434782608 0.5067934782608695 0.009510869565217392 0.008831521739130434
0 0.09375 0.5040760869565217 0.008152173913043478 0.008831521739130434
0 0.04891304347826087 0.5203804347826086 0.009510869565217392 0.010190217391304348
0 0.07608695652173914 0.4904891304347826 0.009510869565217392 0.008831521739130434
0 0.10394021739130435 0.49252717391304346 0.008152173913043478 0.008152173913043478
0 0.09239130434782608 0.48709239130434784 0.007472826086956522 0.006793478260869565
0 0.09918478260869565 0.4789402173913043 0.01154891304347826 0.008831521739130434
0 0.10801630434782608 0.484375 0.008152173913043478 0.008831521739130434
0 0.13043478260869565 0.483695652173913 0.009510869565217392 0.008831521739130434
0 0.13722826086956522 0.4741847826086957 0.008152173913043478 0.006793478260869565
0 0.125 0.4735054347826087 0.008152173913043478 0.006793478260869565
0 0.03804347826086957 0.4796195652173913 0.007472826086956522 0.005434782608695652
0 0.03192934782608696 0.48641304347826086 0.007472826086956522 0.006114130434782609
0 0.02309782608695652 0.4945652173913043 0.009510869565217392 0.008152173913043478
0 0.012228260869565218 0.4938858695652174 0.007472826086956522 0.006793478260869565
0 0.02309782608695652 0.41440217391304346 0.004076086956521739 0.004076086956521739
0 0.020380434782608696 0.45720108695652173 0.007472826086956522 0.006793478260869565
0 0.03125 0.45720108695652173 0.007472826086956522 0.006793478260869565
0 0.049592391304347824 0.45584239130434784 0.005434782608695652 0.006114130434782609
0 0.05502717391304348 0.46535326086956524 0.007472826086956522 0.005434782608695652
0 0.057065217391304345 0.45516304347826086 0.005434782608695652 0.006114130434782609
0 0.07201086956521739 0.44565217391304346 0.005434782608695652 0.005434782608695652
0 0.07404891304347826 0.4626358695652174 0.005434782608695652 0.006114130434782609
0 0.050951086956521736 0.4830163043478261 0.008152173913043478 0.006793478260869565
0 0.042798913043478264 0.4048913043478261 0.004076086956521739 0.004076086956521739
0 0.06589673913043478 0.39877717391304346 0.004076086956521739 0.004076086956521739
0 0.09307065217391304 0.40421195652173914 0.004076086956521739 0.004076086956521739
0 0.08763586956521739 0.44972826086956524 0.005434782608695652 0.005434782608695652
0 0.09239130434782608 0.44565217391304346 0.005434782608695652 0.005434782608695652
0 0.09918478260869565 0.45040760869565216 0.007472826086956522 0.006114130434782609
0 0.11480978260869565 0.45040760869565216 0.005434782608695652 0.005434782608695652
0 0.12635869565217392 0.44497282608695654 0.005434782608695652 0.004076086956521739
0 0.10733695652173914 0.44633152173913043 0.005434782608695652 0.004076086956521739
0 0.1644021739130435 0.4001358695652174 0.004076086956521739 0.002717391304347826
0 0.1875 0.4008152173913043 0.004076086956521739 0.004076086956521739
0 0.20108695652173914 0.436820652173913 0.004076086956521739 0.004076086956521739
0 0.24320652173913043 0.436820652173913 0.004076086956521739 0.004076086956521739
0 0.21263586956521738 0.4014945652173913 0.004076086956521739 0.004076086956521739
0 0.2262228260869565 0.40421195652173914 0.004076086956521739 0.005434782608695652
0 0.24048913043478262 0.39877717391304346 0.004076086956521739 0.004076086956521739
0 0.296875 0.4048913043478261 0.004076086956521739 0.004076086956521739
0 0.08288043478260869 0.46467391304347827 0.008152173913043478 0.008152173913043478
0 0.04891304347826087 0.469429347826087 0.007472826086956522 0.006114130434782609
0 0.39809782608695654 0.40828804347826086 0.005434782608695652 0.005434782608695652
0 0.4626358695652174 0.4279891304347826 0.005434782608695652 0.006114130434782609
0 0.5054347826086957 0.43070652173913043 0.008152173913043478 0.008152173913043478
0 0.48845108695652173 0.39809782608695654 0.004076086956521739 0.004076086956521739
0 0.8206521739130435 0.9904891304347826 0.04076086956521739 0.019021739130434784
0 0.34375 0.7384510869565217 0.03125 0.022418478260869564
0 0.374320652173913 0.7561141304347826 0.03260869565217391 0.02309782608695652
0 0.28328804347826086 0.7296195652173914 0.03125 0.021739130434782608
0 0.20448369565217392 0.717391304347826 0.02309782608695652 0.016304347826086956
0 0.19021739130434784 0.6936141304347826 0.021739130434782608 0.015625
0 0.08152173913043478 0.6297554347826086 0.019021739130434784 0.014266304347826086
0 0.06589673913043478 0.5991847826086957 0.017663043478260868 0.012228260869565218
0 0.0006793478260869565 0.5604619565217391 0.001358695652173913 0.01154891304347826
0 0.010190217391304348 0.9796195652173914 0.01970108695652174 0.034646739130434784
0 0.9904891304347826 0.984375 0.019021739130434784 0.029211956521739132
0 0.17459239130434784 0.6807065217391305 0.021059782608695652 0.014945652173913044
0 0.0006793478260869565 0.405570652173913 0.001358695652173913 0.004076086956521739
0 0.002717391304347826 0.41304347826086957 0.005434782608695652 0.004076086956521739
0 0.014266304347826086 0.4116847826086957 0.005434782608695652 0.004755434782608696
0 0.008831521739130434 0.40217391304347827 0.005434782608695652 0.004076086956521739
0 0.027853260869565216 0.40353260869565216 0.005434782608695652 0.002717391304347826
0 0.06589673913043478 0.4048913043478261 0.005434782608695652 0.004076086956521739
0 0.042119565217391304 0.40964673913043476 0.005434782608695652 0.002717391304347826
0 0.03260869565217391 0.41440217391304346 0.006114130434782609 0.004076086956521739
0 0.08559782608695653 0.4014945652173913 0.004076086956521739 0.004076086956521739
0 0.09646739130434782 0.4157608695652174 0.005434782608695652 0.004076086956521739
0 0.059103260869565216 0.4110054347826087 0.005434782608695652 0.004076086956521739
0 0.12364130434782608 0.41372282608695654 0.005434782608695652 0.004076086956521739
0 0.15013586956521738 0.4014945652173913 0.004076086956521739 0.002717391304347826
0 0.203125 0.4014945652173913 0.004076086956521739 0.002717391304347826
0 0.15421195652173914 0.4436141304347826 0.006114130434782609 0.005434782608695652
0 0.14945652173913043 0.44429347826086957 0.005434782608695652 0.004076086956521739
0 0.13790760869565216 0.45516304347826086 0.007472826086956522 0.005434782608695652
0 0.10597826086956522 0.45652173913043476 0.007472826086956522 0.005434782608695652
0 0.16915760869565216 0.4422554347826087 0.007472826086956522 0.004755434782608696
0 0.1793478260869565 0.4422554347826087 0.006114130434782609 0.005434782608695652
0 0.19021739130434784 0.43953804347826086 0.007472826086956522 0.004755434782608696
0 0.21195652173913043 0.4483695652173913 0.007472826086956522 0.004755434782608696
0 0.20720108695652173 0.4429347826086957 0.005434782608695652 0.004076086956521739
0 0.21875 0.44021739130434784 0.005434782608695652 0.002717391304347826
0 0.22214673913043478 0.4476902173913043 0.007472826086956522 0.005434782608695652
0 0.23165760869565216 0.43953804347826086 0.005434782608695652 0.002717391304347826
0 0.2391304347826087 0.44565217391304346 0.005434782608695652 0.002717391304347826
0 0.25339673913043476 0.44497282608695654 0.004076086956521739 0.002717391304347826
0 0.2669836956521739 0.4327445652173913 0.005434782608695652 0.002717391304347826
0 0.27785326086956524 0.43546195652173914 0.005434782608695652 0.004076086956521739
0 0.28804347826086957 0.43546195652173914 0.005434782608695652 0.004076086956521739
0 0.30095108695652173 0.43070652173913043 0.004076086956521739 0.002717391304347826
0 0.328125 0.43342391304347827 0.006114130434782609 0.004755434782608696
0 0.23301630434782608 0.40421195652173914 0.005434782608695652 0.004076086956521739
0 0.250679347826087 0.4008152173913043 0.005434782608695652 0.002717391304347826
0 0.2547554347826087 0.40217391304347827 0.005434782608695652 0.004076086956521739
0 0.2642663043478261 0.4001358695652174 0.005434782608695652 0.004076086956521739
0 0.2798913043478261 0.4001358695652174 0.004076086956521739 0.004076086956521739
0 0.30570652173913043 0.40828804347826086 0.005434782608695652 0.004076086956521739
0 0.327445652173913 0.40217391304347827 0.005434782608695652 0.004076086956521739
0 0.34578804347826086 0.4327445652173913 0.005434782608695652 0.004076086956521739
0 0.35190217391304346 0.4436141304347826 0.006114130434782609 0.004755434782608696
0 0.36684782608695654 0.4327445652173913 0.007472826086956522 0.005434782608695652
0 0.37839673913043476 0.405570652173913 0.005434782608695652 0.004076086956521739
0 0.39334239130434784 0.43342391304347827 0.007472826086956522 0.005434782608695652
0 0.38247282608695654 0.4327445652173913 0.007472826086956522 0.005434782608695652
0 0.4157608695652174 0.4313858695652174 0.006114130434782609 0.005434782608695652
0 0.43002717391304346 0.4320652173913043 0.007472826086956522 0.005434782608695652
0 0.4483695652173913 0.41440217391304346 0.006114130434782609 0.004755434782608696
0 0.47690217391304346 0.42934782608695654 0.007472826086956522 0.004755434782608696
0 0.4986413043478261 0.43002717391304346 0.007472826086956522 0.005434782608695652
0 0.5339673913043478 0.42866847826086957 0.007472826086956522 0.005434782608695652
0 0.545516304347826 0.4266304347826087 0.007472826086956522 0.005434782608695652
0 0.5095108695652174 0.4001358695652174 0.005434782608695652 0.004076086956521739
0 0.4741847826086957 0.39877717391304346 0.005434782608695652 0.004076086956521739
0 0.5495923913043478 0.39741847826086957 0.005434782608695652 0.004076086956521739
0 0.5407608695652174 0.39741847826086957 0.004076086956521739 0.002717391304347826
0 0.5822010869565217 0.4001358695652174 0.004076086956521739 0.004076086956521739
0 0.6175271739130435 0.40421195652173914 0.005434782608695652 0.004076086956521739
0 0.608016304347826 0.39741847826086957 0.004076086956521739 0.004076086956521739
0 0.6841032608695652 0.39741847826086957 0.004076086956521739 0.004076086956521739