0 0.12907608695652173 0.250679347826087 0.006793478260869565 0.007472826086956522
0 0.1949728260869565 0.24932065217391305 0.006114130434782609 0.007472826086956522
0 0.21603260869565216 0.2452445652173913 0.004755434782608696 0.006114130434782609
0 0.27921195652173914 0.23845108695652173 0.004755434782608696 0.006114130434782609
0 0.39334239130434784 0.280570652173913 0.004076086956521739 0.005434782608695652
0 0.7038043478260869 0.4789402173913043 0.010869565217391304 0.014266304347826086
0 0.5061141304347826 0.46603260869565216 0.008831521739130434 0.010869565217391304
0 0.5631793478260869 0.4388586956521739 0.008152173913043478 0.010190217391304348
0 0.8349184782608695 0.45991847826086957 0.007472826086956522 0.012228260869565218
0 0.4898097826086957 0.5278532608695652 0.01358695652173913 0.018342391304347828
0 0.2554347826086957 0.4748641304347826 0.010190217391304348 0.01358695652173913
0 0.4116847826086957 0.5203804347826086 0.015625 0.012907608695652174
0 0.43342391304347827 0.4673913043478261 0.008831521739130434 0.01154891304347826
0 0.19021739130434784 0.7024456521739131 0.019021739130434784 0.03192934782608696
0 0.12228260869565218 0.7119565217391305 0.025135869565217392 0.027853260869565216
0 0.34578804347826086 0.592391304347826 0.018342391304347828 0.020380434782608696
0 0.2764945652173913 0.5591032608695652 0.014266304347826086 0.01358695652173913
0 0.18817934782608695 0.24456521739130435 0.005434782608695652 0.005434782608695652
0 0.31521739130434784 0.250679347826087 0.005434782608695652 0.006114130434782609
0 0.313179347826087 0.24048913043478262 0.005434782608695652 0.005434782608695652
0 0.35258152173913043 0.21875 0.004755434782608696 0.004755434782608696
0 0.41304347826086957 0.23029891304347827 0.005434782608695652 0.005434782608695652
0 0.405570652173913 0.22894021739130435 0.004755434782608696 0.005434782608695652
0 0.47282608695652173 0.21467391304347827 0.0020380434782608695 0.002717391304347826
0 0.5292119565217391 0.20991847826086957 0.002717391304347826 0.002717391304347826
0 0.5190217391304348 0.1827445652173913 0.002717391304347826 0.0020380434782608695
0 0.5088315217391305 0.18206521739130435 0.0033967391304347825 0.002717391304347826
0 0.5033967391304348 0.18682065217391305 0.002717391304347826 0.0033967391304347825
0 0.49592391304347827 0.1800271739130435 0.002717391304347826 0.002717391304347826
0 0.5489130434782609 0.1800271739130435 0.0006793478260869565 0.0006793478260869565
0 0.5971467391304348 0.1983695652173913 0.004755434782608696 0.004755434782608696
0 0.5339673913043478 0.21942934782608695 0.002717391304347826 0.002717391304347826
0 0.6154891304347826 0.1827445652173913 0.004755434782608696 0.004755434782608696
0 0.6283967391304348 0.17866847826086957 0.004755434782608696 0.004755434782608696
0 0.6345108695652174 0.1671195652173913 0.004755434782608696 0.004755434782608696
0 0.6365489130434783 0.17527173913043478 0.004755434782608696 0.004755434782608696
0 0.6569293478260869 0.15625 0.004755434782608696 0.004755434782608696
0 0.6650815217391305 0.15625 0.004755434782608696 0.004755434782608696
0 0.6677989130434783 0.15013586956521738 0.004755434782608696 0.004755434782608696
0 0.6786684782608695 0.469429347826087 0.01154891304347826 0.012228260869565218
0 0.6426630434782609 0.46603260869565216 0.01154891304347826 0.010869565217391304
0 0.5896739130434783 0.5400815217391305 0.016304347826086956 0.016304347826086956
0 0.5563858695652174 0.48233695652173914 0.012907608695652174 0.012907608695652174
0 0.7255434782608695 0.5319293478260869 0.012907608695652174 0.01358695652173913
0 0.5713315217391305 0.5625 0.016983695652173912 0.017663043478260868
0 0.49728260869565216 0.5190217391304348 0.014266304347826086 0.014266304347826086
0 0.04008152173913043 0.4796195652173913 0.016304347826086956 0.016304347826086956
0 0.22826086956521738 0.5135869565217391 0.01358695652173913 0.014266304347826086
0 0.20516304347826086 0.5183423913043478 0.016304347826086956 0.016304347826086956
0 0.28396739130434784 0.5991847826086957 0.020380434782608696 0.01970108695652174
0 0.4952445652173913 0.6358695652173914 0.01970108695652174 0.020380434782608696
0 0.28125 0.7214673913043478 0.025815217391304348 0.025815217391304348
0 0.6440217391304348 0.6032608695652174 0.01970108695652174 0.01970108695652174
0 0.7527173913043478 0.6222826086956522 0.016304347826086956 0.016304347826086956
0 0.7839673913043478 0.6358695652173914 0.016304347826086956 0.016304347826086956
0 0.8559782608695652 0.5917119565217391 0.014945652173913044 0.014945652173913044
0 0.845108695652174 0.6086956521739131 0.014945652173913044 0.014945652173913044
0 0.7948369565217391 0.7105978260869565 0.018342391304347828 0.018342391304347828
0 0.8634510869565217 0.6970108695652174 0.016304347826086956 0.016304347826086956
0 0.9436141304347826 0.5706521739130435 0.014266304347826086 0.014266304347826086
0 0.9721467391304348 0.5815217391304348 0.014266304347826086 0.014266304347826086
0 0.8682065217391305 0.798233695652174 0.019021739130434784 0.018342391304347828
0 0.5618206521739131 0.20448369565217392 0.001358695652173913 0.001358695652173913
0 0.5815217391304348 0.20855978260869565 0.0020380434782608695 0.0020380434782608695
0 0.6277173913043478 0.20855978260869565 0.008831521739130434 0.008831521739130434
0 0.5713315217391305 0.21263586956521738 0.0020380434782608695 0.0020380434782608695
0 0.5095108695652174 0.23573369565217392 0.002717391304347826 0.002717391304347826
0 0.6739130434782609 0.15013586956521738 0.009510869565217392 0.009510869565217392
0 0.042798913043478264 0.4748641304347826 0.016304347826086956 0.016304347826086956