0 0.043478260869565216 0.45108695652173914 0.009510869565217392 0.012228260869565218
0 0.06861413043478261 0.4741847826086957 0.012228260869565218 0.014945652173913044
0 0.11956521739130435 0.44565217391304346 0.007472826086956522 0.007472826086956522
0 0.2554347826086957 0.46875 0.008152173913043478 0.008152173913043478
0 0.4898097826086957 0.4626358695652174 0.015625 0.018342391304347828
0 0.548233695652174 0.4470108695652174 0.007472826086956522 0.008152173913043478
0 0.6270380434782609 0.44972826086956524 0.009510869565217392 0.010190217391304348
0 0.766983695652174 0.5210597826086957 0.01154891304347826 0.012228260869565218
0 0.8770380434782609 0.5027173913043478 0.007472826086956522 0.007472826086956522
0 0.9809782608695652 0.49728260869565216 0.007472826086956522 0.007472826086956522
0 0.02717391304347826 0.4585597826086957 0.012228260869565218 0.010869565217391304
0 0.08016304347826086 0.4470108695652174 0.010190217391304348 0.009510869565217392
0 0.15625 0.43546195652173914 0.010190217391304348 0.009510869565217392
0 0.16779891304347827 0.44157608695652173 0.010190217391304348 0.009510869565217392
0 0.09375 0.45720108695652173 0.012228260869565218 0.010869565217391304
0 0.11141304347826086 0.4585597826086957 0.012228260869565218 0.010869565217391304
0 0.16168478260869565 0.4626358695652174 0.012228260869565218 0.010869565217391304
0 0.18206521739130435 0.46875 0.012228260869565218 0.010869565217391304
0 0.2513586956521739 0.45584239130434784 0.012228260869565218 0.010869565217391304
0 0.25 0.46875 0.012228260869565218 0.010869565217391304
0 0.28940217391304346 0.4388586956521739 0.010190217391304348 0.009510869565217392
0 0.2595108695652174 0.4123641304347826 0.010190217391304348 0.009510869565217392
0 0.26970108695652173 0.40896739130434784 0.010190217391304348 0.009510869565217392
0 0.28328804347826086 0.43342391304347827 0.010190217391304348 0.009510869565217392
0 0.31046195652173914 0.4361413043478261 0.010190217391304348 0.009510869565217392
0 0.3220108695652174 0.4422554347826087 0.010190217391304348 0.009510869565217392
0 0.4076086956521739 0.43546195652173914 0.010190217391304348 0.009510869565217392
0 0.39809782608695654 0.4388586956521739 0.010190217391304348 0.009510869565217392
0 0.4476902173913043 0.43342391304347827 0.010190217391304348 0.009510869565217392
0 0.46127717391304346 0.43410326086956524 0.010190217391304348 0.009510869565217392
0 0.4361413043478261 0.4436141304347826 0.010190217391304348 0.009510869565217392
0 0.44497282608695654 0.4436141304347826 0.010190217391304348 0.009510869565217392
0 0.41372282608695654 0.44565217391304346 0.010190217391304348 0.009510869565217392
0 0.47214673913043476 0.4483695652173913 0.010190217391304348 0.009510869565217392
0 0.5054347826086957 0.436820652173913 0.010190217391304348 0.009510869565217392
0 0.4857336956521739 0.4422554347826087 0.010190217391304348 0.009510869565217392
0 0.5686141304347826 0.46195652173913043 0.010190217391304348 0.009510869565217392
0 0.5835597826086957 0.4422554347826087 0.010190217391304348 0.009510869565217392
0 0.5917119565217391 0.4483695652173913 0.010190217391304348 0.009510869565217392
0 0.6467391304347826 0.45652173913043476 0.010190217391304348 0.009510869565217392
0 0.6148097826086957 0.43342391304347827 0.010190217391304348 0.009510869565217392
0 0.6012228260869565 0.48641304347826086 0.010190217391304348 0.009510869565217392
0 0.6148097826086957 0.5006793478260869 0.010190217391304348 0.009510869565217392
0 0.6813858695652174 0.4436141304347826 0.010190217391304348 0.009510869565217392
0 0.688858695652174 0.4436141304347826 0.010190217391304348 0.009510869565217392
0 0.7126358695652174 0.436820652173913 0.010190217391304348 0.009510869565217392
0 0.7248641304347826 0.4592391304347826 0.010190217391304348 0.009510869565217392
0 0.71875 0.4741847826086957 0.010190217391304348 0.009510869565217392
0 0.6773097826086957 0.43546195652173914 0.010190217391304348 0.009510869565217392
0 0.7574728260869565 0.436820652173913 0.010190217391304348 0.009510869565217392
0 0.7751358695652174 0.43546195652173914 0.010190217391304348 0.009510869565217392
0 0.782608695652174 0.43546195652173914 0.010190217391304348 0.009510869565217392
0 0.7907608695652174 0.44157608695652173 0.010190217391304348 0.009510869565217392
0 0.7887228260869565 0.46195652173913043 0.010190217391304348 0.009510869565217392
0 0.8125 0.45720108695652173 0.010190217391304348 0.009510869565217392
0 0.7907608695652174 0.49184782608695654 0.010190217391304348 0.009510869565217392
0 0.779891304347826 0.4898097826086957 0.010190217391304348 0.009510869565217392
0 0.8960597826086957 0.4626358695652174 0.010190217391304348 0.009510869565217392
0 0.8220108695652174 0.4436141304347826 0.010190217391304348 0.009510869565217392
0 0.8206521739130435 0.436820652173913 0.010190217391304348 0.009510869565217392
0 0.8226902173913043 0.4361413043478261 0.010190217391304348 0.009510869565217392
0 0.828125 0.4361413043478261 0.010190217391304348 0.009510869565217392
0 0.8376358695652174 0.436820652173913 0.010190217391304348 0.009510869565217392
0 0.860733695652174 0.4388586956521739 0.010190217391304348 0.009510869565217392
0 0.8851902173913043 0.436820652173913 0.010190217391304348 0.009510869565217392
0 0.907608695652174 0.436820652173913 0.010190217391304348 0.009510869565217392
0 0.9429347826086957 0.4361413043478261 0.010190217391304348 0.009510869565217392
0 0.9497282608695652 0.43410326086956524 0.010190217391304348 0.009510869565217392
0 0.9565217391304348 0.436820652173913 0.010190217391304348 0.009510869565217392
0 0.984375 0.46127717391304346 0.008152173913043478 0.007472826086956522