0 0.8811141304347826 0.6997282608695652 0.05434782608695652 0.035326086956521736
0 0.47758152173913043 0.7058423913043478 0.044157608695652176 0.042119565217391304
0 0.09442934782608696 0.7228260869565217 0.04008152173913043 0.042119565217391304
0 0.4796195652173913 0.6508152173913043 0.036684782608695655 0.034646739130434784
0 0.20176630434782608 0.7275815217391305 0.044157608695652176 0.035326086956521736
0 0.29483695652173914 0.6569293478260869 0.04076086956521739 0.034646739130434784
0 0.6467391304347826 0.6460597826086957 0.044157608695652176 0.03804347826086957
0 0.7914402173913043 0.6963315217391305 0.050271739130434784 0.034646739130434784
0 0.03328804347826087 0.6114130434782609 0.029211956521739132 0.025815217391304348
0 0.3858695652173913 0.7004076086956522 0.04076086956521739 0.03328804347826087
0 0.3070652173913043 0.7167119565217391 0.04619565217391304 0.03260869565217391
0 0.13179347826086957 0.6671195652173914 0.043478260869565216 0.03328804347826087
0 0.7697010869565217 0.6514945652173914 0.043478260869565216 0.030570652173913044
0 0.6827445652173914 0.6942934782608695 0.04755434782608696 0.03328804347826087
0 0.010869565217391304 0.7139945652173914 0.021739130434782608 0.03192934782608696
0 0.5855978260869565 0.6229619565217391 0.035326086956521736 0.029891304347826088
0 0.5183423913043478 0.626358695652174 0.036684782608695655 0.03192934782608696
0 0.27309782608695654 0.6066576086956522 0.03125 0.02717391304347826
0 0.2235054347826087 0.6616847826086957 0.03872282608695652 0.025135869565217392
0 0.25 0.6148097826086957 0.033967391304347824 0.02717391304347826
0 0.5108695652173914 0.595108695652174 0.03328804347826087 0.024456521739130436
0 0.34578804347826086 0.6154891304347826 0.03328804347826087 0.025135869565217392
0 0.6019021739130435 0.6902173913043478 0.04008152173913043 0.036005434782608696
0 0.16915760869565216 0.625 0.029211956521739132 0.025815217391304348
0 0.436820652173913 0.5944293478260869 0.027853260869565216 0.029211956521739132
0 0.5577445652173914 0.6616847826086957 0.04008152173913043 0.03260869565217391
0 0.04008152173913043 0.6616847826086957 0.03328804347826087 0.03192934782608696
0 0.08084239130434782 0.6243206521739131 0.029211956521739132 0.025135869565217392
0 0.19904891304347827 0.6256793478260869 0.01970108695652174 0.018342391304347828
0 0.36209239130434784 0.5978260869565217 0.030570652173913044 0.025135869565217392
0 0.391304347826087 0.6664402173913043 0.035326086956521736 0.03192934782608696
0 0.0020380434782608695 0.6351902173913043 0.004076086956521739 0.025815217391304348
0 0.16304347826086957 0.5991847826086957 0.028532608695652172 0.021059782608695652