0 0.8899456521739131 0.8355978260869565 0.016983695652173912 0.015625
0 0.9096467391304348 0.826766304347826 0.018342391304347828 0.016983695652173912
0 0.9198369565217391 0.6616847826086957 0.015625 0.012907608695652174
0 0.8974184782608695 0.42527173913043476 0.014266304347826086 0.01154891304347826
0 0.904891304347826 0.5183423913043478 0.019021739130434784 0.015625
0 0.6175271739130435 0.39741847826086957 0.015625 0.01358695652173913
0 0.7588315217391305 0.3797554347826087 0.012228260869565218 0.010869565217391304
0 0.6052989130434783 0.28464673913043476 0.018342391304347828 0.014945652173913044
0 0.9565217391304348 0.6555706521739131 0.019021739130434784 0.012907608695652174
0 0.9823369565217391 0.5726902173913043 0.017663043478260868 0.01154891304347826
0 0.9089673913043478 0.5 0.016983695652173912 0.01154891304347826
0 0.7900815217391305 0.42934782608695654 0.017663043478260868 0.01154891304347826
0 0.6650815217391305 0.6283967391304348 0.019021739130434784 0.012228260869565218
0 0.6440217391304348 0.47622282608695654 0.017663043478260868 0.01154891304347826
0 0.6202445652173914 0.4266304347826087 0.017663043478260868 0.01154891304347826
0 0.5760869565217391 0.406929347826087 0.017663043478260868 0.01154891304347826
0 0.5163043478260869 0.40353260869565216 0.017663043478260868 0.01154891304347826
0 0.5190217391304348 0.453125 0.017663043478260868 0.01154891304347826
0 0.501358695652174 0.46059782608695654 0.016983695652173912 0.01154891304347826
0 0.48777173913043476 0.5047554347826086 0.017663043478260868 0.01154891304347826
0 0.5033967391304348 0.5122282608695652 0.016983695652173912 0.01154891304347826
0 0.47214673913043476 0.6834239130434783 0.01970108695652174 0.012907608695652174
0 0.38858695652173914 0.8009510869565217 0.020380434782608696 0.01358695652173913
0 0.41508152173913043 0.8532608695652174 0.021059782608695652 0.01358695652173913
0 0.15896739130434784 0.7092391304347826 0.01970108695652174 0.012907608695652174
0 0.15760869565217392 0.734375 0.01970108695652174 0.012907608695652174
0 0.7065217391304348 0.37907608695652173 0.017663043478260868 0.01154891304347826
0 0.5339673913043478 0.2982336956521739 0.016983695652173912 0.01154891304347826
0 0.6134510869565217 0.36277173913043476 0.017663043478260868 0.01154891304347826
0 0.6399456521739131 0.36345108695652173 0.017663043478260868 0.01154891304347826
0 0.5461956521739131 0.3186141304347826 0.017663043478260868 0.01154891304347826
0 0.5163043478260869 0.2595108695652174 0.017663043478260868 0.01154891304347826
0 0.483695652173913 0.2595108695652174 0.017663043478260868 0.01154891304347826
0 0.46875 0.23980978260869565 0.016983695652173912 0.01154891304347826
0 0.4076086956521739 0.20448369565217392 0.016983695652173912 0.01154891304347826
0 0.28872282608695654 0.18070652173913043 0.017663043478260868 0.01154891304347826
0 0.26902173913043476 0.18682065217391305 0.017663043478260868 0.01154891304347826
0 0.3335597826086957 0.19361413043478262 0.017663043478260868 0.01154891304347826
0 0.375 0.21263586956521738 0.016983695652173912 0.01154891304347826
0 0.24116847826086957 0.3125 0.017663043478260868 0.01154891304347826
0 0.2452445652173913 0.1956521739130435 0.017663043478260868 0.01154891304347826
0 0.16644021739130435 0.1800271739130435 0.017663043478260868 0.01154891304347826
0 0.15353260869565216 0.20108695652173914 0.017663043478260868 0.01154891304347826
0 0.782608695652174 0.3641304347826087 0.016983695652173912 0.01154891304347826