0 0.059103260869565216 0.3804347826086957 0.02377717391304348 0.025815217391304348
0 0.009510869565217392 0.3797554347826087 0.019021739130434784 0.029891304347826088
0 0.08152173913043478 0.4945652173913043 0.08355978260869565 0.08831521739130435
0 0.01358695652173913 0.47554347826086957 0.02717391304347826 0.07880434782608696
0 0.12703804347826086 0.49660326086956524 0.06997282608695653 0.07472826086956522
0 0.36752717391304346 0.49320652173913043 0.06521739130434782 0.07404891304347826
0 0.5285326086956522 0.4782608695652174 0.059103260869565216 0.057065217391304345
0 0.5448369565217391 0.5258152173913043 0.09850543478260869 0.07744565217391304
0 0.7180706521739131 0.49592391304347827 0.06929347826086957 0.07201086956521739
0 0.8675271739130435 0.48709239130434784 0.057744565217391304 0.05638586956521739
0 0.9273097826086957 0.4796195652173913 0.04891304347826087 0.052309782608695655
0 0.8172554347826086 0.48233695652173914 0.041440217391304345 0.04483695652173913
0 0.9877717391304348 0.4313858695652174 0.01970108695652174 0.024456521739130436
0 0.891983695652174 0.4429347826086957 0.03872282608695652 0.04008152173913043
0 0.8145380434782609 0.4422554347826087 0.024456521739130436 0.02309782608695652
0 0.7819293478260869 0.4313858695652174 0.03192934782608696 0.028532608695652172
0 0.7493206521739131 0.4422554347826087 0.03260869565217391 0.03804347826086957
0 0.7554347826086957 0.4279891304347826 0.021059782608695652 0.02309782608695652
0 0.7289402173913043 0.41983695652173914 0.017663043478260868 0.021059782608695652
0 0.6827445652173914 0.41915760869565216 0.04755434782608696 0.046875
0 0.5808423913043478 0.4313858695652174 0.042119565217391304 0.04008152173913043
0 0.48097826086956524 0.42459239130434784 0.03940217391304348 0.03872282608695652
0 0.4891304347826087 0.4076086956521739 0.027853260869565216 0.030570652173913044
0 0.38383152173913043 0.4476902173913043 0.04755434782608696 0.057065217391304345
0 0.3138586956521739 0.4001358695652174 0.036684782608695655 0.04008152173913043
0 0.26154891304347827 0.4313858695652174 0.044157608695652176 0.052309782608695655
0 0.26766304347826086 0.40896739130434784 0.027853260869565216 0.028532608695652172
0 0.2296195652173913 0.42934782608695654 0.06046195652173913 0.06521739130434782
0 0.20923913043478262 0.4014945652173913 0.026494565217391304 0.029211956521739132
0 0.1800271739130435 0.4361413043478261 0.046875 0.051630434782608696
0 0.18070652173913043 0.39334239130434784 0.019021739130434784 0.022418478260869564
0 0.041440217391304345 0.4279891304347826 0.035326086956521736 0.04823369565217391
0 0.012228260869565218 0.41915760869565216 0.024456521739130436 0.059103260869565216
0 0.029211956521739132 0.3892663043478261 0.028532608695652172 0.024456521739130436
0 0.9898097826086957 0.5061141304347826 0.020380434782608696 0.058423913043478264
0 0.9802989130434783 0.5033967391304348 0.03940217391304348 0.058423913043478264
0 0.9877717391304348 0.46127717391304346 0.024456521739130436 0.03872282608695652
0 0.9952445652173914 0.44633152173913043 0.009510869565217392 0.029891304347826088
0 0.9952445652173914 0.43546195652173914 0.008831521739130434 0.021059782608695652
0 0.9782608695652174 0.4361413043478261 0.025135869565217392 0.021739130434782608
0 0.9823369565217391 0.4483695652173913 0.035326086956521736 0.03125
0 0.967391304347826 0.44021739130434784 0.028532608695652172 0.025135869565217392
0 0.9565217391304348 0.4313858695652174 0.018342391304347828 0.015625
0 0.9368206521739131 0.436820652173913 0.025815217391304348 0.022418478260869564
0 0.9436141304347826 0.44565217391304346 0.03328804347826087 0.029211956521739132
0 0.923233695652174 0.45652173913043476 0.041440217391304345 0.036005434782608696
0 0.8913043478260869 0.43070652173913043 0.01970108695652174 0.017663043478260868
0 0.8790760869565217 0.42391304347826086 0.006793478260869565 0.006114130434782609
0 0.9096467391304348 0.438179347826087 0.02717391304347826 0.02377717391304348
0 0.8586956521739131 0.4483695652173913 0.03736413043478261 0.03260869565217391
0 0.845108695652174 0.4436141304347826 0.03328804347826087 0.029211956521739132
0 0.8322010869565217 0.44089673913043476 0.03192934782608696 0.02717391304347826
0 0.8322010869565217 0.453125 0.04076086956521739 0.034646739130434784
0 0.8158967391304348 0.4266304347826087 0.019021739130434784 0.016983695652173912
0 0.8023097826086957 0.42595108695652173 0.018342391304347828 0.015625
0 0.7792119565217391 0.4205163043478261 0.016983695652173912 0.014945652173913044
0 0.7873641304347826 0.4483695652173913 0.04008152173913043 0.034646739130434784
0 0.7438858695652174 0.4232336956521739 0.019021739130434784 0.016983695652173912
0 0.7377717391304348 0.46603260869565216 0.05434782608695652 0.04755434782608696
0 0.7248641304347826 0.4429347826086957 0.03940217391304348 0.033967391304347824
0 0.7133152173913043 0.421195652173913 0.015625 0.01358695652173913
0 0.7105978260869565 0.4232336956521739 0.019021739130434784 0.016304347826086956
0 0.701766304347826 0.4116847826086957 0.026494565217391304 0.02377717391304348
0 0.6997282608695652 0.4164402173913043 0.028532608695652172 0.025135869565217392
0 0.6841032608695652 0.40964673913043476 0.026494565217391304 0.02377717391304348
0 0.6644021739130435 0.4232336956521739 0.02377717391304348 0.021059782608695652
0 0.6311141304347826 0.40964673913043476 0.008152173913043478 0.006793478260869565
0 0.625 0.4171195652173913 0.022418478260869564 0.01970108695652174
0 0.6005434782608695 0.41032608695652173 0.015625 0.01358695652173913
0 0.6012228260869565 0.42527173913043476 0.033967391304347824 0.029211956521739132
0 0.576766304347826 0.40964673913043476 0.014945652173913044 0.012907608695652174
0 0.5563858695652174 0.4164402173913043 0.02717391304347826 0.02377717391304348
0 0.5414402173913043 0.41440217391304346 0.025135869565217392 0.022418478260869564
0 0.5122282608695652 0.4429347826086957 0.04755434782608696 0.041440217391304345
0 0.5 0.406929347826087 0.014945652173913044 0.012907608695652174
0 0.5101902173913043 0.406929347826087 0.014266304347826086 0.012907608695652174
0 0.5230978260869565 0.406929347826087 0.014945652173913044 0.012907608695652174
0 0.5217391304347826 0.4171195652173913 0.027853260869565216 0.024456521739130436
0 0.4592391304347826 0.4048913043478261 0.017663043478260868 0.014945652173913044
0 0.44633152173913043 0.4157608695652174 0.034646739130434784 0.029891304347826088
0 0.44089673913043476 0.40625 0.02717391304347826 0.02377717391304348
0 0.41983695652173914 0.405570652173913 0.026494565217391304 0.02377717391304348
0 0.3967391304347826 0.4008152173913043 0.025135869565217392 0.022418478260869564
0 0.37907608695652173 0.4048913043478261 0.029891304347826088 0.025815217391304348
0 0.4076086956521739 0.42866847826086957 0.043478260869565216 0.03736413043478261
0 0.3539402173913043 0.4273097826086957 0.04483695652173913 0.03940217391304348
0 0.3539402173913043 0.405570652173913 0.030570652173913044 0.026494565217391304
0 0.33016304347826086 0.4008152173913043 0.027853260869565216 0.024456521739130436
0 0.28328804347826086 0.4008152173913043 0.02717391304347826 0.02377717391304348
0 0.313179347826087 0.44157608695652173 0.05434782608695652 0.046875
0 0.250679347826087 0.39470108695652173 0.01970108695652174 0.016983695652173912
0 0.24660326086956522 0.4076086956521739 0.03328804347826087 0.029211956521739132
0 0.19429347826086957 0.38790760869565216 0.021739130434782608 0.019021739130434784
0 0.15760869565217392 0.39402173913043476 0.017663043478260868 0.015625
0 0.16032608695652173 0.38790760869565216 0.0020380434782608695 0.001358695652173913
0 0.13179347826086957 0.391304347826087 0.010869565217391304 0.009510869565217392
0 0.12364130434782608 0.38790760869565216 0.017663043478260868 0.015625
0 0.10733695652173914 0.38858695652173914 0.02309782608695652 0.01970108695652174
0 0.08763586956521739 0.3858695652173913 0.004076086956521739 0.0033967391304347825
0 0.11141304347826086 0.40625 0.035326086956521736 0.030570652173913044
0 0.07201086956521739 0.3892663043478261 0.016304347826086956 0.014266304347826086
0 0.08899456521739131 0.421195652173913 0.04891304347826087 0.042119565217391304
0 0.06453804347826086 0.4110054347826087 0.044157608695652176 0.03804347826086957
0 0.005434782608695652 0.3953804347826087 0.010869565217391304 0.028532608695652172