0 0.050951086956521736 0.4789402173913043 0.04483695652173913 0.04076086956521739
0 0.0033967391304347825 0.29415760869565216 0.006793478260869565 0.017663043478260868
0 0.19157608695652173 0.19429347826086957 0.01154891304347826 0.010190217391304348
0 0.15896739130434784 0.22078804347826086 0.012907608695652174 0.012907608695652174
0 0.10054347826086957 0.26290760869565216 0.012907608695652174 0.016304347826086956
0 0.15760869565217392 0.25815217391304346 0.019021739130434784 0.018342391304347828
0 0.1671195652173913 0.27377717391304346 0.017663043478260868 0.018342391304347828
0 0.27309782608695654 0.19769021739130435 0.010190217391304348 0.009510869565217392
0 0.29483695652173914 0.18546195652173914 0.009510869565217392 0.009510869565217392
0 0.297554347826087 0.25815217391304346 0.014945652173913044 0.016983695652173912
0 0.17391304347826086 0.5557065217391305 0.029211956521739132 0.04551630434782609
0 0.5563858695652174 0.390625 0.02717391304347826 0.03328804347826087
0 0.3648097826086957 0.24660326086956522 0.016983695652173912 0.020380434782608696
0 0.3851902173913043 0.2561141304347826 0.014945652173913044 0.016304347826086956
0 0.4327445652173913 0.22894021739130435 0.012228260869565218 0.012907608695652174
0 0.46059782608695654 0.23029891304347827 0.01154891304347826 0.012907608695652174
0 0.5230978260869565 0.27445652173913043 0.012907608695652174 0.014945652173913044
0 0.5197010869565217 0.2425271739130435 0.012907608695652174 0.012907608695652174
0 0.328804347826087 0.2235054347826087 0.012907608695652174 0.014266304347826086
0 0.3960597826086957 0.1956521739130435 0.010869565217391304 0.010869565217391304
0 0.5550271739130435 0.20040760869565216 0.009510869565217392 0.010190217391304348
0 0.5679347826086957 0.20040760869565216 0.012907608695652174 0.012907608695652174
0 0.6052989130434783 0.20448369565217392 0.010190217391304348 0.010190217391304348
0 0.5917119565217391 0.22826086956521738 0.012228260869565218 0.01358695652173913
0 0.625 0.2139945652173913 0.010190217391304348 0.012228260869565218
0 0.6881793478260869 0.20108695652173914 0.01154891304347826 0.010190217391304348
0 0.7241847826086957 0.24660326086956522 0.012228260869565218 0.016983695652173912
0 0.7948369565217391 0.22078804347826086 0.010190217391304348 0.010869565217391304
0 0.8172554347826086 0.21942934782608695 0.009510869565217392 0.010190217391304348
0 0.8158967391304348 0.22758152173913043 0.010869565217391304 0.010869565217391304
0 0.6542119565217391 0.26902173913043476 0.014266304347826086 0.015625
0 0.6331521739130435 0.1956521739130435 0.010869565217391304 0.010190217391304348
0 0.6630434782608695 0.30978260869565216 0.021059782608695652 0.025815217391304348
0 0.6052989130434783 0.27921195652173914 0.017663043478260868 0.017663043478260868
0 0.5801630434782609 0.328804347826087 0.01970108695652174 0.01970108695652174
0 0.7105978260869565 0.3423913043478261 0.028532608695652172 0.028532608695652172
0 0.7520380434782609 0.3172554347826087 0.024456521739130436 0.025135869565217392
0 0.7663043478260869 0.3063858695652174 0.015625 0.018342391304347828
0 0.6569293478260869 0.41440217391304346 0.025135869565217392 0.03192934782608696
0 0.5985054347826086 0.7649456521739131 0.07880434782608696 0.06385869565217392
0 0.8464673913043478 0.4110054347826087 0.08627717391304347 0.12160326086956522
0 0.7703804347826086 0.4008152173913043 0.034646739130434784 0.03804347826086957
0 0.8668478260869565 0.1956521739130435 0.010869565217391304 0.010190217391304348
0 0.042119565217391304 0.7167119565217391 0.07201086956521739 0.05366847826086957
0 0.042119565217391304 0.5658967391304348 0.050271739130434784 0.03736413043478261
0 0.01970108695652174 0.5176630434782609 0.03940217391304348 0.035326086956521736
0 0.014945652173913044 0.43342391304347827 0.029891304347826088 0.027853260869565216
0 0.059103260869565216 0.405570652173913 0.03804347826086957 0.028532608695652172
0 0.021739130434782608 0.3498641304347826 0.024456521739130436 0.018342391304347828
0 0.007472826086956522 0.34375 0.014945652173913044 0.018342391304347828
0 0.019021739130434784 0.234375 0.014945652173913044 0.01154891304347826
0 0.004755434782608696 0.22010869565217392 0.009510869565217392 0.010869565217391304
0 0.04008152173913043 0.2269021739130435 0.014266304347826086 0.010190217391304348
0 0.051630434782608696 0.21467391304347827 0.01358695652173913 0.010190217391304348
0 0.03192934782608696 0.1956521739130435 0.012228260869565218 0.009510869565217392
0 0.025135869565217392 0.16847826086956522 0.012228260869565218 0.009510869565217392
0 0.016304347826086956 0.16644021739130435 0.012228260869565218 0.009510869565217392
0 0.002717391304347826 0.1671195652173913 0.004755434782608696 0.008831521739130434
0 0.006793478260869565 0.1637228260869565 0.012228260869565218 0.008831521739130434
0 0.03736413043478261 0.17255434782608695 0.012228260869565218 0.009510869565217392
0 0.05502717391304348 0.16304347826086957 0.010869565217391304 0.008152173913043478
0 0.06725543478260869 0.17391304347826086 0.010190217391304348 0.007472826086956522
0 0.04891304347826087 0.16508152173913043 0.012228260869565218 0.009510869565217392
0 0.11005434782608696 0.16983695652173914 0.008152173913043478 0.005434782608695652
0 0.11548913043478261 0.1610054347826087 0.005434782608695652 0.004076086956521739
0 0.08559782608695653 0.16168478260869565 0.009510869565217392 0.006793478260869565
0 0.10801630434782608 0.19633152173913043 0.012228260869565218 0.008831521739130434
0 0.12635869565217392 0.19089673913043478 0.01154891304347826 0.008831521739130434
0 0.13179347826086957 0.19972826086956522 0.012228260869565218 0.009510869565217392
0 0.14402173913043478 0.19904891304347827 0.012228260869565218 0.009510869565217392
0 0.14130434782608695 0.18206521739130435 0.008831521739130434 0.006793478260869565
0 0.13790760869565216 0.16847826086956522 0.006793478260869565 0.004755434782608696
0 0.14470108695652173 0.16644021739130435 0.006114130434782609 0.004755434782608696
0 0.15217391304347827 0.17527173913043478 0.008152173913043478 0.006114130434782609
0 0.1637228260869565 0.17119565217391305 0.006793478260869565 0.005434782608695652
0 0.16032608695652173 0.18817934782608695 0.010190217391304348 0.007472826086956522
0 0.18070652173913043 0.17255434782608695 0.006793478260869565 0.005434782608695652
0 0.18206521739130435 0.16508152173913043 0.005434782608695652 0.0033967391304347825
0 0.19972826086956522 0.1800271739130435 0.008831521739130434 0.006114130434782609
0 0.18682065217391305 0.18342391304347827 0.009510869565217392 0.007472826086956522
0 0.17391304347826086 0.19293478260869565 0.010869565217391304 0.008831521739130434
0 0.17119565217391305 0.22214673913043478 0.015625 0.010869565217391304
0 0.1514945652173913 0.2105978260869565 0.014266304347826086 0.010190217391304348
0 0.1487771739130435 0.20516304347826086 0.012907608695652174 0.009510869565217392
0 0.15081521739130435 0.22554347826086957 0.015625 0.012228260869565218
0 0.14605978260869565 0.2296195652173913 0.015625 0.012228260869565218
0 0.11141304347826086 0.23505434782608695 0.016983695652173912 0.012907608695652174
0 0.11073369565217392 0.22010869565217392 0.014945652173913044 0.010869565217391304
0 0.08423913043478261 0.22758152173913043 0.015625 0.012228260869565218
0 0.12092391304347826 0.2561141304347826 0.017663043478260868 0.01358695652173913
0 0.09442934782608696 0.27309782608695654 0.01970108695652174 0.014945652173913044
0 0.13790760869565216 0.27309782608695654 0.01970108695652174 0.014266304347826086
0 0.18070652173913043 0.24048913043478262 0.017663043478260868 0.012907608695652174
0 0.17255434782608695 0.23301630434782608 0.016304347826086956 0.012228260869565218
0 0.18885869565217392 0.22486413043478262 0.015625 0.01154891304347826
0 0.22418478260869565 0.234375 0.016983695652173912 0.012907608695652174
0 0.234375 0.23097826086956522 0.016304347826086956 0.012228260869565218
0 0.2112771739130435 0.234375 0.016304347826086956 0.012228260869565218
0 0.22826086956521738 0.17527173913043478 0.007472826086956522 0.005434782608695652
0 0.24116847826086957 0.17119565217391305 0.006114130434782609 0.004755434782608696
0 0.23233695652173914 0.16847826086956522 0.005434782608695652 0.004076086956521739
0 0.2554347826086957 0.18070652173913043 0.008152173913043478 0.006793478260869565
0 0.27377717391304346 0.17459239130434784 0.007472826086956522 0.005434782608695652
0 0.27853260869565216 0.18410326086956522 0.010190217391304348 0.007472826086956522
0 0.2561141304347826 0.1956521739130435 0.01154891304347826 0.008831521739130434
0 0.28464673913043476 0.20380434782608695 0.01358695652173913 0.009510869565217392
0 0.264945652173913 0.21195652173913043 0.014266304347826086 0.010869565217391304
0 0.30570652173913043 0.19089673913043478 0.01154891304347826 0.008152173913043478
0 0.31521739130434784 0.19633152173913043 0.012228260869565218 0.009510869565217392
0 0.31929347826086957 0.18546195652173914 0.010190217391304348 0.007472826086956522
0 0.28804347826086957 0.24116847826086957 0.017663043478260868 0.012907608695652174
0 0.2907608695652174 0.265625 0.020380434782608696 0.014945652173913044
0 0.27377717391304346 0.26222826086956524 0.020380434782608696 0.014945652173913044
0 0.31046195652173914 0.24388586956521738 0.017663043478260868 0.012907608695652174
0 0.21467391304347827 0.2764945652173913 0.020380434782608696 0.014945652173913044
0 0.2554347826086957 0.28125 0.022418478260869564 0.016983695652173912
0 0.2717391304347826 0.31453804347826086 0.025135869565217392 0.018342391304347828
0 0.30502717391304346 0.29959239130434784 0.02309782608695652 0.016983695652173912
0 0.25815217391304346 0.34171195652173914 0.025135869565217392 0.019021739130434784
0 0.30434782608695654 0.35190217391304346 0.027853260869565216 0.021059782608695652
0 0.26290760869565216 0.37092391304347827 0.02717391304347826 0.021059782608695652
0 0.20108695652173914 0.375 0.035326086956521736 0.026494565217391304
0 0.21535326086956522 0.343070652173913 0.02717391304347826 0.020380434782608696
0 0.140625 0.3294836956521739 0.02309782608695652 0.017663043478260868
0 0.057065217391304345 0.28804347826086957 0.020380434782608696 0.014945652173913044
0 0.08763586956521739 0.34171195652173914 0.02377717391304348 0.017663043478260868
0 0.15285326086956522 0.4116847826086957 0.035326086956521736 0.026494565217391304
0 0.13654891304347827 0.47146739130434784 0.04076086956521739 0.029891304347826088
0 0.23505434782608695 0.4782608695652174 0.041440217391304345 0.030570652173913044
0 0.23709239130434784 0.43478260869565216 0.03872282608695652 0.029211956521739132
0 0.3077445652173913 0.42527173913043476 0.03804347826086957 0.028532608695652172
0 0.32472826086956524 0.390625 0.034646739130434784 0.025815217391304348
0 0.09714673913043478 0.6399456521739131 0.05570652173913043 0.041440217391304345
0 0.19293478260869565 0.6433423913043478 0.06521739130434782 0.04891304347826087
0 0.15557065217391305 0.7377717391304348 0.07336956521739131 0.05434782608695652
0 0.16847826086956522 0.8301630434782609 0.08288043478260869 0.06114130434782609
0 0.35597826086956524 0.405570652173913 0.03260869565217391 0.024456521739130436
0 0.4748641304347826 0.40828804347826086 0.03260869565217391 0.025135869565217392
0 0.5020380434782609 0.43342391304347827 0.036005434782608696 0.02717391304347826
0 0.5434782608695652 0.4436141304347826 0.04008152173913043 0.029891304347826088
0 0.5577445652173914 0.41372282608695654 0.034646739130434784 0.025815217391304348
0 0.5224184782608695 0.3451086956521739 0.028532608695652172 0.021059782608695652
0 0.4279891304347826 0.32065217391304346 0.10190217391304347 0.11005434782608696
0 0.34103260869565216 0.358695652173913 0.025135869565217392 0.018342391304347828
0 0.344429347826087 0.28125 0.021059782608695652 0.016304347826086956
0 0.3376358695652174 0.25747282608695654 0.01970108695652174 0.014266304347826086
0 0.4001358695652174 0.25 0.017663043478260868 0.01358695652173913
0 0.39809782608695654 0.23641304347826086 0.016304347826086956 0.012228260869565218
0 0.40964673913043476 0.23573369565217392 0.015625 0.012228260869565218
0 0.4164402173913043 0.2513586956521739 0.016304347826086956 0.012907608695652174
0 0.46603260869565216 0.25203804347826086 0.016304347826086956 0.012907608695652174
0 0.4898097826086957 0.25815217391304346 0.015625 0.012228260869565218
0 0.5441576086956522 0.2764945652173913 0.017663043478260868 0.01358695652173913
0 0.546875 0.26154891304347827 0.016304347826086956 0.012907608695652174
0 0.5101902173913043 0.22282608695652173 0.014266304347826086 0.010190217391304348
0 0.4904891304347826 0.22146739130434784 0.014266304347826086 0.010190217391304348
0 0.30842391304347827 0.26834239130434784 0.01970108695652174 0.014945652173913044
0 0.358695652173913 0.23573369565217392 0.016983695652173912 0.012228260869565218
0 0.3376358695652174 0.19904891304347827 0.012228260869565218 0.008831521739130434
0 0.3267663043478261 0.19157608695652173 0.010869565217391304 0.008152173913043478
0 0.32404891304347827 0.20040760869565216 0.012228260869565218 0.009510869565217392
0 0.3294836956521739 0.18410326086956522 0.009510869565217392 0.007472826086956522
0 0.3335597826086957 0.18614130434782608 0.010190217391304348 0.007472826086956522
0 0.359375 0.1766304347826087 0.007472826086956522 0.005434782608695652
0 0.3607336956521739 0.18614130434782608 0.010190217391304348 0.006793478260869565
0 0.36277173913043476 0.19972826086956522 0.012228260869565218 0.008831521739130434
0 0.3546195652173913 0.1922554347826087 0.010869565217391304 0.008152173913043478
0 0.37228260869565216 0.18885869565217392 0.010190217391304348 0.007472826086956522
0 0.37092391304347827 0.17866847826086957 0.008152173913043478 0.006114130434782609
0 0.36209239130434784 0.21467391304347827 0.014266304347826086 0.010869565217391304
0 0.3953804347826087 0.17798913043478262 0.007472826086956522 0.006114130434782609
0 0.405570652173913 0.18953804347826086 0.010190217391304348 0.007472826086956522
0 0.40625 0.19904891304347827 0.012228260869565218 0.009510869565217392
0 0.421195652173913 0.18682065217391305 0.010190217391304348 0.007472826086956522
0 0.42391304347826086 0.1793478260869565 0.008152173913043478 0.006793478260869565
0 0.3960597826086957 0.17051630434782608 0.006114130434782609 0.004755434782608696
0 0.44429347826086957 0.18817934782608695 0.009510869565217392 0.006793478260869565
0 0.4578804347826087 0.19633152173913043 0.01154891304347826 0.008831521739130434
0 0.45720108695652173 0.1827445652173913 0.010190217391304348 0.007472826086956522
0 0.4639945652173913 0.17730978260869565 0.008831521739130434 0.006793478260869565
0 0.47146739130434784 0.19361413043478262 0.012228260869565218 0.009510869565217392
0 0.48097826086956524 0.18953804347826086 0.012228260869565218 0.009510869565217392
0 0.47554347826086957 0.18070652173913043 0.012228260869565218 0.008831521739130434
0 0.48641304347826086 0.18410326086956522 0.012228260869565218 0.008831521739130434
0 0.5 0.1922554347826087 0.012228260869565218 0.009510869565217392
0 0.4748641304347826 0.21331521739130435 0.01358695652173913 0.010190217391304348
0 0.5129076086956522 0.20652173913043478 0.012907608695652174 0.009510869565217392
0 0.5332880434782609 0.20380434782608695 0.012228260869565218 0.009510869565217392
0 0.5407608695652174 0.21467391304347827 0.01358695652173913 0.010190217391304348
0 0.5373641304347826 0.1875 0.012228260869565218 0.008831521739130434
0 0.545516304347826 0.20108695652173914 0.012228260869565218 0.009510869565217392
0 0.5625 0.18546195652173914 0.012228260869565218 0.008831521739130434
0 0.5421195652173914 0.17527173913043478 0.01154891304347826 0.008152173913043478
0 0.514266304347826 0.1766304347826087 0.010869565217391304 0.008831521739130434
0 0.6168478260869565 0.17459239130434784 0.010869565217391304 0.008152173913043478
0 0.5760869565217391 0.18614130434782608 0.012228260869565218 0.008831521739130434
0 0.5903532608695652 0.20448369565217392 0.012907608695652174 0.009510869565217392
0 0.5944293478260869 0.2139945652173913 0.012907608695652174 0.009510869565217392
0 0.5822010869565217 0.19293478260869565 0.012228260869565218 0.008831521739130434
0 0.6100543478260869 0.19429347826086957 0.012228260869565218 0.008831521739130434
0 0.5971467391304348 0.18817934782608695 0.012228260869565218 0.008831521739130434
0 0.6114130434782609 0.21535326086956522 0.01358695652173913 0.010190217391304348
0 0.6188858695652174 0.23301630434782608 0.015625 0.01154891304347826
0 0.6365489130434783 0.20855978260869565 0.012907608695652174 0.009510869565217392
0 0.6351902173913043 0.18682065217391305 0.01154891304347826 0.008831521739130434
0 0.6630434782608695 0.19429347826086957 0.012228260869565218 0.009510869565217392
0 0.6752717391304348 0.1800271739130435 0.010869565217391304 0.007472826086956522
0 0.6684782608695652 0.1793478260869565 0.010869565217391304 0.007472826086956522
0 0.6983695652173914 0.1875 0.010190217391304348 0.008152173913043478
0 0.7269021739130435 0.18478260869565216 0.010190217391304348 0.007472826086956522
0 0.7255434782608695 0.1956521739130435 0.010869565217391304 0.008152173913043478
0 0.701766304347826 0.1949728260869565 0.010869565217391304 0.008152173913043478
0 0.6868206521739131 0.21535326086956522 0.012907608695652174 0.009510869565217392
0 0.7105978260869565 0.22282608695652173 0.014266304347826086 0.010190217391304348
0 0.671875 0.22418478260869565 0.014266304347826086 0.010869565217391304
0 0.6745923913043478 0.234375 0.015625 0.01154891304347826
0 0.6854619565217391 0.24320652173913043 0.015625 0.012228260869565218
0 0.7241847826086957 0.23369565217391305 0.014266304347826086 0.010190217391304348
0 0.734375 0.22078804347826086 0.012907608695652174 0.009510869565217392
0 0.7316576086956522 0.20991847826086957 0.012228260869565218 0.009510869565217392
0 0.7527173913043478 0.21467391304347827 0.012228260869565218 0.009510869565217392
0 0.7533967391304348 0.20448369565217392 0.012228260869565218 0.008831521739130434
0 0.7615489130434783 0.20923913043478262 0.012228260869565218 0.009510869565217392
0 0.7629076086956522 0.19972826086956522 0.01154891304347826 0.008831521739130434
0 0.7758152173913043 0.19157608695652173 0.010869565217391304 0.008152173913043478
0 0.78125 0.19904891304347827 0.01154891304347826 0.008831521739130434
0 0.8009510869565217 0.18817934782608695 0.010190217391304348 0.007472826086956522
0 0.811141304347826 0.19293478260869565 0.010869565217391304 0.007472826086956522
0 0.8036684782608695 0.19701086956521738 0.010869565217391304 0.008152173913043478
0 0.8158967391304348 0.20584239130434784 0.010190217391304348 0.007472826086956522
0 0.8016304347826086 0.24456521739130435 0.016983695652173912 0.012228260869565218
0 0.6195652173913043 0.25747282608695654 0.019021739130434784 0.014266304347826086
0 0.6222826086956522 0.19972826086956522 0.012228260869565218 0.009510869565217392
0 0.701766304347826 0.29008152173913043 0.02309782608695652 0.016983695652173912
0 0.6841032608695652 0.27377717391304346 0.021059782608695652 0.015625
0 0.6929347826086957 0.2601902173913043 0.019021739130434784 0.014266304347826086
0 0.71875 0.266304347826087 0.01970108695652174 0.014945652173913044
0 0.6589673913043478 0.33016304347826086 0.02717391304347826 0.020380434782608696
0 0.576766304347826 0.2669836956521739 0.017663043478260868 0.012907608695652174
0 0.595108695652174 0.33559782608695654 0.02717391304347826 0.020380434782608696
0 0.5509510869565217 0.33491847826086957 0.02717391304347826 0.020380434782608696
0 0.6168478260869565 0.38858695652173914 0.03260869565217391 0.024456521739130436
0 0.7934782608695652 0.30027173913043476 0.025135869565217392 0.018342391304347828
0 0.7995923913043478 0.2914402173913043 0.02377717391304348 0.017663043478260868
0 0.798233695652174 0.28396739130434784 0.02309782608695652 0.016983695652173912
0 0.7194293478260869 0.4076086956521739 0.06861413043478261 0.050951086956521736
0 0.7214673913043478 0.42866847826086957 0.07540760869565218 0.05638586956521739
0 0.639266304347826 0.43953804347826086 0.07948369565217392 0.059782608695652176
0 0.6311141304347826 0.453125 0.08491847826086957 0.06317934782608696
0 0.8485054347826086 0.2907608695652174 0.02377717391304348 0.017663043478260868
0 0.8349184782608695 0.2758152173913043 0.021739130434782608 0.016304347826086956
0 0.8824728260869565 0.27853260869565216 0.022418478260869564 0.016983695652173912
0 0.8872282608695652 0.24660326086956522 0.016983695652173912 0.012907608695652174
0 0.8226902173913043 0.24796195652173914 0.016983695652173912 0.012907608695652174
0 0.8403532608695652 0.23777173913043478 0.015625 0.012228260869565218
0 0.860733695652174 0.22894021739130435 0.014266304347826086 0.010869565217391304
0 0.876358695652174 0.22826086956521738 0.014266304347826086 0.010190217391304348
0 0.8851902173913043 0.21331521739130435 0.01154891304347826 0.008831521739130434
0 0.8845108695652174 0.2235054347826087 0.01358695652173913 0.010190217391304348
0 0.8573369565217391 0.203125 0.009510869565217392 0.007472826086956522
0 0.8620923913043478 0.18614130434782608 0.004076086956521739 0.002717391304347826
0 0.829483695652174 0.19904891304347827 0.008152173913043478 0.006114130434782609
0 0.828125 0.20855978260869565 0.010869565217391304 0.008152173913043478
0 0.8254076086956522 0.1949728260869565 0.007472826086956522 0.005434782608695652
0 0.8790760869565217 0.203125 0.009510869565217392 0.006793478260869565