0 0.6582880434782609 0.764266304347826 0.050951086956521736 0.04755434782608696
0 0.28940217391304346 0.6596467391304348 0.04823369565217391 0.043478260869565216
0 0.01970108695652174 0.5726902173913043 0.03804347826086957 0.033967391304347824
0 0.08627717391304347 0.4673913043478261 0.034646739130434784 0.03328804347826087
0 0.41032608695652173 0.6202445652173914 0.04551630434782609 0.03736413043478261
0 0.9177989130434783 0.5876358695652174 0.036684782608695655 0.036684782608695655
0 0.5822010869565217 0.4422554347826087 0.027853260869565216 0.029891304347826088
0 0.5387228260869565 0.38654891304347827 0.03192934782608696 0.028532608695652172
0 0.5427989130434783 0.36616847826086957 0.02377717391304348 0.021739130434782608
0 0.5033967391304348 0.30910326086956524 0.017663043478260868 0.020380434782608696
0 0.4585597826086957 0.264945652173913 0.016983695652173912 0.020380434782608696
0 0.5067934782608695 0.21535326086956522 0.018342391304347828 0.017663043478260868
0 0.3498641304347826 0.30095108695652173 0.018342391304347828 0.020380434782608696
0 0.3267663043478261 0.34646739130434784 0.02377717391304348 0.024456521739130436
0 0.6807065217391305 0.32065217391304346 0.025135869565217392 0.024456521739130436
0 0.6657608695652174 0.30366847826086957 0.020380434782608696 0.020380434782608696
0 0.7479619565217391 0.297554347826087 0.020380434782608696 0.020380434782608696
0 0.7099184782608695 0.23845108695652173 0.019021739130434784 0.01970108695652174
0 0.858016304347826 0.375679347826087 0.02377717391304348 0.024456521739130436
0 0.9279891304347826 0.28328804347826086 0.022418478260869564 0.020380434782608696
0 0.9911684782608695 0.17730978260869565 0.012907608695652174 0.012228260869565218
0 0.9694293478260869 0.1324728260869565 0.008831521739130434 0.009510869565217392
0 0.9646739130434783 0.15896739130434784 0.010869565217391304 0.01154891304347826
0 0.6195652173913043 0.1766304347826087 0.012907608695652174 0.016304347826086956
0 0.734375 0.15828804347826086 0.012228260869565218 0.01358695652173913
0 0.717391304347826 0.125 0.012907608695652174 0.012228260869565218
0 0.671875 0.15625 0.010869565217391304 0.014945652173913044
0 0.766983695652174 0.13654891304347827 0.014945652173913044 0.014945652173913044
0 0.7819293478260869 0.12703804347826086 0.01154891304347826 0.01154891304347826
0 0.9225543478260869 0.20176630434782608 0.012907608695652174 0.014945652173913044
0 0.951766304347826 0.20108695652173914 0.014266304347826086 0.014945652173913044
0 0.9707880434782609 0.20720108695652173 0.014945652173913044 0.016304347826086956
0 0.9694293478260869 0.1956521739130435 0.016304347826086956 0.014945652173913044
0 0.9442934782608695 0.17730978260869565 0.01154891304347826 0.014945652173913044
0 0.8614130434782609 0.1671195652173913 0.014266304347826086 0.014266304347826086
0 0.8417119565217391 0.13858695652173914 0.012907608695652174 0.01358695652173913
0 0.938858695652174 0.15625 0.012907608695652174 0.01358695652173913
0 0.9490489130434783 0.12364130434782608 0.010869565217391304 0.012907608695652174
0 0.8980978260869565 0.13043478260869565 0.010869565217391304 0.01154891304347826
0 0.8383152173913043 0.11820652173913043 0.010869565217391304 0.010869565217391304
0 0.9565217391304348 0.078125 0.009510869565217392 0.010869565217391304
0 0.9320652173913043 0.07744565217391304 0.010190217391304348 0.01154891304347826
0 0.9225543478260869 0.09850543478260869 0.008831521739130434 0.010190217391304348
0 0.8960597826086957 0.08559782608695653 0.008831521739130434 0.010190217391304348
0 0.8804347826086957 0.09918478260869565 0.008152173913043478 0.009510869565217392
0 0.8648097826086957 0.08695652173913043 0.007472826086956522 0.009510869565217392
0 0.8457880434782609 0.09850543478260869 0.010190217391304348 0.012228260869565218
0 0.828125 0.09375 0.009510869565217392 0.010190217391304348
0 0.8145380434782609 0.08695652173913043 0.008152173913043478 0.008152173913043478
0 0.8043478260869565 0.08763586956521739 0.006793478260869565 0.006793478260869565
0 0.8260869565217391 0.10733695652173914 0.010190217391304348 0.010190217391304348
0 0.595108695652174 0.9877717391304348 0.06929347826086957 0.024456521739130436
0 0.6528532608695652 0.8301630434782609 0.06182065217391304 0.04619565217391304
0 0.391304347826087 0.7289402173913043 0.05434782608695652 0.04076086956521739
0 0.3172554347826087 0.7051630434782609 0.05298913043478261 0.04008152173913043
0 0.02377717391304348 0.6569293478260869 0.046875 0.03736413043478261
0 0.11956521739130435 0.5461956521739131 0.042798913043478264 0.03260869565217391
0 0.22826086956521738 0.453804347826087 0.036684782608695655 0.027853260869565216
0 0.28804347826086957 0.43478260869565216 0.035326086956521736 0.026494565217391304
0 0.4110054347826087 0.47690217391304346 0.03872282608695652 0.029211956521739132
0 0.48097826086956524 0.5176630434782609 0.041440217391304345 0.03125
0 0.7927989130434783 0.4585597826086957 0.034646739130434784 0.025815217391304348
0 0.6929347826086957 0.44429347826086957 0.033967391304347824 0.025135869565217392
0 0.26970108695652173 0.37839673913043476 0.03125 0.02309782608695652
0 0.375679347826087 0.36684782608695654 0.029211956521739132 0.021739130434782608
0 0.40964673913043476 0.40353260869565216 0.03125 0.02309782608695652
0 0.4116847826086957 0.438179347826087 0.034646739130434784 0.025815217391304348
0 0.468070652173913 0.31589673913043476 0.025135869565217392 0.019021739130434784
0 0.49592391304347827 0.24728260869565216 0.020380434782608696 0.015625
0 0.48233695652173914 0.24048913043478262 0.020380434782608696 0.015625
0 0.5842391304347826 0.23777173913043478 0.021059782608695652 0.015625
0 0.5855978260869565 0.28940217391304346 0.024456521739130436 0.018342391304347828
0 0.5889945652173914 0.3226902173913043 0.026494565217391304 0.01970108695652174
0 0.609375 0.33220108695652173 0.026494565217391304 0.020380434782608696
0 0.4076086956521739 0.33695652173913043 0.026494565217391304 0.020380434782608696
0 0.3607336956521739 0.3226902173913043 0.025815217391304348 0.01970108695652174
0 0.8206521739130435 0.3111413043478261 0.025135869565217392 0.019021739130434784
0 0.8009510869565217 0.27309782608695654 0.02309782608695652 0.016983695652173912
0 0.6759510869565217 0.2601902173913043 0.022418478260869564 0.016983695652173912
0 0.608016304347826 0.21739130434782608 0.01970108695652174 0.014945652173913044
0 0.798233695652174 0.41032608695652173 0.03260869565217391 0.024456521739130436
0 0.7832880434782609 0.389945652173913 0.03125 0.02309782608695652
0 0.8702445652173914 0.27921195652173914 0.022418478260869564 0.016983695652173912
0 0.8668478260869565 0.2554347826086957 0.021739130434782608 0.015625
0 0.9341032608695652 0.24932065217391305 0.021739130434782608 0.016304347826086956
0 0.936141304347826 0.23165760869565216 0.020380434782608696 0.014945652173913044
0 0.936141304347826 0.32065217391304346 0.025135869565217392 0.019021739130434784
0 0.9823369565217391 0.09782608695652174 0.01154891304347826 0.008831521739130434
0 0.5726902173913043 0.19972826086956522 0.017663043478260868 0.01358695652173913
0 0.6480978260869565 0.20108695652173914 0.019021739130434784 0.014266304347826086
0 0.6745923913043478 0.17323369565217392 0.017663043478260868 0.012907608695652174
0 0.7235054347826086 0.17255434782608695 0.017663043478260868 0.012907608695652174
0 0.7241847826086957 0.1637228260869565 0.016983695652173912 0.012228260869565218
0 0.717391304347826 0.1358695652173913 0.014266304347826086 0.010869565217391304
0 0.7805706521739131 0.14470108695652173 0.014945652173913044 0.01154891304347826
0 0.7710597826086957 0.12907608695652173 0.01358695652173913 0.010869565217391304
0 0.9103260869565217 0.19293478260869565 0.016304347826086956 0.012907608695652174
0 0.8797554347826086 0.1637228260869565 0.014945652173913044 0.01154891304347826
0 0.8539402173913043 0.15692934782608695 0.015625 0.01154891304347826
0 0.876358695652174 0.14605978260869565 0.014266304347826086 0.010869565217391304
0 0.858016304347826 0.13858695652173914 0.014266304347826086 0.010869565217391304
0 0.8315217391304348 0.13654891304347827 0.014945652173913044 0.010869565217391304
0 0.9334239130434783 0.14334239130434784 0.012907608695652174 0.010190217391304348
0 0.9320652173913043 0.13654891304347827 0.012907608695652174 0.009510869565217392
0 0.9565217391304348 0.11752717391304347 0.012228260869565218 0.009510869565217392
0 0.9565217391304348 0.11277173913043478 0.012228260869565218 0.009510869565217392
0 0.9381793478260869 0.09442934782608696 0.01154891304347826 0.008152173913043478
0 0.9408967391304348 0.10529891304347826 0.01154891304347826 0.008831521739130434
0 0.9320652173913043 0.109375 0.01154891304347826 0.008831521739130434
0 0.9089673913043478 0.09850543478260869 0.01154891304347826 0.008152173913043478
0 0.891983695652174 0.08084239130434782 0.010869565217391304 0.008152173913043478
0 0.8797554347826086 0.08899456521739131 0.010869565217391304 0.008152173913043478
0 0.8213315217391305 0.08559782608695653 0.009510869565217392 0.006793478260869565