0 0.004755434782608696 0.19904891304347827 0.009510869565217392 0.014945652173913044
0 0.04008152173913043 0.1956521739130435 0.015625 0.014945652173913044
0 0.03940217391304348 0.311820652173913 0.021739130434782608 0.020380434782608696
0 0.03872282608695652 0.28396739130434784 0.018342391304347828 0.018342391304347828
0 0.03736413043478261 0.8743206521739131 0.026494565217391304 0.03192934782608696
0 0.06997282608695653 0.264945652173913 0.018342391304347828 0.019021739130434784
0 0.08084239130434782 0.3138586956521739 0.022418478260869564 0.020380434782608696
0 0.12839673913043478 0.29959239130434784 0.014945652173913044 0.015625
0 0.13926630434782608 0.30027173913043476 0.015625 0.016983695652173912
0 0.14198369565217392 0.2860054347826087 0.017663043478260868 0.018342391304347828
0 0.1644021739130435 0.29483695652173914 0.018342391304347828 0.019021739130434784
0 0.18682065217391305 0.296875 0.017663043478260868 0.016983695652173912
0 0.2105978260869565 0.2982336956521739 0.014945652173913044 0.019021739130434784
0 0.29415760869565216 0.3451086956521739 0.022418478260869564 0.022418478260869564
0 0.27785326086956524 0.360054347826087 0.018342391304347828 0.020380434782608696
0 0.25407608695652173 0.34714673913043476 0.017663043478260868 0.018342391304347828
0 0.2955163043478261 0.3851902173913043 0.021739130434782608 0.022418478260869564
0 0.280570652173913 0.3763586956521739 0.01970108695652174 0.02309782608695652
0 0.23233695652173914 0.3811141304347826 0.02309782608695652 0.02309782608695652
0 0.21807065217391305 0.36616847826086957 0.018342391304347828 0.021739130434782608
0 0.20040760869565216 0.3389945652173913 0.018342391304347828 0.019021739130434784
0 0.1644021739130435 0.313179347826087 0.015625 0.018342391304347828
0 0.1480978260869565 0.33967391304347827 0.018342391304347828 0.018342391304347828
0 0.12432065217391304 0.3294836956521739 0.01970108695652174 0.022418478260869564
0 0.12092391304347826 0.313179347826087 0.018342391304347828 0.018342391304347828
0 0.15692934782608695 0.5917119565217391 0.018342391304347828 0.02309782608695652
0 0.17119565217391305 0.6433423913043478 0.021739130434782608 0.022418478260869564
0 0.19361413043478262 0.7846467391304348 0.02309782608695652 0.029211956521739132
0 0.18138586956521738 0.9667119565217391 0.03328804347826087 0.03260869565217391
0 0.21263586956521738 0.9300271739130435 0.03125 0.03260869565217391
0 0.32065217391304346 0.2703804347826087 0.026494565217391304 0.026494565217391304
0 0.38315217391304346 0.27785326086956524 0.022418478260869564 0.022418478260869564
0 0.328125 0.390625 0.021739130434782608 0.025815217391304348
0 0.358695652173913 0.3736413043478261 0.026494565217391304 0.026494565217391304
0 0.3342391304347826 0.3539402173913043 0.021739130434782608 0.022418478260869564
0 0.3641304347826087 0.39809782608695654 0.025135869565217392 0.025815217391304348
0 0.46059782608695654 0.38722826086956524 0.015625 0.016983695652173912
0 0.36141304347826086 0.43478260869565216 0.026494565217391304 0.03192934782608696
0 0.406929347826087 0.44021739130434784 0.02717391304347826 0.029891304347826088
0 0.42527173913043476 0.45584239130434784 0.029211956521739132 0.03260869565217391
0 0.436820652173913 0.422554347826087 0.021739130434782608 0.029891304347826088
0 0.5047554347826086 0.4116847826086957 0.01970108695652174 0.022418478260869564
0 0.5373641304347826 0.438179347826087 0.02717391304347826 0.026494565217391304
0 0.5427989130434783 0.41779891304347827 0.022418478260869564 0.02309782608695652
0 0.5366847826086957 0.45991847826086957 0.025135869565217392 0.03260869565217391
0 0.5095108695652174 0.45991847826086957 0.026494565217391304 0.029891304347826088
0 0.545516304347826 0.4735054347826087 0.029211956521739132 0.03260869565217391
0 0.469429347826087 0.4789402173913043 0.026494565217391304 0.025815217391304348
0 0.5129076086956522 0.8199728260869565 0.025135869565217392 0.034646739130434784
0 0.40896739130434784 0.8627717391304348 0.021739130434782608 0.029211956521739132
0 0.7269021739130435 0.36752717391304346 0.029211956521739132 0.029891304347826088
0 0.7839673913043478 0.3648097826086957 0.025135869565217392 0.025815217391304348
0 0.6066576086956522 0.46467391304347827 0.02309782608695652 0.028532608695652172
0 0.5597826086956522 0.43002717391304346 0.022418478260869564 0.025815217391304348
0 0.6222826086956522 0.4483695652173913 0.017663043478260868 0.022418478260869564
0 0.6433423913043478 0.4470108695652174 0.025135869565217392 0.026494565217391304
0 0.6100543478260869 0.4904891304347826 0.026494565217391304 0.029891304347826088
0 0.7724184782608695 0.421875 0.026494565217391304 0.025815217391304348
0 0.9300271739130435 0.41372282608695654 0.030570652173913044 0.034646739130434784
0 0.8668478260869565 0.5271739130434783 0.02309782608695652 0.026494565217391304
0 0.7391304347826086 0.5475543478260869 0.029211956521739132 0.029211956521739132
0 0.811141304347826 0.5305706521739131 0.025135869565217392 0.028532608695652172
0 0.8084239130434783 0.5495923913043478 0.02309782608695652 0.026494565217391304
0 0.8722826086956522 0.561141304347826 0.03328804347826087 0.03872282608695652
0 0.7927989130434783 0.6114130434782609 0.033967391304347824 0.03872282608695652
0 0.03125 0.2561141304347826 0.018342391304347828 0.015625
0 0.04076086956521739 0.2751358695652174 0.01970108695652174 0.017663043478260868
0 0.0006793478260869565 0.4857336956521739 0.001358695652173913 0.017663043478260868
0 0.03260869565217391 0.5108695652173914 0.020380434782608696 0.017663043478260868
0 0.010869565217391304 0.7527173913043478 0.021739130434782608 0.024456521739130436
0 0.044157608695652176 0.9769021739130435 0.033967391304347824 0.029211956521739132
0 0.04755434782608696 0.2262228260869565 0.017663043478260868 0.014945652173913044
0 0.035326086956521736 0.27717391304347827 0.01970108695652174 0.017663043478260868
0 0.01154891304347826 0.24932065217391305 0.018342391304347828 0.014945652173913044
0 0.06589673913043478 0.2112771739130435 0.016304347826086956 0.014266304347826086
0 0.09646739130434782 0.20720108695652173 0.017663043478260868 0.014945652173913044
0 0.12907608695652173 0.22554347826086957 0.017663043478260868 0.014945652173913044
0 0.23573369565217392 0.27717391304347827 0.02309782608695652 0.020380434782608696
0 0.2642663043478261 0.26970108695652173 0.02309782608695652 0.021059782608695652
0 0.08220108695652174 0.33627717391304346 0.021739130434782608 0.018342391304347828
0 0.09646739130434782 0.30366847826086957 0.020380434782608696 0.016983695652173912
0 0.11209239130434782 0.3023097826086957 0.01970108695652174 0.016983695652173912
0 0.10801630434782608 0.28940217391304346 0.018342391304347828 0.015625
0 0.1766304347826087 0.28940217391304346 0.017663043478260868 0.015625
0 0.15828804347826086 0.28532608695652173 0.018342391304347828 0.014945652173913044
0 0.20244565217391305 0.29279891304347827 0.017663043478260868 0.014945652173913044
0 0.21535326086956522 0.30027173913043476 0.018342391304347828 0.016983695652173912
0 0.19089673913043478 0.35733695652173914 0.022418478260869564 0.018342391304347828
0 0.19769021739130435 0.328125 0.01970108695652174 0.016983695652173912
0 0.18614130434782608 0.3172554347826087 0.018342391304347828 0.016983695652173912
0 0.15217391304347827 0.30978260869565216 0.01970108695652174 0.015625
0 0.13994565217391305 0.2764945652173913 0.015625 0.014266304347826086
0 0.1827445652173913 0.5672554347826086 0.024456521739130436 0.021059782608695652
0 0.13790760869565216 0.5645380434782609 0.024456521739130436 0.021739130434782608
0 0.08423913043478261 0.529891304347826 0.021739130434782608 0.018342391304347828
0 0.21942934782608695 0.6936141304347826 0.025135869565217392 0.021739130434782608
0 0.10054347826086957 0.9490489130434783 0.033967391304347824 0.029211956521739132
0 0.33084239130434784 0.26358695652173914 0.02309782608695652 0.021059782608695652
0 0.30978260869565216 0.27377717391304346 0.02309782608695652 0.021059782608695652
0 0.358695652173913 0.27309782608695654 0.025135869565217392 0.021739130434782608
0 0.37771739130434784 0.28940217391304346 0.025135869565217392 0.021739130434782608
0 0.2914402173913043 0.343070652173913 0.021739130434782608 0.018342391304347828
0 0.25679347826086957 0.33491847826086957 0.020380434782608696 0.017663043478260868
0 0.313179347826087 0.39266304347826086 0.026494565217391304 0.021739130434782608
0 0.3688858695652174 0.35597826086956524 0.024456521739130436 0.021059782608695652
0 0.3294836956521739 0.3654891304347826 0.024456521739130436 0.021059782608695652
0 0.3967391304347826 0.39877717391304346 0.026494565217391304 0.022418478260869564
0 0.43953804347826086 0.391304347826087 0.025135869565217392 0.021059782608695652
0 0.47622282608695654 0.38247282608695654 0.016304347826086956 0.01358695652173913
0 0.46195652173913043 0.3695652173913043 0.021739130434782608 0.018342391304347828
0 0.48845108695652173 0.39266304347826086 0.01970108695652174 0.016983695652173912
0 0.501358695652174 0.39809782608695654 0.020380434782608696 0.018342391304347828
0 0.4857336956521739 0.40353260869565216 0.021739130434782608 0.018342391304347828
0 0.3763586956521739 0.4164402173913043 0.029211956521739132 0.025135869565217392
0 0.40964673913043476 0.4232336956521739 0.028532608695652172 0.024456521739130436
0 0.46603260869565216 0.40896739130434784 0.02309782608695652 0.019021739130434784
0 0.48845108695652173 0.43342391304347827 0.026494565217391304 0.022418478260869564
0 0.5244565217391305 0.7819293478260869 0.03125 0.025815217391304348
0 0.37092391304347827 0.8288043478260869 0.030570652173913044 0.025815217391304348
0 0.7581521739130435 0.0020380434782608695 0.004076086956521739 0.004076086956521739
0 0.6311141304347826 0.030570652173913044 0.008152173913043478 0.006114130434782609
0 0.6385869565217391 0.03260869565217391 0.008152173913043478 0.006793478260869565
0 0.6433423913043478 0.036684782608695655 0.008152173913043478 0.007472826086956522
0 0.6059782608695652 0.005434782608695652 0.004755434782608696 0.004076086956521739
0 0.5788043478260869 0.31929347826086957 0.025135869565217392 0.022418478260869564
0 0.5869565217391305 0.3267663043478261 0.025135869565217392 0.022418478260869564
0 0.5978260869565217 0.327445652173913 0.025135869565217392 0.021739130434782608
0 0.626358695652174 0.32540760869565216 0.030570652173913044 0.026494565217391304
0 0.7629076086956522 0.3736413043478261 0.029211956521739132 0.025815217391304348
0 0.7112771739130435 0.40217391304347827 0.028532608695652172 0.024456521739130436
0 0.5747282608695652 0.46059782608695654 0.028532608695652172 0.024456521739130436
0 0.453125 0.41983695652173914 0.025135869565217392 0.021739130434782608
0 0.610733695652174 0.43410326086956524 0.025135869565217392 0.021739130434782608
0 0.6691576086956522 0.4279891304347826 0.02717391304347826 0.024456521739130436
0 0.6569293478260869 0.47690217391304346 0.028532608695652172 0.025135869565217392
0 0.6447010869565217 0.4986413043478261 0.030570652173913044 0.026494565217391304
0 0.7975543478260869 0.3953804347826087 0.030570652173913044 0.025815217391304348
0 0.8709239130434783 0.026494565217391304 0.006114130434782609 0.004755434782608696
0 0.9728260869565217 0.026494565217391304 0.004755434782608696 0.006114130434782609
0 0.9911684782608695 0.028532608695652172 0.006114130434782609 0.006114130434782609
0 0.9429347826086957 0.03125 0.006793478260869565 0.006114130434782609
0 0.9639945652173914 0.033967391304347824 0.008152173913043478 0.006793478260869565
0 0.7601902173913043 0.01358695652173913 0.004755434782608696 0.004076086956521739
0 0.7894021739130435 0.02377717391304348 0.004755434782608696 0.0033967391304347825
0 0.8885869565217391 0.5237771739130435 0.03192934782608696 0.027853260869565216
0 0.9585597826086957 0.5135869565217391 0.03192934782608696 0.027853260869565216
0 0.984375 0.5278532608695652 0.030570652173913044 0.028532608695652172
0 0.8403532608695652 0.37228260869565216 0.030570652173913044 0.025815217391304348
0 0.7411684782608695 0.5978260869565217 0.036005434782608696 0.029891304347826088
0 0.8240489130434783 0.5692934782608695 0.03328804347826087 0.028532608695652172
0 0.7880434782608695 0.5889945652173914 0.035326086956521736 0.029891304347826088
0 0.8573369565217391 0.6297554347826086 0.035326086956521736 0.029891304347826088
0 0.904891304347826 0.6209239130434783 0.033967391304347824 0.029891304347826088
0 0.9395380434782609 0.6202445652173914 0.035326086956521736 0.029891304347826088
0 0.9639945652173914 0.6052989130434783 0.035326086956521736 0.029211956521739132
0 0.8322010869565217 0.5278532608695652 0.03192934782608696 0.027853260869565216
0 0.5230978260869565 0.46535326086956524 0.029211956521739132 0.025135869565217392
0 0.8226902173913043 0.39470108695652173 0.030570652173913044 0.025815217391304348