0 0.29347826086956524 0.8702445652173914 0.09986413043478261 0.11413043478260869
0 0.938858695652174 0.5441576086956522 0.027853260869565216 0.03804347826086957
0 0.9932065217391305 0.4904891304347826 0.01358695652173913 0.03125
0 0.8539402173913043 0.42866847826086957 0.021059782608695652 0.021059782608695652
0 0.8661684782608695 0.4205163043478261 0.016983695652173912 0.022418478260869564
0 0.8783967391304348 0.406929347826087 0.012228260869565218 0.018342391304347828
0 0.889266304347826 0.39877717391304346 0.014266304347826086 0.017663043478260868
0 0.9137228260869565 0.375 0.01154891304347826 0.01358695652173913
0 0.890625 0.38315217391304346 0.009510869565217392 0.012228260869565218
0 0.7391304347826086 0.42595108695652173 0.014266304347826086 0.020380434782608696
0 0.5733695652173914 0.422554347826087 0.01970108695652174 0.020380434782608696
0 0.4232336956521739 0.626358695652174 0.036684782608695655 0.05298913043478261
0 0.8369565217391305 0.5917119565217391 0.03260869565217391 0.042798913043478264
0 0.12839673913043478 0.7900815217391305 0.08967391304347826 0.08084239130434782
0 0.328804347826087 0.8145380434782609 0.09375 0.08355978260869565
0 0.654891304347826 0.8002717391304348 0.09239130434782608 0.08152173913043478
0 0.657608695652174 0.7146739130434783 0.050951086956521736 0.04551630434782609
0 0.828125 0.7058423913043478 0.04823369565217391 0.041440217391304345
0 0.9911684782608695 0.546875 0.017663043478260868 0.03125
0 0.9870923913043478 0.6202445652173914 0.025815217391304348 0.036005434782608696
0 0.9633152173913043 0.8648097826086957 0.057065217391304345 0.050951086956521736
0 0.923233695652174 0.4789402173913043 0.025815217391304348 0.02309782608695652
0 0.8614130434782609 0.5047554347826086 0.029891304347826088 0.02717391304347826
0 0.8940217391304348 0.44565217391304346 0.02309782608695652 0.020380434782608696
0 0.9164402173913043 0.40625 0.016983695652173912 0.014945652173913044
0 0.8980978260869565 0.38247282608695654 0.012228260869565218 0.010869565217391304
0 0.8036684782608695 0.41508152173913043 0.017663043478260868 0.016983695652173912
0 0.7751358695652174 0.4266304347826087 0.021059782608695652 0.017663043478260868
0 0.7472826086956522 0.4157608695652174 0.017663043478260868 0.016983695652173912
0 0.7221467391304348 0.40964673913043476 0.017663043478260868 0.015625
0 0.7153532608695652 0.46195652173913043 0.025135869565217392 0.022418478260869564
0 0.8376358695652174 0.40625 0.016983695652173912 0.014945652173913044
0 0.8226902173913043 0.4076086956521739 0.016983695652173912 0.015625
0 0.8722826086956522 0.391304347826087 0.014266304347826086 0.012907608695652174
0 0.8926630434782609 0.4116847826086957 0.017663043478260868 0.015625
0 0.7860054347826086 0.49252717391304346 0.029211956521739132 0.025815217391304348
0 0.6834239130434783 0.43546195652173914 0.021059782608695652 0.01970108695652174
0 0.6970108695652174 0.4205163043478261 0.019021739130434784 0.016983695652173912
0 0.6671195652173914 0.4857336956521739 0.027853260869565216 0.025135869565217392
0 0.641983695652174 0.499320652173913 0.03125 0.027853260869565216
0 0.5944293478260869 0.48165760869565216 0.027853260869565216 0.025815217391304348
0 0.5197010869565217 0.4517663043478261 0.02377717391304348 0.022418478260869564
0 0.5509510869565217 0.5645380434782609 0.03872282608695652 0.033967391304347824
0 0.46059782608695654 0.5373641304347826 0.050271739130434784 0.043478260869565216
0 0.6963315217391305 0.5495923913043478 0.034646739130434784 0.030570652173913044
0 0.8016304347826086 0.5672554347826086 0.036684782608695655 0.03260869565217391
0 0.890625 0.59375 0.03736413043478261 0.033967391304347824
0 0.3125 0.5808423913043478 0.058423913043478264 0.051630434782608696
0 0.3695652173913043 0.6100543478260869 0.06453804347826086 0.057744565217391304