0 0.10869565217391304 0.6188858695652174 0.08695652173913043 0.035326086956521736
0 0.1922554347826087 0.609375 0.07540760869565218 0.03260869565217391
0 0.3736413043478261 0.6161684782608695 0.07608695652173914 0.035326086956521736
0 0.5536684782608695 0.6154891304347826 0.06589673913043478 0.034646739130434784
0 0.734375 0.701766304347826 0.06793478260869565 0.03736413043478261
0 0.9572010869565217 0.7153532608695652 0.08559782608695653 0.03804347826086957
0 0.9782608695652174 0.6338315217391305 0.043478260869565216 0.036005434782608696
0 0.41304347826086957 0.5230978260869565 0.041440217391304345 0.022418478260869564
0 0.36684782608695654 0.5176630434782609 0.04891304347826087 0.025135869565217392
0 0.38383152173913043 0.4891304347826087 0.030570652173913044 0.01970108695652174
0 0.45991847826086957 0.44904891304347827 0.043478260869565216 0.01970108695652174
0 0.44633152173913043 0.39741847826086957 0.028532608695652172 0.014266304347826086
0 0.5801630434782609 0.5047554347826086 0.04551630434782609 0.02309782608695652
0 0.7472826086956522 0.5 0.04551630434782609 0.02309782608695652
0 0.8172554347826086 0.48233695652173914 0.042119565217391304 0.024456521739130436
0 0.8145380434782609 0.31453804347826086 0.016983695652173912 0.008152173913043478
0 0.873641304347826 0.33967391304347827 0.018342391304347828 0.010190217391304348
0 0.9375 0.4171195652173913 0.025135869565217392 0.014945652173913044
0 0.48165760869565216 0.4952445652173913 0.05366847826086957 0.017663043478260868
0 0.529891304347826 0.46127717391304346 0.04891304347826087 0.016304347826086956
0 0.468070652173913 0.39877717391304346 0.03872282608695652 0.012907608695652174
0 0.5733695652173914 0.36141304347826086 0.029891304347826088 0.010190217391304348
0 0.5597826086956522 0.3641304347826087 0.029891304347826088 0.010190217391304348
0 0.6290760869565217 0.501358695652174 0.05570652173913043 0.018342391304347828
0 0.7364130434782609 0.31657608695652173 0.01154891304347826 0.004076086956521739
0 0.08763586956521739 0.29279891304347827 0.004076086956521739 0.001358695652173913
0 0.12092391304347826 0.29279891304347827 0.004076086956521739 0.001358695652173913