0 0.5033967391304348 0.7921195652173914 0.10190217391304347 0.11345108695652174
0 0.40421195652173914 0.6745923913043478 0.08288043478260869 0.07472826086956522
0 0.29959239130434784 0.686141304347826 0.07948369565217392 0.07201086956521739
0 0.11345108695652174 0.7493206521739131 0.10665760869565218 0.10597826086956522
0 0.05298913043478261 0.9001358695652174 0.09510869565217392 0.10190217391304347
0 0.001358695652173913 0.4633152173913043 0.002717391304347826 0.0625
0 0.0625 0.4748641304347826 0.06182065217391304 0.06521739130434782
0 0.13043478260869565 0.5088315217391305 0.07404891304347826 0.07404891304347826
0 0.15013586956521738 0.6243206521739131 0.07472826086956522 0.07336956521739131
0 0.05638586956521739 0.375 0.05638586956521739 0.050271739130434784
0 0.18206521739130435 0.37703804347826086 0.04891304347826087 0.050951086956521736
0 0.26766304347826086 0.6168478260869565 0.07336956521739131 0.07404891304347826
0 0.35258152173913043 0.5230978260869565 0.06521739130434782 0.06521739130434782
0 0.4544836956521739 0.548233695652174 0.04076086956521739 0.03940217391304348
0 0.25883152173913043 0.36277173913043476 0.03872282608695652 0.036684782608695655
0 0.41508152173913043 0.328125 0.04823369565217391 0.052309782608695655
0 0.9252717391304348 0.37092391304347827 0.04823369565217391 0.050271739130434784
0 0.7724184782608695 0.18138586956521738 0.026494565217391304 0.026494565217391304
0 0.36684782608695654 0.3023097826086957 0.04551630434782609 0.04755434782608696
0 0.35665760869565216 0.25747282608695654 0.035326086956521736 0.041440217391304345
0 0.40896739130434784 0.20720108695652173 0.036684782608695655 0.035326086956521736
0 0.40625 0.1766304347826087 0.03260869565217391 0.030570652173913044
0 0.36684782608695654 0.1800271739130435 0.029891304347826088 0.03125
0 0.9463315217391305 0.265625 0.03804347826086957 0.03940217391304348
0 0.7309782608695652 0.13043478260869565 0.021739130434782608 0.022418478260869564
0 0.78125 0.12635869565217392 0.021059782608695652 0.024456521739130436
0 0.7778532608695652 0.10258152173913043 0.015625 0.01970108695652174
0 0.7139945652173914 0.10258152173913043 0.018342391304347828 0.01970108695652174
0 0.6589673913043478 0.109375 0.017663043478260868 0.016304347826086956
0 0.7860054347826086 0.03940217391304348 0.01154891304347826 0.012228260869565218
0 0.9680706521739131 0.20108695652173914 0.02377717391304348 0.028532608695652172
0 0.024456521739130436 0.24048913043478262 0.041440217391304345 0.036005434782608696
0 0.10054347826086957 0.36820652173913043 0.04076086956521739 0.035326086956521736
0 0.29279891304347827 0.23165760869565216 0.03872282608695652 0.03940217391304348
0 0.22758152173913043 0.23369565217391305 0.029891304347826088 0.029211956521739132
0 0.3179347826086957 0.23641304347826086 0.03260869565217391 0.03125
0 0.31453804347826086 0.21195652173913043 0.029211956521739132 0.027853260869565216
0 0.30570652173913043 0.1793478260869565 0.03260869565217391 0.028532608695652172
0 0.1637228260869565 0.16168478260869565 0.026494565217391304 0.024456521739130436
0 0.13926630434782608 0.14673913043478262 0.02717391304347826 0.024456521739130436
0 0.049592391304347824 0.13926630434782608 0.02717391304347826 0.028532608695652172
0 0.044157608695652176 0.12296195652173914 0.02717391304347826 0.027853260869565216
0 0.12024456521739131 0.10665760869565218 0.02717391304347826 0.02717391304347826
0 0.16983695652173914 0.12024456521739131 0.02309782608695652 0.02717391304347826
0 0.18478260869565216 0.10733695652173914 0.02309782608695652 0.02377717391304348
0 0.2269021739130435 0.12092391304347826 0.021739130434782608 0.02377717391304348
0 0.24932065217391305 0.13383152173913043 0.02309782608695652 0.02717391304347826
0 0.29279891304347827 0.15828804347826086 0.02717391304347826 0.028532608695652172
0 0.3172554347826087 0.1358695652173913 0.026494565217391304 0.02717391304347826
0 0.3376358695652174 0.1514945652173913 0.029891304347826088 0.028532608695652172
0 0.41847826086956524 0.14470108695652173 0.02377717391304348 0.024456521739130436
0 0.4279891304347826 0.15896739130434784 0.02309782608695652 0.026494565217391304
0 0.4476902173913043 0.17595108695652173 0.027853260869565216 0.027853260869565216
0 0.46467391304347827 0.18546195652173914 0.026494565217391304 0.02717391304347826
0 0.47282608695652173 0.15896739130434784 0.02309782608695652 0.02377717391304348
0 0.5366847826086957 0.17119565217391305 0.02309782608695652 0.022418478260869564
0 0.5040760869565217 0.14605978260869565 0.02717391304347826 0.027853260869565216
0 0.5339673913043478 0.14402173913043478 0.020380434782608696 0.021059782608695652
0 0.5774456521739131 0.13383152173913043 0.024456521739130436 0.02717391304347826
0 0.499320652173913 0.11548913043478261 0.02377717391304348 0.025815217391304348
0 0.5475543478260869 0.11345108695652174 0.018342391304347828 0.021739130434782608
0 0.4578804347826087 0.11345108695652174 0.021739130434782608 0.021739130434782608
0 0.43410326086956524 0.12296195652173914 0.02377717391304348 0.026494565217391304
0 0.375 0.11277173913043478 0.02377717391304348 0.021059782608695652
0 0.3498641304347826 0.12567934782608695 0.02377717391304348 0.024456521739130436
0 0.3328804347826087 0.10190217391304347 0.021739130434782608 0.024456521739130436
0 0.32472826086956524 0.11616847826086957 0.02309782608695652 0.024456521739130436
0 0.27309782608695654 0.09986413043478261 0.026494565217391304 0.028532608695652172
0 0.2758152173913043 0.07608695652173914 0.02377717391304348 0.025815217391304348
0 0.19633152173913043 0.07404891304347826 0.02309782608695652 0.025135869565217392
0 0.296875 0.057065217391304345 0.021739130434782608 0.024456521739130436
0 0.32540760869565216 0.058423913043478264 0.017663043478260868 0.01970108695652174
0 0.34578804347826086 0.05434782608695652 0.016983695652173912 0.01970108695652174
0 0.35122282608695654 0.08152173913043478 0.020380434782608696 0.021739130434782608
0 0.38179347826086957 0.0625 0.017663043478260868 0.01970108695652174
0 0.37296195652173914 0.042798913043478264 0.017663043478260868 0.019021739130434784
0 0.47078804347826086 0.08355978260869565 0.020380434782608696 0.022418478260869564
0 0.48165760869565216 0.06453804347826086 0.016983695652173912 0.017663043478260868
0 0.5054347826086957 0.078125 0.017663043478260868 0.017663043478260868
0 0.5230978260869565 0.09035326086956522 0.018342391304347828 0.017663043478260868
0 0.545516304347826 0.07336956521739131 0.012228260869565218 0.014266304347826086
0 0.5543478260869565 0.08763586956521739 0.015625 0.017663043478260868
0 0.545516304347826 0.09578804347826086 0.016983695652173912 0.016983695652173912
0 0.5822010869565217 0.08967391304347826 0.016983695652173912 0.017663043478260868
0 0.5713315217391305 0.07404891304347826 0.016983695652173912 0.016983695652173912
0 0.5747282608695652 0.05502717391304348 0.014945652173913044 0.016304347826086956
0 0.610733695652174 0.04823369565217391 0.01358695652173913 0.014945652173913044
0 0.53125 0.04823369565217391 0.014945652173913044 0.014266304347826086
0 0.5061141304347826 0.058423913043478264 0.01358695652173913 0.014945652173913044
0 0.5067934782608695 0.046875 0.012228260869565218 0.012228260869565218
0 0.5129076086956522 0.03736413043478261 0.01154891304347826 0.012228260869565218
0 0.4701086956521739 0.03804347826086957 0.01358695652173913 0.014945652173913044
0 0.46875 0.024456521739130436 0.012228260869565218 0.012228260869565218
0 0.35258152173913043 0.021059782608695652 0.015625 0.016304347826086956
0 0.5414402173913043 0.030570652173913044 0.01154891304347826 0.012228260869565218
0 0.5441576086956522 0.06317934782608696 0.015625 0.014266304347826086
0 0.5081521739130435 0.012228260869565218 0.012228260869565218 0.01154891304347826
0 0.4898097826086957 0.010190217391304348 0.01154891304347826 0.01154891304347826
0 0.47146739130434784 0.008152173913043478 0.012228260869565218 0.012228260869565218
0 0.6202445652173914 0.012907608695652174 0.01154891304347826 0.01154891304347826
0 0.41779891304347827 0.01970108695652174 0.014945652173913044 0.012228260869565218
0 0.33967391304347827 0.01970108695652174 0.012228260869565218 0.01358695652173913
0 0.34035326086956524 0.005434782608695652 0.012228260869565218 0.010869565217391304
0 0.9809782608695652 0.7350543478260869 0.03804347826086957 0.07608695652173914
0 0.6209239130434783 0.7024456521739131 0.09307065217391304 0.07472826086956522
0 0.733016304347826 0.7214673913043478 0.09442934782608696 0.07608695652173914
0 0.007472826086956522 0.5563858695652174 0.014945652173913044 0.06385869565217392
0 0.41779891304347827 0.4436141304347826 0.05502717391304348 0.044157608695652176
0 0.36277173913043476 0.4320652173913043 0.05502717391304348 0.044157608695652176
0 0.6324728260869565 0.32133152173913043 0.052309782608695655 0.042798913043478264
0 0.7398097826086957 0.3267663043478261 0.04891304347826087 0.03940217391304348
0 0.6847826086956522 0.109375 0.022418478260869564 0.018342391304347828
0 0.6820652173913043 0.08016304347826086 0.018342391304347828 0.014945652173913044
0 0.7336956521739131 0.03736413043478261 0.01358695652173913 0.01154891304347826
0 0.7921195652173914 0.078125 0.018342391304347828 0.014945652173913044
0 0.1644021739130435 0.24456521739130435 0.04008152173913043 0.03260869565217391
0 0.30434782608695654 0.19701086956521738 0.034646739130434784 0.028532608695652172
0 0.23097826086956522 0.1644021739130435 0.029891304347826088 0.024456521739130436
0 0.11888586956521739 0.13111413043478262 0.029211956521739132 0.02309782608695652
0 0.453804347826087 0.19769021739130435 0.035326086956521736 0.028532608695652172
0 0.29415760869565216 0.10190217391304347 0.02717391304347826 0.021739130434782608
0 0.24388586956521738 0.10122282608695653 0.02717391304347826 0.021739130434782608
0 0.22078804347826086 0.08220108695652174 0.02717391304347826 0.021739130434782608
0 0.21942934782608695 0.050951086956521736 0.024456521739130436 0.01970108695652174
0 0.22078804347826086 0.028532608695652172 0.017663043478260868 0.014266304347826086
0 0.2513586956521739 0.059103260869565216 0.024456521739130436 0.020380434782608696
0 0.280570652173913 0.050951086956521736 0.021739130434782608 0.017663043478260868
0 0.3125 0.050271739130434784 0.021059782608695652 0.016983695652173912
0 0.296195652173913 0.046875 0.020380434782608696 0.016983695652173912
0 0.32472826086956524 0.043478260869565216 0.019021739130434784 0.015625
0 0.406929347826087 0.06861413043478261 0.021739130434782608 0.017663043478260868
0 0.42391304347826086 0.08152173913043478 0.022418478260869564 0.018342391304347828
0 0.44565217391304346 0.07880434782608696 0.021739130434782608 0.017663043478260868
0 0.49116847826086957 0.033967391304347824 0.014945652173913044 0.01154891304347826
0 0.6182065217391305 0.03736413043478261 0.014945652173913044 0.01154891304347826
0 0.6100543478260869 0.027853260869565216 0.014945652173913044 0.01154891304347826
0 0.6202445652173914 0.025815217391304348 0.01358695652173913 0.01154891304347826
0 0.5441576086956522 0.03736413043478261 0.014945652173913044 0.01154891304347826
0 0.5217391304347826 0.03872282608695652 0.014945652173913044 0.01154891304347826
0 0.5230978260869565 0.06521739130434782 0.016983695652173912 0.01358695652173913
0 0.5713315217391305 0.006114130434782609 0.01154891304347826 0.009510869565217392
0 0.5441576086956522 0.014945652173913044 0.012907608695652174 0.010869565217391304
0 0.5543478260869565 0.004076086956521739 0.01154891304347826 0.007472826086956522
0 0.532608695652174 0.0033967391304347825 0.012907608695652174 0.006793478260869565
0 0.5129076086956522 0.004755434782608696 0.012228260869565218 0.009510869565217392
0 0.5040760869565217 0.0033967391304347825 0.012907608695652174 0.006114130434782609
0 0.5027173913043478 0.026494565217391304 0.01358695652173913 0.01154891304347826
0 0.5944293478260869 0.017663043478260868 0.012907608695652174 0.010869565217391304
0 0.610733695652174 0.019021739130434784 0.012907608695652174 0.010869565217391304
0 0.422554347826087 0.029891304347826088 0.016983695652173912 0.012907608695652174
0 0.32065217391304346 0.002717391304347826 0.010869565217391304 0.004755434782608696
0 0.3226902173913043 0.01970108695652174 0.015625 0.012228260869565218
0 0.33627717391304346 0.012907608695652174 0.01358695652173913 0.01154891304347826
0 0.35665760869565216 0.042798913043478264 0.018342391304347828 0.014945652173913044