0 0.010190217391304348 0.20516304347826086 0.020380434782608696 0.07336956521739131
0 0.10733695652173914 0.22010869565217392 0.01358695652173913 0.036684782608695655
0 0.49184782608695654 0.1487771739130435 0.01358695652173913 0.027853260869565216
0 0.06589673913043478 0.20584239130434784 0.02309782608695652 0.03804347826086957
0 0.052309782608695655 0.250679347826087 0.025135869565217392 0.042119565217391304
0 0.08220108695652174 0.2751358695652174 0.026494565217391304 0.043478260869565216
0 0.043478260869565216 0.38315217391304346 0.030570652173913044 0.051630434782608696
0 0.014266304347826086 0.43410326086956524 0.027853260869565216 0.05502717391304348
0 0.03260869565217391 0.4633152173913043 0.03328804347826087 0.05638586956521739
0 0.042119565217391304 0.5224184782608695 0.035326086956521736 0.059103260869565216
0 0.13179347826086957 0.6134510869565217 0.03804347826086957 0.06453804347826086
0 0.04483695652173913 0.8716032608695652 0.04551630434782609 0.07608695652173914
0 0.21467391304347827 0.6956521739130435 0.04076086956521739 0.06793478260869565
0 0.266304347826087 0.5285326086956522 0.035326086956521736 0.059782608695652176
0 0.3451086956521739 0.5957880434782609 0.03736413043478261 0.06385869565217392
0 0.41508152173913043 0.8158967391304348 0.044157608695652176 0.07404891304347826
0 0.17730978260869565 0.39266304347826086 0.03125 0.052309782608695655
0 0.11820652173913043 0.4157608695652174 0.03192934782608696 0.05298913043478261
0 0.13179347826086957 0.30434782608695654 0.027853260869565216 0.04619565217391304
0 0.16032608695652173 0.23641304347826086 0.024456521739130436 0.04076086956521739
0 0.16847826086956522 0.17866847826086957 0.021739130434782608 0.036684782608695655
0 0.1956521739130435 0.2418478260869565 0.024456521739130436 0.042119565217391304
0 0.22010869565217392 0.18614130434782608 0.022418478260869564 0.036684782608695655
0 0.25679347826086957 0.26358695652173914 0.025815217391304348 0.042798913043478264
0 0.2717391304347826 0.38315217391304346 0.030570652173913044 0.051630434782608696
0 0.19361413043478262 0.34171195652173914 0.029211956521739132 0.04891304347826087
0 0.3335597826086957 0.37771739130434784 0.029891304347826088 0.050271739130434784
0 0.3186141304347826 0.30502717391304346 0.027853260869565216 0.04619565217391304
0 0.2669836956521739 0.20448369565217392 0.02309782608695652 0.03804347826086957
0 0.44565217391304346 0.46875 0.033967391304347824 0.05638586956521739
0 0.39266304347826086 0.34171195652173914 0.029211956521739132 0.04891304347826087
0 0.47690217391304346 0.33967391304347827 0.029211956521739132 0.04891304347826087
0 0.43953804347826086 0.28804347826086957 0.026494565217391304 0.04551630434782609
0 0.3172554347826087 0.21603260869565216 0.02377717391304348 0.03940217391304348
0 0.25339673913043476 0.171875 0.021059782608695652 0.036005434782608696
0 0.3138586956521739 0.17798913043478262 0.021739130434782608 0.036684782608695655
0 0.33627717391304346 0.1644021739130435 0.021059782608695652 0.034646739130434784
0 0.3539402173913043 0.19021739130434784 0.022418478260869564 0.03736413043478261
0 0.39809782608695654 0.1610054347826087 0.021059782608695652 0.034646739130434784
0 0.41847826086956524 0.21331521739130435 0.02309782608695652 0.03940217391304348
0 0.41508152173913043 0.15489130434782608 0.020380434782608696 0.034646739130434784
0 0.43953804347826086 0.19021739130434784 0.022418478260869564 0.03736413043478261
0 0.46467391304347827 0.23029891304347827 0.024456521739130436 0.04076086956521739
0 0.46603260869565216 0.15828804347826086 0.021059782608695652 0.034646739130434784
0 0.49796195652173914 0.22282608695652173 0.02377717391304348 0.04008152173913043
0 0.5258152173913043 0.17527173913043478 0.021739130434782608 0.036005434782608696
0 0.515625 0.32472826086956524 0.028532608695652172 0.04823369565217391
0 0.9748641304347826 0.951766304347826 0.050271739130434784 0.09646739130434782
0 0.936141304347826 0.6677989130434783 0.03940217391304348 0.06725543478260869
0 0.7105978260869565 0.5978260869565217 0.029211956521739132 0.04891304347826087
0 0.7323369565217391 0.4904891304347826 0.03260869565217391 0.05570652173913043
0 0.8831521739130435 0.563858695652174 0.035326086956521736 0.059103260869565216
0 0.8756793478260869 0.4626358695652174 0.03260869565217391 0.05366847826086957
0 0.7350543478260869 0.35258152173913043 0.028532608695652172 0.04823369565217391
0 0.8661684782608695 0.35529891304347827 0.028532608695652172 0.04891304347826087
0 0.8349184782608695 0.3077445652173913 0.026494565217391304 0.04551630434782609
0 0.8247282608695652 0.25815217391304346 0.025135869565217392 0.04076086956521739
0 0.8152173913043478 0.17798913043478262 0.021059782608695652 0.034646739130434784
0 0.7520380434782609 0.17866847826086957 0.021059782608695652 0.034646739130434784
0 0.7228260869565217 0.27853260869565216 0.025815217391304348 0.043478260869565216
0 0.7466032608695652 0.3226902173913043 0.027853260869565216 0.04619565217391304
0 0.6324728260869565 0.343070652173913 0.029211956521739132 0.04891304347826087
0 0.6256793478260869 0.3023097826086957 0.027853260869565216 0.04619565217391304
0 0.6487771739130435 0.27309782608695654 0.022418478260869564 0.03736413043478261
0 0.6501358695652174 0.21331521739130435 0.021059782608695652 0.034646739130434784
0 0.5631793478260869 0.21331521739130435 0.02309782608695652 0.03940217391304348
0 0.5896739130434783 0.19089673913043478 0.022418478260869564 0.03736413043478261
0 0.6161684782608695 0.1671195652173913 0.021059782608695652 0.036005434782608696
0 0.6256793478260869 0.14334239130434784 0.01970108695652174 0.03328804347826087
0 0.6283967391304348 0.12635869565217392 0.019021739130434784 0.03125
0 0.5563858695652174 0.13451086956521738 0.019021739130434784 0.03192934782608696
0 0.545516304347826 0.14402173913043478 0.020380434782608696 0.03328804347826087
0 0.6841032608695652 0.15557065217391305 0.019021739130434784 0.03192934782608696
0 0.686141304347826 0.13383152173913043 0.019021739130434784 0.03125
0 0.7506793478260869 0.13926630434782608 0.019021739130434784 0.03125
0 0.7506793478260869 0.125 0.018342391304347828 0.030570652173913044
0 0.8186141304347826 0.13994565217391305 0.019021739130434784 0.03125
0 0.6766304347826086 0.18478260869565216 0.020380434782608696 0.033967391304347824
0 0.48641304347826086 0.7207880434782609 0.041440217391304345 0.06861413043478261
0 0.6331521739130435 0.748641304347826 0.042798913043478264 0.07065217391304347
0 0.9938858695652174 0.20720108695652173 0.012228260869565218 0.03804347826086957
0 0.9789402173913043 0.20652173913043478 0.02309782608695652 0.03804347826086957
0 0.9605978260869565 0.18070652173913043 0.021739130434782608 0.036005434782608696
0 0.9911684782608695 0.14605978260869565 0.017663043478260868 0.03328804347826087
0 0.9993206521739131 0.09035326086956522 0.001358695652173913 0.027853260869565216
0 0.9884510869565217 0.07201086956521739 0.014266304347826086 0.025135869565217392
0 0.9769021739130435 0.11209239130434782 0.017663043478260868 0.029891304347826088
0 0.9504076086956522 0.09375 0.016983695652173912 0.027853260869565216
0 0.18953804347826086 0.016304347826086956 0.010190217391304348 0.016304347826086956
0 0.15013586956521738 0.014266304347826086 0.010190217391304348 0.016304347826086956
0 0.1324728260869565 0.004076086956521739 0.009510869565217392 0.008152173913043478
0 0.3919836956521739 0.008831521739130434 0.009510869565217392 0.015625
0 0.16644021739130435 0.010190217391304348 0.009510869565217392 0.015625
0 0.17866847826086957 0.008152173913043478 0.008831521739130434 0.015625
0 0.19904891304347827 0.0020380434782608695 0.008152173913043478 0.0033967391304347825
0 0.008831521739130434 0.008152173913043478 0.008831521739130434 0.014945652173913044
0 0.09986413043478261 0.010190217391304348 0.009510869565217392 0.015625
0 0.0625 0.01154891304347826 0.010190217391304348 0.015625
0 0.07269021739130435 0.010190217391304348 0.009510869565217392 0.015625
0 0.03940217391304348 0.004076086956521739 0.008152173913043478 0.008152173913043478
0 0.40353260869565216 0.014945652173913044 0.010190217391304348 0.016304347826086956
0 0.012228260869565218 0.31521739130434784 0.024456521739130436 0.04619565217391304
0 0.36277173913043476 0.24320652173913043 0.025135869565217392 0.042119565217391304
0 0.8084239130434783 0.09510869565217392 0.015625 0.025815217391304348
0 0.8430706521739131 0.11548913043478261 0.016983695652173912 0.028532608695652172
0 0.8614130434782609 0.11684782608695653 0.017663043478260868 0.029891304347826088
0 0.875 0.13179347826086957 0.019021739130434784 0.03125
0 0.8885869565217391 0.16032608695652173 0.01970108695652174 0.03328804347826087
0 0.9028532608695652 0.20040760869565216 0.02309782608695652 0.03804347826086957
0 0.9245923913043478 0.21942934782608695 0.02377717391304348 0.04008152173913043
0 0.9293478260869565 0.15353260869565216 0.020380434782608696 0.033967391304347824
0 0.9211956521739131 0.11413043478260869 0.018342391304347828 0.029891304347826088
0 0.9028532608695652 0.10461956521739131 0.017663043478260868 0.029891304347826088
0 0.9028532608695652 0.06861413043478261 0.014266304347826086 0.024456521739130436
0 0.951766304347826 0.13790760869565216 0.019021739130434784 0.03192934782608696
0 0.8308423913043478 0.23573369565217392 0.02377717391304348 0.04008152173913043
0 0.13994565217391305 0.021739130434782608 0.010869565217391304 0.017663043478260868
0 0.6691576086956522 0.002717391304347826 0.014945652173913044 0.005434782608695652
0 0.36209239130434784 0.008831521739130434 0.009510869565217392 0.015625
0 0.5502717391304348 0.29483695652173914 0.027853260869565216 0.04551630434782609
0 0.7907608695652174 0.11548913043478261 0.016983695652173912 0.028532608695652172
0 0.9259510869565217 0.297554347826087 0.027853260869565216 0.04619565217391304