0 0.4945652173913043 0.5197010869565217 0.03125 0.042119565217391304
0 0.18206521739130435 0.42866847826086957 0.01154891304347826 0.015625
0 0.2296195652173913 0.41304347826086957 0.006114130434782609 0.008831521739130434
0 0.22418478260869565 0.43478260869565216 0.01154891304347826 0.017663043478260868
0 0.6012228260869565 0.4891304347826087 0.02377717391304348 0.03192934782608696
0 0.733016304347826 0.4470108695652174 0.007472826086956522 0.010190217391304348
0 0.7493206521739131 0.4436141304347826 0.014266304347826086 0.019021739130434784
0 0.7697010869565217 0.44089673913043476 0.014266304347826086 0.019021739130434784
0 0.7880434782608695 0.43002717391304346 0.012228260869565218 0.016304347826086956
0 0.0033967391304347825 0.30502717391304346 0.002717391304347826 0.006114130434782609
0 0.002717391304347826 0.3220108695652174 0.004076086956521739 0.007472826086956522
0 0.0033967391304347825 0.3797554347826087 0.004755434782608696 0.007472826086956522
0 0.0033967391304347825 0.391304347826087 0.006114130434782609 0.008152173913043478
0 0.016983695652173912 0.3070652173913043 0.004076086956521739 0.006114130434782609
0 0.012228260869565218 0.31521739130434784 0.0033967391304347825 0.005434782608695652
0 0.014266304347826086 0.32404891304347827 0.0033967391304347825 0.006114130434782609
0 0.01154891304347826 0.34103260869565216 0.0033967391304347825 0.006114130434782609
0 0.01154891304347826 0.359375 0.004076086956521739 0.006793478260869565
0 0.014266304347826086 0.38179347826086957 0.006114130434782609 0.008152173913043478
0 0.03125 0.33220108695652173 0.004076086956521739 0.006793478260869565
0 0.02717391304347826 0.3111413043478261 0.004076086956521739 0.006793478260869565
0 0.04008152173913043 0.311820652173913 0.004076086956521739 0.006114130434782609
0 0.04483695652173913 0.33152173913043476 0.004076086956521739 0.007472826086956522
0 0.041440217391304345 0.3607336956521739 0.004755434782608696 0.008152173913043478
0 0.042798913043478264 0.3811141304347826 0.006114130434782609 0.008152173913043478
0 0.03328804347826087 0.3892663043478261 0.006114130434782609 0.008831521739130434
0 0.06385869565217392 0.37839673913043476 0.004755434782608696 0.008831521739130434
0 0.058423913043478264 0.313179347826087 0.004076086956521739 0.006114130434782609
0 0.050271739130434784 0.3220108695652174 0.004076086956521739 0.007472826086956522
0 0.06997282608695653 0.313179347826087 0.004076086956521739 0.006114130434782609
0 0.09035326086956522 0.3111413043478261 0.002717391304347826 0.005434782608695652
0 0.08899456521739131 0.32404891304347827 0.0033967391304347825 0.006114130434782609
0 0.10869565217391304 0.31521739130434784 0.0033967391304347825 0.005434782608695652
0 0.11480978260869565 0.3186141304347826 0.004076086956521739 0.006114130434782609
0 0.13654891304347827 0.3077445652173913 0.0033967391304347825 0.006114130434782609
0 0.1324728260869565 0.3811141304347826 0.006114130434782609 0.008152173913043478
0 0.11684782608695653 0.36277173913043476 0.004755434782608696 0.008152173913043478
0 0.08763586956521739 0.3580163043478261 0.004076086956521739 0.006114130434782609
0 0.07133152173913043 0.3485054347826087 0.004076086956521739 0.007472826086956522
0 0.07948369565217392 0.3688858695652174 0.004755434782608696 0.008152173913043478
0 0.07540760869565218 0.3919836956521739 0.006114130434782609 0.008152173913043478
0 0.03736413043478261 0.421875 0.008831521739130434 0.01154891304347826
0 0.1358695652173913 0.40625 0.006114130434782609 0.008831521739130434
0 0.16779891304347827 0.32065217391304346 0.0033967391304347825 0.005434782608695652
0 0.18885869565217392 0.3111413043478261 0.0033967391304347825 0.006114130434782609
0 0.20923913043478262 0.30570652173913043 0.004076086956521739 0.006114130434782609
0 0.2139945652173913 0.3172554347826087 0.004076086956521739 0.006114130434782609
0 0.21739130434782608 0.3226902173913043 0.0033967391304347825 0.006114130434782609
0 0.22554347826086957 0.311820652173913 0.004076086956521739 0.006793478260869565
0 0.24048913043478262 0.3063858695652174 0.004076086956521739 0.006114130434782609
0 0.24796195652173914 0.30570652173913043 0.004076086956521739 0.006793478260869565
0 0.26154891304347827 0.30502717391304346 0.004076086956521739 0.006114130434782609
0 0.24796195652173914 0.31997282608695654 0.004076086956521739 0.006793478260869565
0 0.25815217391304346 0.328804347826087 0.0033967391304347825 0.006114130434782609
0 0.2452445652173913 0.33491847826086957 0.0033967391304347825 0.006114130434782609
0 0.26358695652173914 0.3389945652173913 0.004076086956521739 0.006793478260869565
0 0.21331521739130435 0.3342391304347826 0.0033967391304347825 0.006114130434782609
0 0.20176630434782608 0.33967391304347827 0.004755434782608696 0.006793478260869565
0 0.1766304347826087 0.3491847826086957 0.0033967391304347825 0.006114130434782609
0 0.17730978260869565 0.360054347826087 0.004755434782608696 0.007472826086956522
0 0.18070652173913043 0.3811141304347826 0.006114130434782609 0.008831521739130434
0 0.19089673913043478 0.37160326086956524 0.004076086956521739 0.006793478260869565
0 0.18342391304347827 0.35122282608695654 0.004076086956521739 0.006793478260869565
0 0.19089673913043478 0.35190217391304346 0.004076086956521739 0.006793478260869565
0 0.1983695652173913 0.3607336956521739 0.004076086956521739 0.006793478260869565
0 0.20380434782608695 0.3546195652173913 0.004076086956521739 0.006793478260869565
0 0.2112771739130435 0.358695652173913 0.004076086956521739 0.006793478260869565
0 0.22078804347826086 0.3607336956521739 0.004076086956521739 0.007472826086956522
0 0.21875 0.37771739130434784 0.004755434782608696 0.008152173913043478
0 0.2418478260869565 0.35190217391304346 0.004076086956521739 0.006793478260869565
0 0.24796195652173914 0.3532608695652174 0.004076086956521739 0.006793478260869565
0 0.25747282608695654 0.3607336956521739 0.004755434782608696 0.007472826086956522
0 0.2595108695652174 0.35190217391304346 0.004076086956521739 0.006114130434782609
0 0.264945652173913 0.360054347826087 0.004755434782608696 0.006793478260869565
0 0.25271739130434784 0.3811141304347826 0.006114130434782609 0.008831521739130434
0 0.24116847826086957 0.37160326086956524 0.004076086956521739 0.006793478260869565
0 0.25815217391304346 0.405570652173913 0.006114130434782609 0.008831521739130434
0 0.2764945652173913 0.3029891304347826 0.004755434782608696 0.006793478260869565
0 0.2710597826086957 0.313179347826087 0.004076086956521739 0.006114130434782609
0 0.26358695652173914 0.32404891304347827 0.0033967391304347825 0.005434782608695652
0 0.266304347826087 0.33152173913043476 0.0033967391304347825 0.006114130434782609
0 0.28125 0.3267663043478261 0.0033967391304347825 0.006114130434782609
0 0.3063858695652174 0.2826086956521739 0.004076086956521739 0.006793478260869565
0 0.30570652173913043 0.3063858695652174 0.0033967391304347825 0.005434782608695652
0 0.32133152173913043 0.3138586956521739 0.002717391304347826 0.005434782608695652
0 0.313179347826087 0.33491847826086957 0.0033967391304347825 0.005434782608695652
0 0.30366847826086957 0.3342391304347826 0.0033967391304347825 0.006114130434782609
0 0.29415760869565216 0.3342391304347826 0.0033967391304347825 0.006114130434782609
0 0.30434782608695654 0.343070652173913 0.0033967391304347825 0.006793478260869565
0 0.3179347826086957 0.34103260869565216 0.004076086956521739 0.006114130434782609
0 0.32540760869565216 0.343070652173913 0.0033967391304347825 0.006114130434782609
0 0.35190217391304346 0.3226902173913043 0.002717391304347826 0.005434782608695652
0 0.3580163043478261 0.31589673913043476 0.002717391304347826 0.005434782608695652
0 0.3641304347826087 0.313179347826087 0.0033967391304347825 0.005434782608695652
0 0.36345108695652173 0.3226902173913043 0.0033967391304347825 0.006114130434782609
0 0.37839673913043476 0.3063858695652174 0.002717391304347826 0.005434782608695652
0 0.37092391304347827 0.33491847826086957 0.002717391304347826 0.005434782608695652
0 0.2758152173913043 0.344429347826087 0.004076086956521739 0.006114130434782609
0 0.27445652173913043 0.35122282608695654 0.004076086956521739 0.006793478260869565
0 0.2751358695652174 0.36277173913043476 0.004076086956521739 0.006114130434782609
0 0.2866847826086957 0.35258152173913043 0.004076086956521739 0.006114130434782609
0 0.281929347826087 0.37092391304347827 0.004755434782608696 0.007472826086956522
0 0.30570652173913043 0.35054347826086957 0.0033967391304347825 0.006114130434782609
0 0.30502717391304346 0.36209239130434784 0.0033967391304347825 0.006793478260869565
0 0.29483695652173914 0.4001358695652174 0.006114130434782609 0.008831521739130434
0 0.358695652173913 0.406929347826087 0.014266304347826086 0.01970108695652174
0 0.36684782608695654 0.4171195652173913 0.008152173913043478 0.010869565217391304
0 0.37160326086956524 0.40285326086956524 0.0006793478260869565 0.001358695652173913
0 0.3845108695652174 0.40217391304347827 0.014266304347826086 0.01970108695652174
0 0.41372282608695654 0.3226902173913043 0.004076086956521739 0.006793478260869565
0 0.39741847826086957 0.3423913043478261 0.0033967391304347825 0.006793478260869565
0 0.438179347826087 0.328804347826087 0.004076086956521739 0.006793478260869565
0 0.45108695652173914 0.33016304347826086 0.0033967391304347825 0.005434782608695652
0 0.4592391304347826 0.33016304347826086 0.0033967391304347825 0.005434782608695652
0 0.4544836956521739 0.34171195652173914 0.0033967391304347825 0.006114130434782609
0 0.46671195652173914 0.3423913043478261 0.002717391304347826 0.005434782608695652
0 0.47146739130434784 0.3342391304347826 0.0033967391304347825 0.005434782608695652
0 0.46671195652173914 0.3138586956521739 0.002717391304347826 0.005434782608695652
0 0.4748641304347826 0.30502717391304346 0.002717391304347826 0.005434782608695652
0 0.48845108695652173 0.31521739130434784 0.002717391304347826 0.005434782608695652
0 0.49184782608695654 0.33559782608695654 0.0033967391304347825 0.005434782608695652
0 0.43070652173913043 0.359375 0.004076086956521739 0.006793478260869565
0 0.4116847826086957 0.3546195652173913 0.004076086956521739 0.007472826086956522
0 0.42459239130434784 0.37228260869565216 0.004076086956521739 0.006793478260869565
0 0.4123641304347826 0.4008152173913043 0.004755434782608696 0.008831521739130434
0 0.44021739130434784 0.37228260869565216 0.0033967391304347825 0.006793478260869565
0 0.4436141304347826 0.36141304347826086 0.004755434782608696 0.006793478260869565
0 0.44157608695652173 0.35529891304347827 0.004076086956521739 0.006114130434782609
0 0.45516304347826086 0.3688858695652174 0.0033967391304347825 0.006793478260869565
0 0.453804347826087 0.38315217391304346 0.004755434782608696 0.008831521739130434
0 0.46535326086956524 0.3688858695652174 0.0033967391304347825 0.006114130434782609
0 0.4830163043478261 0.3607336956521739 0.002717391304347826 0.006114130434782609
0 0.48641304347826086 0.35190217391304346 0.002717391304347826 0.006114130434782609
0 0.49592391304347827 0.36277173913043476 0.0033967391304347825 0.006793478260869565
0 0.5081521739130435 0.36345108695652173 0.004755434782608696 0.007472826086956522
0 0.4830163043478261 0.38315217391304346 0.004755434782608696 0.007472826086956522
0 0.41983695652173914 0.406929347826087 0.004755434782608696 0.006114130434782609
0 0.39809782608695654 0.41032608695652173 0.005434782608695652 0.007472826086956522
0 0.5889945652173914 0.44904891304347827 0.009510869565217392 0.012228260869565218
0 0.6229619565217391 0.44157608695652173 0.0033967391304347825 0.004076086956521739
0 0.609375 0.40964673913043476 0.009510869565217392 0.01358695652173913
0 0.5584239130434783 0.36277173913043476 0.004755434782608696 0.007472826086956522
0 0.5441576086956522 0.3485054347826087 0.0033967391304347825 0.006793478260869565
0 0.53125 0.35054347826086957 0.002717391304347826 0.005434782608695652
0 0.5217391304347826 0.3607336956521739 0.0033967391304347825 0.006114130434782609
0 0.5305706521739131 0.39334239130434784 0.004755434782608696 0.008152173913043478
0 0.563858695652174 0.40353260869565216 0.002717391304347826 0.0033967391304347825
0 0.5822010869565217 0.35258152173913043 0.002717391304347826 0.005434782608695652
0 0.5740489130434783 0.34171195652173914 0.0033967391304347825 0.006114130434782609
0 0.5645380434782609 0.344429347826087 0.002717391304347826 0.005434782608695652
0 0.5726902173913043 0.32404891304347827 0.002717391304347826 0.005434782608695652
0 0.5577445652173914 0.31521739130434784 0.0033967391304347825 0.006114130434782609
0 0.6019021739130435 0.33559782608695654 0.0033967391304347825 0.006793478260869565
0 0.592391304347826 0.35054347826086957 0.002717391304347826 0.006114130434782609
0 0.6182065217391305 0.33084239130434784 0.0033967391304347825 0.006114130434782609
0 0.6127717391304348 0.35258152173913043 0.002717391304347826 0.005434782608695652
0 0.6209239130434783 0.34103260869565216 0.002717391304347826 0.006114130434782609
0 0.6331521739130435 0.3220108695652174 0.0033967391304347825 0.006114130434782609
0 0.6216032608695652 0.3892663043478261 0.004755434782608696 0.008152173913043478
0 0.6127717391304348 0.4014945652173913 0.004755434782608696 0.009510869565217392
0 0.6073369565217391 0.39334239130434784 0.004755434782608696 0.009510869565217392
0 0.5985054347826086 0.3953804347826087 0.004755434782608696 0.008152173913043478
0 0.5760869565217391 0.406929347826087 0.004755434782608696 0.006114130434782609
0 0.7466032608695652 0.2907608695652174 0.004076086956521739 0.005434782608695652
0 0.640625 0.36277173913043476 0.0033967391304347825 0.006793478260869565
0 0.6555706521739131 0.34171195652173914 0.004076086956521739 0.006793478260869565
0 0.6508152173913043 0.35122282608695654 0.004076086956521739 0.006114130434782609
0 0.6650815217391305 0.35122282608695654 0.004076086956521739 0.007472826086956522
0 0.6752717391304348 0.3967391304347826 0.004755434782608696 0.008152173913043478
0 0.686141304347826 0.3967391304347826 0.004755434782608696 0.008831521739130434
0 0.6949728260869565 0.374320652173913 0.004755434782608696 0.008831521739130434
0 0.7024456521739131 0.3702445652173913 0.004755434782608696 0.008831521739130434
0 0.7105978260869565 0.375679347826087 0.004076086956521739 0.008152173913043478
0 0.7051630434782609 0.37839673913043476 0.004755434782608696 0.009510869565217392
0 0.720108695652174 0.38179347826086957 0.004076086956521739 0.006114130434782609
0 0.7248641304347826 0.38790760869565216 0.004755434782608696 0.007472826086956522
0 0.734375 0.391304347826087 0.005434782608695652 0.009510869565217392
0 0.748641304347826 0.3811141304347826 0.004755434782608696 0.008831521739130434
0 0.7595108695652174 0.3953804347826087 0.004755434782608696 0.008152173913043478
0 0.6426630434782609 0.43953804347826086 0.012907608695652174 0.016983695652173912
0 0.7921195652173914 0.29008152173913043 0.004755434782608696 0.007472826086956522
0 0.8050271739130435 0.28396739130434784 0.004755434782608696 0.008831521739130434
0 0.8165760869565217 0.2866847826086957 0.005434782608695652 0.010190217391304348
0 0.8512228260869565 0.29347826086956524 0.005434782608695652 0.009510869565217392
0 0.8539402173913043 0.28804347826086957 0.004755434782608696 0.007472826086956522
0 0.8485054347826086 0.39402173913043476 0.004076086956521739 0.006793478260869565
0 0.8036684782608695 0.39470108695652173 0.004755434782608696 0.007472826086956522
0 0.7717391304347826 0.39334239130434784 0.004755434782608696 0.009510869565217392
0 0.8702445652173914 0.39809782608695654 0.004076086956521739 0.006793478260869565
0 0.8777173913043478 0.3919836956521739 0.004755434782608696 0.007472826086956522
0 0.9497282608695652 0.30366847826086957 0.004076086956521739 0.007472826086956522
0 0.9008152173913043 0.3967391304347826 0.004755434782608696 0.007472826086956522
0 0.9123641304347826 0.4008152173913043 0.004755434782608696 0.008152173913043478
0 0.8940217391304348 0.421195652173913 0.01154891304347826 0.014945652173913044
0 0.2391304347826087 0.33967391304347827 0.0033967391304347825 0.005434782608695652
0 0.499320652173913 0.8552989130434783 0.07336956521739131 0.09918478260869565
0 0.12160326086956522 0.5964673913043478 0.050271739130434784 0.06725543478260869
0 0.04008152173913043 0.548233695652174 0.036684782608695655 0.049592391304347824
0 0.01970108695652174 0.4904891304347826 0.024456521739130436 0.03260869565217391
0 0.06725543478260869 0.4626358695652174 0.020380434782608696 0.02717391304347826
0 0.12296195652173914 0.48641304347826086 0.02309782608695652 0.03125
0 0.20244565217391305 0.5163043478260869 0.030570652173913044 0.041440217391304345
0 0.29959239130434784 0.5448369565217391 0.036684782608695655 0.04891304347826087
0 0.39334239130434784 0.5101902173913043 0.029211956521739132 0.03940217391304348
0 0.3172554347826087 0.49796195652173914 0.026494565217391304 0.036005434782608696
0 0.42866847826086957 0.4735054347826087 0.019021739130434784 0.025815217391304348
0 0.3688858695652174 0.4796195652173913 0.021059782608695652 0.028532608695652172
0 0.4782608695652174 0.46603260869565216 0.016304347826086956 0.022418478260869564
0 0.5604619565217391 0.4938858695652174 0.025135869565217392 0.033967391304347824
0 0.5217391304347826 0.453125 0.01154891304347826 0.015625
0 0.20991847826086957 0.4748641304347826 0.01970108695652174 0.026494565217391304
0 0.14741847826086957 0.43953804347826086 0.014266304347826086 0.022418478260869564
0 0.11956521739130435 0.43478260869565216 0.012228260869565218 0.017663043478260868
0 0.08084239130434782 0.42866847826086957 0.009510869565217392 0.015625
0 0.04891304347826087 0.43070652173913043 0.014266304347826086 0.016304347826086956
0 0.027853260869565216 0.4266304347826087 0.010869565217391304 0.014266304347826086
0 0.07133152173913043 0.42595108695652173 0.010190217391304348 0.014266304347826086
0 0.12432065217391304 0.40217391304347827 0.006114130434782609 0.008831521739130434
0 0.16847826086956522 0.43070652173913043 0.012228260869565218 0.016304347826086956
0 0.2669836956521739 0.42527173913043476 0.010190217391304348 0.01358695652173913
0 0.27785326086956524 0.4483695652173913 0.016983695652173912 0.02309782608695652
0 0.30502717391304346 0.42391304347826086 0.009510869565217392 0.012907608695652174
0 0.3226902173913043 0.42595108695652173 0.01154891304347826 0.018342391304347828
0 0.3423913043478261 0.44089673913043476 0.006793478260869565 0.008831521739130434
0 0.32608695652173914 0.40285326086956524 0.014945652173913044 0.01970108695652174
0 0.3423913043478261 0.4076086956521739 0.014266304347826086 0.01970108695652174
0 0.36209239130434784 0.4266304347826087 0.014266304347826086 0.01970108695652174
0 0.3953804347826087 0.4320652173913043 0.01154891304347826 0.015625
0 0.4273097826086957 0.43478260869565216 0.012228260869565218 0.016304347826086956
0 0.43002717391304346 0.4123641304347826 0.006793478260869565 0.008831521739130434
0 0.45991847826086957 0.41508152173913043 0.007472826086956522 0.009510869565217392
0 0.48709239130434784 0.40896739130434784 0.004755434782608696 0.007472826086956522
0 0.469429347826087 0.42934782608695654 0.0033967391304347825 0.004755434782608696
0 0.5 0.4266304347826087 0.010190217391304348 0.01358695652173913
0 0.5278532608695652 0.43478260869565216 0.009510869565217392 0.012907608695652174
0 0.5271739130434783 0.41915760869565216 0.008831521739130434 0.010869565217391304
0 0.5543478260869565 0.4116847826086957 0.006114130434782609 0.008831521739130434
0 0.5563858695652174 0.44972826086956524 0.014266304347826086 0.020380434782608696
0 0.6589673913043478 0.6915760869565217 0.059782608695652176 0.08763586956521739
0 0.7547554347826086 0.6175271739130435 0.04619565217391304 0.06182065217391304
0 0.8002717391304348 0.5883152173913043 0.021059782608695652 0.033967391304347824
0 0.8315217391304348 0.5645380434782609 0.03872282608695652 0.052309782608695655
0 0.8519021739130435 0.49184782608695654 0.021739130434782608 0.02717391304347826
0 0.8783967391304348 0.5067934782608695 0.019021739130434784 0.025815217391304348
0 0.8953804347826086 0.4857336956521739 0.016983695652173912 0.025815217391304348
0 0.6385869565217391 0.4701086956521739 0.016983695652173912 0.02377717391304348
0 0.6691576086956522 0.45720108695652173 0.01358695652173913 0.018342391304347828
0 0.6997282608695652 0.45652173913043476 0.01358695652173913 0.017663043478260868
0 0.8036684782608695 0.43002717391304346 0.012228260869565218 0.016304347826086956
0 0.002717391304347826 0.33084239130434784 0.004076086956521739 0.005434782608695652
0 0.0020380434782608695 0.34375 0.004076086956521739 0.005434782608695652
0 0.001358695652173913 0.3491847826086957 0.002717391304347826 0.006114130434782609
0 0.0020380434782608695 0.358695652173913 0.004076086956521739 0.006114130434782609
0 0.001358695652173913 0.39945652173913043 0.002717391304347826 0.008831521739130434
0 0.014266304347826086 0.33084239130434784 0.004755434782608696 0.005434782608695652
0 0.008152173913043478 0.34782608695652173 0.004755434782608696 0.006114130434782609
0 0.012907608695652174 0.3702445652173913 0.004755434782608696 0.006793478260869565
0 0.021059782608695652 0.359375 0.004755434782608696 0.006114130434782609
0 0.021059782608695652 0.34171195652173914 0.004755434782608696 0.006114130434782609
0 0.027853260869565216 0.32133152173913043 0.004076086956521739 0.005434782608695652
0 0.033967391304347824 0.30570652173913043 0.004076086956521739 0.005434782608695652
0 0.03872282608695652 0.32065217391304346 0.004755434782608696 0.006114130434782609
0 0.03872282608695652 0.33016304347826086 0.004755434782608696 0.006114130434782609
0 0.04551630434782609 0.34171195652173914 0.004755434782608696 0.006793478260869565
0 0.03192934782608696 0.360054347826087 0.004755434782608696 0.006793478260869565
0 0.04891304347826087 0.37703804347826086 0.005434782608695652 0.007472826086956522
0 0.05366847826086957 0.3654891304347826 0.005434782608695652 0.007472826086956522
0 0.06317934782608696 0.37092391304347827 0.005434782608695652 0.007472826086956522
0 0.06046195652173913 0.37839673913043476 0.005434782608695652 0.007472826086956522
0 0.06385869565217392 0.36141304347826086 0.004755434782608696 0.007472826086956522
0 0.059103260869565216 0.3539402173913043 0.004755434782608696 0.007472826086956522
0 0.06589673913043478 0.34171195652173914 0.004755434782608696 0.006114130434782609
0 0.057744565217391304 0.33967391304347827 0.004755434782608696 0.006793478260869565
0 0.06385869565217392 0.3335597826086957 0.004755434782608696 0.006114130434782609
0 0.06793478260869565 0.32404891304347827 0.004076086956521739 0.006114130434782609
0 0.050951086956521736 0.311820652173913 0.004755434782608696 0.006114130434782609
0 0.07540760869565218 0.313179347826087 0.004076086956521739 0.005434782608695652
0 0.07744565217391304 0.31997282608695654 0.004755434782608696 0.005434782608695652
0 0.09578804347826086 0.3226902173913043 0.004076086956521739 0.005434782608695652
0 0.08559782608695653 0.3335597826086957 0.004076086956521739 0.006114130434782609
0 0.09986413043478261 0.33220108695652173 0.004076086956521739 0.005434782608695652
0 0.10258152173913043 0.3376358695652174 0.004755434782608696 0.006114130434782609
0 0.109375 0.33220108695652173 0.004755434782608696 0.006114130434782609
0 0.11616847826086957 0.3389945652173913 0.004755434782608696 0.006114130434782609
0 0.12296195652173914 0.3335597826086957 0.004755434782608696 0.006114130434782609
0 0.11820652173913043 0.313179347826087 0.004076086956521739 0.005434782608695652
0 0.12092391304347826 0.32065217391304346 0.004076086956521739 0.005434782608695652
0 0.13451086956521738 0.31657608695652173 0.004076086956521739 0.005434782608695652
0 0.13179347826086957 0.3267663043478261 0.004076086956521739 0.006114130434782609
0 0.13790760869565216 0.3376358695652174 0.004076086956521739 0.005434782608695652
0 0.10326086956521739 0.3607336956521739 0.004755434782608696 0.006114130434782609
0 0.10394021739130435 0.3498641304347826 0.004755434782608696 0.006114130434782609
0 0.09307065217391304 0.3498641304347826 0.004755434782608696 0.006114130434782609
0 0.08084239130434782 0.35054347826086957 0.004755434782608696 0.006793478260869565
0 0.07744565217391304 0.359375 0.004755434782608696 0.006793478260869565
0 0.07608695652173914 0.34375 0.004755434782608696 0.006114130434782609
0 0.11345108695652174 0.4014945652173913 0.006114130434782609 0.008831521739130434
0 0.021739130434782608 0.40353260869565216 0.006114130434782609 0.008831521739130434
0 0.008831521739130434 0.3919836956521739 0.006114130434782609 0.008152173913043478
0 0.11820652173913043 0.41440217391304346 0.004076086956521739 0.005434782608695652
0 0.11684782608695653 0.405570652173913 0.006114130434782609 0.008831521739130434
0 0.13043478260869565 0.40353260869565216 0.006114130434782609 0.008831521739130434
0 0.09578804347826086 0.41032608695652173 0.006114130434782609 0.008831521739130434
0 0.11141304347826086 0.41304347826086957 0.006793478260869565 0.008831521739130434
0 0.14945652173913043 0.30434782608695654 0.0033967391304347825 0.004755434782608696
0 0.14334239130434784 0.31521739130434784 0.004076086956521739 0.005434782608695652
0 0.14402173913043478 0.31997282608695654 0.004076086956521739 0.005434782608695652
0 0.16508152173913043 0.3029891304347826 0.004076086956521739 0.005434782608695652
0 0.15557065217391305 0.31453804347826086 0.004076086956521739 0.005434782608695652
0 0.17866847826086957 0.32065217391304346 0.004076086956521739 0.005434782608695652
0 0.1800271739130435 0.31046195652173914 0.004076086956521739 0.005434782608695652
0 0.18885869565217392 0.3226902173913043 0.004076086956521739 0.005434782608695652
0 0.18953804347826086 0.3294836956521739 0.004076086956521739 0.005434782608695652
0 0.20108695652173914 0.30366847826086957 0.004076086956521739 0.005434782608695652
0 0.20855978260869565 0.31589673913043476 0.004755434782608696 0.006114130434782609
0 0.22010869565217392 0.3016304347826087 0.004076086956521739 0.006114130434782609
0 0.2262228260869565 0.30570652173913043 0.004755434782608696 0.006114130434782609
0 0.23505434782608695 0.3138586956521739 0.004076086956521739 0.006114130434782609
0 0.24388586956521738 0.31046195652173914 0.004755434782608696 0.005434782608695652
0 0.2561141304347826 0.3111413043478261 0.004076086956521739 0.005434782608695652
0 0.26290760869565216 0.31046195652173914 0.004755434782608696 0.006114130434782609
0 0.25339673913043476 0.32133152173913043 0.004076086956521739 0.005434782608695652
0 0.25203804347826086 0.34103260869565216 0.004755434782608696 0.005434782608695652
0 0.23505434782608695 0.3226902173913043 0.004755434782608696 0.005434782608695652
0 0.23641304347826086 0.3342391304347826 0.004076086956521739 0.005434782608695652
0 0.2296195652173913 0.3226902173913043 0.004755434782608696 0.005434782608695652
0 0.23029891304347827 0.3383152173913043 0.004076086956521739 0.006114130434782609
0 0.22418478260869565 0.33491847826086957 0.004076086956521739 0.005434782608695652
0 0.21875 0.3389945652173913 0.004076086956521739 0.005434782608695652
0 0.20923913043478262 0.34103260869565216 0.004755434782608696 0.006114130434782609
0 0.20516304347826086 0.33152173913043476 0.004755434782608696 0.005434782608695652
0 0.18546195652173914 0.34035326086956524 0.004755434782608696 0.005434782608695652
0 0.16508152173913043 0.34103260869565216 0.004755434782608696 0.005434782608695652
0 0.15353260869565216 0.33967391304347827 0.004076086956521739 0.005434782608695652
0 0.14198369565217392 0.3695652173913043 0.004755434782608696 0.006114130434782609
0 0.15692934782608695 0.3695652173913043 0.004755434782608696 0.006114130434782609
0 0.16576086956521738 0.35258152173913043 0.004755434782608696 0.006114130434782609
0 0.1671195652173913 0.36141304347826086 0.004755434782608696 0.006114130434782609
0 0.16508152173913043 0.37160326086956524 0.004755434782608696 0.006114130434782609
0 0.16508152173913043 0.3797554347826087 0.004755434782608696 0.006114130434782609
0 0.16644021739130435 0.391304347826087 0.006114130434782609 0.008831521739130434
0 0.15692934782608695 0.3953804347826087 0.006114130434782609 0.008831521739130434
0 0.17730978260869565 0.3736413043478261 0.004755434782608696 0.006114130434782609
0 0.1766304347826087 0.39266304347826086 0.006114130434782609 0.008152173913043478
0 0.18614130434782608 0.3967391304347826 0.006114130434782609 0.008831521739130434
0 0.1956521739130435 0.40217391304347827 0.006114130434782609 0.008152173913043478
0 0.19361413043478262 0.38383152173913043 0.006114130434782609 0.008152173913043478
0 0.18953804347826086 0.36141304347826086 0.004755434782608696 0.006114130434782609
0 0.1949728260869565 0.3546195652173913 0.004755434782608696 0.006114130434782609
0 0.20040760869565216 0.3688858695652174 0.004755434782608696 0.006114130434782609
0 0.21331521739130435 0.3546195652173913 0.004755434782608696 0.006114130434782609
0 0.22214673913043478 0.3532608695652174 0.004755434782608696 0.006114130434782609
0 0.23029891304347827 0.37907608695652173 0.005434782608695652 0.007472826086956522
0 0.23709239130434784 0.37907608695652173 0.004755434782608696 0.006793478260869565
0 0.23777173913043478 0.39334239130434784 0.006114130434782609 0.008831521739130434
0 0.23845108695652173 0.40217391304347827 0.006114130434782609 0.008831521739130434
0 0.22418478260869565 0.3919836956521739 0.006114130434782609 0.008152173913043478
0 0.22826086956521738 0.4008152173913043 0.006114130434782609 0.008152173913043478
0 0.21535326086956522 0.39877717391304346 0.006114130434782609 0.008831521739130434
0 0.203125 0.4008152173913043 0.006114130434782609 0.008152173913043478
0 0.23029891304347827 0.3498641304347826 0.004076086956521739 0.006114130434782609
0 0.24048913043478262 0.3580163043478261 0.004755434782608696 0.006114130434782609
0 0.24864130434782608 0.36345108695652173 0.004755434782608696 0.006114130434782609
0 0.25 0.37092391304347827 0.004755434782608696 0.006114130434782609
0 0.26290760869565216 0.3811141304347826 0.006114130434782609 0.008152173913043478
0 0.26358695652173914 0.37296195652173914 0.004755434782608696 0.006793478260869565
0 0.26222826086956524 0.390625 0.006114130434782609 0.008152173913043478
0 0.24864130434782608 0.390625 0.006114130434782609 0.008152173913043478
0 0.250679347826087 0.4048913043478261 0.006114130434782609 0.008831521739130434
0 0.16779891304347827 0.40896739130434784 0.006114130434782609 0.008831521739130434
0 0.16915760869565216 0.40353260869565216 0.006114130434782609 0.008152173913043478
0 0.15625 0.40828804347826086 0.006114130434782609 0.008831521739130434
0 0.18206521739130435 0.40896739130434784 0.006793478260869565 0.008831521739130434
0 0.19361413043478262 0.4123641304347826 0.006793478260869565 0.008831521739130434
0 0.20652173913043478 0.40964673913043476 0.006793478260869565 0.008831521739130434
0 0.21739130434782608 0.4157608695652174 0.004755434782608696 0.006114130434782609
0 0.23980978260869565 0.41847826086956524 0.006793478260869565 0.008831521739130434
0 0.250679347826087 0.41304347826086957 0.006114130434782609 0.008831521739130434
0 0.2595108695652174 0.4164402173913043 0.004755434782608696 0.006793478260869565
0 0.21467391304347827 0.4320652173913043 0.012907608695652174 0.016983695652173912
0 0.13994565217391305 0.4266304347826087 0.010869565217391304 0.014266304347826086
0 0.2710597826086957 0.3226902173913043 0.004076086956521739 0.006114130434782609
0 0.2866847826086957 0.3138586956521739 0.004076086956521739 0.005434782608695652
0 0.28464673913043476 0.30434782608695654 0.004076086956521739 0.006114130434782609
0 0.29415760869565216 0.3070652173913043 0.004076086956521739 0.005434782608695652
0 0.29891304347826086 0.31589673913043476 0.004076086956521739 0.005434782608695652
0 0.31589673913043476 0.30570652173913043 0.004076086956521739 0.005434782608695652
0 0.31521739130434784 0.3226902173913043 0.004076086956521739 0.005434782608695652
0 0.3220108695652174 0.3267663043478261 0.004076086956521739 0.005434782608695652
0 0.3016304347826087 0.3233695652173913 0.004076086956521739 0.005434782608695652
0 0.2914402173913043 0.3233695652173913 0.004076086956521739 0.005434782608695652
0 0.33220108695652173 0.32608695652173914 0.004076086956521739 0.005434782608695652
0 0.33220108695652173 0.31589673913043476 0.0033967391304347825 0.004755434782608696
0 0.34103260869565216 0.30434782608695654 0.004076086956521739 0.005434782608695652
0 0.3491847826086957 0.30434782608695654 0.0033967391304347825 0.004755434782608696
0 0.34375 0.3172554347826087 0.004076086956521739 0.005434782608695652
0 0.36820652173913043 0.30570652173913043 0.0033967391304347825 0.005434782608695652
0 0.3736413043478261 0.311820652173913 0.004076086956521739 0.005434782608695652
0 0.38654891304347827 0.31589673913043476 0.004076086956521739 0.005434782608695652
0 0.38179347826086957 0.33695652173913043 0.004076086956521739 0.005434782608695652
0 0.358695652173913 0.3328804347826087 0.004076086956521739 0.005434782608695652
0 0.35122282608695654 0.33152173913043476 0.004076086956521739 0.005434782608695652
0 0.2860054347826087 0.343070652173913 0.004755434782608696 0.005434782608695652
0 0.2764945652173913 0.3342391304347826 0.004076086956521739 0.005434782608695652
0 0.28396739130434784 0.36209239130434784 0.004755434782608696 0.006114130434782609
0 0.297554347826087 0.3485054347826087 0.004076086956521739 0.005434782608695652
0 0.30434782608695654 0.3702445652173913 0.004755434782608696 0.006114130434782609
0 0.30434782608695654 0.38315217391304346 0.006114130434782609 0.008152173913043478
0 0.296875 0.38383152173913043 0.006114130434782609 0.008152173913043478
0 0.29008152173913043 0.3797554347826087 0.004755434782608696 0.006114130434782609
0 0.29008152173913043 0.39470108695652173 0.006114130434782609 0.008152173913043478
0 0.29891304347826086 0.3953804347826087 0.006114130434782609 0.008831521739130434
0 0.280570652173913 0.39334239130434784 0.006114130434782609 0.008831521739130434
0 0.311820652173913 0.391304347826087 0.006114130434782609 0.008831521739130434
0 0.30978260869565216 0.40217391304347827 0.006114130434782609 0.008831521739130434
0 0.31589673913043476 0.38315217391304346 0.006114130434782609 0.008152173913043478
0 0.313179347826087 0.3702445652173913 0.004755434782608696 0.006114130434782609
0 0.31997282608695654 0.3641304347826087 0.004076086956521739 0.006114130434782609
0 0.31997282608695654 0.35122282608695654 0.004076086956521739 0.005434782608695652
0 0.33220108695652173 0.374320652173913 0.004755434782608696 0.006114130434782609
0 0.3226902173913043 0.391304347826087 0.004755434782608696 0.006793478260869565
0 0.3226902173913043 0.37160326086956524 0.004755434782608696 0.006114130434782609
0 0.343070652173913 0.3763586956521739 0.004755434782608696 0.006114130434782609
0 0.34035326086956524 0.34714673913043476 0.004076086956521739 0.005434782608695652
0 0.34782608695652173 0.35258152173913043 0.004076086956521739 0.005434782608695652
0 0.327445652173913 0.3532608695652174 0.004076086956521739 0.005434782608695652
0 0.3580163043478261 0.35258152173913043 0.004076086956521739 0.005434782608695652
0 0.36345108695652173 0.3532608695652174 0.004755434782608696 0.006114130434782609
0 0.36820652173913043 0.36209239130434784 0.004755434782608696 0.006114130434782609
0 0.3539402173913043 0.36141304347826086 0.004755434782608696 0.006114130434782609
0 0.34782608695652173 0.36277173913043476 0.004755434782608696 0.006114130434782609
0 0.36209239130434784 0.375 0.004755434782608696 0.006114130434782609
0 0.37839673913043476 0.359375 0.004755434782608696 0.006114130434782609
0 0.3763586956521739 0.35122282608695654 0.004755434782608696 0.006114130434782609
0 0.38722826086956524 0.35190217391304346 0.004755434782608696 0.006114130434782609
0 0.3858695652173913 0.36141304347826086 0.004755434782608696 0.006114130434782609
0 0.389945652173913 0.33627717391304346 0.004076086956521739 0.005434782608695652
0 0.28532608695652173 0.41440217391304346 0.0033967391304347825 0.004755434782608696
0 0.28328804347826086 0.4048913043478261 0.006114130434782609 0.008831521739130434
0 0.27309782608695654 0.4123641304347826 0.006114130434782609 0.008831521739130434
0 0.35122282608695654 0.41440217391304346 0.014266304347826086 0.01970108695652174
0 0.3607336956521739 0.41440217391304346 0.014266304347826086 0.01970108695652174
0 0.38383152173913043 0.4116847826086957 0.006114130434782609 0.008831521739130434
0 0.39266304347826086 0.3070652173913043 0.0033967391304347825 0.004755434782608696
0 0.40285326086956524 0.3077445652173913 0.004076086956521739 0.005434782608695652
0 0.43953804347826086 0.27717391304347827 0.002717391304347826 0.0033967391304347825
0 0.4014945652173913 0.32404891304347827 0.004076086956521739 0.005434782608695652
0 0.40625 0.3342391304347826 0.004076086956521739 0.005434782608695652
0 0.4171195652173913 0.33220108695652173 0.004076086956521739 0.005434782608695652
0 0.4320652173913043 0.32404891304347827 0.004076086956521739 0.005434782608695652
0 0.4422554347826087 0.3383152173913043 0.004076086956521739 0.005434782608695652
0 0.47758152173913043 0.31046195652173914 0.0033967391304347825 0.004076086956521739
0 0.485054347826087 0.30366847826086957 0.0033967391304347825 0.004076086956521739
0 0.5006793478260869 0.30570652173913043 0.0033967391304347825 0.004076086956521739
0 0.499320652173913 0.31521739130434784 0.0033967391304347825 0.004755434782608696
0 0.5074728260869565 0.31521739130434784 0.0033967391304347825 0.004755434782608696
0 0.5047554347826086 0.3233695652173913 0.004076086956521739 0.004755434782608696
0 0.49592391304347827 0.32065217391304346 0.004076086956521739 0.004755434782608696
0 0.5 0.3342391304347826 0.004076086956521739 0.005434782608695652
0 0.5006793478260869 0.34035326086956524 0.004076086956521739 0.005434782608695652
0 0.5108695652173914 0.33627717391304346 0.004076086956521739 0.005434782608695652
0 0.4898097826086957 0.34375 0.004076086956521739 0.005434782608695652
0 0.48165760869565216 0.3342391304347826 0.004076086956521739 0.004755434782608696
0 0.48165760869565216 0.34103260869565216 0.004076086956521739 0.005434782608695652
0 0.40896739130434784 0.359375 0.004755434782608696 0.006114130434782609
0 0.40353260869565216 0.37160326086956524 0.004755434782608696 0.006114130434782609
0 0.39470108695652173 0.36141304347826086 0.004755434782608696 0.006114130434782609
0 0.41847826086956524 0.3811141304347826 0.004755434782608696 0.006793478260869565
0 0.4327445652173913 0.3736413043478261 0.004755434782608696 0.006114130434782609
0 0.42595108695652173 0.38315217391304346 0.004755434782608696 0.006793478260869565
0 0.4273097826086957 0.39266304347826086 0.005434782608695652 0.007472826086956522
0 0.43002717391304346 0.3967391304347826 0.005434782608695652 0.007472826086956522
0 0.43546195652173914 0.3858695652173913 0.005434782608695652 0.007472826086956522
0 0.45040760869565216 0.35054347826086957 0.004076086956521739 0.005434782608695652
0 0.45652173913043476 0.36277173913043476 0.004076086956521739 0.006114130434782609
0 0.4483695652173913 0.3967391304347826 0.005434782608695652 0.007472826086956522
0 0.45516304347826086 0.39402173913043476 0.005434782608695652 0.006793478260869565
0 0.4626358695652174 0.3845108695652174 0.004755434782608696 0.006793478260869565
0 0.46875 0.36345108695652173 0.004076086956521739 0.005434782608695652
0 0.5088315217391305 0.3580163043478261 0.004076086956521739 0.005434782608695652
0 0.49184782608695654 0.37092391304347827 0.004755434782608696 0.005434782608695652
0 0.4796195652173913 0.3736413043478261 0.004755434782608696 0.006114130434782609
0 0.4830163043478261 0.39334239130434784 0.005434782608695652 0.007472826086956522
0 0.47554347826086957 0.38722826086956524 0.004755434782608696 0.006793478260869565
0 0.47282608695652173 0.3811141304347826 0.004755434782608696 0.006114130434782609
0 0.4157608695652174 0.40964673913043476 0.005434782608695652 0.007472826086956522
0 0.40828804347826086 0.41440217391304346 0.007472826086956522 0.009510869565217392
0 0.39877717391304346 0.4048913043478261 0.002717391304347826 0.004076086956521739
0 0.4076086956521739 0.43002717391304346 0.010869565217391304 0.014266304347826086
0 0.46127717391304346 0.40217391304347827 0.014266304347826086 0.01970108695652174
0 0.4701086956521739 0.41508152173913043 0.007472826086956522 0.009510869565217392
0 0.499320652173913 0.41032608695652173 0.006114130434782609 0.008152173913043478
0 0.49660326086956524 0.4014945652173913 0.004755434782608696 0.006793478260869565
0 0.5047554347826086 0.40285326086956524 0.001358695652173913 0.0020380434782608695
0 0.49252717391304346 0.41372282608695654 0.006793478260869565 0.009510869565217392
0 0.4470108695652174 0.3811141304347826 0.004755434782608696 0.006793478260869565
0 0.5862771739130435 0.4123641304347826 0.006114130434782609 0.008831521739130434
0 0.5217391304347826 0.30570652173913043 0.0033967391304347825 0.004755434782608696
0 0.5210597826086957 0.3125 0.004076086956521739 0.004755434782608696
0 0.5339673913043478 0.3070652173913043 0.004076086956521739 0.004755434782608696
0 0.5332880434782609 0.313179347826087 0.004076086956521739 0.005434782608695652
0 0.545516304347826 0.3070652173913043 0.0033967391304347825 0.004755434782608696
0 0.548233695652174 0.3125 0.004076086956521739 0.004755434782608696
0 0.5407608695652174 0.32540760869565216 0.004076086956521739 0.005434782608695652
0 0.5495923913043478 0.33152173913043476 0.004076086956521739 0.005434782608695652
0 0.5536684782608695 0.34103260869565216 0.004076086956521739 0.005434782608695652
0 0.5577445652173914 0.35597826086956524 0.004076086956521739 0.005434782608695652
0 0.5448369565217391 0.343070652173913 0.004076086956521739 0.005434782608695652
0 0.5495923913043478 0.36277173913043476 0.004076086956521739 0.006114130434782609
0 0.5346467391304348 0.34375 0.004076086956521739 0.005434782608695652
0 0.5217391304347826 0.33967391304347827 0.004076086956521739 0.005434782608695652
0 0.53125 0.36141304347826086 0.004076086956521739 0.006114130434782609
0 0.5088315217391305 0.3498641304347826 0.004076086956521739 0.005434782608695652
0 0.515625 0.3267663043478261 0.004076086956521739 0.005434782608695652
0 0.5244565217391305 0.36820652173913043 0.004755434782608696 0.006114130434782609
0 0.5434782608695652 0.39334239130434784 0.005434782608695652 0.007472826086956522
0 0.548233695652174 0.4001358695652174 0.006114130434782609 0.008152173913043478
0 0.5550271739130435 0.391304347826087 0.005434782608695652 0.007472826086956522
0 0.5658967391304348 0.39334239130434784 0.005434782608695652 0.007472826086956522
0 0.5747282608695652 0.39402173913043476 0.005434782608695652 0.007472826086956522
0 0.5726902173913043 0.3702445652173913 0.004755434782608696 0.006793478260869565
0 0.5862771739130435 0.390625 0.005434782608695652 0.007472826086956522
0 0.5801630434782609 0.36141304347826086 0.004755434782608696 0.006114130434782609
0 0.5842391304347826 0.34171195652173914 0.004076086956521739 0.005434782608695652
0 0.576766304347826 0.33627717391304346 0.004076086956521739 0.005434782608695652
0 0.5652173913043478 0.3328804347826087 0.004076086956521739 0.005434782608695652
0 0.5686141304347826 0.3172554347826087 0.0033967391304347825 0.004755434782608696
0 0.5577445652173914 0.32404891304347827 0.004076086956521739 0.005434782608695652
0 0.5529891304347826 0.30842391304347827 0.0033967391304347825 0.004755434782608696
0 0.5808423913043478 0.30502717391304346 0.004076086956521739 0.005434782608695652
0 0.5774456521739131 0.3179347826086957 0.0033967391304347825 0.004755434782608696
0 0.59375 0.34375 0.004076086956521739 0.005434782608695652
0 0.5869565217391305 0.3736413043478261 0.004755434782608696 0.006793478260869565
0 0.6114130434782609 0.34035326086956524 0.004076086956521739 0.005434782608695652
0 0.6019021739130435 0.35122282608695654 0.004755434782608696 0.005434782608695652
0 0.5971467391304348 0.3654891304347826 0.004755434782608696 0.006114130434782609
0 0.6059782608695652 0.36277173913043476 0.004755434782608696 0.006114130434782609
0 0.6277173913043478 0.3342391304347826 0.004076086956521739 0.005434782608695652
0 0.6331521739130435 0.3498641304347826 0.004076086956521739 0.005434782608695652
0 0.6222826086956522 0.3532608695652174 0.004755434782608696 0.005434782608695652
0 0.6168478260869565 0.36684782608695654 0.004755434782608696 0.006114130434782609
0 0.6188858695652174 0.37160326086956524 0.004755434782608696 0.006114130434782609
0 0.6161684782608695 0.39334239130434784 0.005434782608695652 0.007472826086956522
0 0.6365489130434783 0.38179347826086957 0.005434782608695652 0.007472826086956522
0 0.5387228260869565 0.4076086956521739 0.004755434782608696 0.006114130434782609
0 0.5631793478260869 0.4123641304347826 0.006114130434782609 0.008831521739130434
0 0.5244565217391305 0.40964673913043476 0.005434782608695652 0.007472826086956522
0 0.6487771739130435 0.31046195652173914 0.004076086956521739 0.005434782608695652
0 0.6447010869565217 0.3233695652173913 0.004076086956521739 0.005434782608695652
0 0.6610054347826086 0.3220108695652174 0.004076086956521739 0.004755434782608696
0 0.6623641304347826 0.30366847826086957 0.004076086956521739 0.005434782608695652
0 0.6684782608695652 0.30502717391304346 0.0033967391304347825 0.004076086956521739
0 0.6603260869565217 0.31453804347826086 0.004076086956521739 0.005434782608695652
0 0.6745923913043478 0.3220108695652174 0.004076086956521739 0.004755434782608696
0 0.6773097826086957 0.31521739130434784 0.0033967391304347825 0.004755434782608696
0 0.6834239130434783 0.30502717391304346 0.0033967391304347825 0.004755434782608696
0 0.6881793478260869 0.3023097826086957 0.004076086956521739 0.005434782608695652
0 0.6854619565217391 0.30502717391304346 0.0033967391304347825 0.004076086956521739
0 0.6970108695652174 0.30434782608695654 0.004076086956521739 0.005434782608695652
0 0.6881793478260869 0.3226902173913043 0.004076086956521739 0.005434782608695652
0 0.7058423913043478 0.3016304347826087 0.004076086956521739 0.005434782608695652
0 0.7078804347826086 0.29415760869565216 0.004076086956521739 0.005434782608695652
0 0.7119565217391305 0.29347826086956524 0.004076086956521739 0.005434782608695652
0 0.717391304347826 0.29347826086956524 0.004076086956521739 0.005434782608695652
0 0.7241847826086957 0.29415760869565216 0.004755434782608696 0.006114130434782609
0 0.7296195652173914 0.29483695652173914 0.004755434782608696 0.006114130434782609
0 0.7323369565217391 0.29415760869565216 0.004755434782608696 0.006114130434782609
0 0.7411684782608695 0.29347826086956524 0.004755434782608696 0.006114130434782609
0 0.7506793478260869 0.29347826086956524 0.005434782608695652 0.007472826086956522
0 0.7520380434782609 0.2955163043478261 0.005434782608695652 0.007472826086956522
0 0.7601902173913043 0.29347826086956524 0.005434782608695652 0.006793478260869565
0 0.764266304347826 0.2914402173913043 0.005434782608695652 0.007472826086956522
0 0.7384510869565217 0.30027173913043476 0.004755434782608696 0.006793478260869565
0 0.7255434782608695 0.3294836956521739 0.004755434782608696 0.006114130434782609
0 0.640625 0.33491847826086957 0.004076086956521739 0.005434782608695652
0 0.6460597826086957 0.34103260869565216 0.004076086956521739 0.005434782608695652
0 0.6440217391304348 0.35054347826086957 0.004755434782608696 0.005434782608695652
0 0.640625 0.3702445652173913 0.004755434782608696 0.006793478260869565
0 0.6311141304347826 0.3695652173913043 0.004755434782608696 0.006793478260869565
0 0.6508152173913043 0.3736413043478261 0.004755434782608696 0.006114130434782609
0 0.6514945652173914 0.38383152173913043 0.005434782608695652 0.007472826086956522
0 0.6514945652173914 0.39402173913043476 0.006114130434782609 0.008831521739130434
0 0.641983695652174 0.39334239130434784 0.006114130434782609 0.008831521739130434
0 0.6413043478260869 0.39741847826086957 0.006793478260869565 0.008831521739130434
0 0.623641304347826 0.39945652173913043 0.006793478260869565 0.008831521739130434
0 0.6630434782608695 0.344429347826087 0.004755434782608696 0.006114130434782609
0 0.6711956521739131 0.35190217391304346 0.004755434782608696 0.006114130434782609
0 0.671875 0.3423913043478261 0.004755434782608696 0.006114130434782609
0 0.6807065217391305 0.34103260869565216 0.004755434782608696 0.006114130434782609
0 0.6691576086956522 0.3648097826086957 0.004755434782608696 0.006114130434782609
0 0.6623641304347826 0.36345108695652173 0.004755434782608696 0.006114130434782609
0 0.6637228260869565 0.3736413043478261 0.004755434782608696 0.006793478260869565
0 0.6616847826086957 0.39334239130434784 0.005434782608695652 0.007472826086956522
0 0.65625 0.39809782608695654 0.006793478260869565 0.009510869565217392
0 0.6976902173913043 0.389945652173913 0.004755434782608696 0.006793478260869565
0 0.7078804347826086 0.3654891304347826 0.004755434782608696 0.006793478260869565
0 0.71875 0.3858695652173913 0.005434782608695652 0.007472826086956522
0 0.7384510869565217 0.39470108695652173 0.005434782608695652 0.007472826086956522
0 0.733016304347826 0.38722826086956524 0.005434782608695652 0.007472826086956522
0 0.7384510869565217 0.38179347826086957 0.005434782608695652 0.007472826086956522
0 0.7425271739130435 0.38179347826086957 0.005434782608695652 0.006793478260869565
0 0.7622282608695652 0.3858695652173913 0.004755434782608696 0.006114130434782609
0 0.7038043478260869 0.4110054347826087 0.012228260869565218 0.016304347826086956
0 0.6875 0.43342391304347827 0.014266304347826086 0.019021739130434784
0 0.6725543478260869 0.43410326086956524 0.014266304347826086 0.019021739130434784
0 0.779891304347826 0.29347826086956524 0.005434782608695652 0.007472826086956522
0 0.7819293478260869 0.2921195652173913 0.005434782608695652 0.007472826086956522
0 0.7989130434782609 0.29008152173913043 0.005434782608695652 0.007472826086956522
0 0.828125 0.297554347826087 0.005434782608695652 0.007472826086956522
0 0.8478260869565217 0.2921195652173913 0.005434782608695652 0.007472826086956522
0 0.8797554347826086 0.30570652173913043 0.005434782608695652 0.007472826086956522
0 0.8899456521739131 0.3023097826086957 0.005434782608695652 0.007472826086956522
0 0.8355978260869565 0.39470108695652173 0.004755434782608696 0.006114130434782609
0 0.8355978260869565 0.40421195652173914 0.008831521739130434 0.01154891304347826
0 0.8247282608695652 0.39741847826086957 0.005434782608695652 0.007472826086956522
0 0.8226902173913043 0.39334239130434784 0.004755434782608696 0.006114130434782609
0 0.8084239130434783 0.3960597826086957 0.005434782608695652 0.007472826086956522
0 0.7995923913043478 0.39741847826086957 0.006114130434782609 0.008831521739130434
0 0.7941576086956522 0.3960597826086957 0.005434782608695652 0.007472826086956522
0 0.7948369565217391 0.390625 0.004755434782608696 0.006793478260869565
0 0.7873641304347826 0.39470108695652173 0.006114130434782609 0.008152173913043478
0 0.782608695652174 0.391304347826087 0.005434782608695652 0.007472826086956522
0 0.7805706521739131 0.3858695652173913 0.004755434782608696 0.006114130434782609
0 0.7717391304347826 0.38383152173913043 0.004076086956521739 0.006114130434782609
0 0.8804347826086957 0.3960597826086957 0.005434782608695652 0.007472826086956522
0 0.8865489130434783 0.39741847826086957 0.005434782608695652 0.007472826086956522
0 0.8131793478260869 0.4273097826086957 0.012228260869565218 0.016304347826086956
0 0.8213315217391305 0.40828804347826086 0.009510869565217392 0.015625
0 0.7941576086956522 0.40828804347826086 0.009510869565217392 0.012907608695652174
0 0.8016304347826086 0.41779891304347827 0.010869565217391304 0.014266304347826086
0 0.7533967391304348 0.38654891304347827 0.005434782608695652 0.006793478260869565
0 0.90625 0.30434782608695654 0.004755434782608696 0.006793478260869565
0 0.9225543478260869 0.30502717391304346 0.004755434782608696 0.006793478260869565
0 0.9667119565217391 0.30570652173913043 0.004755434782608696 0.006114130434782609
0 0.984375 0.30502717391304346 0.004755434782608696 0.006793478260869565
0 0.9918478260869565 0.30366847826086957 0.004755434782608696 0.006793478260869565
0 0.9157608695652174 0.38790760869565216 0.005434782608695652 0.007472826086956522
0 0.923233695652174 0.40285326086956524 0.008831521739130434 0.01154891304347826
0 0.9558423913043478 0.39945652173913043 0.006114130434782609 0.007472826086956522
0 0.9633152173913043 0.4001358695652174 0.006114130434782609 0.008152173913043478
0 0.970108695652174 0.3960597826086957 0.006114130434782609 0.008152173913043478
0 0.9891304347826086 0.40285326086956524 0.004755434782608696 0.006793478260869565
0 0.9979619565217391 0.41779891304347827 0.004076086956521739 0.006793478260869565
0 0.9463315217391305 0.4171195652173913 0.009510869565217392 0.015625
0 0.9449728260869565 0.42934782608695654 0.012228260869565218 0.016304347826086956
0 0.9402173913043478 0.4320652173913043 0.012228260869565218 0.016304347826086956
0 0.9354619565217391 0.42934782608695654 0.012228260869565218 0.016304347826086956
0 0.9341032608695652 0.43342391304347827 0.012228260869565218 0.016983695652173912
0 0.9225543478260869 0.43546195652173914 0.012228260869565218 0.019021739130434784
0 0.9184782608695652 0.46059782608695654 0.015625 0.020380434782608696
0 0.9171195652173914 0.4639945652173913 0.015625 0.021059782608695652
0 0.9089673913043478 0.469429347826087 0.015625 0.021739130434782608
0 0.025135869565217392 0.37907608695652173 0.005434782608695652 0.007472826086956522
0 0.028532608695652172 0.38247282608695654 0.006114130434782609 0.008152173913043478
0 0.027853260869565216 0.3491847826086957 0.004755434782608696 0.006114130434782609
0 0.5686141304347826 0.359375 0.004076086956521739 0.005434782608695652
0 0.6779891304347826 0.30502717391304346 0.0033967391304347825 0.004755434782608696