0 0.406929347826087 0.7894021739130435 0.24864130434782608 0.2561141304347826
0 0.15013586956521738 0.5163043478260869 0.08016304347826086 0.06725543478260869
0 0.48097826086956524 0.5713315217391305 0.036684782608695655 0.04551630434782609
0 0.5278532608695652 0.5346467391304348 0.03872282608695652 0.03260869565217391
0 0.6141304347826086 0.532608695652174 0.010190217391304348 0.010869565217391304
0 0.5896739130434783 0.5319293478260869 0.009510869565217392 0.009510869565217392
0 0.579483695652174 0.5271739130434783 0.010190217391304348 0.01154891304347826
0 0.6868206521739131 0.5278532608695652 0.03125 0.028532608695652172
0 0.7364130434782609 0.5224184782608695 0.06114130434782609 0.05434782608695652
0 0.8274456521739131 0.5176630434782609 0.044157608695652176 0.03804347826086957
0 0.9375 0.546875 0.09782608695652174 0.08831521739130435
0 0.026494565217391304 0.5 0.05298913043478261 0.07472826086956522
0 0.051630434782608696 0.529891304347826 0.021739130434782608 0.016304347826086956
0 0.09239130434782608 0.5230978260869565 0.004076086956521739 0.004076086956521739
0 0.10597826086956522 0.5230978260869565 0.004076086956521739 0.004076086956521739
0 0.08763586956521739 0.5237771739130435 0.004755434782608696 0.0033967391304347825
0 0.08220108695652174 0.5258152173913043 0.004076086956521739 0.0033967391304347825
0 0.07404891304347826 0.5360054347826086 0.007472826086956522 0.006114130434782609
0 0.08559782608695653 0.532608695652174 0.0020380434782608695 0.001358695652173913
0 0.08152173913043478 0.532608695652174 0.0020380434782608695 0.0020380434782608695
0 0.08152173913043478 0.5285326086956522 0.004076086956521739 0.002717391304347826
0 0.07269021739130435 0.5244565217391305 0.004755434782608696 0.0033967391304347825
0 0.09646739130434782 0.5305706521739131 0.002717391304347826 0.0020380434782608695
0 0.11005434782608696 0.53125 0.002717391304347826 0.0020380434782608695
0 0.11141304347826086 0.5237771739130435 0.004076086956521739 0.0033967391304347825
0 0.10122282608695653 0.5237771739130435 0.004755434782608696 0.0033967391304347825
0 0.09171195652173914 0.5319293478260869 0.0020380434782608695 0.0020380434782608695
0 0.016304347826086956 0.5264945652173914 0.03260869565217391 0.06182065217391304
0 0.23505434782608695 0.5230978260869565 0.004076086956521739 0.0033967391304347825
0 0.23165760869565216 0.5224184782608695 0.004755434782608696 0.0033967391304347825
0 0.23165760869565216 0.5197010869565217 0.004076086956521739 0.0033967391304347825
0 0.22826086956521738 0.5203804347826086 0.004755434782608696 0.0033967391304347825
0 0.22146739130434784 0.516983695652174 0.004076086956521739 0.0033967391304347825
0 0.24864130434782608 0.5203804347826086 0.004076086956521739 0.004076086956521739
0 0.2547554347826087 0.5210597826086957 0.004755434782608696 0.0033967391304347825
0 0.32540760869565216 0.5088315217391305 0.004076086956521739 0.0033967391304347825
0 0.33016304347826086 0.5108695652173914 0.004755434782608696 0.002717391304347826
0 0.3451086956521739 0.5081521739130435 0.004076086956521739 0.0033967391304347825
0 0.3546195652173913 0.5074728260869565 0.004076086956521739 0.0033967391304347825
0 0.3546195652173913 0.548233695652174 0.08084239130434782 0.06046195652173913
0 0.5027173913043478 0.5414402173913043 0.036005434782608696 0.02717391304347826
0 0.40421195652173914 0.5244565217391305 0.050271739130434784 0.03736413043478261
0 0.4633152173913043 0.5088315217391305 0.004755434782608696 0.004076086956521739
0 0.4741847826086957 0.5054347826086957 0.004076086956521739 0.004076086956521739
0 0.48233695652173914 0.5101902173913043 0.004755434782608696 0.004076086956521739
0 0.4904891304347826 0.5108695652173914 0.004755434782608696 0.004076086956521739
0 0.516983695652174 0.5061141304347826 0.004755434782608696 0.004076086956521739
0 0.4904891304347826 0.48029891304347827 0.004755434782608696 0.004076086956521739
0 0.4952445652173913 0.4796195652173913 0.004755434782608696 0.0033967391304347825
0 0.45652173913043476 0.4796195652173913 0.06929347826086957 0.051630434782608696
0 0.36820652173913043 0.48097826086956524 0.06861413043478261 0.050951086956521736
0 0.37160326086956524 0.48029891304347827 0.06861413043478261 0.050951086956521736
0 0.5190217391304348 0.47622282608695654 0.004755434782608696 0.004076086956521739
0 0.5271739130434783 0.47758152173913043 0.002717391304347826 0.0033967391304347825
0 0.5536684782608695 0.47758152173913043 0.0033967391304347825 0.002717391304347826
0 0.5570652173913043 0.47758152173913043 0.004076086956521739 0.002717391304347826
0 0.5910326086956522 0.47690217391304346 0.0033967391304347825 0.002717391304347826
0 0.6290760869565217 0.48709239130434784 0.004076086956521739 0.002717391304347826
0 0.6229619565217391 0.48845108695652173 0.0033967391304347825 0.002717391304347826
0 0.6324728260869565 0.48709239130434784 0.0033967391304347825 0.002717391304347826
0 0.5461956521739131 0.5047554347826086 0.004076086956521739 0.002717391304347826
0 0.5672554347826086 0.5040760869565217 0.004076086956521739 0.002717391304347826
0 0.5760869565217391 0.5047554347826086 0.004076086956521739 0.002717391304347826
0 0.5815217391304348 0.5033967391304348 0.004076086956521739 0.002717391304347826
0 0.5889945652173914 0.5054347826086957 0.004076086956521739 0.0033967391304347825
0 0.6297554347826086 0.5033967391304348 0.004076086956521739 0.002717391304347826
0 0.6365489130434783 0.5047554347826086 0.004076086956521739 0.002717391304347826
0 0.6385869565217391 0.5040760869565217 0.004076086956521739 0.002717391304347826
0 0.5726902173913043 0.5271739130434783 0.04008152173913043 0.029891304347826088
0 0.7072010869565217 0.5 0.08152173913043478 0.06114130434782609
0 0.6453804347826086 0.4748641304347826 0.004076086956521739 0.002717391304347826
0 0.8858695652173914 0.5047554347826086 0.004076086956521739 0.002717391304347826
0 0.8586956521739131 0.5040760869565217 0.004076086956521739 0.0033967391304347825
0 0.9877717391304348 0.5122282608695652 0.006114130434782609 0.004076086956521739
0 0.998641304347826 0.5040760869565217 0.002717391304347826 0.002717391304347826
0 0.9966032608695652 0.5027173913043478 0.004076086956521739 0.0033967391304347825
0 0.9864130434782609 0.5020380434782609 0.004076086956521739 0.0033967391304347825
0 0.9809782608695652 0.501358695652174 0.004076086956521739 0.0033967391304347825
0 0.9769021739130435 0.5020380434782609 0.004076086956521739 0.002717391304347826
0 0.9021739130434783 0.5047554347826086 0.004076086956521739 0.0033967391304347825
0 0.9972826086956522 0.5197010869565217 0.005434782608695652 0.03736413043478261