0 0.43953804347826086 0.7126358695652174 0.05502717391304348 0.057744565217391304
0 0.06657608695652174 0.7941576086956522 0.07269021739130435 0.10122282608695653
0 0.06385869565217392 0.421195652173913 0.014266304347826086 0.014945652173913044
0 0.057065217391304345 0.405570652173913 0.012228260869565218 0.012907608695652174
0 0.09239130434782608 0.39334239130434784 0.012228260869565218 0.01358695652173913
0 0.0020380434782608695 0.41983695652173914 0.004076086956521739 0.01358695652173913
0 0.545516304347826 0.701766304347826 0.03940217391304348 0.04755434782608696
0 0.3029891304347826 0.6779891304347826 0.03736413043478261 0.03804347826086957
0 0.3804347826086957 0.5509510869565217 0.03736413043478261 0.041440217391304345
0 0.31589673913043476 0.4945652173913043 0.029211956521739132 0.028532608695652172
0 0.16983695652173914 0.47622282608695654 0.016983695652173912 0.018342391304347828
0 0.2561141304347826 0.389945652173913 0.01154891304347826 0.01358695652173913
0 0.1637228260869565 0.390625 0.014266304347826086 0.012228260869565218
0 0.1480978260869565 0.39334239130434784 0.012228260869565218 0.01358695652173913
0 0.34035326086956524 0.3851902173913043 0.014266304347826086 0.014945652173913044
0 0.40217391304347827 0.389945652173913 0.014266304347826086 0.014945652173913044
0 0.43410326086956524 0.3797554347826087 0.015625 0.017663043478260868
0 0.44157608695652173 0.41779891304347827 0.02309782608695652 0.018342391304347828
0 0.5699728260869565 0.37771739130434784 0.03260869565217391 0.028532608695652172
0 0.576766304347826 0.359375 0.02377717391304348 0.02377717391304348
0 0.6644021739130435 0.3491847826086957 0.02377717391304348 0.025135869565217392
0 0.6168478260869565 0.36752717391304346 0.02309782608695652 0.021059782608695652
0 0.6997282608695652 0.36209239130434784 0.02377717391304348 0.028532608695652172
0 0.7934782608695652 0.34103260869565216 0.025135869565217392 0.025815217391304348
0 0.8335597826086957 0.34375 0.035326086956521736 0.036005434782608696
0 0.7153532608695652 0.41847826086956524 0.041440217391304345 0.028532608695652172
0 0.845108695652174 0.2703804347826087 0.015625 0.014945652173913044
0 0.7914402173913043 0.250679347826087 0.016983695652173912 0.01358695652173913
0 0.7289402173913043 0.28872282608695654 0.016983695652173912 0.018342391304347828
0 0.7262228260869565 0.26222826086956524 0.015625 0.016983695652173912
0 0.6793478260869565 0.28872282608695654 0.01154891304347826 0.014945652173913044
0 0.579483695652174 0.28125 0.012228260869565218 0.014945652173913044
0 0.4517663043478261 0.34646739130434784 0.01154891304347826 0.01358695652173913
0 0.1487771739130435 0.36684782608695654 0.01154891304347826 0.012228260869565218
0 0.3845108695652174 0.9633152173913043 0.15489130434782608 0.07336956521739131
0 0.04076086956521739 0.4701086956521739 0.016983695652173912 0.014945652173913044
0 0.09782608695652174 0.4232336956521739 0.014266304347826086 0.012907608695652174
0 0.07269021739130435 0.3580163043478261 0.012228260869565218 0.010869565217391304
0 0.7595108695652174 0.8362771739130435 0.05638586956521739 0.050271739130434784
0 0.625 0.7058423913043478 0.050271739130434784 0.044157608695652176
0 0.44157608695652173 0.576766304347826 0.03940217391304348 0.035326086956521736
0 0.3070652173913043 0.47758152173913043 0.029211956521739132 0.025815217391304348
0 0.2669836956521739 0.39877717391304346 0.016983695652173912 0.014945652173913044
0 0.16983695652173914 0.3919836956521739 0.014266304347826086 0.012907608695652174
0 0.37839673913043476 0.3919836956521739 0.019021739130434784 0.016983695652173912
0 0.4313858695652174 0.4048913043478261 0.02309782608695652 0.020380434782608696
0 0.7302989130434783 0.35665760869565216 0.02717391304347826 0.02377717391304348
0 0.7561141304347826 0.3491847826086957 0.029211956521739132 0.025815217391304348
0 0.6331521739130435 0.4205163043478261 0.035326086956521736 0.03125
0 0.7418478260869565 0.25271739130434784 0.012228260869565218 0.010869565217391304
0 0.6936141304347826 0.28872282608695654 0.019021739130434784 0.016983695652173912
0 0.6698369565217391 0.27717391304347827 0.016983695652173912 0.014945652173913044
0 0.6616847826086957 0.2608695652173913 0.014266304347826086 0.012907608695652174
0 0.6460597826086957 0.26766304347826086 0.014266304347826086 0.012907608695652174
0 0.6542119565217391 0.29347826086956524 0.019021739130434784 0.016983695652173912
0 0.6385869565217391 0.3063858695652174 0.021059782608695652 0.018342391304347828
0 0.6114130434782609 0.3077445652173913 0.019021739130434784 0.016983695652173912
0 0.5971467391304348 0.30434782608695654 0.019021739130434784 0.016983695652173912
0 0.6270380434782609 0.2860054347826087 0.016983695652173912 0.014945652173913044
0 0.6188858695652174 0.2601902173913043 0.012228260869565218 0.010869565217391304
0 0.6168478260869565 0.25203804347826086 0.010190217391304348 0.009510869565217392
0 0.4938858695652174 0.3342391304347826 0.019021739130434784 0.016983695652173912
0 0.47078804347826086 0.34782608695652173 0.019021739130434784 0.016983695652173912
0 0.42934782608695654 0.3389945652173913 0.019021739130434784 0.016983695652173912
0 0.41372282608695654 0.3389945652173913 0.019021739130434784 0.016983695652173912
0 0.37160326086956524 0.3077445652173913 0.014266304347826086 0.012907608695652174
0 0.3607336956521739 0.29415760869565216 0.012228260869565218 0.010869565217391304
0 0.4279891304347826 0.27377717391304346 0.014266304347826086 0.012907608695652174
0 0.41032608695652173 0.280570652173913 0.014266304347826086 0.012907608695652174
0 0.4782608695652174 0.27853260869565216 0.014266304347826086 0.012907608695652174
0 0.31453804347826086 0.35190217391304346 0.008152173913043478 0.007472826086956522
0 0.2982336956521739 0.3498641304347826 0.010190217391304348 0.009510869565217392
0 0.2595108695652174 0.36277173913043476 0.010190217391304348 0.009510869565217392
0 0.24864130434782608 0.344429347826087 0.012228260869565218 0.010869565217391304
0 0.2554347826086957 0.30434782608695654 0.012228260869565218 0.010869565217391304
0 0.22894021739130435 0.313179347826087 0.008152173913043478 0.007472826086956522
0 0.2112771739130435 0.32404891304347827 0.008152173913043478 0.007472826086956522
0 0.19701086956521738 0.31589673913043476 0.010190217391304348 0.009510869565217392
0 0.10597826086956522 0.3342391304347826 0.010190217391304348 0.009510869565217392
0 0.09035326086956522 0.3342391304347826 0.012228260869565218 0.010869565217391304
0 0.08220108695652174 0.33152173913043476 0.012228260869565218 0.010869565217391304