0 0.8980978260869565 0.41508152173913043 0.20380434782608695 0.1800271739130435
0 0.9993206521739131 0.501358695652174 0.001358695652173913 0.12703804347826086
0 0.12432065217391304 0.37907608695652173 0.06793478260869565 0.03125
0 0.23980978260869565 0.41304347826086957 0.08152173913043478 0.033967391304347824
0 0.4273097826086957 0.4266304347826087 0.07744565217391304 0.030570652173913044
0 0.3172554347826087 0.37839673913043476 0.06657608695652174 0.029211956521739132
0 0.2513586956521739 0.36209239130434784 0.057065217391304345 0.02377717391304348
0 0.47282608695652173 0.375679347826087 0.07065217391304347 0.029211956521739132
0 0.36820652173913043 0.3702445652173913 0.06317934782608696 0.02377717391304348
0 0.5380434782608695 0.37296195652173914 0.057744565217391304 0.027853260869565216
0 0.5991847826086957 0.40964673913043476 0.057744565217391304 0.027853260869565216
0 0.626358695652174 0.30095108695652173 0.046875 0.020380434782608696
0 0.6297554347826086 0.3186141304347826 0.043478260869565216 0.021059782608695652
0 0.7146739130434783 0.30842391304347827 0.044157608695652176 0.020380434782608696
0 0.8396739130434783 0.22758152173913043 0.03940217391304348 0.016304347826086956
0 0.6793478260869565 0.22826086956521738 0.034646739130434784 0.016304347826086956
0 0.5930706521739131 0.2391304347826087 0.03940217391304348 0.01970108695652174
0 0.5720108695652174 0.29891304347826086 0.050951086956521736 0.021739130434782608
0 0.5604619565217391 0.3294836956521739 0.050951086956521736 0.025135869565217392
0 0.5475543478260869 0.35054347826086957 0.04823369565217391 0.020380434782608696
0 0.39402173913043476 0.3491847826086957 0.05570652173913043 0.021739130434782608
0 0.4483695652173913 0.2764945652173913 0.057744565217391304 0.022418478260869564
0 0.44497282608695654 0.25203804347826086 0.046875 0.019021739130434784
0 0.29891304347826086 0.3125 0.046875 0.02377717391304348
0 0.2703804347826087 0.3376358695652174 0.05298913043478261 0.02377717391304348
0 0.16576086956521738 0.33695652173913043 0.051630434782608696 0.02377717391304348
0 0.2547554347826087 0.28940217391304346 0.051630434782608696 0.02377717391304348
0 0.1922554347826087 0.28464673913043476 0.05298913043478261 0.022418478260869564
0 0.11752717391304347 0.328125 0.06793478260869565 0.02717391304347826
0 0.15285326086956522 0.35054347826086957 0.05298913043478261 0.02377717391304348
0 0.010869565217391304 0.31589673913043476 0.021739130434782608 0.025815217391304348
0 0.04076086956521739 0.2914402173913043 0.057744565217391304 0.025815217391304348
0 0.14470108695652173 0.26290760869565216 0.03736413043478261 0.016304347826086956
0 0.9157608695652174 0.23709239130434784 0.04551630434782609 0.016983695652173912
0 0.7832880434782609 0.2235054347826087 0.04551630434782609 0.016304347826086956
0 0.06046195652173913 0.2710597826086957 0.05434782608695652 0.019021739130434784
0 0.171875 0.18885869565217392 0.044157608695652176 0.016304347826086956