0 0.34578804347826086 0.44972826086956524 0.02309782608695652 0.018342391304347828
0 0.38722826086956524 0.41304347826086957 0.019021739130434784 0.021059782608695652
0 0.3070652173913043 0.422554347826087 0.019021739130434784 0.022418478260869564
0 0.46467391304347827 0.38247282608695654 0.019021739130434784 0.021059782608695652
0 0.6440217391304348 0.36820652173913043 0.014266304347826086 0.014945652173913044
0 0.6698369565217391 0.375 0.012228260869565218 0.018342391304347828
0 0.7072010869565217 0.3695652173913043 0.015625 0.016983695652173912
0 0.7282608695652174 0.3845108695652174 0.016983695652173912 0.018342391304347828
0 0.4544836956521739 0.6433423913043478 0.036684782608695655 0.03260869565217391
0 0.7085597826086957 0.6222826086956522 0.03328804347826087 0.04008152173913043
0 0.4470108695652174 0.5210597826086957 0.021059782608695652 0.027853260869565216
0 0.6290760869565217 0.42391304347826086 0.015625 0.021059782608695652
0 0.7595108695652174 0.45652173913043476 0.021059782608695652 0.021059782608695652
0 0.8688858695652174 0.390625 0.021059782608695652 0.022418478260869564
0 0.8947010869565217 0.53125 0.01970108695652174 0.029891304347826088
0 0.5020380434782609 0.4008152173913043 0.019021739130434784 0.016983695652173912
0 0.53125 0.40285326086956524 0.019021739130434784 0.016983695652173912
0 0.579483695652174 0.3858695652173913 0.019021739130434784 0.016983695652173912
0 0.7269021739130435 0.43342391304347827 0.021059782608695652 0.018342391304347828
0 0.34171195652173914 0.5536684782608695 0.029211956521739132 0.025815217391304348
0 0.33016304347826086 0.5604619565217391 0.03125 0.027853260869565216
0 0.3220108695652174 0.5808423913043478 0.03328804347826087 0.029891304347826088
0 0.375 0.5815217391304348 0.03328804347826087 0.029891304347826088
0 0.3654891304347826 0.7058423913043478 0.03940217391304348 0.035326086956521736
0 0.48641304347826086 0.71875 0.041440217391304345 0.03736413043478261
0 0.39266304347826086 0.7758152173913043 0.043478260869565216 0.03872282608695652
0 0.6270380434782609 0.7194293478260869 0.041440217391304345 0.03736413043478261
0 0.6834239130434783 0.6759510869565217 0.03736413043478261 0.03328804347826087
0 0.7561141304347826 0.6351902173913043 0.035326086956521736 0.03125
0 0.5563858695652174 0.5869565217391305 0.03328804347826087 0.029891304347826088
0 0.4592391304347826 0.5889945652173914 0.03328804347826087 0.029891304347826088
0 0.4436141304347826 0.5665760869565217 0.03328804347826087 0.029891304347826088
0 0.4633152173913043 0.5380434782608695 0.029211956521739132 0.025815217391304348
0 0.4830163043478261 0.49320652173913043 0.02717391304347826 0.02377717391304348
0 0.5502717391304348 0.49796195652173914 0.02717391304347826 0.02377717391304348
0 0.5740489130434783 0.5278532608695652 0.029211956521739132 0.025815217391304348
0 0.595108695652174 0.532608695652174 0.029211956521739132 0.025815217391304348
0 0.6283967391304348 0.49660326086956524 0.02717391304347826 0.02377717391304348
0 0.6739130434782609 0.46875 0.02717391304347826 0.02377717391304348
0 0.7425271739130435 0.5305706521739131 0.03125 0.027853260869565216
0 0.7737771739130435 0.5543478260869565 0.03125 0.027853260869565216
0 0.798233695652174 0.5353260869565217 0.029211956521739132 0.025815217391304348
0 0.6460597826086957 0.44429347826086957 0.025135869565217392 0.022418478260869564
0 0.7927989130434783 0.436820652173913 0.021059782608695652 0.018342391304347828
0 0.8335597826086957 0.422554347826087 0.021059782608695652 0.018342391304347828
0 0.8512228260869565 0.436820652173913 0.021059782608695652 0.018342391304347828
0 0.8695652173913043 0.375679347826087 0.019021739130434784 0.016983695652173912
0 0.9137228260869565 0.36684782608695654 0.019021739130434784 0.016983695652173912
0 0.9354619565217391 0.41304347826086957 0.019021739130434784 0.016983695652173912
0 0.9252717391304348 0.4001358695652174 0.019021739130434784 0.016983695652173912
0 0.8709239130434783 0.5278532608695652 0.02717391304347826 0.02377717391304348
0 0.9334239130434783 0.5427989130434783 0.029211956521739132 0.025815217391304348
0 0.842391304347826 0.5122282608695652 0.02717391304347826 0.02377717391304348
0 0.8491847826086957 0.5054347826086957 0.02717391304347826 0.02377717391304348