0 0.002717391304347826 0.5740489130434783 0.005434782608695652 0.07744565217391304
0 0.20040760869565216 0.578125 0.08084239130434782 0.06114130434782609
0 0.2554347826086957 0.5502717391304348 0.058423913043478264 0.058423913043478264
0 0.3811141304347826 0.5251358695652174 0.05434782608695652 0.05502717391304348
0 0.4857336956521739 0.5183423913043478 0.04755434782608696 0.051630434782608696
0 0.5495923913043478 0.5081521739130435 0.04483695652173913 0.041440217391304345
0 0.6270380434782609 0.4830163043478261 0.050271739130434784 0.046875
0 0.7004076086956522 0.4898097826086957 0.04483695652173913 0.043478260869565216
0 0.764266304347826 0.47690217391304346 0.04483695652173913 0.04076086956521739
0 0.8233695652173914 0.48029891304347827 0.03872282608695652 0.04076086956521739
0 0.8709239130434783 0.453125 0.043478260869565216 0.041440217391304345
0 0.9055706521739131 0.4483695652173913 0.034646739130434784 0.034646739130434784
0 0.9415760869565217 0.4585597826086957 0.036005434782608696 0.03328804347826087
0 0.984375 0.44497282608695654 0.03125 0.029211956521739132
0 0.8641304347826086 0.33491847826086957 0.029211956521739132 0.02309782608695652
0 0.779891304347826 0.3335597826086957 0.026494565217391304 0.024456521739130436
0 0.7139945652173914 0.3335597826086957 0.025135869565217392 0.021059782608695652
0 0.5862771739130435 0.3267663043478261 0.02377717391304348 0.01970108695652174
0 0.46535326086956524 0.32133152173913043 0.021739130434782608 0.021059782608695652
0 0.43342391304347827 0.30842391304347827 0.020380434782608696 0.019021739130434784
0 0.3919836956521739 0.3029891304347826 0.021739130434782608 0.021059782608695652
0 0.3702445652173913 0.29891304347826086 0.020380434782608696 0.018342391304347828
0 0.3491847826086957 0.3077445652173913 0.020380434782608696 0.018342391304347828
0 0.328804347826087 0.2873641304347826 0.019021739130434784 0.016304347826086956
0 0.29008152173913043 0.29008152173913043 0.016304347826086956 0.017663043478260868
0 0.2764945652173913 0.297554347826087 0.01970108695652174 0.019021739130434784
0 0.21739130434782608 0.2826086956521739 0.016304347826086956 0.014945652173913044
0 0.19089673913043478 0.28804347826086957 0.016304347826086956 0.014945652173913044
0 0.16915760869565216 0.27853260869565216 0.016983695652173912 0.015625
0 0.140625 0.28940217391304346 0.016983695652173912 0.014945652173913044
0 0.10869565217391304 0.27717391304347827 0.016983695652173912 0.014945652173913044
0 0.09442934782608696 0.2703804347826087 0.014945652173913044 0.014266304347826086
0 0.057065217391304345 0.27853260869565216 0.014945652173913044 0.012228260869565218
0 0.014945652173913044 0.28125 0.016304347826086956 0.01358695652173913
0 0.02377717391304348 0.27241847826086957 0.015625 0.01358695652173913
0 0.7506793478260869 0.41847826086956524 0.029891304347826088 0.028532608695652172
0 0.7038043478260869 0.41779891304347827 0.03328804347826087 0.029891304347826088
0 0.6650815217391305 0.3892663043478261 0.029211956521739132 0.025135869565217392
0 0.6059782608695652 0.39334239130434784 0.025815217391304348 0.02377717391304348
0 0.6433423913043478 0.42866847826086957 0.033967391304347824 0.028532608695652172
0 0.5971467391304348 0.42934782608695654 0.034646739130434784 0.036005434782608696
0 0.5319293478260869 0.406929347826087 0.022418478260869564 0.026494565217391304
0 0.4796195652173913 0.406929347826087 0.029891304347826088 0.028532608695652172
0 0.5366847826086957 0.438179347826087 0.034646739130434784 0.03125
0 0.4735054347826087 0.44157608695652173 0.03192934782608696 0.028532608695652172
0 0.421195652173913 0.4123641304347826 0.03125 0.028532608695652172
0 0.37228260869565216 0.41779891304347827 0.03125 0.02717391304347826
0 0.41915760869565216 0.44429347826086957 0.03328804347826087 0.03872282608695652
0 0.3029891304347826 0.4164402173913043 0.030570652173913044 0.029211956521739132
0 0.25271739130434784 0.421875 0.036005434782608696 0.035326086956521736
0 0.24320652173913043 0.4585597826086957 0.04483695652173913 0.042798913043478264
0 0.1671195652173913 0.42595108695652173 0.035326086956521736 0.03260869565217391
0 0.15013586956521738 0.46671195652173914 0.042798913043478264 0.04551630434782609
0 0.07133152173913043 0.4327445652173913 0.036684782608695655 0.03736413043478261
0 0.002717391304347826 0.34782608695652173 0.004755434782608696 0.02377717391304348
0 0.018342391304347828 0.3546195652173913 0.02377717391304348 0.01970108695652174
0 0.033967391304347824 0.3797554347826087 0.025135869565217392 0.021059782608695652
0 0.020380434782608696 0.40217391304347827 0.026494565217391304 0.026494565217391304
0 0.0020380434782608695 0.30570652173913043 0.004076086956521739 0.014945652173913044
0 0.022418478260869564 0.31046195652173914 0.014945652173913044 0.01358695652173913
0 0.008831521739130434 0.3220108695652174 0.017663043478260868 0.014945652173913044
0 0.05638586956521739 0.3077445652173913 0.014945652173913044 0.014266304347826086
0 0.08016304347826086 0.3186141304347826 0.016983695652173912 0.016304347826086956
0 0.06046195652173913 0.32472826086956524 0.01970108695652174 0.016983695652173912
0 0.029891304347826088 0.32540760869565216 0.018342391304347828 0.015625
0 0.04076086956521739 0.3335597826086957 0.021059782608695652 0.017663043478260868
0 0.06521739130434782 0.34646739130434784 0.024456521739130436 0.021739130434782608
0 0.09510869565217392 0.3383152173913043 0.01970108695652174 0.017663043478260868
0 0.11277173913043478 0.328125 0.015625 0.015625
0 0.12024456521739131 0.34375 0.022418478260869564 0.020380434782608696
0 0.171875 0.3233695652173913 0.016304347826086956 0.014945652173913044
0 0.18070652173913043 0.3335597826086957 0.016304347826086956 0.017663043478260868
0 0.22078804347826086 0.33491847826086957 0.019021739130434784 0.017663043478260868
0 0.23369565217391305 0.34714673913043476 0.021739130434782608 0.01970108695652174
0 0.264945652173913 0.35054347826086957 0.017663043478260868 0.016983695652173912
0 0.19904891304347827 0.35190217391304346 0.021059782608695652 0.01970108695652174
0 0.297554347826087 0.34782608695652173 0.019021739130434784 0.018342391304347828
0 0.28396739130434784 0.3607336956521739 0.022418478260869564 0.018342391304347828
0 0.3138586956521739 0.3607336956521739 0.021739130434782608 0.020380434782608696
0 0.3654891304347826 0.36277173913043476 0.021739130434782608 0.022418478260869564
0 0.2235054347826087 0.36820652173913043 0.02377717391304348 0.022418478260869564
0 0.17051630434782608 0.3695652173913043 0.021739130434782608 0.021059782608695652
0 0.17255434782608695 0.3892663043478261 0.029891304347826088 0.027853260869565216
0 0.22826086956521738 0.3892663043478261 0.020380434782608696 0.020380434782608696
0 0.28940217391304346 0.3851902173913043 0.028532608695652172 0.025815217391304348
0 0.34375 0.3851902173913043 0.026494565217391304 0.021739130434782608
0 0.39334239130434784 0.38247282608695654 0.025815217391304348 0.02309782608695652
0 0.43953804347826086 0.3797554347826087 0.021739130434782608 0.022418478260869564
0 0.5081521739130435 0.38383152173913043 0.025135869565217392 0.021739130434782608
0 0.5407608695652174 0.37839673913043476 0.021739130434782608 0.02309782608695652
0 0.9123641304347826 0.35190217391304346 0.030570652173913044 0.022418478260869564
0 0.6820652173913043 0.34171195652173914 0.02717391304347826 0.020380434782608696
0 0.5360054347826086 0.32133152173913043 0.024456521739130436 0.017663043478260868
0 0.483695652173913 0.3063858695652174 0.02377717391304348 0.016983695652173912
0 0.30978260869565216 0.297554347826087 0.022418478260869564 0.016304347826086956
0 0.24116847826086957 0.28532608695652173 0.01970108695652174 0.014266304347826086
0 0.2296195652173913 0.29415760869565216 0.01970108695652174 0.014266304347826086
0 0.03192934782608696 0.26154891304347827 0.016304347826086956 0.012228260869565218
0 0.34578804347826086 0.45652173913043476 0.04619565217391304 0.03328804347826087
0 0.04823369565217391 0.4735054347826087 0.049592391304347824 0.036005434782608696
0 0.09850543478260869 0.3953804347826087 0.03328804347826087 0.024456521739130436
0 0.050271739130434784 0.3186141304347826 0.018342391304347828 0.012907608695652174
0 0.008831521739130434 0.34171195652173914 0.017663043478260868 0.017663043478260868
0 0.13926630434782608 0.33695652173913043 0.021059782608695652 0.015625
0 0.44429347826086957 0.36277173913043476 0.027853260869565216 0.020380434782608696
0 0.12839673913043478 0.3654891304347826 0.026494565217391304 0.01970108695652174
0 0.28940217391304346 0.3016304347826087 0.021059782608695652 0.014945652173913044
0 0.296195652173913 0.30502717391304346 0.021059782608695652 0.015625
0 0.5271739130434783 0.33627717391304346 0.025135869565217392 0.018342391304347828
0 0.9938858695652174 0.4388586956521739 0.012228260869565218 0.030570652173913044