0 0.13179347826086957 0.9014945652173914 0.034646739130434784 0.052309782608695655
0 0.041440217391304345 0.8192934782608695 0.014945652173913044 0.024456521739130436
0 0.25815217391304346 0.9014945652173914 0.01970108695652174 0.03125
0 0.34646739130434784 0.9300271739130435 0.01970108695652174 0.029891304347826088
0 0.26154891304347827 0.8186141304347826 0.01358695652173913 0.016983695652173912
0 0.3654891304347826 0.8702445652173914 0.015625 0.021059782608695652
0 0.4938858695652174 0.9245923913043478 0.025815217391304348 0.025135869565217392
0 0.45720108695652173 0.9177989130434783 0.025135869565217392 0.027853260869565216
0 0.5319293478260869 0.9449728260869565 0.030570652173913044 0.034646739130434784
0 0.608016304347826 0.9714673913043478 0.026494565217391304 0.02717391304347826
0 0.5529891304347826 0.920516304347826 0.025815217391304348 0.02309782608695652
0 0.6399456521739131 0.8804347826086957 0.014266304347826086 0.016983695652173912
0 0.6820652173913043 0.9313858695652174 0.01970108695652174 0.018342391304347828
0 0.7364130434782609 0.8865489130434783 0.01358695652173913 0.01358695652173913
0 0.8383152173913043 0.9096467391304348 0.015625 0.016983695652173912
0 0.7975543478260869 0.8865489130434783 0.01358695652173913 0.01358695652173913
0 0.7792119565217391 0.8641304347826086 0.014266304347826086 0.014945652173913044
0 0.7139945652173914 0.8362771739130435 0.006793478260869565 0.006793478260869565
0 0.7167119565217391 0.8546195652173914 0.010190217391304348 0.012228260869565218
0 0.6841032608695652 0.8566576086956522 0.009510869565217392 0.010190217391304348
0 0.670516304347826 0.8505434782608695 0.008831521739130434 0.008831521739130434
0 0.6514945652173914 0.8546195652173914 0.009510869565217392 0.010190217391304348
0 0.6324728260869565 0.8519021739130435 0.010869565217391304 0.01154891304347826
0 0.6379076086956522 0.8600543478260869 0.012228260869565218 0.012228260869565218
0 0.6290760869565217 0.845108695652174 0.010869565217391304 0.010869565217391304
0 0.6426630434782609 0.8355978260869565 0.008152173913043478 0.008152173913043478
0 0.6610054347826086 0.8328804347826086 0.007472826086956522 0.008152173913043478
0 0.6372282608695652 0.8716032608695652 0.014266304347826086 0.01358695652173913
0 0.5631793478260869 0.8702445652173914 0.01358695652173913 0.014945652173913044
0 0.5754076086956522 0.860733695652174 0.014945652173913044 0.016304347826086956
0 0.5876358695652174 0.8464673913043478 0.010869565217391304 0.01154891304347826
0 0.6005434782608695 0.8349184782608695 0.009510869565217392 0.008831521739130434
0 0.5563858695652174 0.8369565217391305 0.01154891304347826 0.010869565217391304
0 0.5495923913043478 0.8301630434782609 0.009510869565217392 0.010190217391304348
0 0.5577445652173914 0.8254076086956522 0.008152173913043478 0.008831521739130434
0 0.5604619565217391 0.8186141304347826 0.007472826086956522 0.008152173913043478
0 0.576766304347826 0.8213315217391305 0.006793478260869565 0.006114130434782609
0 0.5400815217391305 0.8240489130434783 0.008831521739130434 0.008831521739130434
0 0.5930706521739131 0.8233695652173914 0.006793478260869565 0.006793478260869565
0 0.5230978260869565 0.8383152173913043 0.01154891304347826 0.012228260869565218
0 0.5122282608695652 0.8328804347826086 0.009510869565217392 0.010190217391304348
0 0.5224184782608695 0.8254076086956522 0.009510869565217392 0.010190217391304348
0 0.5516304347826086 0.8226902173913043 0.008152173913043478 0.008152173913043478
0 0.5067934782608695 0.8213315217391305 0.009510869565217392 0.010190217391304348
0 0.5271739130434783 0.8192934782608695 0.006793478260869565 0.006114130434782609
0 0.5101902173913043 0.8165760869565217 0.005434782608695652 0.006114130434782609
0 0.47214673913043476 0.8349184782608695 0.010869565217391304 0.012907608695652174
0 0.43546195652173914 0.8192934782608695 0.008831521739130434 0.010190217391304348
0 0.4232336956521739 0.8301630434782609 0.012228260869565218 0.012228260869565218
0 0.48777173913043476 0.8301630434782609 0.010190217391304348 0.010869565217391304
0 0.4748641304347826 0.8213315217391305 0.008152173913043478 0.008152173913043478
0 0.3702445652173913 0.8403532608695652 0.01358695652173913 0.014945652173913044
0 0.3763586956521739 0.8539402173913043 0.014266304347826086 0.016304347826086956
0 0.39877717391304346 0.8158967391304348 0.009510869565217392 0.010869565217391304
0 0.36684782608695654 0.8288043478260869 0.012228260869565218 0.01358695652173913
0 0.32540760869565216 0.8342391304347826 0.012228260869565218 0.01358695652173913
0 0.32404891304347827 0.8498641304347826 0.015625 0.016983695652173912
0 0.3233695652173913 0.8057065217391305 0.010869565217391304 0.010869565217391304
0 0.34578804347826086 0.8172554347826086 0.010190217391304348 0.01154891304347826
0 0.3641304347826087 0.8131793478260869 0.010869565217391304 0.010869565217391304
0 0.3485054347826087 0.8043478260869565 0.008831521739130434 0.008152173913043478
0 0.18817934782608695 0.8152173913043478 0.01358695652173913 0.019021739130434784
0 0.22554347826086957 0.8491847826086957 0.01358695652173913 0.021059782608695652
0 0.019021739130434784 0.7472826086956522 0.012228260869565218 0.014266304347826086
0 0.04823369565217391 0.7520380434782609 0.01154891304347826 0.015625
0 0.11005434782608696 0.7948369565217391 0.015625 0.020380434782608696
0 0.08423913043478261 0.751358695652174 0.012228260869565218 0.016983695652173912
0 0.1324728260869565 0.7751358695652174 0.010869565217391304 0.017663043478260868
0 0.1297554347826087 0.7479619565217391 0.009510869565217392 0.012228260869565218
0 0.1331521739130435 0.7561141304347826 0.010869565217391304 0.015625
0 0.15217391304347827 0.75 0.009510869565217392 0.012228260869565218
0 0.19361413043478262 0.7887228260869565 0.014945652173913044 0.018342391304347828
0 0.1827445652173913 0.8043478260869565 0.014945652173913044 0.021059782608695652
0 0.19021739130434784 0.75 0.009510869565217392 0.010869565217391304
0 0.20923913043478262 0.7540760869565217 0.007472826086956522 0.008152173913043478
0 0.250679347826087 0.798233695652174 0.010869565217391304 0.014266304347826086
0 0.24048913043478262 0.8043478260869565 0.012907608695652174 0.016983695652173912
0 0.24048913043478262 0.7832880434782609 0.010869565217391304 0.01154891304347826
0 0.25271739130434784 0.7683423913043478 0.006793478260869565 0.006793478260869565
0 0.25815217391304346 0.7649456521739131 0.006793478260869565 0.007472826086956522
0 0.18342391304347827 0.7350543478260869 0.005434782608695652 0.005434782608695652
0 0.15353260869565216 0.7282608695652174 0.006114130434782609 0.006793478260869565
0 0.13994565217391305 0.7262228260869565 0.006793478260869565 0.008152173913043478
0 0.12635869565217392 0.7194293478260869 0.005434782608695652 0.006114130434782609
0 0.2262228260869565 0.75 0.006793478260869565 0.006114130434782609
0 0.01358695652173913 0.7289402173913043 0.010869565217391304 0.014266304347826086
0 0.07744565217391304 0.733016304347826 0.010869565217391304 0.01154891304347826
0 0.11752717391304347 0.7384510869565217 0.008152173913043478 0.010190217391304348
0 0.11413043478260869 0.7235054347826086 0.007472826086956522 0.008152173913043478
0 0.10122282608695653 0.7649456521739131 0.010869565217391304 0.014266304347826086
0 0.12024456521739131 0.764266304347826 0.009510869565217392 0.012907608695652174
0 0.22554347826086957 0.7608695652173914 0.007472826086956522 0.008152173913043478
0 0.26154891304347827 0.7744565217391305 0.008152173913043478 0.008152173913043478
0 0.265625 0.7649456521739131 0.006793478260869565 0.007472826086956522
0 0.25407608695652173 0.7900815217391305 0.009510869565217392 0.012907608695652174
0 0.29279891304347827 0.7900815217391305 0.010190217391304348 0.01154891304347826
0 0.281929347826087 0.7676630434782609 0.006114130434782609 0.006114130434782609
0 0.2873641304347826 0.7683423913043478 0.006114130434782609 0.006114130434782609
0 0.28396739130434784 0.8050271739130435 0.012228260869565218 0.014945652173913044
0 0.3172554347826087 0.7764945652173914 0.006793478260869565 0.006793478260869565
0 0.30570652173913043 0.7737771739130435 0.005434782608695652 0.006114130434782609
0 0.30502717391304346 0.8002717391304348 0.009510869565217392 0.010869565217391304
0 0.31997282608695654 0.7697010869565217 0.005434782608695652 0.005434782608695652
0 0.31929347826086957 0.7853260869565217 0.007472826086956522 0.006793478260869565
0 0.3138586956521739 0.7832880434782609 0.006793478260869565 0.006793478260869565
0 0.33559782608695654 0.7894021739130435 0.007472826086956522 0.008152173913043478
0 0.33220108695652173 0.7975543478260869 0.009510869565217392 0.010190217391304348
0 0.3485054347826087 0.795516304347826 0.006793478260869565 0.007472826086956522
0 0.33559782608695654 0.7792119565217391 0.005434782608695652 0.005434782608695652
0 0.3423913043478261 0.7771739130434783 0.005434782608695652 0.005434782608695652
0 0.360054347826087 0.7832880434782609 0.005434782608695652 0.005434782608695652
0 0.3736413043478261 0.7819293478260869 0.004755434782608696 0.004755434782608696
0 0.37160326086956524 0.7975543478260869 0.008152173913043478 0.008152173913043478
0 0.3858695652173913 0.7880434782608695 0.005434782608695652 0.005434782608695652
0 0.40285326086956524 0.7975543478260869 0.006793478260869565 0.006793478260869565
0 0.40896739130434784 0.7961956521739131 0.006114130434782609 0.006114130434782609
0 0.42391304347826086 0.7948369565217391 0.005434782608695652 0.005434782608695652
0 0.42391304347826086 0.798233695652174 0.006114130434782609 0.005434782608695652
0 0.4279891304347826 0.8023097826086957 0.006793478260869565 0.007472826086956522
0 0.4375 0.7989130434782609 0.005434782608695652 0.006114130434782609
0 0.4483695652173913 0.8091032608695652 0.007472826086956522 0.008152173913043478
0 0.4116847826086957 0.8043478260869565 0.006793478260869565 0.006793478260869565
0 0.43953804347826086 0.8070652173913043 0.006793478260869565 0.008152173913043478
0 0.21603260869565216 0.970108695652174 0.042119565217391304 0.03125
0 0.058423913043478264 0.8777173913043478 0.04008152173913043 0.029891304347826088
0 0.04551630434782609 0.8600543478260869 0.03872282608695652 0.029211956521739132
0 0.014266304347826086 0.8491847826086957 0.028532608695652172 0.02717391304347826
0 0.19021739130434784 0.8648097826086957 0.03192934782608696 0.02377717391304348
0 0.11413043478260869 0.828125 0.021739130434782608 0.016983695652173912
0 0.08084239130434782 0.8158967391304348 0.021059782608695652 0.015625
0 0.21942934782608695 0.9354619565217391 0.03736413043478261 0.027853260869565216
0 0.33627717391304346 0.9823369565217391 0.035326086956521736 0.026494565217391304
0 0.31521739130434784 0.9599184782608695 0.033967391304347824 0.025135869565217392
0 0.27853260869565216 0.8797554347826086 0.02377717391304348 0.017663043478260868
0 0.41847826086956524 0.9422554347826086 0.03260869565217391 0.024456521739130436
0 0.4205163043478261 0.9123641304347826 0.02717391304347826 0.020380434782608696
0 0.3845108695652174 0.8824728260869565 0.02377717391304348 0.017663043478260868
0 0.4164402173913043 0.9809782608695652 0.03804347826086957 0.028532608695652172
0 0.5278532608695652 0.9741847826086957 0.034646739130434784 0.025815217391304348
0 0.5917119565217391 0.9932065217391305 0.036684782608695655 0.01358695652173913
0 0.6358695652173914 0.9694293478260869 0.034646739130434784 0.025815217391304348
0 0.6868206521739131 0.9660326086956522 0.029891304347826088 0.022418478260869564
0 0.6915760869565217 0.9449728260869565 0.026494565217391304 0.020380434782608696
0 0.595108695652174 0.9313858695652174 0.028532608695652172 0.021059782608695652
0 0.6222826086956522 0.9422554347826086 0.029891304347826088 0.022418478260869564
0 0.5047554347826086 0.8770380434782609 0.022418478260869564 0.016983695652173912
0 0.6997282608695652 0.9130434782608695 0.020380434782608696 0.015625
0 0.6399456521739131 0.9014945652173914 0.01970108695652174 0.014266304347826086
0 0.6711956521739131 0.938858695652174 0.025815217391304348 0.01970108695652174
0 0.735733695652174 0.9402173913043478 0.022418478260869564 0.016983695652173912
0 0.720108695652174 0.9198369565217391 0.021059782608695652 0.015625
0 0.7615489130434783 0.9313858695652174 0.021739130434782608 0.015625
0 0.7846467391304348 0.9157608695652174 0.020380434782608696 0.014945652173913044
0 0.6922554347826086 0.889266304347826 0.017663043478260868 0.012907608695652174
0 0.7248641304347826 0.8838315217391305 0.016983695652173912 0.012228260869565218
0 0.6739130434782609 0.8783967391304348 0.017663043478260868 0.012907608695652174
0 0.5604619565217391 0.8770380434782609 0.020380434782608696 0.014945652173913044
0 0.5964673913043478 0.9008152173913043 0.02309782608695652 0.017663043478260868
0 0.7785326086956522 0.9042119565217391 0.019021739130434784 0.014266304347826086
0 0.7683423913043478 0.8947010869565217 0.017663043478260868 0.01358695652173913
0 0.811141304347826 0.8980978260869565 0.018342391304347828 0.01358695652173913
0 0.8634510869565217 0.8872282608695652 0.016983695652173912 0.012907608695652174
0 0.8743206521739131 0.8838315217391305 0.016304347826086956 0.012228260869565218
0 0.9211956521739131 0.8811141304347826 0.016304347826086956 0.012228260869565218
0 0.8885869565217391 0.8709239130434783 0.014266304347826086 0.010869565217391304
0 0.9470108695652174 0.9572010869565217 0.02309782608695652 0.016983695652173912
0 0.8131793478260869 0.8885869565217391 0.016983695652173912 0.012228260869565218
0 0.845108695652174 0.8756793478260869 0.014945652173913044 0.01154891304347826
0 0.8247282608695652 0.8858695652173914 0.016983695652173912 0.012228260869565218
0 0.9938858695652174 0.8559782608695652 0.012228260869565218 0.010190217391304348
0 0.891983695652174 0.8648097826086957 0.01358695652173913 0.010190217391304348
0 0.9008152173913043 0.8675271739130435 0.01358695652173913 0.010869565217391304
0 0.9014945652173914 0.858016304347826 0.012907608695652174 0.009510869565217392
0 0.9368206521739131 0.8682065217391305 0.014266304347826086 0.010190217391304348
0 0.9667119565217391 0.8532608695652174 0.012228260869565218 0.008831521739130434
0 0.9646739130434783 0.8614130434782609 0.012907608695652174 0.010190217391304348
0 0.9313858695652174 0.8403532608695652 0.010190217391304348 0.007472826086956522
0 0.9130434782608695 0.8383152173913043 0.009510869565217392 0.007472826086956522
0 0.904891304347826 0.8491847826086957 0.01154891304347826 0.008831521739130434
0 0.8994565217391305 0.8457880434782609 0.010869565217391304 0.008152173913043478
0 0.9225543478260869 0.8586956521739131 0.012907608695652174 0.010190217391304348
0 0.9286684782608695 0.8539402173913043 0.012228260869565218 0.009510869565217392
0 0.9341032608695652 0.8519021739130435 0.01154891304347826 0.008831521739130434
0 0.890625 0.8586956521739131 0.012907608695652174 0.009510869565217392
0 0.9069293478260869 0.8648097826086957 0.01358695652173913 0.010190217391304348
0 0.9171195652173914 0.8634510869565217 0.012907608695652174 0.010190217391304348
0 0.998641304347826 0.8824728260869565 0.002717391304347826 0.01154891304347826
0 0.953125 0.8505434782608695 0.01154891304347826 0.008831521739130434
0 0.8804347826086957 0.8478260869565217 0.01154891304347826 0.008152173913043478
0 0.8770380434782609 0.8430706521739131 0.010190217391304348 0.008152173913043478
0 0.8756793478260869 0.8532608695652174 0.012228260869565218 0.008831521739130434
0 0.8872282608695652 0.8498641304347826 0.01154891304347826 0.008831521739130434
0 0.8926630434782609 0.8485054347826086 0.01154891304347826 0.008152173913043478
0 0.8668478260869565 0.8546195652173914 0.012228260869565218 0.008831521739130434
0 0.8675271739130435 0.8444293478260869 0.010869565217391304 0.008152173913043478
0 0.8688858695652174 0.8743206521739131 0.014945652173913044 0.01154891304347826
0 0.8002717391304348 0.8383152173913043 0.009510869565217392 0.007472826086956522
0 0.7717391304347826 0.8349184782608695 0.008831521739130434 0.006793478260869565
0 0.7860054347826086 0.8383152173913043 0.009510869565217392 0.007472826086956522
0 0.8410326086956522 0.8634510869565217 0.01358695652173913 0.010190217391304348
0 0.8376358695652174 0.8566576086956522 0.012907608695652174 0.009510869565217392
0 0.8186141304347826 0.8498641304347826 0.01154891304347826 0.008831521739130434
0 0.8172554347826086 0.8614130434782609 0.012907608695652174 0.010190217391304348
0 0.7961956521739131 0.8668478260869565 0.014266304347826086 0.010869565217391304
0 0.7595108695652174 0.873641304347826 0.014266304347826086 0.010869565217391304
0 0.8213315217391305 0.8675271739130435 0.014266304347826086 0.010190217391304348
0 0.8349184782608695 0.8641304347826086 0.01358695652173913 0.010190217391304348
0 0.8525815217391305 0.845108695652174 0.010869565217391304 0.008152173913043478
0 0.8457880434782609 0.84375 0.010190217391304348 0.008152173913043478
0 0.8369565217391305 0.84375 0.010190217391304348 0.008152173913043478
0 0.860733695652174 0.8512228260869565 0.01154891304347826 0.008831521739130434
0 0.826766304347826 0.8471467391304348 0.010869565217391304 0.008152173913043478
0 0.8716032608695652 0.8471467391304348 0.010869565217391304 0.008152173913043478
0 0.748641304347826 0.8342391304347826 0.008831521739130434 0.006793478260869565
0 0.733016304347826 0.8478260869565217 0.01154891304347826 0.008831521739130434
0 0.7235054347826086 0.8444293478260869 0.010869565217391304 0.008152173913043478
0 0.7235054347826086 0.8389945652173914 0.009510869565217392 0.006793478260869565
0 0.7438858695652174 0.8539402173913043 0.012228260869565218 0.008831521739130434
0 0.7520380434782609 0.8573369565217391 0.012228260869565218 0.009510869565217392
0 0.7601902173913043 0.8614130434782609 0.01358695652173913 0.010190217391304348
0 0.7595108695652174 0.8512228260869565 0.01154891304347826 0.008831521739130434
0 0.7459239130434783 0.8648097826086957 0.01358695652173913 0.010190217391304348
0 0.7309782608695652 0.8573369565217391 0.012907608695652174 0.009510869565217392
0 0.7255434782608695 0.8498641304347826 0.01154891304347826 0.008831521739130434
0 0.7058423913043478 0.8532608695652174 0.01154891304347826 0.008831521739130434
0 0.6922554347826086 0.8444293478260869 0.010869565217391304 0.008152173913043478
0 0.7024456521739131 0.8389945652173914 0.009510869565217392 0.007472826086956522
0 0.7024456521739131 0.8661684782608695 0.01358695652173913 0.010190217391304348
0 0.6997282608695652 0.8600543478260869 0.012907608695652174 0.009510869565217392
0 0.6841032608695652 0.8464673913043478 0.010869565217391304 0.008152173913043478
0 0.670516304347826 0.8444293478260869 0.010869565217391304 0.008152173913043478
0 0.6691576086956522 0.860733695652174 0.01358695652173913 0.010190217391304348
0 0.6800271739130435 0.8722826086956522 0.016304347826086956 0.012228260869565218
0 0.6983695652173914 0.8804347826086957 0.016304347826086956 0.012228260869565218
0 0.6895380434782609 0.873641304347826 0.014945652173913044 0.01154891304347826
0 0.6657608695652174 0.8682065217391305 0.014945652173913044 0.01154891304347826
0 0.6508152173913043 0.8695652173913043 0.015625 0.01154891304347826
0 0.6596467391304348 0.859375 0.01358695652173913 0.010190217391304348
0 0.6637228260869565 0.8539402173913043 0.012228260869565218 0.009510869565217392
0 0.6630434782608695 0.8457880434782609 0.01154891304347826 0.008831521739130434
0 0.6270380434782609 0.8342391304347826 0.010190217391304348 0.007472826086956522
0 0.6304347826086957 0.8335597826086957 0.010190217391304348 0.007472826086956522
0 0.6270380434782609 0.826766304347826 0.008831521739130434 0.006793478260869565
0 0.6338315217391305 0.828125 0.008831521739130434 0.006793478260869565
0 0.6351902173913043 0.8233695652173914 0.008152173913043478 0.006114130434782609
0 0.6494565217391305 0.8335597826086957 0.008831521739130434 0.006793478260869565
0 0.6793478260869565 0.8342391304347826 0.008831521739130434 0.006793478260869565
0 0.6868206521739131 0.8322010869565217 0.008152173913043478 0.006114130434782609
0 0.6677989130434783 0.8410326086956522 0.010190217391304348 0.008152173913043478
0 0.6046195652173914 0.8430706521739131 0.01154891304347826 0.008831521739130434
0 0.49796195652173914 0.8491847826086957 0.016304347826086956 0.012228260869565218
0 0.5033967391304348 0.858016304347826 0.017663043478260868 0.012907608695652174
0 0.5319293478260869 0.8464673913043478 0.014945652173913044 0.01154891304347826
0 0.5373641304347826 0.8349184782608695 0.012907608695652174 0.009510869565217392
0 0.5394021739130435 0.8301630434782609 0.01154891304347826 0.008831521739130434
0 0.5380434782608695 0.8192934782608695 0.008152173913043478 0.006114130434782609
0 0.49728260869565216 0.8342391304347826 0.012907608695652174 0.010190217391304348
0 0.499320652173913 0.813858695652174 0.006793478260869565 0.005434782608695652
0 0.5081521739130435 0.8274456521739131 0.010869565217391304 0.008831521739130434
0 0.6032608695652174 0.8301630434782609 0.009510869565217392 0.007472826086956522
0 0.5883152173913043 0.858016304347826 0.014945652173913044 0.01154891304347826
0 0.6066576086956522 0.8668478260869565 0.016304347826086956 0.012228260869565218
0 0.4904891304347826 0.8546195652173914 0.016983695652173912 0.012907608695652174
0 0.44904891304347827 0.8233695652173914 0.01154891304347826 0.008831521739130434
0 0.41440217391304346 0.8349184782608695 0.014266304347826086 0.010869565217391304
0 0.4205163043478261 0.8464673913043478 0.016983695652173912 0.012228260869565218
0 0.4639945652173913 0.8131793478260869 0.009510869565217392 0.007472826086956522
0 0.43478260869565216 0.8097826086956522 0.008831521739130434 0.006793478260869565
0 0.4205163043478261 0.811141304347826 0.010190217391304348 0.007472826086956522
0 0.41915760869565216 0.8165760869565217 0.010869565217391304 0.008152173913043478
0 0.41508152173913043 0.8213315217391305 0.01154891304347826 0.008831521739130434
0 0.4585597826086957 0.8777173913043478 0.02309782608695652 0.017663043478260868
0 0.35529891304347827 0.8355978260869565 0.016304347826086956 0.01154891304347826
0 0.3845108695652174 0.8213315217391305 0.012907608695652174 0.010190217391304348
0 0.38858695652173914 0.8125 0.01154891304347826 0.008831521739130434
0 0.374320652173913 0.813858695652174 0.012228260869565218 0.009510869565217392
0 0.2764945652173913 0.8315217391304348 0.017663043478260868 0.012907608695652174
0 0.3111413043478261 0.829483695652174 0.016304347826086956 0.012228260869565218
0 0.3138586956521739 0.8172554347826086 0.01358695652173913 0.010190217391304348
0 0.3539402173913043 0.8145380434782609 0.012907608695652174 0.009510869565217392
0 0.36209239130434784 0.8084239130434783 0.01154891304347826 0.008831521739130434
0 0.1514945652173913 0.8260869565217391 0.01970108695652174 0.014945652173913044
0 0.15081521739130435 0.8050271739130435 0.019021739130434784 0.014266304347826086
0 0.13179347826086957 0.8118206521739131 0.020380434782608696 0.014945652173913044
0 0.20652173913043478 0.828125 0.019021739130434784 0.014266304347826086
0 0.02377717391304348 0.7717391304347826 0.017663043478260868 0.01358695652173913
0 0.04755434782608696 0.7635869565217391 0.016304347826086956 0.012228260869565218
0 0.08491847826086957 0.7914402173913043 0.019021739130434784 0.014266304347826086
0 0.15692934782608695 0.7554347826086957 0.012907608695652174 0.010190217391304348
0 0.19904891304347827 0.7547554347826086 0.010869565217391304 0.008152173913043478
0 0.20652173913043478 0.75 0.008831521739130434 0.006793478260869565
0 0.24728260869565216 0.779891304347826 0.01154891304347826 0.008831521739130434
0 0.014266304347826086 0.6725543478260869 0.008831521739130434 0.006793478260869565
0 0.035326086956521736 0.6820652173913043 0.009510869565217392 0.007472826086956522
0 0.024456521739130436 0.6800271739130435 0.009510869565217392 0.006793478260869565
0 0.01154891304347826 0.6807065217391305 0.009510869565217392 0.007472826086956522
0 0.004076086956521739 0.6820652173913043 0.008152173913043478 0.008152173913043478
0 0.16576086956521738 0.7404891304347826 0.010190217391304348 0.007472826086956522
0 0.17730978260869565 0.7398097826086957 0.010190217391304348 0.008152173913043478
0 0.20108695652173914 0.7425271739130435 0.008831521739130434 0.006793478260869565
0 0.19633152173913043 0.7418478260869565 0.008831521739130434 0.006793478260869565
0 0.18682065217391305 0.7398097826086957 0.008831521739130434 0.006793478260869565
0 0.16847826086956522 0.7323369565217391 0.008831521739130434 0.006793478260869565
0 0.1793478260869565 0.734375 0.008831521739130434 0.006114130434782609
0 0.15896739130434784 0.734375 0.009510869565217392 0.006793478260869565
0 0.14470108695652173 0.7262228260869565 0.008152173913043478 0.006114130434782609
0 0.13383152173913043 0.7255434782608695 0.008152173913043478 0.006114130434782609
0 0.13858695652173914 0.720108695652174 0.006793478260869565 0.005434782608695652
0 0.12635869565217392 0.7248641304347826 0.008152173913043478 0.006114130434782609
0 0.12160326086956522 0.717391304347826 0.006114130434782609 0.004755434782608696
0 0.12160326086956522 0.7282608695652174 0.008831521739130434 0.006793478260869565
0 0.14673913043478262 0.7418478260869565 0.01154891304347826 0.008152173913043478
0 0.15081521739130435 0.7459239130434783 0.01154891304347826 0.008831521739130434
0 0.13519021739130435 0.7404891304347826 0.010869565217391304 0.008831521739130434
0 0.18410326086956522 0.748641304347826 0.010190217391304348 0.008152173913043478
0 0.234375 0.75 0.009510869565217392 0.006793478260869565
0 0.005434782608695652 0.6936141304347826 0.001358695652173913 0.0006793478260869565
0 0.014266304347826086 0.7139945652173914 0.006793478260869565 0.005434782608695652
0 0.035326086956521736 0.7309782608695652 0.012228260869565218 0.009510869565217392
0 0.06317934782608696 0.7167119565217391 0.007472826086956522 0.006114130434782609
0 0.07744565217391304 0.7207880434782609 0.007472826086956522 0.005434782608695652
0 0.09171195652173914 0.7248641304347826 0.008831521739130434 0.006793478260869565
0 0.09918478260869565 0.7370923913043478 0.010869565217391304 0.008831521739130434
0 0.10733695652173914 0.7384510869565217 0.01154891304347826 0.008831521739130434
0 0.06657608695652174 0.7051630434782609 0.0020380434782608695 0.001358695652173913
0 0.06114130434782609 0.6976902173913043 0.012907608695652174 0.010190217391304348
0 0.06997282608695653 0.6983695652173914 0.012907608695652174 0.010190217391304348
0 0.08220108695652174 0.7072010869565217 0.0033967391304347825 0.0020380434782608695
0 0.08899456521739131 0.7051630434782609 0.0020380434782608695 0.001358695652173913
0 0.09714673913043478 0.7065217391304348 0.002717391304347826 0.0020380434782608695
0 0.03192934782608696 0.6915760869565217 0.010869565217391304 0.008152173913043478
0 0.04008152173913043 0.7010869565217391 0.005434782608695652 0.004076086956521739
0 0.043478260869565216 0.7146739130434783 0.007472826086956522 0.005434782608695652
0 0.04891304347826087 0.6983695652173914 0.004755434782608696 0.0033967391304347825
0 0.035326086956521736 0.704483695652174 0.0020380434782608695 0.001358695652173913
0 0.01358695652173913 0.704483695652174 0.0020380434782608695 0.001358695652173913
0 0.014266304347826086 0.6976902173913043 0.0033967391304347825 0.002717391304347826
0 0.049592391304347824 0.6915760869565217 0.02309782608695652 0.016983695652173912
0 0.10122282608695653 0.7255434782608695 0.008831521739130434 0.006793478260869565
0 0.11413043478260869 0.7139945652173914 0.0033967391304347825 0.002717391304347826
0 0.10394021739130435 0.7085597826086957 0.0033967391304347825 0.002717391304347826
0 0.21807065217391305 0.8009510869565217 0.016983695652173912 0.012907608695652174
0 0.22758152173913043 0.7588315217391305 0.008831521739130434 0.006793478260869565
0 0.23777173913043478 0.764266304347826 0.008831521739130434 0.006793478260869565
0 0.24388586956521738 0.7588315217391305 0.008152173913043478 0.006114130434782609
0 0.250679347826087 0.7581521739130435 0.007472826086956522 0.005434782608695652
0 0.19701086956521738 0.764266304347826 0.012228260869565218 0.009510869565217392
0 0.20720108695652173 0.7635869565217391 0.01154891304347826 0.008831521739130434
0 0.17527173913043478 0.7574728260869565 0.012907608695652174 0.010190217391304348
0 0.21875 0.7683423913043478 0.009510869565217392 0.007472826086956522
0 0.265625 0.7615489130434783 0.006793478260869565 0.005434782608695652
0 0.29347826086956524 0.7839673913043478 0.009510869565217392 0.006793478260869565
0 0.29008152173913043 0.7744565217391305 0.008152173913043478 0.006114130434782609
0 0.280570652173913 0.7900815217391305 0.01154891304347826 0.008831521739130434
0 0.29483695652173914 0.7778532608695652 0.008152173913043478 0.006114130434782609
0 0.30570652173913043 0.7778532608695652 0.008831521739130434 0.006114130434782609
0 0.31453804347826086 0.7710597826086957 0.006793478260869565 0.004755434782608696
0 0.33559782608695654 0.8125 0.012228260869565218 0.009510869565217392
0 0.32540760869565216 0.7805706521739131 0.008152173913043478 0.005434782608695652
0 0.3491847826086957 0.7764945652173914 0.006793478260869565 0.004755434782608696
0 0.3532608695652174 0.7880434782608695 0.008152173913043478 0.006114130434782609
0 0.3695652173913043 0.7832880434782609 0.006114130434782609 0.004755434782608696
0 0.3763586956521739 0.7914402173913043 0.007472826086956522 0.005434782608695652
0 0.40353260869565216 0.7927989130434783 0.006793478260869565 0.004755434782608696
0 0.39266304347826086 0.7934782608695652 0.006793478260869565 0.005434782608695652
0 0.4164402173913043 0.795516304347826 0.006793478260869565 0.005434782608695652
0 0.44633152173913043 0.8029891304347826 0.008152173913043478 0.006114130434782609
0 0.4578804347826087 0.8070652173913043 0.008152173913043478 0.006793478260869565
0 0.4517663043478261 0.8043478260869565 0.008152173913043478 0.006114130434782609
0 0.46195652173913043 0.8043478260869565 0.008152173913043478 0.006114130434782609
0 0.45584239130434784 0.8002717391304348 0.007472826086956522 0.005434782608695652
0 0.4701086956521739 0.8043478260869565 0.008152173913043478 0.006114130434782609
0 0.47282608695652173 0.8097826086956522 0.008831521739130434 0.006114130434782609
0 0.47690217391304346 0.8043478260869565 0.007472826086956522 0.005434782608695652
0 0.39877717391304346 0.7934782608695652 0.006793478260869565 0.005434782608695652
0 0.39877717391304346 0.798233695652174 0.008152173913043478 0.006114130434782609
0 0.421195652173913 0.8063858695652174 0.008831521739130434 0.006793478260869565
0 0.4891304347826087 0.811141304347826 0.006114130434782609 0.004755434782608696
0 0.5190217391304348 0.8104619565217391 0.006114130434782609 0.004755434782608696
0 0.5224184782608695 0.8125 0.006114130434782609 0.004755434782608696
0 0.5339673913043478 0.8097826086956522 0.004076086956521739 0.002717391304347826
0 0.5631793478260869 0.7737771739130435 0.008831521739130434 0.006793478260869565