0 0.1358695652173913 0.3953804347826087 0.050271739130434784 0.059103260869565216
0 0.2269021739130435 0.37160326086956524 0.05298913043478261 0.050951086956521736
0 0.3125 0.3736413043478261 0.05434782608695652 0.059782608695652176
0 0.41372282608695654 0.36684782608695654 0.050951086956521736 0.05434782608695652
0 0.4986413043478261 0.40353260869565216 0.05570652173913043 0.059103260869565216
0 0.5489130434782609 0.3919836956521739 0.04891304347826087 0.05434782608695652
0 0.5529891304347826 0.3383152173913043 0.04483695652173913 0.04755434782608696
0 0.6120923913043478 0.37771739130434784 0.046875 0.04619565217391304
0 0.6528532608695652 0.3960597826086957 0.04891304347826087 0.05570652173913043
0 0.7153532608695652 0.3539402173913043 0.042119565217391304 0.04823369565217391
0 0.7629076086956522 0.37771739130434784 0.04891304347826087 0.05502717391304348
0 0.8226902173913043 0.41508152173913043 0.04891304347826087 0.04755434782608696
0 0.8770380434782609 0.36752717391304346 0.046875 0.04823369565217391
0 0.8464673913043478 0.3226902173913043 0.042119565217391304 0.050271739130434784
0 0.9782608695652174 0.36684782608695654 0.043478260869565216 0.06182065217391304
0 0.8648097826086957 0.12024456521739131 0.016304347826086956 0.018342391304347828
0 0.8301630434782609 0.10190217391304347 0.014945652173913044 0.016983695652173912
0 0.8172554347826086 0.09850543478260869 0.012907608695652174 0.016983695652173912
0 0.8641304347826086 0.05434782608695652 0.014945652173913044 0.016983695652173912
0 0.8804347826086957 0.03940217391304348 0.012907608695652174 0.016983695652173912
0 0.9619565217391305 0.06997282608695653 0.017663043478260868 0.018342391304347828
0 0.9809782608695652 0.043478260869565216 0.016304347826086956 0.016983695652173912
0 0.983016304347826 0.018342391304347828 0.014945652173913044 0.016983695652173912
0 0.938858695652174 0.04551630434782609 0.014945652173913044 0.016983695652173912
0 0.9334239130434783 0.014945652173913044 0.012907608695652174 0.014945652173913044
0 0.8858695652173914 0.09442934782608696 0.016304347826086956 0.019021739130434784
0 0.7975543478260869 0.09918478260869565 0.014945652173913044 0.018342391304347828
0 0.7663043478260869 0.09510869565217392 0.012907608695652174 0.014945652173913044
0 0.7466032608695652 0.08967391304347826 0.012228260869565218 0.014945652173913044
0 0.7690217391304348 0.057744565217391304 0.012907608695652174 0.016983695652173912
0 0.7601902173913043 0.025815217391304348 0.012228260869565218 0.01154891304347826
0 0.7364130434782609 0.016304347826086956 0.012907608695652174 0.014945652173913044
0 0.7275815217391305 0.04823369565217391 0.014945652173913044 0.016983695652173912
0 0.8260869565217391 0.041440217391304345 0.012907608695652174 0.014266304347826086
0 0.8417119565217391 0.017663043478260868 0.012228260869565218 0.014945652173913044
0 0.84375 0.004755434782608696 0.012228260869565218 0.009510869565217392
0 0.8125 0.017663043478260868 0.012228260869565218 0.014266304347826086
0 0.7887228260869565 0.01970108695652174 0.012228260869565218 0.012228260869565218
0 0.7758152173913043 0.021739130434782608 0.012228260869565218 0.012228260869565218
0 0.7540760869565217 0.010190217391304348 0.012228260869565218 0.012228260869565218
0 0.875 0.004076086956521739 0.012228260869565218 0.007472826086956522
0 0.7744565217391305 0.007472826086956522 0.012228260869565218 0.012228260869565218
0 0.7092391304347826 0.010190217391304348 0.012907608695652174 0.014945652173913044
0 0.6956521739130435 0.018342391304347828 0.012228260869565218 0.014266304347826086
0 0.6827445652173914 0.02377717391304348 0.014945652173913044 0.014945652173913044
0 0.6983695652173914 0.04008152173913043 0.014945652173913044 0.016983695652173912
0 0.65625 0.06046195652173913 0.014945652173913044 0.014945652173913044
0 0.6385869565217391 0.07676630434782608 0.012907608695652174 0.014945652173913044
0 0.6582880434782609 0.035326086956521736 0.014945652173913044 0.014945652173913044
0 0.6338315217391305 0.028532608695652172 0.012228260869565218 0.014266304347826086
0 0.6351902173913043 0.04483695652173913 0.012907608695652174 0.014266304347826086
0 0.623641304347826 0.052309782608695655 0.012228260869565218 0.014266304347826086
0 0.609375 0.0625 0.014945652173913044 0.014266304347826086
0 0.5835597826086957 0.04823369565217391 0.012907608695652174 0.014266304347826086
0 0.5978260869565217 0.024456521739130436 0.012228260869565218 0.014266304347826086
0 0.6046195652173914 0.015625 0.012907608695652174 0.016983695652173912
0 0.5095108695652174 0.10190217391304347 0.012907608695652174 0.014945652173913044
0 0.5434782608695652 0.11888586956521739 0.016304347826086956 0.021059782608695652
0 0.5210597826086957 0.05638586956521739 0.014945652173913044 0.014266304347826086
0 0.5366847826086957 0.049592391304347824 0.012907608695652174 0.014945652173913044
0 0.5502717391304348 0.030570652173913044 0.012907608695652174 0.014266304347826086
0 0.5421195652173914 0.01154891304347826 0.012907608695652174 0.016983695652173912
0 0.5822010869565217 0.004076086956521739 0.012228260869565218 0.008152173913043478
0 0.6066576086956522 0.008831521739130434 0.012228260869565218 0.01154891304347826
0 0.2798913043478261 0.10529891304347826 0.016304347826086956 0.018342391304347828
0 0.3858695652173913 0.12296195652173914 0.017663043478260868 0.018342391304347828
0 0.41983695652173914 0.1331521739130435 0.017663043478260868 0.019021739130434784
0 0.4008152173913043 0.109375 0.016304347826086956 0.014945652173913044
0 0.3851902173913043 0.09578804347826086 0.012907608695652174 0.016983695652173912
0 0.41508152173913043 0.09035326086956522 0.014945652173913044 0.016983695652173912
0 0.46603260869565216 0.08491847826086957 0.017663043478260868 0.019021739130434784
0 0.42527173913043476 0.027853260869565216 0.012907608695652174 0.014945652173913044
0 0.43410326086956524 0.018342391304347828 0.012907608695652174 0.014945652173913044
0 0.41508152173913043 0.01358695652173913 0.012907608695652174 0.014945652173913044
0 0.39945652173913043 0.030570652173913044 0.016304347826086956 0.018342391304347828
0 0.4483695652173913 0.04076086956521739 0.012907608695652174 0.014945652173913044
0 0.4945652173913043 0.09714673913043478 0.012907608695652174 0.016983695652173912
0 0.485054347826087 0.08627717391304347 0.014945652173913044 0.014945652173913044
0 0.39334239130434784 0.14402173913043478 0.016304347826086956 0.018342391304347828
0 0.3607336956521739 0.10326086956521739 0.016304347826086956 0.018342391304347828
0 0.35054347826086957 0.06385869565217392 0.012907608695652174 0.014945652173913044
0 0.3498641304347826 0.04076086956521739 0.014945652173913044 0.014945652173913044
0 0.37228260869565216 0.006793478260869565 0.012907608695652174 0.01358695652173913
0 0.3138586956521739 0.059103260869565216 0.014945652173913044 0.018342391304347828
0 0.33220108695652173 0.08627717391304347 0.014945652173913044 0.016983695652173912
0 0.32472826086956524 0.10801630434782608 0.016304347826086956 0.018342391304347828
0 0.24728260869565216 0.13179347826086957 0.016304347826086956 0.019021739130434784
0 0.20652173913043478 0.12771739130434784 0.017663043478260868 0.021059782608695652
0 0.2425271739130435 0.07201086956521739 0.016304347826086956 0.018342391304347828
0 0.2608695652173913 0.042119565217391304 0.012907608695652174 0.018342391304347828
0 0.23165760869565216 0.051630434782608696 0.014945652173913044 0.016983695652173912
0 0.23029891304347827 0.03125 0.012228260869565218 0.014945652173913044
0 0.21671195652173914 0.042119565217391304 0.012907608695652174 0.014945652173913044
0 0.19293478260869565 0.03260869565217391 0.012907608695652174 0.014945652173913044
0 0.1949728260869565 0.006793478260869565 0.014945652173913044 0.01358695652173913
0 0.16304347826086957 0.010190217391304348 0.014945652173913044 0.014945652173913044
0 0.15557065217391305 0.007472826086956522 0.012907608695652174 0.012228260869565218
0 0.19021739130434784 0.07336956521739131 0.016304347826086956 0.018342391304347828
0 0.2139945652173913 0.07880434782608696 0.014945652173913044 0.016983695652173912
0 0.20108695652173914 0.05298913043478261 0.014945652173913044 0.016983695652173912
0 0.21807065217391305 0.012907608695652174 0.012907608695652174 0.014945652173913044
0 0.27445652173913043 0.029891304347826088 0.012907608695652174 0.014945652173913044
0 0.11820652173913043 0.0625 0.014945652173913044 0.016983695652173912
0 0.13043478260869565 0.049592391304347824 0.012907608695652174 0.014945652173913044
0 0.12907608695652173 0.029211956521739132 0.014945652173913044 0.014945652173913044
0 0.07133152173913043 0.06725543478260869 0.016304347826086956 0.018342391304347828
0 0.078125 0.049592391304347824 0.014945652173913044 0.018342391304347828
0 0.08152173913043478 0.006793478260869565 0.01358695652173913 0.01358695652173913
0 0.1324728260869565 0.01358695652173913 0.012907608695652174 0.014266304347826086
0 0.028532608695652172 0.043478260869565216 0.012907608695652174 0.014945652173913044
0 0.05502717391304348 0.025135869565217392 0.014945652173913044 0.014945652173913044
0 0.044157608695652176 0.08831521739130435 0.01970108695652174 0.018342391304347828
0 0.05570652173913043 0.016304347826086956 0.012228260869565218 0.014266304347826086
0 0.7309782608695652 0.07540760869565218 0.014945652173913044 0.014266304347826086
0 0.7105978260869565 0.09239130434782608 0.014945652173913044 0.01358695652173913
0 0.8376358695652174 0.025135869565217392 0.014266304347826086 0.012228260869565218
0 0.9116847826086957 0.0020380434782608695 0.012907608695652174 0.004076086956521739
0 0.6868206521739131 0.10258152173913043 0.014266304347826086 0.01358695652173913
0 0.579483695652174 0.078125 0.017663043478260868 0.014266304347826086
0 0.48709239130434784 0.010869565217391304 0.016304347826086956 0.01358695652173913
0 0.46195652173913043 0.033967391304347824 0.016304347826086956 0.014266304347826086
0 0.3580163043478261 0.025135869565217392 0.016304347826086956 0.014266304347826086
0 0.3702445652173913 0.021059782608695652 0.014945652173913044 0.014266304347826086
0 0.34171195652173914 0.01154891304347826 0.016304347826086956 0.01358695652173913
0 0.33016304347826086 0.018342391304347828 0.014945652173913044 0.014266304347826086
0 0.3172554347826087 0.025815217391304348 0.016304347826086956 0.014266304347826086
0 0.281929347826087 0.059103260869565216 0.016304347826086956 0.014266304347826086
0 0.15896739130434784 0.057744565217391304 0.016304347826086956 0.014266304347826086
0 0.1514945652173913 0.08627717391304347 0.018342391304347828 0.016304347826086956
0 0.10258152173913043 0.010869565217391304 0.014266304347826086 0.012228260869565218
0 0.035326086956521736 0.024456521739130436 0.014945652173913044 0.01358695652173913
0 0.017663043478260868 0.014266304347826086 0.014266304347826086 0.01358695652173913
0 0.012907608695652174 0.10054347826086957 0.01970108695652174 0.016983695652173912