0 0.15828804347826086 0.11345108695652174 0.009510869565217392 0.008152173913043478
0 0.07336956521739131 0.1331521739130435 0.008152173913043478 0.007472826086956522
0 0.029891304347826088 0.15828804347826086 0.008831521739130434 0.007472826086956522
0 0.09646739130434782 0.21807065217391305 0.010869565217391304 0.008831521739130434
0 0.15421195652173914 0.18817934782608695 0.010869565217391304 0.008831521739130434
0 0.21263586956521738 0.12567934782608695 0.009510869565217392 0.008831521739130434
0 0.21331521739130435 0.1480978260869565 0.009510869565217392 0.008831521739130434
0 0.24592391304347827 0.16168478260869565 0.012907608695652174 0.010869565217391304
0 0.27309782608695654 0.15421195652173914 0.009510869565217392 0.008831521739130434
0 0.23709239130434784 0.18342391304347827 0.010869565217391304 0.009510869565217392
0 0.23980978260869565 0.22758152173913043 0.010869565217391304 0.009510869565217392
0 0.24864130434782608 0.24388586956521738 0.010190217391304348 0.008831521739130434
0 0.1800271739130435 0.21807065217391305 0.010190217391304348 0.010190217391304348
0 0.15013586956521738 0.21603260869565216 0.009510869565217392 0.008831521739130434
0 0.15081521739130435 0.26766304347826086 0.01154891304347826 0.010869565217391304
0 0.21467391304347827 0.25407608695652173 0.01154891304347826 0.010190217391304348
0 0.2703804347826087 0.2669836956521739 0.010190217391304348 0.008831521739130434
0 0.3451086956521739 0.2554347826086957 0.010869565217391304 0.009510869565217392
0 0.38315217391304346 0.25815217391304346 0.010190217391304348 0.008831521739130434
0 0.36684782608695654 0.29415760869565216 0.009510869565217392 0.008831521739130434
0 0.3654891304347826 0.21535326086956522 0.008152173913043478 0.007472826086956522
0 0.2955163043478261 0.1827445652173913 0.008152173913043478 0.007472826086956522
0 0.25815217391304346 0.11277173913043478 0.008152173913043478 0.008831521739130434
0 0.26154891304347827 0.09239130434782608 0.010190217391304348 0.008831521739130434
0 0.23233695652173914 0.057065217391304345 0.010869565217391304 0.009510869565217392
0 0.20855978260869565 0.07065217391304347 0.01154891304347826 0.008831521739130434
0 0.28872282608695654 0.09918478260869565 0.008831521739130434 0.008831521739130434
0 0.343070652173913 0.11345108695652174 0.008831521739130434 0.007472826086956522
0 0.3953804347826087 0.13790760869565216 0.009510869565217392 0.009510869565217392
0 0.3491847826086957 0.14198369565217392 0.009510869565217392 0.008831521739130434
0 0.3546195652173913 0.1671195652173913 0.010190217391304348 0.008831521739130434
0 0.3953804347826087 0.23029891304347827 0.006793478260869565 0.006114130434782609
0 0.4436141304347826 0.23165760869565216 0.007472826086956522 0.007472826086956522
0 0.43410326086956524 0.21603260869565216 0.009510869565217392 0.008831521739130434
0 0.4517663043478261 0.19972826086956522 0.010869565217391304 0.008831521739130434
0 0.47146739130434784 0.171875 0.008152173913043478 0.007472826086956522
0 0.40896739130434784 0.10869565217391304 0.007472826086956522 0.007472826086956522
0 0.41983695652173914 0.09646739130434782 0.006114130434782609 0.006114130434782609
0 0.37907608695652173 0.08491847826086957 0.008831521739130434 0.007472826086956522
0 0.38247282608695654 0.03940217391304348 0.008152173913043478 0.008152173913043478
0 0.5360054347826086 0.1487771739130435 0.010190217391304348 0.009510869565217392
0 0.4796195652173913 0.14741847826086957 0.007472826086956522 0.007472826086956522
0 0.453804347826087 0.2955163043478261 0.010869565217391304 0.009510869565217392
0 0.5115489130434783 0.29008152173913043 0.008152173913043478 0.007472826086956522
0 0.5536684782608695 0.2235054347826087 0.008152173913043478 0.007472826086956522
0 0.5665760869565217 0.28940217391304346 0.009510869565217392 0.008831521739130434
0 0.5434782608695652 0.296195652173913 0.006793478260869565 0.006114130434782609
0 0.6114130434782609 0.2669836956521739 0.008831521739130434 0.008831521739130434
0 0.6195652173913043 0.22146739130434784 0.009510869565217392 0.008152173913043478
0 0.6949728260869565 0.16576086956521738 0.007472826086956522 0.007472826086956522
0 0.7364130434782609 0.2105978260869565 0.009510869565217392 0.008831521739130434
0 0.6834239130434783 0.21195652173913043 0.008831521739130434 0.008152173913043478
0 0.6623641304347826 0.21535326086956522 0.008152173913043478 0.007472826086956522
0 0.6711956521739131 0.22826086956521738 0.010190217391304348 0.009510869565217392
0 0.6983695652173914 0.23777173913043478 0.01154891304347826 0.009510869565217392
0 0.686141304347826 0.25271739130434784 0.01154891304347826 0.010190217391304348
0 0.7282608695652174 0.24864130434782608 0.012228260869565218 0.010869565217391304
0 0.43953804347826086 0.12567934782608695 0.008831521739130434 0.008152173913043478
0 0.6949728260869565 0.27785326086956524 0.010190217391304348 0.008831521739130434
0 0.7241847826086957 0.27309782608695654 0.012907608695652174 0.010869565217391304
0 0.765625 0.2866847826086957 0.010869565217391304 0.010190217391304348
0 0.717391304347826 0.29008152173913043 0.014266304347826086 0.010869565217391304
0 0.7214673913043478 0.3070652173913043 0.01358695652173913 0.010869565217391304
0 0.20652173913043478 0.36277173913043476 0.010190217391304348 0.009510869565217392
0 0.22282608695652173 0.3172554347826087 0.010190217391304348 0.008831521739130434
0 0.34103260869565216 0.3111413043478261 0.012907608695652174 0.010869565217391304
0 0.27717391304347827 0.39877717391304346 0.010869565217391304 0.009510869565217392
0 0.33559782608695654 0.3491847826086957 0.009510869565217392 0.008831521739130434
0 0.3804347826086957 0.3220108695652174 0.010190217391304348 0.009510869565217392
0 0.39877717391304346 0.30978260869565216 0.010869565217391304 0.008831521739130434
0 0.4796195652173913 0.3138586956521739 0.008831521739130434 0.008831521739130434
0 0.4388586956521739 0.3172554347826087 0.01154891304347826 0.008831521739130434
0 0.3736413043478261 0.5360054347826086 0.010190217391304348 0.008831521739130434
0 0.43070652173913043 0.5563858695652174 0.009510869565217392 0.008831521739130434
0 0.4701086956521739 0.5047554347826086 0.008152173913043478 0.007472826086956522
0 0.5101902173913043 0.5006793478260869 0.008831521739130434 0.008152173913043478
0 0.5394021739130435 0.5271739130434783 0.010869565217391304 0.009510869565217392
0 0.5971467391304348 0.545516304347826 0.010190217391304348 0.008831521739130434
0 0.5101902173913043 0.4320652173913043 0.010869565217391304 0.008831521739130434
0 0.42866847826086957 0.39809782608695654 0.007472826086956522 0.007472826086956522
0 0.5197010869565217 0.4014945652173913 0.009510869565217392 0.008831521739130434
0 0.5176630434782609 0.3811141304347826 0.01358695652173913 0.010869565217391304
0 0.5319293478260869 0.3451086956521739 0.008831521739130434 0.007472826086956522
0 0.5523097826086957 0.33152173913043476 0.007472826086956522 0.007472826086956522
0 0.6413043478260869 0.42595108695652173 0.012907608695652174 0.010190217391304348
0 0.71875 0.5373641304347826 0.01154891304347826 0.010190217391304348
0 0.7690217391304348 0.5489130434782609 0.012228260869565218 0.010869565217391304
0 0.7894021739130435 0.5122282608695652 0.010869565217391304 0.009510869565217392
0 0.8125 0.44904891304347827 0.010869565217391304 0.009510869565217392
0 0.7995923913043478 0.42595108695652173 0.01154891304347826 0.010190217391304348
0 0.751358695652174 0.3138586956521739 0.01154891304347826 0.010869565217391304
0 0.8641304347826086 0.3580163043478261 0.01154891304347826 0.010869565217391304
0 0.8960597826086957 0.3845108695652174 0.01154891304347826 0.010190217391304348
0 0.9239130434782609 0.3953804347826087 0.010869565217391304 0.008831521739130434
0 0.9605978260869565 0.3804347826086957 0.010869565217391304 0.010190217391304348
0 0.9850543478260869 0.3702445652173913 0.01358695652173913 0.010869565217391304
0 0.9171195652173914 0.4938858695652174 0.010869565217391304 0.010869565217391304
0 0.9891304347826086 0.42866847826086957 0.01154891304347826 0.010869565217391304
0 0.11480978260869565 0.5631793478260869 0.010869565217391304 0.008831521739130434
0 0.5040760869565217 0.5855978260869565 0.01154891304347826 0.008831521739130434
0 0.5883152173913043 0.5733695652173914 0.009510869565217392 0.008152173913043478
0 0.6182065217391305 0.5971467391304348 0.010190217391304348 0.010869565217391304
0 0.5998641304347826 0.7302989130434783 0.008152173913043478 0.007472826086956522
0 0.6487771739130435 0.6073369565217391 0.012228260869565218 0.010190217391304348
0 0.7615489130434783 0.579483695652174 0.014266304347826086 0.012228260869565218
0 0.7180706521739131 0.595108695652174 0.012228260869565218 0.010869565217391304
0 0.6976902173913043 0.6847826086956522 0.010190217391304348 0.010190217391304348
0 0.8471467391304348 0.8498641304347826 0.01154891304347826 0.010869565217391304
0 0.9714673913043478 0.8573369565217391 0.010190217391304348 0.008831521739130434
0 0.12024456521739131 0.004076086956521739 0.012228260869565218 0.008152173913043478
0 0.10869565217391304 0.01154891304347826 0.012228260869565218 0.010190217391304348
0 0.11005434782608696 0.09035326086956522 0.010869565217391304 0.008152173913043478
0 0.12771739130434784 0.10394021739130435 0.010190217391304348 0.008152173913043478
0 0.16236413043478262 0.13519021739130435 0.010190217391304348 0.008831521739130434
0 0.13451086956521738 0.13654891304347827 0.009510869565217392 0.007472826086956522
0 0.029891304347826088 0.14470108695652173 0.010190217391304348 0.008152173913043478
0 0.07133152173913043 0.21603260869565216 0.01154891304347826 0.008831521739130434
0 0.058423913043478264 0.20516304347826086 0.010190217391304348 0.008831521739130434
0 0.12771739130434784 0.2139945652173913 0.01154891304347826 0.008831521739130434
0 0.22554347826086957 0.14266304347826086 0.010869565217391304 0.008831521739130434
0 0.2601902173913043 0.18342391304347827 0.010190217391304348 0.008152173913043478
0 0.25 0.2105978260869565 0.01154891304347826 0.008831521739130434
0 0.2826086956521739 0.21331521739130435 0.01154891304347826 0.008831521739130434
0 0.21671195652173914 0.2262228260869565 0.01154891304347826 0.008831521739130434
0 0.08627717391304347 0.2601902173913043 0.010869565217391304 0.008831521739130434
0 0.08288043478260869 0.2907608695652174 0.01154891304347826 0.008831521739130434
0 0.04891304347826087 0.30027173913043476 0.01154891304347826 0.008831521739130434
0 0.11956521739130435 0.29483695652173914 0.010869565217391304 0.008831521739130434
0 0.15081521739130435 0.29483695652173914 0.01154891304347826 0.008831521739130434
0 0.15081521739130435 0.27853260869565216 0.01154891304347826 0.008831521739130434
0 0.15896739130434784 0.25339673913043476 0.01154891304347826 0.008831521739130434
0 0.17119565217391305 0.24592391304347827 0.01154891304347826 0.008831521739130434
0 0.1983695652173913 0.2798913043478261 0.010869565217391304 0.008831521739130434
0 0.24388586956521738 0.2710597826086957 0.010869565217391304 0.008831521739130434
0 0.23097826086956522 0.2764945652173913 0.010869565217391304 0.008831521739130434
0 0.20380434782608695 0.30027173913043476 0.01154891304347826 0.008831521739130434
0 0.2982336956521739 0.29959239130434784 0.010869565217391304 0.008831521739130434
0 0.31521739130434784 0.25883152173913043 0.010869565217391304 0.008831521739130434
0 0.3389945652173913 0.28940217391304346 0.01154891304347826 0.008831521739130434
0 0.328804347826087 0.20176630434782608 0.009510869565217392 0.007472826086956522
0 0.328125 0.1827445652173913 0.010190217391304348 0.008152173913043478
0 0.297554347826087 0.14470108695652173 0.010190217391304348 0.008152173913043478
0 0.24116847826086957 0.022418478260869564 0.010190217391304348 0.008152173913043478
0 0.2561141304347826 0.03872282608695652 0.010190217391304348 0.008152173913043478
0 0.27785326086956524 0.028532608695652172 0.010869565217391304 0.008152173913043478
0 0.30910326086956524 0.04076086956521739 0.010190217391304348 0.008152173913043478
0 0.389945652173913 0.20176630434782608 0.010190217391304348 0.007472826086956522
0 0.46603260869565216 0.19972826086956522 0.008831521739130434 0.007472826086956522
0 0.4422554347826087 0.15421195652173914 0.009510869565217392 0.007472826086956522
0 0.42459239130434784 0.17323369565217392 0.010190217391304348 0.007472826086956522
0 0.40217391304347827 0.17323369565217392 0.010190217391304348 0.008152173913043478
0 0.343070652173913 0.05434782608695652 0.008831521739130434 0.007472826086956522
0 0.40285326086956524 0.04823369565217391 0.008152173913043478 0.006793478260869565
0 0.4436141304347826 0.03940217391304348 0.008152173913043478 0.006793478260869565
0 0.45652173913043476 0.04891304347826087 0.008831521739130434 0.006793478260869565
0 0.4748641304347826 0.05366847826086957 0.008152173913043478 0.006114130434782609
0 0.5081521739130435 0.036005434782608696 0.008152173913043478 0.006114130434782609
0 0.5163043478260869 0.11480978260869565 0.008152173913043478 0.006793478260869565
0 0.5067934782608695 0.16983695652173914 0.009510869565217392 0.008152173913043478
0 0.46603260869565216 0.15692934782608695 0.010190217391304348 0.007472826086956522
0 0.5081521739130435 0.24048913043478262 0.009510869565217392 0.008152173913043478
0 0.48165760869565216 0.250679347826087 0.009510869565217392 0.008152173913043478
0 0.41779891304347827 0.2751358695652174 0.010190217391304348 0.008152173913043478
0 0.48029891304347827 0.280570652173913 0.009510869565217392 0.007472826086956522
0 0.5163043478260869 0.25883152173913043 0.009510869565217392 0.008152173913043478
0 0.5278532608695652 0.22146739130434784 0.009510869565217392 0.007472826086956522
0 0.5115489130434783 0.20176630434782608 0.009510869565217392 0.007472826086956522
0 0.5244565217391305 0.19769021739130435 0.010190217391304348 0.007472826086956522
0 0.48641304347826086 0.18614130434782608 0.009510869565217392 0.007472826086956522
0 0.5903532608695652 0.22894021739130435 0.009510869565217392 0.007472826086956522
0 0.5706521739130435 0.2601902173913043 0.008831521739130434 0.007472826086956522
0 0.610733695652174 0.27377717391304346 0.010190217391304348 0.008152173913043478
0 0.5339673913043478 0.005434782608695652 0.007472826086956522 0.006114130434782609
0 0.5074728260869565 0.0006793478260869565 0.006793478260869565 0.001358695652173913
0 0.5040760869565217 0.035326086956521736 0.008152173913043478 0.006114130434782609
0 0.6331521739130435 0.10801630434782608 0.008831521739130434 0.007472826086956522
0 0.7248641304347826 0.16032608695652173 0.006793478260869565 0.005434782608695652
0 0.7384510869565217 0.17595108695652173 0.008152173913043478 0.006114130434782609
0 0.7146739130434783 0.17730978260869565 0.008152173913043478 0.006114130434782609
0 0.6990489130434783 0.19293478260869565 0.008831521739130434 0.007472826086956522
0 0.7683423913043478 0.2418478260869565 0.012228260869565218 0.009510869565217392
0 0.4422554347826087 0.11345108695652174 0.008831521739130434 0.007472826086956522
0 0.4171195652173913 0.1514945652173913 0.009510869565217392 0.008152173913043478
0 0.6195652173913043 0.24456521739130435 0.010190217391304348 0.008152173913043478
0 0.6528532608695652 0.265625 0.010869565217391304 0.008831521739130434
0 0.6637228260869565 0.2826086956521739 0.012907608695652174 0.010190217391304348
0 0.6779891304347826 0.28532608695652173 0.012907608695652174 0.010190217391304348
0 0.7432065217391305 0.2826086956521739 0.012907608695652174 0.010190217391304348
0 0.7024456521739131 0.3070652173913043 0.012907608695652174 0.010869565217391304
0 0.6752717391304348 0.30027173913043476 0.012907608695652174 0.010190217391304348
0 0.06046195652173913 0.33559782608695654 0.01154891304347826 0.008831521739130434
0 0.03125 0.3335597826086957 0.01154891304347826 0.008831521739130434
0 0.020380434782608696 0.34035326086956524 0.012228260869565218 0.008831521739130434
0 0.03328804347826087 0.344429347826087 0.010869565217391304 0.008831521739130434
0 0.0033967391304347825 0.36684782608695654 0.006793478260869565 0.009510869565217392
0 0.042798913043478264 0.36209239130434784 0.010869565217391304 0.008831521739130434
0 0.08288043478260869 0.35190217391304346 0.01154891304347826 0.008831521739130434
0 0.08763586956521739 0.3294836956521739 0.010869565217391304 0.008831521739130434
0 0.09442934782608696 0.31657608695652173 0.01154891304347826 0.008831521739130434
0 0.06317934782608696 0.375679347826087 0.010869565217391304 0.008831521739130434
0 0.06861413043478261 0.40896739130434784 0.01154891304347826 0.008831521739130434
0 0.11956521739130435 0.41032608695652173 0.010869565217391304 0.008831521739130434
0 0.15489130434782608 0.3960597826086957 0.010869565217391304 0.008152173913043478
0 0.16915760869565216 0.3811141304347826 0.010869565217391304 0.008831521739130434
0 0.1487771739130435 0.35665760869565216 0.01154891304347826 0.008831521739130434
0 0.15081521739130435 0.33695652173913043 0.01154891304347826 0.008831521739130434
0 0.20040760869565216 0.3383152173913043 0.010869565217391304 0.008831521739130434
0 0.1610054347826087 0.36752717391304346 0.010190217391304348 0.008831521739130434
0 0.32472826086956524 0.3226902173913043 0.010869565217391304 0.008831521739130434
0 0.29347826086956524 0.32065217391304346 0.010869565217391304 0.008831521739130434
0 0.2826086956521739 0.34782608695652173 0.01154891304347826 0.008831521739130434
0 0.30842391304347827 0.360054347826087 0.010869565217391304 0.008831521739130434
0 0.297554347826087 0.375679347826087 0.010869565217391304 0.008831521739130434
0 0.25339673913043476 0.38247282608695654 0.010869565217391304 0.008831521739130434
0 0.22146739130434784 0.4008152173913043 0.010869565217391304 0.008831521739130434
0 0.20040760869565216 0.405570652173913 0.010869565217391304 0.008152173913043478
0 0.17798913043478262 0.41983695652173914 0.010869565217391304 0.008831521739130434
0 0.16032608695652173 0.43478260869565216 0.01154891304347826 0.008831521739130434
0 0.19157608695652173 0.44429347826086957 0.010869565217391304 0.008831521739130434
0 0.15692934782608695 0.4585597826086957 0.010869565217391304 0.008831521739130434
0 0.13451086956521738 0.46535326086956524 0.010869565217391304 0.008831521739130434
0 0.08084239130434782 0.46875 0.010190217391304348 0.008152173913043478
0 0.08899456521739131 0.5197010869565217 0.010190217391304348 0.008152173913043478
0 0.1875 0.515625 0.010190217391304348 0.008152173913043478
0 0.16508152173913043 0.5285326086956522 0.010190217391304348 0.008152173913043478
0 0.2269021739130435 0.5366847826086957 0.010190217391304348 0.008152173913043478
0 0.2751358695652174 0.5475543478260869 0.010190217391304348 0.008152173913043478
0 0.3016304347826087 0.5183423913043478 0.010190217391304348 0.008152173913043478
0 0.28532608695652173 0.48845108695652173 0.010190217391304348 0.008152173913043478
0 0.266304347826087 0.48029891304347827 0.010190217391304348 0.008152173913043478
0 0.2642663043478261 0.45516304347826086 0.010190217391304348 0.008831521739130434
0 0.2262228260869565 0.4327445652173913 0.010869565217391304 0.008831521739130434
0 0.24864130434782608 0.39741847826086957 0.01154891304347826 0.008831521739130434
0 0.25339673913043476 0.38722826086956524 0.010869565217391304 0.008831521739130434
0 0.34035326086956524 0.390625 0.010190217391304348 0.008152173913043478
0 0.35054347826086957 0.3688858695652174 0.010190217391304348 0.008152173913043478
0 0.3654891304347826 0.3389945652173913 0.010190217391304348 0.008152173913043478
0 0.44497282608695654 0.33220108695652173 0.010190217391304348 0.008152173913043478
0 0.44089673913043476 0.34646739130434784 0.010190217391304348 0.008831521739130434
0 0.406929347826087 0.34578804347826086 0.010190217391304348 0.008152173913043478
0 0.3607336956521739 0.35258152173913043 0.010190217391304348 0.008152173913043478
0 0.3858695652173913 0.37771739130434784 0.010190217391304348 0.008152173913043478
0 0.3763586956521739 0.3858695652173913 0.010190217391304348 0.008152173913043478
0 0.34035326086956524 0.421195652173913 0.010190217391304348 0.008152173913043478
0 0.3138586956521739 0.4327445652173913 0.010190217391304348 0.008152173913043478
0 0.29891304347826086 0.45108695652173914 0.010190217391304348 0.008152173913043478
0 0.35258152173913043 0.4422554347826087 0.010190217391304348 0.008152173913043478
0 0.3485054347826087 0.4673913043478261 0.010190217391304348 0.008152173913043478
0 0.36209239130434784 0.4898097826086957 0.009510869565217392 0.008152173913043478
0 0.38722826086956524 0.483695652173913 0.010190217391304348 0.008152173913043478
0 0.3342391304347826 0.5101902173913043 0.010190217391304348 0.008152173913043478
0 0.360054347826087 0.5176630434782609 0.010190217391304348 0.008152173913043478
0 0.3858695652173913 0.5088315217391305 0.010190217391304348 0.008152173913043478
0 0.39945652173913043 0.5054347826086957 0.010190217391304348 0.008152173913043478
0 0.40421195652173914 0.5563858695652174 0.010190217391304348 0.008152173913043478
0 0.4633152173913043 0.5339673913043478 0.010190217391304348 0.008152173913043478
0 0.4116847826086957 0.5360054347826086 0.010190217391304348 0.008152173913043478
0 0.44021739130434784 0.5033967391304348 0.010190217391304348 0.008152173913043478
0 0.4782608695652174 0.516983695652174 0.010190217391304348 0.008152173913043478
0 0.46535326086956524 0.49592391304347827 0.010190217391304348 0.008152173913043478
0 0.5421195652173914 0.4898097826086957 0.010190217391304348 0.008152173913043478
0 0.5475543478260869 0.5149456521739131 0.010190217391304348 0.008152173913043478
0 0.5774456521739131 0.515625 0.010190217391304348 0.008152173913043478
0 0.5828804347826086 0.48097826086956524 0.010190217391304348 0.008831521739130434
0 0.5726902173913043 0.5427989130434783 0.010190217391304348 0.008152173913043478
0 0.5394021739130435 0.5536684782608695 0.010190217391304348 0.008831521739130434
0 0.5985054347826086 0.5047554347826086 0.010190217391304348 0.008152173913043478
0 0.5067934782608695 0.438179347826087 0.010190217391304348 0.008152173913043478
0 0.48097826086956524 0.4273097826086957 0.010190217391304348 0.008152173913043478
0 0.40828804347826086 0.4313858695652174 0.010190217391304348 0.008152173913043478
0 0.41032608695652173 0.4123641304347826 0.010190217391304348 0.008152173913043478
0 0.4123641304347826 0.38654891304347827 0.010869565217391304 0.008152173913043478
0 0.44497282608695654 0.3736413043478261 0.010190217391304348 0.008152173913043478
0 0.47622282608695654 0.36616847826086957 0.010190217391304348 0.008152173913043478
0 0.48641304347826086 0.38722826086956524 0.010190217391304348 0.008152173913043478
0 0.46059782608695654 0.405570652173913 0.010190217391304348 0.008152173913043478
0 0.4361413043478261 0.41983695652173914 0.010190217391304348 0.008152173913043478
0 0.43342391304347827 0.4388586956521739 0.010190217391304348 0.008152173913043478
0 0.5074728260869565 0.4116847826086957 0.009510869565217392 0.008152173913043478
0 0.595108695652174 0.344429347826087 0.010190217391304348 0.008152173913043478
0 0.6161684782608695 0.33016304347826086 0.010190217391304348 0.008152173913043478
0 0.6100543478260869 0.358695652173913 0.010190217391304348 0.008831521739130434
0 0.5889945652173914 0.38722826086956524 0.010869565217391304 0.008831521739130434
0 0.5597826086956522 0.3892663043478261 0.010869565217391304 0.008831521739130434
0 0.5679347826086957 0.4164402173913043 0.010869565217391304 0.008152173913043478
0 0.5740489130434783 0.43478260869565216 0.010869565217391304 0.008831521739130434
0 0.6025815217391305 0.4313858695652174 0.010869565217391304 0.008831521739130434
0 0.6175271739130435 0.39266304347826086 0.01154891304347826 0.008831521739130434
0 0.6188858695652174 0.4116847826086957 0.010190217391304348 0.008831521739130434
0 0.6209239130434783 0.3070652173913043 0.010869565217391304 0.008152173913043478
0 0.6216032608695652 0.35529891304347827 0.01154891304347826 0.008831521739130434
0 0.6623641304347826 0.41304347826086957 0.012228260869565218 0.009510869565217392
0 0.6671195652173914 0.39334239130434784 0.012228260869565218 0.009510869565217392
0 0.6807065217391305 0.41032608695652173 0.01154891304347826 0.009510869565217392
0 0.6997282608695652 0.4157608695652174 0.012228260869565218 0.010190217391304348
0 0.701766304347826 0.39945652173913043 0.012228260869565218 0.010190217391304348
0 0.7180706521739131 0.39877717391304346 0.012228260869565218 0.010190217391304348
0 0.7065217391304348 0.3736413043478261 0.012228260869565218 0.010190217391304348
0 0.7085597826086957 0.3546195652173913 0.012907608695652174 0.010190217391304348
0 0.7228260869565217 0.359375 0.012907608695652174 0.010190217391304348
0 0.7241847826086957 0.34171195652173914 0.01358695652173913 0.010869565217391304
0 0.7452445652173914 0.35054347826086957 0.012228260869565218 0.010190217391304348
0 0.7459239130434783 0.3702445652173913 0.012228260869565218 0.010190217391304348
0 0.748641304347826 0.3892663043478261 0.012228260869565218 0.010190217391304348
0 0.7418478260869565 0.43410326086956524 0.012228260869565218 0.010190217391304348
0 0.7418478260869565 0.42391304347826086 0.012228260869565218 0.010190217391304348
0 0.701766304347826 0.43478260869565216 0.012228260869565218 0.010190217391304348
0 0.6834239130434783 0.44157608695652173 0.01154891304347826 0.008831521739130434
0 0.7112771739130435 0.4483695652173913 0.012228260869565218 0.009510869565217392
0 0.6610054347826086 0.4626358695652174 0.01154891304347826 0.009510869565217392
0 0.6365489130434783 0.4639945652173913 0.010869565217391304 0.008831521739130434
0 0.6216032608695652 0.49796195652173914 0.010869565217391304 0.008831521739130434
0 0.6460597826086957 0.5101902173913043 0.012228260869565218 0.009510869565217392
0 0.6331521739130435 0.5251358695652174 0.01154891304347826 0.008831521739130434
0 0.6827445652173914 0.5176630434782609 0.01154891304347826 0.008831521739130434
0 0.6834239130434783 0.49320652173913043 0.012228260869565218 0.009510869565217392
0 0.7092391304347826 0.5047554347826086 0.012228260869565218 0.010190217391304348
0 0.6929347826086957 0.5441576086956522 0.012228260869565218 0.009510869565217392
0 0.7119565217391305 0.5237771739130435 0.012228260869565218 0.008831521739130434
0 0.7506793478260869 0.5115489130434783 0.012228260869565218 0.010190217391304348
0 0.7418478260869565 0.5217391304347826 0.012228260869565218 0.010190217391304348
0 0.782608695652174 0.5305706521739131 0.012228260869565218 0.010190217391304348
0 0.7520380434782609 0.4945652173913043 0.012228260869565218 0.010190217391304348
0 0.7425271739130435 0.47758152173913043 0.012228260869565218 0.010190217391304348
0 0.7527173913043478 0.453125 0.012228260869565218 0.010190217391304348
0 0.7771739130434783 0.4585597826086957 0.012228260869565218 0.010190217391304348
0 0.7900815217391305 0.4701086956521739 0.012228260869565218 0.009510869565217392
0 0.8186141304347826 0.4830163043478261 0.012228260869565218 0.009510869565217392
0 0.8118206521739131 0.48097826086956524 0.012228260869565218 0.009510869565217392
0 0.7778532608695652 0.41847826086956524 0.012228260869565218 0.009510869565217392
0 0.7907608695652174 0.391304347826087 0.012228260869565218 0.009510869565217392
0 0.7710597826086957 0.391304347826087 0.012228260869565218 0.010190217391304348
0 0.766983695652174 0.37296195652173914 0.012228260869565218 0.010190217391304348
0 0.7948369565217391 0.36684782608695654 0.012228260869565218 0.010190217391304348
0 0.7533967391304348 0.35190217391304346 0.012228260869565218 0.010190217391304348
0 0.811141304347826 0.31657608695652173 0.012907608695652174 0.010190217391304348
0 0.7697010869565217 0.328804347826087 0.012907608695652174 0.010190217391304348
0 0.8016304347826086 0.34714673913043476 0.012907608695652174 0.010190217391304348
0 0.8233695652173914 0.375 0.012228260869565218 0.009510869565217392
0 0.84375 0.38654891304347827 0.012228260869565218 0.009510869565217392
0 0.8274456521739131 0.40896739130434784 0.01154891304347826 0.009510869565217392
0 0.8043478260869565 0.4110054347826087 0.012228260869565218 0.009510869565217392
0 0.8539402173913043 0.4110054347826087 0.012228260869565218 0.009510869565217392
0 0.8654891304347826 0.3960597826086957 0.012228260869565218 0.010190217391304348
0 0.8756793478260869 0.3811141304347826 0.012228260869565218 0.010190217391304348
0 0.8926630434782609 0.3580163043478261 0.012228260869565218 0.010190217391304348
0 0.9293478260869565 0.36616847826086957 0.01154891304347826 0.009510869565217392
0 0.9510869565217391 0.39266304347826086 0.012228260869565218 0.009510869565217392
0 0.983016304347826 0.3892663043478261 0.012228260869565218 0.009510869565217392
0 0.9938858695652174 0.360054347826087 0.012228260869565218 0.008152173913043478
0 0.9918478260869565 0.3267663043478261 0.010869565217391304 0.008831521739130434
0 0.9680706521739131 0.30095108695652173 0.010869565217391304 0.008831521739130434
0 0.8485054347826086 0.469429347826087 0.012228260869565218 0.009510869565217392
0 0.8620923913043478 0.4483695652173913 0.01154891304347826 0.009510869565217392
0 0.9191576086956522 0.405570652173913 0.012228260869565218 0.010190217391304348
0 0.8858695652173914 0.41440217391304346 0.012228260869565218 0.009510869565217392
0 0.9402173913043478 0.4116847826086957 0.012228260869565218 0.009510869565217392
0 0.953125 0.4279891304347826 0.012228260869565218 0.009510869565217392
0 0.9381793478260869 0.438179347826087 0.012228260869565218 0.009510869565217392
0 0.9042119565217391 0.4327445652173913 0.012228260869565218 0.008831521739130434
0 0.9184782608695652 0.46127717391304346 0.012228260869565218 0.010190217391304348
0 0.921875 0.44429347826086957 0.012228260869565218 0.009510869565217392
0 0.889266304347826 0.44904891304347827 0.012228260869565218 0.009510869565217392
0 0.8614130434782609 0.48845108695652173 0.012228260869565218 0.009510869565217392
0 0.8491847826086957 0.47690217391304346 0.012228260869565218 0.009510869565217392
0 0.8376358695652174 0.514266304347826 0.012228260869565218 0.010190217391304348
0 0.8145380434782609 0.5380434782608695 0.012228260869565218 0.010190217391304348
0 0.8029891304347826 0.5516304347826086 0.012907608695652174 0.010190217391304348
0 0.873641304347826 0.5122282608695652 0.012228260869565218 0.010190217391304348
0 0.8512228260869565 0.5264945652173914 0.012228260869565218 0.010190217391304348
0 0.8770380434782609 0.5427989130434783 0.012907608695652174 0.010190217391304348
0 0.8994565217391305 0.5353260869565217 0.012907608695652174 0.010190217391304348
0 0.890625 0.5122282608695652 0.012907608695652174 0.010190217391304348
0 0.8926630434782609 0.49320652173913043 0.012228260869565218 0.010190217391304348
0 0.9245923913043478 0.47146739130434784 0.012907608695652174 0.010190217391304348
0 0.9273097826086957 0.4986413043478261 0.012228260869565218 0.010190217391304348
0 0.9184782608695652 0.5210597826086957 0.01358695652173913 0.010869565217391304
0 0.9619565217391305 0.516983695652174 0.014266304347826086 0.012228260869565218
0 0.9626358695652174 0.5292119565217391 0.014945652173913044 0.012228260869565218
0 0.9463315217391305 0.5190217391304348 0.01358695652173913 0.010869565217391304
0 0.9171195652173914 0.5434782608695652 0.01358695652173913 0.010869565217391304
0 0.9259510869565217 0.545516304347826 0.01358695652173913 0.010869565217391304
0 0.9714673913043478 0.5054347826086957 0.014266304347826086 0.010869565217391304
0 0.9918478260869565 0.48641304347826086 0.014266304347826086 0.010869565217391304
0 0.9932065217391305 0.4701086956521739 0.01358695652173913 0.010869565217391304
0 0.9633152173913043 0.44497282608695654 0.012228260869565218 0.010190217391304348
0 0.9707880434782609 0.4076086956521739 0.012228260869565218 0.010190217391304348
0 0.005434782608695652 0.5706521739130435 0.010190217391304348 0.008152173913043478
0 0.019021739130434784 0.6290760869565217 0.010190217391304348 0.008152173913043478
0 0.11956521739130435 0.6807065217391305 0.010190217391304348 0.008152173913043478
0 0.06114130434782609 0.7269021739130435 0.010190217391304348 0.008152173913043478
0 0.08559782608695653 0.7452445652173914 0.008831521739130434 0.007472826086956522
0 0.07404891304347826 0.7615489130434783 0.008831521739130434 0.007472826086956522
0 0.0020380434782608695 0.8002717391304348 0.004076086956521739 0.008152173913043478
0 0.14130434782608695 0.7975543478260869 0.008831521739130434 0.006793478260869565
0 0.13654891304347827 0.7574728260869565 0.008831521739130434 0.007472826086956522
0 0.12907608695652173 0.7364130434782609 0.009510869565217392 0.007472826086956522
0 0.2296195652173913 0.7139945652173914 0.009510869565217392 0.008152173913043478
0 0.24864130434782608 0.7099184782608695 0.009510869565217392 0.007472826086956522
0 0.24116847826086957 0.7493206521739131 0.008831521739130434 0.007472826086956522
0 0.26834239130434784 0.7364130434782609 0.008831521739130434 0.007472826086956522
0 0.2866847826086957 0.6820652173913043 0.009510869565217392 0.007472826086956522
0 0.33016304347826086 0.7105978260869565 0.009510869565217392 0.007472826086956522
0 0.3858695652173913 0.7139945652173914 0.009510869565217392 0.008152173913043478
0 0.39266304347826086 0.7370923913043478 0.009510869565217392 0.007472826086956522
0 0.4388586956521739 0.6793478260869565 0.009510869565217392 0.008152173913043478
0 0.41779891304347827 0.6915760869565217 0.009510869565217392 0.007472826086956522
0 0.46467391304347827 0.7180706521739131 0.010190217391304348 0.008152173913043478
0 0.4789402173913043 0.6820652173913043 0.010190217391304348 0.008152173913043478
0 0.45652173913043476 0.654891304347826 0.010190217391304348 0.008152173913043478
0 0.3491847826086957 0.6338315217391305 0.012228260869565218 0.009510869565217392
0 0.2554347826086957 0.6290760869565217 0.010869565217391304 0.008152173913043478
0 0.2296195652173913 0.5910326086956522 0.010190217391304348 0.008152173913043478
0 0.25747282608695654 0.5679347826086957 0.010190217391304348 0.008152173913043478
0 0.3070652173913043 0.5652173913043478 0.010190217391304348 0.008152173913043478
0 0.36345108695652173 0.5706521739130435 0.010190217391304348 0.008831521739130434
0 0.3376358695652174 0.592391304347826 0.010190217391304348 0.008152173913043478
0 0.3851902173913043 0.5964673913043478 0.01154891304347826 0.008831521739130434
0 0.42595108695652173 0.59375 0.010869565217391304 0.008831521739130434
0 0.4361413043478261 0.6161684782608695 0.012228260869565218 0.009510869565217392
0 0.5163043478260869 0.7058423913043478 0.010190217391304348 0.008152173913043478
0 0.5 0.6990489130434783 0.010190217391304348 0.008152173913043478
0 0.5217391304347826 0.673233695652174 0.010190217391304348 0.008152173913043478
0 0.5190217391304348 0.6582880434782609 0.010190217391304348 0.008152173913043478
0 0.5217391304347826 0.5978260869565217 0.01154891304347826 0.009510869565217392
0 0.48097826086956524 0.5665760869565217 0.010869565217391304 0.008152173913043478
0 0.5421195652173914 0.579483695652174 0.01154891304347826 0.008831521739130434
0 0.5672554347826086 0.5883152173913043 0.01154891304347826 0.008831521739130434
0 0.6195652173913043 0.6052989130434783 0.01154891304347826 0.008831521739130434
0 0.5944293478260869 0.6161684782608695 0.01154891304347826 0.009510869565217392
0 0.5699728260869565 0.640625 0.010869565217391304 0.008152173913043478
0 0.546875 0.6351902173913043 0.010190217391304348 0.008152173913043478
0 0.5591032608695652 0.6881793478260869 0.010190217391304348 0.008152173913043478
0 0.5407608695652174 0.7058423913043478 0.010190217391304348 0.008152173913043478
0 0.5244565217391305 0.7133152173913043 0.010190217391304348 0.008152173913043478
0 0.5387228260869565 0.7445652173913043 0.010190217391304348 0.008152173913043478
0 0.6100543478260869 0.7024456521739131 0.010190217391304348 0.008152173913043478
0 0.6100543478260869 0.686141304347826 0.010190217391304348 0.008152173913043478
0 0.6114130434782609 0.6569293478260869 0.010869565217391304 0.008152173913043478
0 0.5264945652173914 0.7805706521739131 0.009510869565217392 0.007472826086956522
0 0.5631793478260869 0.7764945652173914 0.009510869565217392 0.008152173913043478
0 0.5190217391304348 0.8036684782608695 0.009510869565217392 0.007472826086956522
0 0.3179347826086957 0.7710597826086957 0.009510869565217392 0.007472826086956522
0 0.3546195652173913 0.7744565217391305 0.008152173913043478 0.006793478260869565
0 0.36345108695652173 0.7989130434782609 0.009510869565217392 0.007472826086956522
0 0.6759510869565217 0.5944293478260869 0.012228260869565218 0.010190217391304348
0 0.6963315217391305 0.5815217391304348 0.012228260869565218 0.009510869565217392
0 0.7493206521739131 0.5618206521739131 0.012228260869565218 0.009510869565217392
0 0.6834239130434783 0.6168478260869565 0.012228260869565218 0.009510869565217392
0 0.6514945652173914 0.623641304347826 0.012228260869565218 0.009510869565217392
0 0.6453804347826086 0.6487771739130435 0.010869565217391304 0.008831521739130434
0 0.5957880434782609 0.6358695652173914 0.010869565217391304 0.008831521739130434
0 0.6698369565217391 0.6603260869565217 0.010869565217391304 0.008831521739130434
0 0.6372282608695652 0.6671195652173914 0.010190217391304348 0.008831521739130434
0 0.6745923913043478 0.7078804347826086 0.010190217391304348 0.008152173913043478
0 0.6881793478260869 0.7004076086956522 0.010190217391304348 0.008152173913043478
0 0.720108695652174 0.6902173913043478 0.010190217391304348 0.008152173913043478
0 0.71875 0.6644021739130435 0.010869565217391304 0.008831521739130434
0 0.7153532608695652 0.6447010869565217 0.012228260869565218 0.009510869565217392
0 0.7364130434782609 0.6270380434782609 0.012228260869565218 0.010190217391304348
0 0.7567934782608695 0.6114130434782609 0.012228260869565218 0.010190217391304348
0 0.7615489130434783 0.641983695652174 0.012228260869565218 0.009510869565217392
0 0.7832880434782609 0.6480978260869565 0.012228260869565218 0.010190217391304348
0 0.7894021739130435 0.6637228260869565 0.012228260869565218 0.010190217391304348
0 0.7635869565217391 0.6677989130434783 0.010869565217391304 0.008831521739130434
0 0.7248641304347826 0.7099184782608695 0.012228260869565218 0.008831521739130434
0 0.7289402173913043 0.7309782608695652 0.01154891304347826 0.009510869565217392
0 0.75 0.7275815217391305 0.01154891304347826 0.008831521739130434
0 0.6297554347826086 0.8009510869565217 0.01154891304347826 0.008831521739130434
0 0.8220108695652174 0.5889945652173914 0.012228260869565218 0.010190217391304348
0 0.7948369565217391 0.6182065217391305 0.012228260869565218 0.010190217391304348
0 0.8125 0.6304347826086957 0.012228260869565218 0.010190217391304348
0 0.7921195652173914 0.5808423913043478 0.012228260869565218 0.010190217391304348
0 0.8328804347826086 0.5713315217391305 0.012907608695652174 0.010190217391304348
0 0.8668478260869565 0.5584239130434783 0.012907608695652174 0.010869565217391304
0 0.8947010869565217 0.5679347826086957 0.01358695652173913 0.010869565217391304
0 0.8627717391304348 0.5998641304347826 0.012228260869565218 0.010190217391304348
0 0.8362771739130435 0.6073369565217391 0.012228260869565218 0.010190217391304348
0 0.8491847826086957 0.6256793478260869 0.012228260869565218 0.010190217391304348
0 0.8260869565217391 0.6569293478260869 0.012228260869565218 0.010190217391304348
0 0.8478260869565217 0.6616847826086957 0.012228260869565218 0.010190217391304348
0 0.9001358695652174 0.6188858695652174 0.014266304347826086 0.010869565217391304
0 0.8756793478260869 0.6277173913043478 0.012228260869565218 0.010190217391304348
0 0.9463315217391305 0.6052989130434783 0.012228260869565218 0.009510869565217392
0 0.9110054347826086 0.5910326086956522 0.014266304347826086 0.010869565217391304
0 0.8879076086956522 0.6059782608695652 0.01358695652173913 0.010869565217391304
0 0.9334239130434783 0.5706521739130435 0.014266304347826086 0.010869565217391304
0 0.9497282608695652 0.5747282608695652 0.014266304347826086 0.01154891304347826
0 0.983016304347826 0.5625 0.016304347826086956 0.012907608695652174
0 0.9748641304347826 0.610733695652174 0.012228260869565218 0.010190217391304348
0 0.9721467391304348 0.6311141304347826 0.012228260869565218 0.010190217391304348
0 0.9334239130434783 0.6304347826086957 0.012228260869565218 0.009510869565217392
0 0.9415760869565217 0.6569293478260869 0.012228260869565218 0.009510869565217392
0 0.9286684782608695 0.6596467391304348 0.012228260869565218 0.009510869565217392
0 0.8947010869565217 0.6698369565217391 0.01154891304347826 0.009510869565217392
0 0.8641304347826086 0.6875 0.012228260869565218 0.009510869565217392
0 0.8335597826086957 0.6976902173913043 0.012907608695652174 0.010190217391304348
0 0.8063858695652174 0.703125 0.012228260869565218 0.009510869565217392
0 0.7927989130434783 0.6800271739130435 0.010190217391304348 0.008831521739130434
0 0.7866847826086957 0.7228260869565217 0.012228260869565218 0.009510869565217392
0 0.8063858695652174 0.7384510869565217 0.01154891304347826 0.008831521739130434
0 0.7717391304347826 0.7574728260869565 0.01154891304347826 0.008831521739130434
0 0.7235054347826086 0.7622282608695652 0.01154891304347826 0.008831521739130434
0 0.720108695652174 0.7805706521739131 0.01154891304347826 0.008831521739130434
0 0.8016304347826086 0.795516304347826 0.010869565217391304 0.008831521739130434
0 0.845108695652174 0.8002717391304348 0.010869565217391304 0.008831521739130434
0 0.8362771739130435 0.7832880434782609 0.010869565217391304 0.008831521739130434
0 0.876358695652174 0.7567934782608695 0.012228260869565218 0.008831521739130434
0 0.8675271739130435 0.7697010869565217 0.010869565217391304 0.008831521739130434
0 0.8566576086956522 0.7139945652173914 0.012228260869565218 0.009510869565217392
0 0.9055706521739131 0.6902173913043478 0.012228260869565218 0.010190217391304348
0 0.921875 0.7092391304347826 0.012228260869565218 0.009510869565217392
0 0.9578804347826086 0.6847826086956522 0.012228260869565218 0.010190217391304348
0 0.9782608695652174 0.704483695652174 0.012228260869565218 0.009510869565217392
0 0.9639945652173914 0.7133152173913043 0.012228260869565218 0.009510869565217392
0 0.9993206521739131 0.7228260869565217 0.0006793478260869565 0.009510869565217392
0 0.9850543478260869 0.7398097826086957 0.01154891304347826 0.009510869565217392
0 0.9408967391304348 0.7506793478260869 0.01154891304347826 0.009510869565217392
0 0.90625 0.7540760869565217 0.01154891304347826 0.008831521739130434
0 0.9266304347826086 0.8002717391304348 0.012228260869565218 0.008831521739130434
0 0.9042119565217391 0.7880434782608695 0.01154891304347826 0.009510869565217392
0 0.8879076086956522 0.7676630434782609 0.012228260869565218 0.009510869565217392
0 0.027853260869565216 0.8301630434782609 0.008152173913043478 0.007472826086956522
0 0.1637228260869565 0.8043478260869565 0.008152173913043478 0.007472826086956522
0 0.041440217391304345 0.860733695652174 0.008152173913043478 0.006793478260869565
0 0.05366847826086957 0.8817934782608695 0.008152173913043478 0.006114130434782609
0 0.07336956521739131 0.9782608695652174 0.008152173913043478 0.006793478260869565
0 0.12296195652173914 0.953125 0.008831521739130434 0.006793478260869565
0 0.1610054347826087 0.9123641304347826 0.008152173913043478 0.007472826086956522
0 0.2418478260869565 0.9164402173913043 0.008831521739130434 0.007472826086956522
0 0.22010869565217392 0.8668478260869565 0.008831521739130434 0.007472826086956522
0 0.21942934782608695 0.8213315217391305 0.008152173913043478 0.006793478260869565
0 0.24320652173913043 0.811141304347826 0.008152173913043478 0.006793478260869565
0 0.327445652173913 0.8308423913043478 0.009510869565217392 0.007472826086956522
0 0.3016304347826087 0.8396739130434783 0.008831521739130434 0.007472826086956522
0 0.38858695652173914 0.8349184782608695 0.010190217391304348 0.007472826086956522
0 0.38179347826086957 0.8634510869565217 0.009510869565217392 0.007472826086956522
0 0.4171195652173913 0.8322010869565217 0.009510869565217392 0.008152173913043478
0 0.41847826086956524 0.8743206521739131 0.009510869565217392 0.007472826086956522
0 0.4164402173913043 0.9449728260869565 0.012228260869565218 0.009510869565217392
0 0.36616847826086957 0.9313858695652174 0.012228260869565218 0.009510869565217392
0 0.24592391304347827 0.9578804347826086 0.008152173913043478 0.006793478260869565
0 0.25203804347826086 0.9823369565217391 0.008152173913043478 0.006114130434782609
0 0.6990489130434783 0.8084239130434783 0.010869565217391304 0.008831521739130434
0 0.6290760869565217 0.8947010869565217 0.010869565217391304 0.008831521739130434
0 0.7024456521739131 0.8940217391304348 0.010190217391304348 0.008152173913043478
0 0.7092391304347826 0.8804347826086957 0.010869565217391304 0.008152173913043478
0 0.7520380434782609 0.923233695652174 0.010190217391304348 0.008152173913043478
0 0.7900815217391305 0.8831521739130435 0.010190217391304348 0.008152173913043478
0 0.7764945652173914 0.8457880434782609 0.010869565217391304 0.008831521739130434
0 0.748641304347826 0.8600543478260869 0.010190217391304348 0.008152173913043478
0 0.7316576086956522 0.8491847826086957 0.010869565217391304 0.008831521739130434
0 0.7316576086956522 0.8036684782608695 0.010869565217391304 0.008831521739130434
0 0.7717391304347826 0.7921195652173914 0.01154891304347826 0.008831521739130434
0 0.7948369565217391 0.8118206521739131 0.01154891304347826 0.008831521739130434
0 0.8349184782608695 0.8355978260869565 0.010869565217391304 0.008152173913043478
0 0.8213315217391305 0.8573369565217391 0.010190217391304348 0.008152173913043478
0 0.8947010869565217 0.8247282608695652 0.01154891304347826 0.008831521739130434
0 0.9300271739130435 0.8152173913043478 0.01154891304347826 0.009510869565217392
0 0.96875 0.8145380434782609 0.012228260869565218 0.009510869565217392
0 0.9395380434782609 0.8940217391304348 0.012228260869565218 0.009510869565217392
0 0.8457880434782609 0.8716032608695652 0.010869565217391304 0.008831521739130434
0 0.6480978260869565 0.08220108695652174 0.008152173913043478 0.006793478260869565
0 0.5271739130434783 0.05298913043478261 0.008152173913043478 0.006793478260869565