0 0.5176630434782609 0.6317934782608695 0.035326086956521736 0.042798913043478264
0 0.6154891304347826 0.6297554347826086 0.02309782608695652 0.04008152173913043
0 0.2710597826086957 0.5584239130434783 0.015625 0.014945652173913044
0 0.22894021739130435 0.5529891304347826 0.01358695652173913 0.01358695652173913
0 0.20652173913043478 0.5509510869565217 0.012228260869565218 0.01358695652173913
0 0.31589673913043476 0.5400815217391305 0.009510869565217392 0.010190217391304348
0 0.3226902173913043 0.5502717391304348 0.01154891304347826 0.012228260869565218
0 0.44904891304347827 0.5591032608695652 0.01154891304347826 0.012907608695652174
0 0.47214673913043476 0.5788043478260869 0.012228260869565218 0.016983695652173912
0 0.48641304347826086 0.6202445652173914 0.021059782608695652 0.025135869565217392
0 0.5373641304347826 0.5998641304347826 0.019021739130434784 0.025135869565217392
0 0.5502717391304348 0.5862771739130435 0.016983695652173912 0.020380434782608696
0 0.5876358695652174 0.5720108695652174 0.015625 0.018342391304347828
0 0.5998641304347826 0.579483695652174 0.016983695652173912 0.021059782608695652
0 0.6148097826086957 0.5760869565217391 0.014266304347826086 0.014945652173913044
0 0.6508152173913043 0.5563858695652174 0.01154891304347826 0.012907608695652174
0 0.673233695652174 0.5543478260869565 0.008152173913043478 0.010869565217391304
0 0.671875 0.5774456521739131 0.019021739130434784 0.022418478260869564
0 0.7248641304347826 0.5808423913043478 0.015625 0.017663043478260868
0 0.7418478260869565 0.5788043478260869 0.012228260869565218 0.018342391304347828
0 0.7581521739130435 0.5842391304347826 0.015625 0.018342391304347828
0 0.7778532608695652 0.609375 0.019021739130434784 0.027853260869565216
0 0.7907608695652174 0.6256793478260869 0.021059782608695652 0.028532608695652172
0 0.717391304347826 0.6019021739130435 0.019021739130434784 0.02377717391304348
0 0.6929347826086957 0.6222826086956522 0.027853260869565216 0.036005434782608696
0 0.7248641304347826 0.6385869565217391 0.021059782608695652 0.03125
0 0.6528532608695652 0.609375 0.02309782608695652 0.025815217391304348
0 0.6480978260869565 0.5862771739130435 0.014266304347826086 0.016983695652173912
0 0.9123641304347826 0.5665760869565217 0.016983695652173912 0.020380434782608696
0 0.9341032608695652 0.5543478260869565 0.01154891304347826 0.012228260869565218
0 0.9925271739130435 0.6358695652173914 0.014266304347826086 0.022418478260869564
0 0.06453804347826086 0.5278532608695652 0.006114130434782609 0.005434782608695652
0 0.2826086956521739 0.5407608695652174 0.010190217391304348 0.009510869565217392
0 0.4375 0.59375 0.025135869565217392 0.022418478260869564
0 0.545516304347826 0.6331521739130435 0.035326086956521736 0.03125
0 0.5278532608695652 0.5543478260869565 0.012228260869565218 0.010869565217391304
0 0.5903532608695652 0.5910326086956522 0.021059782608695652 0.018342391304347828
0 0.748641304347826 0.5978260869565217 0.021059782608695652 0.018342391304347828
0 0.6616847826086957 0.6433423913043478 0.03125 0.027853260869565216
0 0.6596467391304348 0.6379076086956522 0.03125 0.027853260869565216
0 0.6175271739130435 0.5944293478260869 0.02309782608695652 0.020380434782608696
0 0.7792119565217391 0.5876358695652174 0.019021739130434784 0.016983695652173912
0 0.9408967391304348 0.5720108695652174 0.016983695652173912 0.014945652173913044
0 0.9707880434782609 0.5271739130434783 0.008152173913043478 0.007472826086956522
0 0.9633152173913043 0.5971467391304348 0.021059782608695652 0.018342391304347828
0 0.9341032608695652 0.6019021739130435 0.021059782608695652 0.018342391304347828