0 0.30910326086956524 0.6304347826086957 0.03804347826086957 0.04551630434782609
0 0.9945652173913043 0.6182065217391305 0.010869565217391304 0.04076086956521739
0 0.5006793478260869 0.5991847826086957 0.042798913043478264 0.04076086956521739
0 0.38654891304347827 0.6535326086956522 0.030570652173913044 0.03328804347826087
0 0.8491847826086957 0.5760869565217391 0.036684782608695655 0.042119565217391304
0 0.7595108695652174 0.6304347826086957 0.036005434782608696 0.035326086956521736
0 0.21263586956521738 0.6841032608695652 0.03192934782608696 0.030570652173913044
0 0.042119565217391304 0.7004076086956522 0.01970108695652174 0.018342391304347828
0 0.41983695652173914 0.640625 0.03260869565217391 0.034646739130434784
0 0.17391304347826086 0.6671195652173914 0.03125 0.02717391304347826
0 0.38247282608695654 0.6528532608695652 0.03872282608695652 0.029211956521739132
0 0.3580163043478261 0.641983695652174 0.04076086956521739 0.030570652173913044
0 0.5692934782608695 0.7024456521739131 0.03260869565217391 0.024456521739130436
0 0.6447010869565217 0.7316576086956522 0.030570652173913044 0.02309782608695652
0 0.6460597826086957 0.7527173913043478 0.02717391304347826 0.020380434782608696
0 0.6915760869565217 0.7710597826086957 0.02377717391304348 0.018342391304347828
0 0.9415760869565217 0.7595108695652174 0.025135869565217392 0.019021739130434784
0 0.9524456521739131 0.75 0.026494565217391304 0.01970108695652174
0 0.9646739130434783 0.7133152173913043 0.008831521739130434 0.006793478260869565
0 0.8756793478260869 0.6773097826086957 0.029211956521739132 0.022418478260869564